time;pos_x_right;pos_y_right;dil_right;pos_x_left;pos_y_left;dil_left;brightness;state;fov;trial;;
0;-0.5;-0.5;4.712634;1;Adaptation;15;1;;;;;
0.02;-0.5;-0.5;3.154517;1;Adaptation;15;1;;;;;
0.04;-0.5;-0.5;4.81589;1;Adaptation;15;1;;;;;
0.06;-0.5;-0.5;3.114742;1;Adaptation;15;1;;;;;
0.08;-0.5;-0.5;5.17294;1;Adaptation;15;1;;;;;
0.09999999;-0.5;-0.5;4.683372;1;Adaptation;15;1;;;;;
0.12;-0.5;-0.5;3.134363;1;Adaptation;15;1;;;;;
0.14;-0.5;-0.5;2.779672;1;Adaptation;15;1;;;;;
0.16;-0.5;-0.5;3.79519;1;Adaptation;15;1;;;;;
0.18;-0.5;-0.5;4.24442;1;Adaptation;15;1;;;;;
0.2;-0.5;-0.5;3.397844;1;Adaptation;15;1;;;;;
0.22;-0.5;-0.5;3.067924;1;Adaptation;15;1;;;;;
0.24;-0.5;-0.5;4.14827;1;Adaptation;15;1;;;;;
0.26;-0.5;-0.5;2.820057;1;Adaptation;15;1;;;;;
0.28;-0.5;-0.5;4.176939;1;Adaptation;15;1;;;;;
0.3;-0.5;-0.5;2.110421;1;Adaptation;15;1;;;;;
0.32;-0.5;-0.5;5.995113;1;Adaptation;15;1;;;;;
0.34;-0.5;-0.5;4.343637;1;Adaptation;15;1;;;;;
0.36;-0.5;-0.5;3.471288;1;Adaptation;15;1;;;;;
0.38;-0.5;-0.5;5.060544;1;Adaptation;15;1;;;;;
0.4;2;0;3.175605;1;Adaptation;15;1;;;;;
0.42;-0.5;-0.5;4.414402;1;Adaptation;15;1;;;;;
0.44;-0.5;-0.5;4.842915;1;Adaptation;15;1;;;;;
0.46;-0.5;-0.5;4.688546;1;Adaptation;15;1;;;;;
0.48;-0.5;-0.5;4.875734;1;Adaptation;15;1;;;;;
0.5;-0.5;-0.5;2.103209;1;Adaptation;15;1;;;;;
0.52;-0.5;-0.5;4.14831;1;Adaptation;15;1;;;;;
0.54;-0.5;-0.5;4.354109;1;Adaptation;15;1;;;;;
0.56;0;-0.125;5.541239;1;Adaptation;15;1;;;;;
0.58;0;0.125;3.723205;1;Adaptation;15;1;;;;;
0.6;-0.5;-0.5;4.412457;1;Adaptation;15;1;;;;;
0.62;0;-0.125;5.058334;1;Adaptation;15;1;;;;;
0.64;-2;0.125;3.445277;1;Adaptation;15;1;;;;;
0.66;-0.5;-0.5;4.641135;1;Adaptation;15;1;;;;;
0.68;-0.5;-0.5;3.153576;1;Adaptation;15;1;;;;;
0.7;-0.5;-0.5;3.96459;1;Adaptation;15;1;;;;;
0.72;-0.5;-0.5;4.63303;1;Adaptation;15;1;;;;;
0.74;-0.5;-0.5;2.498515;1;Adaptation;15;1;;;;;
0.76;-0.5;-0.5;2.159336;1;Adaptation;15;1;;;;;
0.78;0;0.375;5.977272;1;Adaptation;15;1;;;;;
0.8;0;0;5.690148;1;Adaptation;15;1;;;;;
0.82;-0.5;-0.5;5.302012;1;Adaptation;15;1;;;;;
0.84;0;-0.25;5.542286;1;Adaptation;15;1;;;;;
0.86;0;0.25;2.227116;1;Adaptation;15;1;;;;;
0.88;-0.5;-0.5;5.110081;1;Adaptation;15;1;;;;;
0.9;2;-0.125;3.023035;1;Adaptation;15;1;;;;;
0.92;0;0;5.233722;1;Adaptation;15;1;;;;;
0.94;-0.5;-0.5;3.552719;1;Adaptation;15;1;;;;;
0.96;-0.5;-0.5;3.210427;1;Adaptation;15;1;;;;;
0.98;-0.5;-0.5;2.836885;1;Adaptation;15;1;;;;;
1;-0.5;-0.5;5.994479;1;Adaptation;15;1;;;;;
1.02;-0.5;-0.5;3.290096;1;Adaptation;15;1;;;;;
1.04;-2;0.125;5.734422;1;Adaptation;15;1;;;;;
1.06;-0.5;-0.5;5.607226;1;Adaptation;15;1;;;;;
1.08;-0.5;-0.5;2.556722;1;Adaptation;15;1;;;;;
1.1;-0.5;-0.5;4.957255;1;Adaptation;15;1;;;;;
1.12;-0.5;-0.5;2.267868;1;Adaptation;15;1;;;;;
1.14;-0.5;-0.5;5.514664;1;Adaptation;15;1;;;;;
1.16;-0.5;-0.5;2.872252;1;Adaptation;15;1;;;;;
1.18;-0.5;-0.5;3.801761;1;Adaptation;15;1;;;;;
1.2;-0.5;-0.5;4.879287;1;Adaptation;15;1;;;;;
1.22;-0.5;-0.5;3.278765;1;Adaptation;15;1;;;;;
1.24;-0.5;-0.5;2.52887;1;Adaptation;15;1;;;;;
1.26;-0.5;-0.5;5.268078;1;Adaptation;15;1;;;;;
1.28;0;0;5.027568;1;Adaptation;15;1;;;;;
1.3;-0.5;-0.5;5.201424;1;Adaptation;15;1;;;;;
1.32;0;0.125;5.862762;1;Adaptation;15;1;;;;;
1.34;-0.5;-0.5;3.579175;1;Adaptation;15;1;;;;;
1.36;-0.5;-0.5;5.744746;1;Adaptation;15;1;;;;;
1.38;-0.5;-0.5;3.743171;1;Adaptation;15;1;;;;;
1.4;-0.5;-0.5;2.574449;1;Adaptation;15;1;;;;;
1.42;-0.5;-0.5;3.032996;1;Adaptation;15;1;;;;;
1.44;0;0;5.118129;1;Adaptation;15;1;;;;;
1.46;-0.5;-0.5;2.448724;1;Adaptation;15;1;;;;;
1.48;-0.5;-0.5;4.826001;1;Adaptation;15;1;;;;;
1.5;-0.5;-0.5;2.132992;1;Adaptation;15;1;;;;;
1.52;-0.5;-0.5;2.653456;1;Adaptation;15;1;;;;;
1.54;-0.5;-0.5;5.600178;1;Adaptation;15;1;;;;;
1.56;-0.5;-0.5;3.549362;1;Adaptation;15;1;;;;;
1.58;-0.5;-0.5;2.933147;1;Adaptation;15;1;;;;;
1.6;-0.5;-0.5;2.802077;1;Adaptation;15;1;;;;;
1.62;-0.5;-0.5;5.809872;1;Adaptation;15;1;;;;;
1.64;0;-0.375;2.226159;1;Adaptation;15;1;;;;;
1.66;2;-0.125;5.93853;1;Adaptation;15;1;;;;;
1.68;-0.5;-0.5;2.711514;1;Adaptation;15;1;;;;;
1.7;-0.5;-0.5;3.297391;1;Adaptation;15;1;;;;;
1.72;0;-0.125;3.016647;1;Adaptation;15;1;;;;;
1.74;0;0.125;3.197735;1;Adaptation;15;1;;;;;
1.76;-0.5;-0.5;2.899077;1;Adaptation;15;1;;;;;
1.78;-0.5;-0.5;5.874482;1;Adaptation;15;1;;;;;
1.8;2;0;5.595966;1;Adaptation;15;1;;;;;
1.82;0;0;2.988286;1;Adaptation;15;1;;;;;
1.84;-0.5;-0.5;5.612383;1;Adaptation;15;1;;;;;
1.86;-0.5;-0.5;2.183653;1;Adaptation;15;1;;;;;
1.88;-0.5;-0.5;2.864315;1;Adaptation;15;1;;;;;
1.9;-0.5;-0.5;4.141758;1;Adaptation;15;1;;;;;
1.92;-0.5;-0.5;5.710254;1;Adaptation;15;1;;;;;
1.94;-0.5;-0.5;3.579914;1;Adaptation;15;1;;;;;
1.96;-0.5;-0.5;4.431302;1;Adaptation;15;1;;;;;
1.98;-0.5;-0.5;4.418875;1;Adaptation;15;1;;;;;
2;-0.5;-0.5;2.875581;1;Adaptation;15;1;;;;;
2.02;-0.5;-0.5;4.002576;1;Adaptation;15;1;;;;;
2.04;0;0;5.944506;1;Adaptation;15;1;;;;;
2.06;-0.5;-0.5;5.543573;1;Adaptation;15;1;;;;;
2.08;-0.5;-0.5;2.846942;1;Adaptation;15;1;;;;;
2.1;-0.5;-0.5;3.990955;1;Adaptation;15;1;;;;;
2.12;-0.5;-0.5;5.126371;1;Adaptation;15;1;;;;;
2.14;0;0;2.852784;1;Adaptation;15;1;;;;;
2.16;-0.5;-0.5;3.019335;1;Adaptation;15;1;;;;;
2.18;-0.5;-0.5;5.884957;1;Adaptation;15;1;;;;;
2.2;-0.5;-0.5;2.187515;1;Adaptation;15;1;;;;;
2.22;-2;0.25;4.607279;1;Adaptation;15;1;;;;;
2.24;-0.5;-0.5;4.617359;1;Adaptation;15;1;;;;;
2.26;-0.5;-0.5;5.879456;1;Adaptation;15;1;;;;;
2.28;-0.5;-0.5;5.001029;1;Adaptation;15;1;;;;;
2.3;-0.5;-0.5;5.848627;1;Adaptation;15;1;;;;;
2.32;-2;-0.125;5.529716;1;Adaptation;15;1;;;;;
2.34;-0.5;-0.5;4.179872;1;Adaptation;15;1;;;;;
2.36;-0.5;-0.5;5.891059;1;Adaptation;15;1;;;;;
2.38;0;-0.125;4.769052;1;Adaptation;15;1;;;;;
2.4;-0.5;-0.5;4.022955;1;Adaptation;15;1;;;;;
2.42;2;0;4.351047;1;Adaptation;15;1;;;;;
2.44;0;-0.25;4.912752;1;Adaptation;15;1;;;;;
2.46;-0.5;-0.5;3.050255;1;Adaptation;15;1;;;;;
2.48;-0.5;-0.5;5.824553;1;Adaptation;15;1;;;;;
2.5;2;0.25;2.247369;1;Adaptation;15;1;;;;;
2.52;0;0;3.836036;1;Adaptation;15;1;;;;;
2.54;0;-0.25;4.891781;1;Adaptation;15;1;;;;;
2.56;-0.5;-0.5;2.98924;1;Adaptation;15;1;;;;;
2.58;-0.5;-0.5;4.916432;1;Adaptation;15;1;;;;;
2.6;-0.5;-0.5;5.745185;1;Adaptation;15;1;;;;;
2.62;-0.5;-0.5;2.170023;1;Adaptation;15;1;;;;;
2.64;-0.5;-0.5;5.437413;1;Adaptation;15;1;;;;;
2.66;-0.5;-0.5;5.680091;1;Adaptation;15;1;;;;;
2.68;-0.5;-0.5;5.573542;1;Adaptation;15;1;;;;;
2.7;-0.5;-0.5;4.072655;1;Adaptation;15;1;;;;;
2.72;-0.5;-0.5;3.269228;1;Adaptation;15;1;;;;;
2.74;-0.5;-0.5;3.814568;1;Adaptation;15;1;;;;;
2.76;0;0.125;3.653958;1;Adaptation;15;1;;;;;
2.78;-0.5;-0.5;4.558716;1;Adaptation;15;1;;;;;
2.8;-0.5;-0.5;4.919743;1;Adaptation;15;1;;;;;
2.82;-0.5;-0.5;5.975584;1;Adaptation;15;1;;;;;
2.84;-0.5;-0.5;3.444648;1;Adaptation;15;1;;;;;
2.86;-0.5;-0.5;2.935548;1;Adaptation;15;1;;;;;
2.88;-0.5;-0.5;2.234718;1;Adaptation;15;1;;;;;
2.9;-0.5;-0.5;2.129589;1;Adaptation;15;1;;;;;
2.92;-0.5;-0.5;3.286373;1;Adaptation;15;1;;;;;
2.94;-0.5;-0.5;5.46349;1;Adaptation;15;1;;;;;
2.96;-0.5;-0.5;4.191621;1;Adaptation;15;1;;;;;
2.98;-0.5;-0.5;5.329353;1;Adaptation;15;1;;;;;
3;0;-0.375;2.011037;1;Adaptation;15;1;;;;;
3.02;-0.5;-0.5;5.398066;1;Adaptation;15;1;;;;;
3.04;-0.5;-0.5;2.447661;1;Adaptation;15;1;;;;;
3.06;-0.5;-0.5;3.337753;1;Adaptation;15;1;;;;;
3.08;-0.5;-0.5;3.967312;1;Adaptation;15;1;;;;;
3.1;-0.5;-0.5;3.004728;1;Adaptation;15;1;;;;;
3.12;-0.5;-0.5;2.849201;1;Adaptation;15;1;;;;;
3.14;-0.5;-0.5;3.206166;1;Adaptation;15;1;;;;;
3.16;-2;0.125;3.233132;1;Adaptation;15;1;;;;;
3.18;0;0;3.101118;1;Adaptation;15;1;;;;;
3.2;-0.5;-0.5;4.224167;1;Adaptation;15;1;;;;;
3.22;-0.5;-0.5;3.347283;1;Adaptation;15;1;;;;;
3.24;-0.5;-0.5;2.095671;1;Adaptation;15;1;;;;;
3.26;-0.5;-0.5;3.314192;1;Adaptation;15;1;;;;;
3.28;0;-0.125;5.06869;1;Adaptation;15;1;;;;;
3.3;-0.5;-0.5;4.925971;1;Adaptation;15;1;;;;;
3.32;-0.5;-0.5;5.208176;1;Adaptation;15;1;;;;;
3.34;-0.5;-0.5;2.756929;1;Adaptation;15;1;;;;;
3.36;-0.5;-0.5;2.996354;1;Adaptation;15;1;;;;;
3.38;-0.5;-0.5;2.675177;1;Adaptation;15;1;;;;;
;;;;;;;;;;;;
