time;pos_x_right;pos_y_right;dil_right;pos_x_left;pos_y_left;dil_left;brightness;state;fov;trial;;
0;-0.5;-0.5;4.015106;1;Adaptation;15;1;;;;;
0.02;-0.5;-0.5;3.415864;1;Adaptation;15;1;;;;;
0.04;2;-0.125;2.714165;1;Adaptation;15;1;;;;;
0.06;2;-0.125;5.699228;1;Adaptation;15;1;;;;;
0.08;2;-0.125;2.529108;1;Adaptation;15;1;;;;;
0.09999999;2;-0.125;5.561816;1;Adaptation;15;1;;;;;
0.12;2;-0.125;5.160695;1;Adaptation;15;1;;;;;
0.14;2;-0.125;2.438684;1;Adaptation;15;1;;;;;
0.16;2;-0.125;3.132118;1;Adaptation;15;1;;;;;
0.18;2;-0.125;4.93573;1;Adaptation;15;1;;;;;
0.2;2;-0.125;4.526917;1;Adaptation;15;1;;;;;
0.22;2;-0.125;4.42942;1;Adaptation;15;1;;;;;
0.24;2;-0.125;3.141684;1;Adaptation;15;1;;;;;
0.26;2;-0.125;3.027471;1;Adaptation;15;1;;;;;
0.28;2;-0.125;4.132987;1;Adaptation;15;1;;;;;
0.3;2;-0.125;2.467904;1;Adaptation;15;1;;;;;
0.32;2;-0.125;3.400506;1;Adaptation;15;1;;;;;
0.34;2;-0.125;4.469532;1;Adaptation;15;1;;;;;
0.36;-0.5;-0.5;4.94941;1;Adaptation;15;1;;;;;
0.38;-0.5;-0.5;3.994847;1;Adaptation;15;1;;;;;
0.4;-0.5;-0.5;5.462807;1;Adaptation;15;1;;;;;
0.42;-0.5;-0.5;2.325752;1;Adaptation;15;1;;;;;
0.44;-0.5;-0.5;5.903259;1;Adaptation;15;1;;;;;
0.46;-0.5;-0.5;2.928014;1;Adaptation;15;1;;;;;
0.48;2;0.125;3.570453;1;Adaptation;15;1;;;;;
0.5;-0.5;-0.5;2.725943;1;Adaptation;15;1;;;;;
0.52;2;0.125;4.569093;1;Adaptation;15;1;;;;;
0.54;-0.5;-0.5;5.554898;1;Adaptation;15;1;;;;;
0.56;-0.5;-0.5;2.598583;1;Adaptation;15;1;;;;;
0.58;-2;0;4.081183;1;Adaptation;15;1;;;;;
0.6;-0.5;-0.5;5.160487;1;Adaptation;15;1;;;;;
0.62;-0.5;-0.5;3.219162;1;Adaptation;15;1;;;;;
0.64;-4;-0.125;2.07165;1;Adaptation;15;1;;;;;
0.66;-0.5;-0.5;4.286551;1;Adaptation;15;1;;;;;
0.68;0;0.125;5.23864;1;Adaptation;15;1;;;;;
0.7;-0.5;-0.5;5.612809;1;Adaptation;15;1;;;;;
0.72;-0.5;-0.5;3.048885;1;Adaptation;15;1;;;;;
0.74;0;-0.125;2.484376;1;Adaptation;15;1;;;;;
0.76;-0.5;-0.5;3.714197;1;Adaptation;15;1;;;;;
0.78;-0.5;-0.5;3.030483;1;Adaptation;15;1;;;;;
0.8;-0.5;-0.5;2.995562;1;Adaptation;15;1;;;;;
0.82;-0.5;-0.5;5.125706;1;Adaptation;15;1;;;;;
0.84;2;-0.125;3.627909;1;Adaptation;15;1;;;;;
0.86;-0.5;-0.5;5.096145;1;Adaptation;15;1;;;;;
0.88;-0.5;-0.5;3.747043;1;Adaptation;15;1;;;;;
0.9;-0.5;-0.5;2.914564;1;Adaptation;15;1;;;;;
0.92;-0.5;-0.5;5.955298;1;Adaptation;15;1;;;;;
0.94;-0.5;-0.5;2.559241;1;Adaptation;15;1;;;;;
0.96;-0.5;-0.5;3.753996;1;Adaptation;15;1;;;;;
0.98;-0.5;-0.5;3.482058;1;Adaptation;15;1;;;;;
1;-0.5;-0.5;3.991151;1;Adaptation;15;1;;;;;
1.02;-0.5;-0.5;3.075411;1;Adaptation;15;1;;;;;
1.04;-0.5;-0.5;4.154861;1;Adaptation;15;1;;;;;
1.06;-0.5;-0.5;5.044653;1;Adaptation;15;1;;;;;
1.08;-0.5;-0.5;4.576108;1;Adaptation;15;1;;;;;
1.1;-0.5;-0.5;3.367719;1;Adaptation;15;1;;;;;
1.12;-0.5;-0.5;4.550022;1;Adaptation;15;1;;;;;
1.14;-0.5;-0.5;4.922408;1;Adaptation;15;1;;;;;
1.16;-0.5;-0.5;3.21835;1;Adaptation;15;1;;;;;
1.18;-0.5;-0.5;3.596293;1;Adaptation;15;1;;;;;
1.2;0;0.125;3.089539;1;Adaptation;15;1;;;;;
1.22;0;-0.125;2.167242;1;Adaptation;15;1;;;;;
1.24;-0.5;-0.5;4.332622;1;Adaptation;15;1;;;;;
1.26;0;0.125;2.461489;1;Adaptation;15;1;;;;;
1.28;2;-0.25;5.557976;1;Adaptation;15;1;;;;;
1.3;-0.5;-0.5;3.441314;1;Adaptation;15;1;;;;;
1.32;2;0;5.138193;1;Adaptation;15;1;;;;;
1.34;-0.5;-0.5;4.203904;1;Adaptation;15;1;;;;;
1.36;0;0;2.318647;1;Adaptation;15;1;;;;;
1.38;-0.5;-0.5;5.6118;1;Adaptation;15;1;;;;;
1.4;-2;0.125;4.366503;1;Adaptation;15;1;;;;;
1.42;-0.5;-0.5;5.007453;1;Adaptation;15;1;;;;;
1.44;-2;0;2.22459;1;Adaptation;15;1;;;;;
1.46;-0.5;-0.5;3.478506;1;Adaptation;15;1;;;;;
1.48;-0.5;-0.5;3.746841;1;Adaptation;15;1;;;;;
1.5;-0.5;-0.5;4.962784;1;Adaptation;15;1;;;;;
1.52;-0.5;-0.5;2.462577;1;Adaptation;15;1;;;;;
1.54;-0.5;-0.5;5.416495;1;Adaptation;15;1;;;;;
1.56;-0.5;-0.5;5.989371;1;Adaptation;15;1;;;;;
1.58;0;0;5.202443;1;Adaptation;15;1;;;;;
1.6;0;-0.125;2.474657;1;Adaptation;15;1;;;;;
1.62;-0.5;-0.5;2.76261;1;Adaptation;15;1;;;;;
1.64;-0.5;-0.5;4.730383;1;Adaptation;15;1;;;;;
1.66;-0.5;-0.5;5.074699;1;Adaptation;15;1;;;;;
1.68;-0.5;-0.5;3.803305;1;Adaptation;15;1;;;;;
1.7;-0.5;-0.5;4.106166;1;Adaptation;15;1;;;;;
1.72;-0.5;-0.5;3.348868;1;Adaptation;15;1;;;;;
1.74;0;0.25;4.619967;1;Adaptation;15;1;;;;;
1.76;-0.5;-0.5;4.636528;1;Adaptation;15;1;;;;;
1.78;2;-0.125;2.341621;1;Adaptation;15;1;;;;;
1.8;-0.5;-0.5;3.212129;1;Adaptation;15;1;;;;;
1.82;-0.5;-0.5;2.221357;1;Adaptation;15;1;;;;;
1.84;0;0;3.057317;1;Adaptation;15;1;;;;;
1.86;2;0.125;3.104474;1;Adaptation;15;1;;;;;
1.88;-0.5;-0.5;3.004936;1;Adaptation;15;1;;;;;
1.9;-0.5;-0.5;5.91627;1;Adaptation;15;1;;;;;
1.92;-0.5;-0.5;2.916215;1;Adaptation;15;1;;;;;
1.94;-0.5;-0.5;5.593441;1;Adaptation;15;1;;;;;
1.96;-0.5;-0.5;4.183572;1;Adaptation;15;1;;;;;
1.98;-0.5;-0.5;3.631122;1;Adaptation;15;1;;;;;
2;-0.5;-0.5;4.844595;1;Adaptation;15;1;;;;;
2.02;-0.5;-0.5;4.706907;1;Adaptation;15;1;;;;;
2.04;-0.5;-0.5;3.889335;1;Adaptation;15;1;;;;;
2.06;-0.5;-0.5;2.2984;1;Adaptation;15;1;;;;;
2.08;-0.5;-0.5;5.747571;1;Adaptation;15;1;;;;;
2.1;-0.5;-0.5;2.116535;1;Adaptation;15;1;;;;;
2.12;0;-0.125;3.044013;1;Adaptation;15;1;;;;;
2.14;-0.5;-0.5;2.987566;1;Adaptation;15;1;;;;;
2.16;-0.5;-0.5;4.842263;1;Adaptation;15;1;;;;;
2.18;-0.5;-0.5;2.113393;1;Adaptation;15;1;;;;;
2.2;-0.5;-0.5;4.139837;1;Adaptation;15;1;;;;;
2.22;-0.5;-0.5;5.974547;1;Adaptation;15;1;;;;;
2.24;2;0;3.775414;1;Adaptation;15;1;;;;;
2.26;2;0;2.433109;1;Adaptation;15;1;;;;;
2.28;-2;-0.125;4.889615;1;Adaptation;15;1;;;;;
2.3;-2;-0.125;2.149846;1;Adaptation;15;1;;;;;
2.32;-0.5;-0.5;3.90559;1;Adaptation;15;1;;;;;
2.34;-0.5;-0.5;4.564939;1;Adaptation;15;1;;;;;
2.36;2;0;4.467326;1;Adaptation;15;1;;;;;
2.38;0;0;5.456725;1;Adaptation;15;1;;;;;
2.4;-0.5;-0.5;5.255045;1;Adaptation;15;1;;;;;
2.42;-0.5;-0.5;4.994766;1;Adaptation;15;1;;;;;
2.44;-0.5;-0.5;3.563229;1;Adaptation;15;1;;;;;
2.46;-0.5;-0.5;5.533292;1;Adaptation;15;1;;;;;
2.48;-0.5;-0.5;5.518026;1;Adaptation;15;1;;;;;
2.5;-0.5;-0.5;5.961782;1;Adaptation;15;1;;;;;
2.52;-0.5;-0.5;4.265926;1;Adaptation;15;1;;;;;
2.54;-0.5;-0.5;3.199107;1;Adaptation;15;1;;;;;
2.56;-0.5;-0.5;4.637535;1;Adaptation;15;1;;;;;
2.58;-0.5;-0.5;2.870246;1;Adaptation;15;1;;;;;
2.6;-0.5;-0.5;2.499265;1;Adaptation;15;1;;;;;
2.62;-0.5;-0.5;2.483357;1;Adaptation;15;1;;;;;
2.64;2;0;2.089195;1;Adaptation;15;1;;;;;
2.66;-0.5;-0.5;2.781238;1;Adaptation;15;1;;;;;
2.68;-0.5;-0.5;2.786991;1;Adaptation;15;1;;;;;
2.7;-0.5;-0.5;5.12247;1;Adaptation;15;1;;;;;
2.72;-0.5;-0.5;4.132262;1;Adaptation;15;1;;;;;
2.74;-0.5;-0.5;5.821393;1;Adaptation;15;1;;;;;
2.76;-0.5;-0.5;2.294998;1;Adaptation;15;1;;;;;
2.78;-2;0.125;3.548437;1;Adaptation;15;1;;;;;
2.8;-0.5;-0.5;4.852518;1;Adaptation;15;1;;;;;
2.82;0;0.125;3.684117;1;Adaptation;15;1;;;;;
2.84;-0.5;-0.5;2.297533;1;Adaptation;15;1;;;;;
2.86;-0.5;-0.5;4.787354;1;Adaptation;15;1;;;;;
2.88;-0.5;-0.5;2.92017;1;Adaptation;15;1;;;;;
2.9;-0.5;-0.5;4.942721;1;Adaptation;15;1;;;;;
2.92;0;0.25;2.394254;1;Adaptation;15;1;;;;;
2.94;-0.5;-0.5;3.780378;1;Adaptation;15;1;;;;;
2.96;-0.5;-0.5;2.165895;1;Adaptation;15;1;;;;;
2.98;-0.5;-0.5;5.5536;1;Adaptation;15;1;;;;;
3;-0.5;-0.5;3.943268;1;Adaptation;15;1;;;;;
3.02;-0.5;-0.5;4.883588;1;Adaptation;15;1;;;;;
3.04;2;-0.125;4.014731;1;Adaptation;15;1;;;;;
3.06;-0.5;-0.5;2.233097;1;Adaptation;15;1;;;;;
3.08;-0.5;-0.5;5.699322;1;Adaptation;15;1;;;;;
3.1;-2;0;4.746017;1;Adaptation;15;1;;;;;
3.12;-0.5;-0.5;5.762011;1;Adaptation;15;1;;;;;
3.14;-0.5;-0.5;2.036759;1;Adaptation;15;1;;;;;
3.16;-0.5;-0.5;4.846014;1;Adaptation;15;1;;;;;
3.18;-0.5;-0.5;4.36903;1;Adaptation;15;1;;;;;
3.2;-0.5;-0.5;5.214269;1;Adaptation;15;1;;;;;
3.22;-0.5;-0.5;4.970254;1;Adaptation;15;1;;;;;
3.24;-0.5;-0.5;2.77632;1;Adaptation;15;1;;;;;
3.26;-0.5;-0.5;3.456227;1;Adaptation;15;1;;;;;
3.28;-0.5;-0.5;3.176298;1;Adaptation;15;1;;;;;
3.3;-0.5;-0.5;4.095262;1;Adaptation;15;1;;;;;
3.32;-0.5;-0.5;4.625205;1;Adaptation;15;1;;;;;
3.34;-0.5;-0.5;3.403662;1;Adaptation;15;1;;;;;
3.36;0;0;2.402992;1;Adaptation;15;1;;;;;
3.38;-0.5;-0.5;5.100437;1;Adaptation;15;1;;;;;
3.4;-0.5;-0.5;2.774275;1;Adaptation;15;1;;;;;
3.42;2;0;4.498004;1;Adaptation;15;1;;;;;
3.44;-0.5;-0.5;3.075346;1;Adaptation;15;1;;;;;
3.46;-2;0;2.274549;1;Adaptation;15;1;;;;;
3.48;-0.5;-0.5;3.647381;1;Adaptation;15;1;;;;;
3.5;0;-0.125;5.306813;1;Adaptation;15;1;;;;;
3.52;-0.5;-0.5;2.27161;1;Adaptation;15;1;;;;;
3.54;-0.5;-0.5;4.126027;1;Adaptation;15;1;;;;;
3.56;0;-0.125;5.333597;1;Adaptation;15;1;;;;;
3.58;-0.5;-0.5;5.552995;1;Adaptation;15;1;;;;;
3.6;0;0;4.383262;1;Adaptation;15;1;;;;;
3.62;2;-0.125;2.276879;1;Adaptation;15;1;;;;;
3.64;-0.5;-0.5;3.265446;1;Adaptation;15;1;;;;;
3.66;0;-0.125;4.888626;1;Adaptation;15;1;;;;;
3.68;-0.5;-0.5;3.409131;1;Adaptation;15;1;;;;;
3.7;-2;0;5.091456;1;Adaptation;15;1;;;;;
3.72;2;0.125;3.213274;1;Adaptation;15;1;;;;;
3.74;-0.5;-0.5;3.059921;1;Adaptation;15;1;;;;;
3.76;-0.5;-0.5;4.432053;1;Adaptation;15;1;;;;;
3.78;-0.5;-0.5;3.939162;1;Adaptation;15;1;;;;;
3.8;2;-0.25;5.843429;1;Adaptation;15;1;;;;;
3.82;2;-0.25;5.313959;1;Adaptation;15;1;;;;;
3.84;-0.5;-0.5;3.928256;1;Adaptation;15;1;;;;;
3.86;2;0.25;5.197143;1;Adaptation;15;1;;;;;
3.88;0;-0.125;3.111646;1;Adaptation;15;1;;;;;
3.9;-0.5;-0.5;2.566987;1;Adaptation;15;1;;;;;
3.92;2;0;2.215219;1;Adaptation;15;1;;;;;
3.94;-0.5;-0.5;3.064538;1;Adaptation;15;1;;;;;
3.96;-0.5;-0.5;5.849884;1;Adaptation;15;1;;;;;
3.98;-0.5;-0.5;5.321896;1;Adaptation;15;1;;;;;
4;-0.5;-0.5;2.412423;1;Adaptation;15;1;;;;;
4.02;0;0;3.711977;1;Adaptation;15;1;;;;;
4.04;-0.5;-0.5;4.640717;1;Adaptation;15;1;;;;;
4.06;0;0;2.958586;1;Adaptation;15;1;;;;;
4.08;-0.5;-0.5;3.717655;1;Adaptation;15;1;;;;;
4.1;-0.5;-0.5;2.288663;1;Adaptation;15;1;;;;;
4.12;-0.5;-0.5;3.284164;1;Adaptation;15;1;;;;;
4.14;-0.5;-0.5;3.508752;1;Adaptation;15;1;;;;;
4.16;-2;0;5.658932;1;Adaptation;15;1;;;;;
4.18;-0.5;-0.5;2.093057;1;Adaptation;15;1;;;;;
4.2;2;-0.125;5.824476;1;Adaptation;15;1;;;;;
4.22;-2;-0.125;2.510117;1;Adaptation;15;1;;;;;
4.24;-0.5;-0.5;4.686303;1;Adaptation;15;1;;;;;
4.26;-0.5;-0.5;2.287515;1;Adaptation;15;1;;;;;
4.28;-0.5;-0.5;5.641518;1;Adaptation;15;1;;;;;
4.3;0;-0.125;5.090125;1;Adaptation;15;1;;;;;
4.32;0;-0.125;5.725002;1;Adaptation;15;1;;;;;
4.34;-0.5;-0.5;4.572434;1;Adaptation;15;1;;;;;
4.36;-0.5;-0.5;2.755801;1;Adaptation;15;1;;;;;
4.38;-0.5;-0.5;5.016915;1;Adaptation;15;1;;;;;
4.4;-0.5;-0.5;4.305786;1;Adaptation;15;1;;;;;
4.42;-0.5;-0.5;4.113462;1;Adaptation;15;1;;;;;
4.44;-0.5;-0.5;5.555864;1;Adaptation;15;1;;;;;
4.46;-0.5;-0.5;5.740889;1;Adaptation;15;1;;;;;
4.48;2;-0.125;5.75286;1;Adaptation;15;1;;;;;
4.5;-0.5;-0.5;4.227585;1;Adaptation;15;1;;;;;
4.52;-0.5;-0.5;4.088938;1;Adaptation;15;1;;;;;
4.54;-0.5;-0.5;2.466502;1;Adaptation;15;1;;;;;
4.56;2;0;4.407255;1;Adaptation;15;1;;;;;
4.58;-0.5;-0.5;5.880344;1;Adaptation;15;1;;;;;
4.6;0;-0.25;2.393073;1;Adaptation;15;1;;;;;
4.62;-0.5;-0.5;5.23847;1;Adaptation;15;1;;;;;
4.64;-0.5;-0.5;5.890752;1;Adaptation;15;1;;;;;
4.66;-0.5;-0.5;2.814835;1;Adaptation;15;1;;;;;
4.68;-0.5;-0.5;5.519093;1;Adaptation;15;1;;;;;
4.7;-0.5;-0.5;2.302361;1;Adaptation;15;1;;;;;
4.72;-0.5;-0.5;5.799473;1;Adaptation;15;1;;;;;
4.74;-0.5;-0.5;3.243489;1;Adaptation;15;1;;;;;
4.76;-0.5;-0.5;3.776192;1;Adaptation;15;1;;;;;
4.78;-0.5;-0.5;3.205391;1;Adaptation;15;1;;;;;
4.8;-0.5;-0.5;2.697784;1;Adaptation;15;1;;;;;
4.82;-0.5;-0.5;4.416134;1;Adaptation;15;1;;;;;
4.84;-0.5;-0.5;2.442465;1;Adaptation;15;1;;;;;
4.86;-0.5;-0.5;2.710227;1;Adaptation;15;1;;;;;
4.88;-0.5;-0.5;2.728595;1;Adaptation;15;1;;;;;
4.9;-0.5;-0.5;5.104441;1;Adaptation;15;1;;;;;
4.92;-0.5;-0.5;4.652215;1;Adaptation;15;1;;;;;
4.94;-0.5;-0.5;2.694731;1;Adaptation;15;1;;;;;
4.96;-0.5;-0.5;5.211969;1;Adaptation;15;1;;;;;
4.98;-0.5;-0.5;2.728046;1;Adaptation;15;1;;;;;
5;0;0;2.48556;1;Adaptation;15;1;;;;;
5.02;0;0.125;3.918369;1;Adaptation;15;1;;;;;
5.04;0;0;3.606461;1;Adaptation;15;1;;;;;
5.06;-0.5;-0.5;2.466303;1;Adaptation;15;1;;;;;
5.08;2;0;2.766789;1;Adaptation;15;1;;;;;
5.1;2;0;2.496709;1;Adaptation;15;1;;;;;
5.12;-0.5;-0.5;3.960656;1;Adaptation;15;1;;;;;
5.14;-0.5;-0.5;3.717301;1;Adaptation;15;1;;;;;
5.16;-0.5;-0.5;4.834823;1;Adaptation;15;1;;;;;
5.18;-0.5;-0.5;4.784597;1;Adaptation;15;1;;;;;
5.2;-0.5;-0.5;4.618;1;Adaptation;15;1;;;;;
5.22;-0.5;-0.5;4.556652;1;Adaptation;15;1;;;;;
5.24;-0.5;-0.5;4.340081;1;Adaptation;15;1;;;;;
5.26;-0.5;-0.5;3.091681;1;Adaptation;15;1;;;;;
5.28;-0.5;-0.5;5.432974;1;Adaptation;15;1;;;;;
5.3;-0.5;-0.5;5.576968;1;Adaptation;15;1;;;;;
5.32;0;0;2.874443;1;Adaptation;15;1;;;;;
5.34;-0.5;-0.5;3.434959;1;Adaptation;15;1;;;;;
5.36;-0.5;-0.5;4.848201;1;Adaptation;15;1;;;;;
5.38;-0.5;-0.5;4.803622;1;Adaptation;15;1;;;;;
5.4;0;-0.125;4.478994;1;Adaptation;15;1;;;;;
5.42;-0.5;-0.5;4.468274;1;Adaptation;15;1;;;;;
5.44;-2;0;3.753165;1;Adaptation;15;1;;;;;
5.46;-0.5;-0.5;4.595291;1;Adaptation;15;1;;;;;
5.48;-0.5;-0.5;4.358485;1;Adaptation;15;1;;;;;
5.5;-0.5;-0.5;4.385969;1;Adaptation;15;1;;;;;
5.52;-0.5;-0.5;4.567022;1;Adaptation;15;1;;;;;
5.54;-0.5;-0.5;3.796234;1;Adaptation;15;1;;;;;
5.56;-0.5;-0.5;3.49986;1;Adaptation;15;1;;;;;
5.58;-0.5;-0.5;4.980357;1;Adaptation;15;1;;;;;
5.6;0;0;2.921278;1;Adaptation;15;1;;;;;
5.62;-0.5;-0.5;5.825049;1;Adaptation;15;1;;;;;
5.64;-0.5;-0.5;5.70055;1;Adaptation;15;1;;;;;
5.66;2;0;5.103039;1;Adaptation;15;1;;;;;
5.68;-0.5;-0.5;3.344625;1;Adaptation;15;1;;;;;
5.7;-0.5;-0.5;4.439981;1;Adaptation;15;1;;;;;
5.72;-0.5;-0.5;4.306808;1;Adaptation;15;1;;;;;
5.74;-0.5;-0.5;4.407653;1;Adaptation;15;1;;;;;
5.76;-0.5;-0.5;2.859034;1;Adaptation;15;1;;;;;
5.78;0;-0.125;4.65073;1;Adaptation;15;1;;;;;
5.8;-0.5;-0.5;3.882948;1;Adaptation;15;1;;;;;
5.82;-0.5;-0.5;4.559716;1;Adaptation;15;1;;;;;
5.84;-0.5;-0.5;2.836792;1;Adaptation;15;1;;;;;
5.86;-0.5;-0.5;2.07248;1;Adaptation;15;1;;;;;
5.88;-0.5;-0.5;2.346024;1;Adaptation;15;1;;;;;
5.9;-2;0;3.002875;1;Adaptation;15;1;;;;;
5.92;-2;0;4.386333;1;Adaptation;15;1;;;;;
5.94;-0.5;-0.5;3.402123;1;Adaptation;15;1;;;;;
5.96;0;0;5.37078;1;Adaptation;15;1;;;;;
5.98;-0.5;-0.5;4.831216;1;Adaptation;15;1;;;;;
6;-0.5;-0.5;3.528053;1;Adaptation;15;1;;;;;
6.02;-0.5;-0.5;2.088902;1;Adaptation;15;1;;;;;
6.04;-0.5;-0.5;3.826488;1;Adaptation;15;1;;;;;
6.06;-0.5;-0.5;2.094584;1;Adaptation;15;1;;;;;
6.08;-0.5;-0.5;5.801208;1;Adaptation;15;1;;;;;
6.1;-0.5;-0.5;3.755434;1;Adaptation;15;1;;;;;
6.12;-0.5;-0.5;2.709518;1;Adaptation;15;1;;;;;
6.14;-0.5;-0.5;5.211802;1;Adaptation;15;1;;;;;
6.16;0;-0.25;5.287872;1;Adaptation;15;1;;;;;
6.18;-0.5;-0.5;4.532245;1;Adaptation;15;1;;;;;
6.2;-0.5;-0.5;5.269455;1;Adaptation;15;1;;;;;
6.22;-0.5;-0.5;2.878452;1;Adaptation;15;1;;;;;
6.24;-0.5;-0.5;3.227177;1;Adaptation;15;1;;;;;
6.26;2;0;4.613313;1;Adaptation;15;1;;;;;
6.28;-0.5;-0.5;4.149083;1;Adaptation;15;1;;;;;
6.3;0;-0.25;5.286325;1;Adaptation;15;1;;;;;
6.32;-0.5;-0.5;2.713377;1;Adaptation;15;1;;;;;
6.34;2;0.125;5.800898;1;Adaptation;15;1;;;;;
6.36;-0.5;-0.5;2.377913;1;Adaptation;15;1;;;;;
6.38;-0.5;-0.5;3.670329;1;Adaptation;15;1;;;;;
6.4;-0.5;-0.5;2.344922;1;Adaptation;15;1;;;;;
6.42;-0.5;-0.5;2.06621;1;Adaptation;15;1;;;;;
6.44;-0.5;-0.5;2.666612;1;Adaptation;15;1;;;;;
6.46;-0.5;-0.5;3.254262;1;Adaptation;15;1;;;;;
6.48;-0.5;-0.5;3.390686;1;Adaptation;15;1;;;;;
6.5;-0.5;-0.5;4.668191;1;Adaptation;15;1;;;;;
6.52;-0.5;-0.5;4.735549;1;Adaptation;15;1;;;;;
6.54;2;0.125;3.317091;1;Adaptation;15;1;;;;;
6.56;-0.5;-0.5;5.140827;1;Adaptation;15;1;;;;;
6.58;-0.5;-0.5;2.82515;1;Adaptation;15;1;;;;;
6.6;-0.5;-0.5;2.088582;1;Adaptation;15;1;;;;;
6.62;-2;0.125;4.326387;1;Adaptation;15;1;;;;;
6.64;-0.5;-0.5;3.964614;1;Adaptation;15;1;;;;;
6.66;-0.5;-0.5;4.418189;1;Adaptation;15;1;;;;;
6.68;-0.5;-0.5;2.552373;1;Adaptation;15;1;;;;;
6.7;-0.5;-0.5;2.268267;1;Adaptation;15;1;;;;;
6.72;-2;0.125;2.329466;1;Adaptation;15;1;;;;;
6.74;-0.5;-0.5;3.280714;1;Adaptation;15;1;;;;;
6.76;-0.5;-0.5;4.353095;1;Adaptation;15;1;;;;;
6.78;0;-0.125;3.961808;1;Adaptation;15;1;;;;;
6.8;-0.5;-0.5;2.638945;1;Adaptation;15;1;;;;;
6.82;-0.5;-0.5;5.882346;1;Adaptation;15;1;;;;;
6.84;-0.5;-0.5;2.975943;1;Adaptation;15;1;;;;;
6.86;2;-0.125;5.912251;1;Adaptation;15;1;;;;;
6.88;-0.5;-0.5;2.582574;1;Adaptation;15;1;;;;;
6.9;-2;0.125;5.725929;1;Adaptation;15;1;;;;;
6.92;2;-0.125;5.507435;1;Adaptation;15;1;;;;;
6.94;-0.5;-0.5;3.036739;1;Adaptation;15;1;;;;;
6.96;0;-0.25;3.128016;1;Adaptation;15;1;;;;;
6.98;-0.5;-0.5;2.651272;1;Adaptation;15;1;;;;;
7;-0.5;-0.5;2.677011;1;Adaptation;15;1;;;;;
7.02;-0.5;-0.5;2.154359;1;Adaptation;15;1;;;;;
7.04;0;0.125;3.748181;1;Adaptation;15;1;;;;;
7.06;-0.5;-0.5;4.889792;1;Adaptation;15;1;;;;;
7.08;-0.5;-0.5;4.962264;1;Adaptation;15;1;;;;;
7.1;-0.5;-0.5;3.345949;1;Adaptation;15;1;;;;;
7.12;2;0.125;4.554994;1;Adaptation;15;1;;;;;
7.14;-0.5;-0.5;4.960943;1;Adaptation;15;1;;;;;
7.16;-0.5;-0.5;3.905335;1;Adaptation;15;1;;;;;
7.18;0;0.125;3.807819;1;Adaptation;15;1;;;;;
7.2;0;0;3.992712;1;Adaptation;15;1;;;;;
7.22;-0.5;-0.5;4.694288;1;Adaptation;15;1;;;;;
7.24;-0.5;-0.5;2.001448;1;Adaptation;15;1;;;;;
7.26;-0.5;-0.5;3.075161;1;Adaptation;15;1;;;;;
7.28;-0.5;-0.5;3.092635;1;Adaptation;15;1;;;;;
7.3;-0.5;-0.5;3.22854;1;Adaptation;15;1;;;;;
7.32;-0.5;-0.5;5.30215;1;Adaptation;15;1;;;;;
7.34;-0.5;-0.5;5.5409;1;Adaptation;15;1;;;;;
7.36;-0.5;-0.5;2.035139;1;Adaptation;15;1;;;;;
7.38;2;0.375;3.075289;1;Adaptation;15;1;;;;;
7.4;0;0.125;3.339952;1;Adaptation;15;1;;;;;
7.42;-0.5;-0.5;3.482102;1;Adaptation;15;1;;;;;
7.44;-0.5;-0.5;5.665334;1;Adaptation;15;1;;;;;
7.46;0;0.125;4.972032;1;Adaptation;15;1;;;;;
7.48;2;0;5.57358;1;Adaptation;15;1;;;;;
7.5;-0.5;-0.5;4.169772;1;Adaptation;15;1;;;;;
7.52;-0.5;-0.5;3.213037;1;Adaptation;15;1;;;;;
7.54;-0.5;-0.5;5.56671;1;Adaptation;15;1;;;;;
7.56;-0.5;-0.5;2.349763;1;Adaptation;15;1;;;;;
7.58;-0.5;-0.5;4.892003;1;Adaptation;15;1;;;;;
7.6;2;0.25;3.422565;1;Adaptation;15;1;;;;;
7.62;-0.5;-0.5;3.884624;1;Adaptation;15;1;;;;;
7.64;-0.5;-0.5;2.977185;1;Adaptation;15;1;;;;;
7.66;-0.5;-0.5;2.723974;1;Adaptation;15;1;;;;;
7.68;-0.5;-0.5;2.98862;1;Adaptation;15;1;;;;;
7.7;-0.5;-0.5;2.440515;1;Adaptation;15;1;;;;;
7.72;-0.5;-0.5;2.323235;1;Adaptation;15;1;;;;;
7.74;-0.5;-0.5;5.643529;1;Adaptation;15;1;;;;;
7.76;-0.5;-0.5;3.243582;1;Adaptation;15;1;;;;;
7.78;-0.5;-0.5;5.023983;1;Adaptation;15;1;;;;;
7.8;-0.5;-0.5;4.45121;1;Adaptation;15;1;;;;;
7.82;-2;-0.125;4.594893;1;Adaptation;15;1;;;;;
7.84;-0.5;-0.5;5.938004;1;Adaptation;15;1;;;;;
7.86;-0.5;-0.5;5.667931;1;Adaptation;15;1;;;;;
7.88;-0.5;-0.5;5.074244;1;Adaptation;15;1;;;;;
7.9;-0.5;-0.5;2.786583;1;Adaptation;15;1;;;;;
7.92;-0.5;-0.5;5.334507;1;Adaptation;15;1;;;;;
7.94;-0.5;-0.5;3.003017;1;Adaptation;15;1;;;;;
7.96;2;-0.125;4.644042;1;Adaptation;15;1;;;;;
7.98;0;0;4.791913;1;Adaptation;15;1;;;;;
8;-0.5;-0.5;2.586038;1;Adaptation;15;1;;;;;
8.02;-0.5;-0.5;4.113107;1;Adaptation;15;1;;;;;
8.04;2;0.125;4.085387;1;Adaptation;15;1;;;;;
8.059999;-0.5;-0.5;2.086079;1;Adaptation;15;1;;;;;
8.08;-0.5;-0.5;3.539832;1;Adaptation;15;1;;;;;
8.099999;-0.5;-0.5;3.501986;1;Adaptation;15;1;;;;;
8.12;-2;0.125;5.291039;1;Adaptation;15;1;;;;;
8.139999;-0.5;-0.5;3.656482;1;Adaptation;15;1;;;;;
8.16;-0.5;-0.5;2.782794;1;Adaptation;15;1;;;;;
8.179999;-0.5;-0.5;3.002216;1;Adaptation;15;1;;;;;
8.2;-0.5;-0.5;3.43938;1;Adaptation;15;1;;;;;
8.22;-0.5;-0.5;2.318522;1;Adaptation;15;1;;;;;
8.24;-0.5;-0.5;5.831786;1;Adaptation;15;1;;;;;
8.26;0;0.375;4.721063;1;Adaptation;15;1;;;;;
8.28;-0.5;-0.5;2.475943;1;Adaptation;15;1;;;;;
8.3;-0.5;-0.5;3.49681;1;Adaptation;15;1;;;;;
8.32;-0.5;-0.5;5.56359;1;Adaptation;15;1;;;;;
8.34;-0.5;-0.5;2.701474;1;Adaptation;15;1;;;;;
8.36;-0.5;-0.5;5.254786;1;Adaptation;15;1;;;;;
8.38;2;-0.125;3.283791;1;Adaptation;15;1;;;;;
8.4;-0.5;-0.5;2.071323;1;Adaptation;15;1;;;;;
8.42;-0.5;-0.5;2.462458;1;Adaptation;15;1;;;;;
8.44;-0.5;-0.5;4.627925;1;Adaptation;15;1;;;;;
8.46;-0.5;-0.5;2.374933;1;Adaptation;15;1;;;;;
8.48;-0.5;-0.5;3.652501;1;Adaptation;15;1;;;;;
8.5;-0.5;-0.5;5.294546;1;Adaptation;15;1;;;;;
8.52;0;0;5.769816;1;Adaptation;15;1;;;;;
8.54;-0.5;-0.5;2.413751;1;Adaptation;15;1;;;;;
8.559999;-0.5;-0.5;4.073207;1;Adaptation;15;1;;;;;
8.58;-0.5;-0.5;3.44943;1;Adaptation;15;1;;;;;
8.599999;-0.5;-0.5;4.444813;1;Adaptation;15;1;;;;;
8.62;-0.5;-0.5;5.747684;1;Adaptation;15;1;;;;;
8.639999;-0.5;-0.5;2.930634;1;Adaptation;15;1;;;;;
8.66;-0.5;-0.5;4.420634;1;Adaptation;15;1;;;;;
8.679999;-0.5;-0.5;5.303699;1;Adaptation;15;1;;;;;
8.7;-0.5;-0.5;5.6615;1;Adaptation;15;1;;;;;
8.72;-0.5;-0.5;2.317276;1;Adaptation;15;1;;;;;
8.74;-0.5;-0.5;5.96598;1;Adaptation;15;1;;;;;
8.76;-0.5;-0.5;5.18048;1;Adaptation;15;1;;;;;
8.78;0;0;2.612828;1;Adaptation;15;1;;;;;
8.8;-0.5;-0.5;3.35484;1;Adaptation;15;1;;;;;
8.82;-0.5;-0.5;5.489636;1;Adaptation;15;1;;;;;
8.84;-0.5;-0.5;4.537974;1;Adaptation;15;1;;;;;
8.86;-0.5;-0.5;3.453398;1;Adaptation;15;1;;;;;
8.88;-2;-0.125;3.358699;1;Adaptation;15;1;;;;;
8.9;-0.5;-0.5;4.595017;1;Adaptation;15;1;;;;;
8.92;-0.5;-0.5;3.630033;1;Adaptation;15;1;;;;;
8.94;-0.5;-0.5;3.85321;1;Adaptation;15;1;;;;;
8.96;-0.5;-0.5;2.492414;1;Adaptation;15;1;;;;;
8.98;-0.5;-0.5;2.077934;1;Adaptation;15;1;;;;;
9;-0.5;-0.5;4.401002;1;Adaptation;15;1;;;;;
9.02;-0.5;-0.5;4.804451;1;Adaptation;15;1;;;;;
9.04;-0.5;-0.5;5.144392;1;Adaptation;15;1;;;;;
9.059999;-0.5;-0.5;3.396439;1;Adaptation;15;1;;;;;
9.08;-0.5;-0.5;3.047493;1;Adaptation;15;1;;;;;
9.099999;-0.5;-0.5;5.112115;1;Adaptation;15;1;;;;;
9.12;-0.5;-0.5;3.606507;1;Adaptation;15;1;;;;;
9.139999;0;0;4.575912;1;Adaptation;15;1;;;;;
9.16;-0.5;-0.5;3.056152;1;Adaptation;15;1;;;;;
9.179999;-0.5;-0.5;5.441756;1;Adaptation;15;1;;;;;
9.2;0;-0.25;3.534148;1;Adaptation;15;1;;;;;
9.22;-0.5;-0.5;2.413423;1;Adaptation;15;1;;;;;
9.24;2;-0.125;4.557396;1;Adaptation;15;1;;;;;
9.26;0;0;5.693971;1;Adaptation;15;1;;;;;
9.28;-0.5;-0.5;5.408869;1;Adaptation;15;1;;;;;
9.3;-0.5;-0.5;4.704895;1;Adaptation;15;1;;;;;
9.32;-0.5;-0.5;2.743061;1;Adaptation;15;1;;;;;
9.34;-0.5;-0.5;4.877558;1;Adaptation;15;1;;;;;
9.36;-2;0;5.28433;1;Adaptation;15;1;;;;;
9.38;-0.5;-0.5;4.838386;1;Adaptation;15;1;;;;;
9.4;-2;-0.25;5.394711;1;Adaptation;15;1;;;;;
9.42;2;0.125;2.119295;1;Adaptation;15;1;;;;;
9.44;-0.5;-0.5;3.294899;1;Adaptation;15;1;;;;;
9.46;-0.5;-0.5;3.095161;1;Adaptation;15;1;;;;;
9.48;-0.5;-0.5;4.068195;1;Adaptation;15;1;;;;;
9.5;-2;0;5.798326;1;Adaptation;15;1;;;;;
9.52;0;-0.125;5.689358;1;Adaptation;15;1;;;;;
9.54;0;-0.125;2.201842;1;Adaptation;15;1;;;;;
9.559999;-0.5;-0.5;3.658731;1;Adaptation;15;1;;;;;
9.58;-0.5;-0.5;4.423491;1;Adaptation;15;1;;;;;
9.599999;-0.5;-0.5;4.727228;1;Adaptation;15;1;;;;;
9.62;-0.5;-0.5;5.332103;1;Adaptation;15;1;;;;;
9.639999;-0.5;-0.5;3.390996;1;Adaptation;15;1;;;;;
9.66;-0.5;-0.5;5.887756;1;Adaptation;15;1;;;;;
9.679999;-0.5;-0.5;2.55484;1;Adaptation;15;1;;;;;
9.7;-0.5;-0.5;2.93739;1;Adaptation;15;1;;;;;
9.719999;-0.5;-0.5;4.641356;1;Adaptation;15;1;;;;;
9.74;-0.5;-0.5;4.162196;1;Adaptation;15;1;;;;;
9.76;0;-0.375;4.110507;1;Adaptation;15;1;;;;;
9.78;0;-0.125;3.079647;1;Adaptation;15;1;;;;;
9.8;-0.5;-0.5;5.749409;1;Adaptation;15;1;;;;;
9.82;-0.5;-0.5;3.611516;1;Adaptation;15;1;;;;;
9.84;0;-0.25;3.727571;1;Adaptation;15;1;;;;;
9.86;-0.5;-0.5;2.742187;1;Adaptation;15;1;;;;;
9.88;-0.5;-0.5;2.158999;1;Adaptation;15;1;;;;;
9.9;2;0.125;5.247252;1;Adaptation;15;1;;;;;
9.92;-0.5;-0.5;3.564874;1;Adaptation;15;1;;;;;
9.94;-0.5;-0.5;3.576242;1;Adaptation;15;1;;;;;
9.96;0;0;5.330899;1;Adaptation;15;1;;;;;
9.98;-2;0;4.050349;1;Adaptation;15;1;;;;;
10;2;0;3.778307;1;Adaptation;15;1;;;;;
10.02;-0.5;-0.5;3.966557;1;Adaptation;15;1;;;;;
10.04;-0.5;-0.5;4.821325;1;Adaptation;15;1;;;;;
10.06;-0.5;-0.5;2.934106;1;Adaptation;15;1;;;;;
10.08;0;-0.125;3.086164;1;Adaptation;15;1;;;;;
10.1;-0.5;-0.5;3.547494;1;Adaptation;15;1;;;;;
10.12;-0.5;-0.5;5.658496;1;Adaptation;15;1;;;;;
10.14;-0.5;-0.5;5.896406;1;Adaptation;15;1;;;;;
10.16;-0.5;-0.5;4.036654;1;Adaptation;15;1;;;;;
10.18;-0.5;-0.5;2.451302;1;Adaptation;15;1;;;;;
10.2;0;0.25;5.389992;1;Adaptation;15;1;;;;;
10.22;-0.5;-0.5;3.961721;1;Adaptation;15;1;;;;;
10.24;-0.5;-0.5;2.988425;1;Adaptation;15;1;;;;;
10.26;2;0.125;3.616035;1;Adaptation;15;1;;;;;
10.28;-0.5;-0.5;5.534086;1;Adaptation;15;1;;;;;
10.3;-0.5;-0.5;5.082285;1;Adaptation;15;1;;;;;
10.32;-0.5;-0.5;5.831914;1;Adaptation;15;1;;;;;
10.34;2;0;2.160003;1;Adaptation;15;1;;;;;
10.36;-0.5;-0.5;2.206063;1;Adaptation;15;1;;;;;
10.38;2;0.125;3.592227;1;Adaptation;15;1;;;;;
10.4;0;0;3.172734;1;Adaptation;15;1;;;;;
10.42;-0.5;-0.5;3.873633;1;Adaptation;15;1;;;;;
10.44;-0.5;-0.5;3.35903;1;Adaptation;15;1;;;;;
10.46;-0.5;-0.5;3.91959;1;Adaptation;15;1;;;;;
10.48;0;0.25;3.589792;1;Adaptation;15;1;;;;;
10.5;-0.5;-0.5;5.186117;1;Adaptation;15;1;;;;;
10.52;0;0;2.603382;1;Adaptation;15;1;;;;;
10.54;0;-0.125;3.330308;1;Adaptation;15;1;;;;;
10.56;-0.5;-0.5;5.231522;1;Adaptation;15;1;;;;;
10.58;-0.5;-0.5;2.929143;1;Adaptation;15;1;;;;;
10.6;-0.5;-0.5;5.243047;1;Adaptation;15;1;;;;;
10.62;-0.5;-0.5;2.137609;1;Adaptation;15;1;;;;;
10.64;-0.5;-0.5;3.776949;1;Adaptation;15;1;;;;;
10.66;-0.5;-0.5;4.700683;1;Adaptation;15;1;;;;;
10.68;-0.5;-0.5;4.572074;1;Adaptation;15;1;;;;;
10.7;2;0;4.312743;1;Adaptation;15;1;;;;;
10.72;-0.5;-0.5;5.645382;1;Adaptation;15;1;;;;;
10.74;2;0.125;5.99366;1;Adaptation;15;1;;;;;
10.76;-0.5;-0.5;4.522151;1;Adaptation;15;1;;;;;
10.78;-0.5;-0.5;2.485253;1;Adaptation;15;1;;;;;
10.8;-0.5;-0.5;3.554059;1;Adaptation;15;1;;;;;
10.82;-0.5;-0.5;4.078549;1;Adaptation;15;1;;;;;
10.84;-0.5;-0.5;2.46886;1;Adaptation;15;1;;;;;
10.86;-0.5;-0.5;5.417341;1;Adaptation;15;1;;;;;
10.88;-0.5;-0.5;4.752061;1;Adaptation;15;1;;;;;
10.9;-0.5;-0.5;4.529459;1;Adaptation;15;1;;;;;
10.92;2;0.125;5.556973;1;Adaptation;15;1;;;;;
10.94;-0.5;-0.5;5.911435;1;Adaptation;15;1;;;;;
10.96;-0.5;-0.5;5.824305;1;Adaptation;15;1;;;;;
10.98;-0.5;-0.5;2.334932;1;Adaptation;15;1;;;;;
11;-0.5;-0.5;4.916666;1;Adaptation;15;1;;;;;
11.02;2;0;3.687959;1;Adaptation;15;1;;;;;
11.04;-2;-0.125;3.905039;1;Adaptation;15;1;;;;;
11.06;-0.5;-0.5;4.728104;1;Adaptation;15;1;;;;;
11.08;-0.5;-0.5;3.443639;1;Adaptation;15;1;;;;;
11.1;2;0.125;4.855934;1;Adaptation;15;1;;;;;
11.12;0;0;2.858034;1;Adaptation;15;1;;;;;
11.14;-0.5;-0.5;5.912647;1;Adaptation;15;1;;;;;
11.16;0;0;2.678668;1;Adaptation;15;1;;;;;
11.18;-0.5;-0.5;5.701465;1;Adaptation;15;1;;;;;
11.2;-0.5;-0.5;4.933331;1;Adaptation;15;1;;;;;
11.22;-0.5;-0.5;5.809037;1;Adaptation;15;1;;;;;
11.24;-0.5;-0.5;2.45358;1;Adaptation;15;1;;;;;
11.26;0;0;2.822219;1;Adaptation;15;1;;;;;
11.28;-0.5;-0.5;4.594984;1;Adaptation;15;1;;;;;
11.3;0;-0.125;2.101771;1;Adaptation;15;1;;;;;
11.32;-0.5;-0.5;2.465138;1;Adaptation;15;1;;;;;
11.34;0;0;3.358647;1;Adaptation;15;1;;;;;
11.36;-0.5;-0.5;3.425798;1;Adaptation;15;1;;;;;
11.38;-0.5;-0.5;3.444463;1;Adaptation;15;1;;;;;
11.4;-0.5;-0.5;2.728975;1;Adaptation;15;1;;;;;
11.42;-0.5;-0.5;4.377191;1;Adaptation;15;1;;;;;
11.44;-0.5;-0.5;3.977511;1;Adaptation;15;1;;;;;
11.46;0;0;3.733817;1;Adaptation;15;1;;;;;
11.48;-0.5;-0.5;2.519127;1;Adaptation;15;1;;;;;
11.5;0;-0.375;2.864538;1;Adaptation;15;1;;;;;
11.52;-0.5;-0.5;2.579829;1;Adaptation;15;1;;;;;
11.54;-0.5;-0.5;5.79955;1;Adaptation;15;1;;;;;
11.56;0;0.125;3.626409;1;Adaptation;15;1;;;;;
11.58;-0.5;-0.5;5.330244;1;Adaptation;15;1;;;;;
11.6;-0.5;-0.5;2.94352;1;Adaptation;15;1;;;;;
11.62;-0.5;-0.5;2.925418;1;Adaptation;15;1;;;;;
11.64;-0.5;-0.5;4.620914;1;Adaptation;15;1;;;;;
11.66;2;-0.25;2.867771;1;Adaptation;15;1;;;;;
11.68;-0.5;-0.5;4.673957;1;Adaptation;15;1;;;;;
11.7;-0.5;-0.5;3.974091;1;Adaptation;15;1;;;;;
11.72;-0.5;-0.5;2.671343;1;Adaptation;15;1;;;;;
11.74;-0.5;-0.5;5.686243;1;Adaptation;15;1;;;;;
11.76;0;-0.125;2.921103;1;Adaptation;15;1;;;;;
11.78;-0.5;-0.5;2.14459;1;Adaptation;15;1;;;;;
11.8;2;0;4.950689;1;Adaptation;15;1;;;;;
11.82;-0.5;-0.5;3.996746;1;Adaptation;15;1;;;;;
11.84;-0.5;-0.5;3.455705;1;Adaptation;15;1;;;;;
11.86;-0.5;-0.5;3.290727;1;Adaptation;15;1;;;;;
11.88;-0.5;-0.5;3.644457;1;Adaptation;15;1;;;;;
11.9;-0.5;-0.5;5.268305;1;Adaptation;15;1;;;;;
11.92;-0.5;-0.5;4.814929;1;Adaptation;15;1;;;;;
11.94;-2;0;5.618798;1;Adaptation;15;1;;;;;
11.96;-2;0.125;3.906466;1;Adaptation;15;1;;;;;
11.98;-0.5;-0.5;5.203454;1;Adaptation;15;1;;;;;
12;2;-0.125;5.07471;1;Adaptation;15;1;;;;;
12.02;-2;0.125;3.929724;1;Adaptation;15;1;;;;;
12.04;-0.5;-0.5;4.592931;1;Adaptation;15;1;;;;;
12.06;-0.5;-0.5;4.851499;1;Adaptation;15;1;;;;;
12.08;-0.5;-0.5;3.080667;1;Adaptation;15;1;;;;;
12.1;-0.5;-0.5;5.032045;1;Adaptation;15;1;;;;;
12.12;-0.5;-0.5;3.280321;1;Adaptation;15;1;;;;;
12.14;0;0.125;5.87885;1;Adaptation;15;1;;;;;
12.16;-0.5;-0.5;4.659595;1;Adaptation;15;1;;;;;
12.18;-0.5;-0.5;4.104461;1;Adaptation;15;1;;;;;
12.2;0;-0.125;4.198941;1;Adaptation;15;1;;;;;
12.22;-0.5;-0.5;2.530401;1;Adaptation;15;1;;;;;
12.24;-4;0.25;4.801415;1;Adaptation;15;1;;;;;
12.26;-0.5;-0.5;2.881866;1;Adaptation;15;1;;;;;
12.28;-0.5;-0.5;4.065197;1;Adaptation;15;1;;;;;
12.3;-0.5;-0.5;3.865886;1;Adaptation;15;1;;;;;
12.32;-0.5;-0.5;3.521389;1;Adaptation;15;1;;;;;
12.34;0;-0.125;2.035359;1;Adaptation;15;1;;;;;
12.36;-0.5;-0.5;5.501219;1;Adaptation;15;1;;;;;
12.38;-0.5;-0.5;3.63838;1;Adaptation;15;1;;;;;
12.4;-0.5;-0.5;3.252536;1;Adaptation;15;1;;;;;
12.42;-0.5;-0.5;4.018085;1;Adaptation;15;1;;;;;
12.44;0;-0.125;3.152784;1;Adaptation;15;1;;;;;
12.46;-2;0.125;3.470376;1;Adaptation;15;1;;;;;
12.48;0;-0.125;4.767645;1;Adaptation;15;1;;;;;
12.5;-0.5;-0.5;5.481752;1;Adaptation;15;1;;;;;
12.52;-0.5;-0.5;3.548413;1;Adaptation;15;1;;;;;
12.54;-0.5;-0.5;5.374304;1;Adaptation;15;1;;;;;
12.56;0;-0.125;4.042019;1;Adaptation;15;1;;;;;
12.58;0;0;3.545851;1;Adaptation;15;1;;;;;
12.6;-0.5;-0.5;3.25402;1;Adaptation;15;1;;;;;
12.62;-0.5;-0.5;3.233607;1;Adaptation;15;1;;;;;
12.64;-0.5;-0.5;2.682178;1;Adaptation;15;1;;;;;
12.66;-0.5;-0.5;2.738219;1;Adaptation;15;1;;;;;
12.68;-0.5;-0.5;2.450037;1;Adaptation;15;1;;;;;
12.7;-0.5;-0.5;4.277397;1;Adaptation;15;1;;;;;
12.72;-0.5;-0.5;3.591547;1;Adaptation;15;1;;;;;
12.74;-0.5;-0.5;5.790045;1;Adaptation;15;1;;;;;
12.76;-0.5;-0.5;5.216846;1;Adaptation;15;1;;;;;
12.78;-0.5;-0.5;3.620758;1;Adaptation;15;1;;;;;
12.8;-0.5;-0.5;3.658256;1;Adaptation;15;1;;;;;
12.82;0;0;3.840738;1;Adaptation;15;1;;;;;
12.84;-0.5;-0.5;5.461702;1;Adaptation;15;1;;;;;
12.86;-0.5;-0.5;5.949927;1;Adaptation;15;1;;;;;
12.88;0;0;2.200772;1;Adaptation;15;1;;;;;
12.9;0;0.125;3.152798;1;Adaptation;15;1;;;;;
12.92;-0.5;-0.5;5.123508;1;Adaptation;15;1;;;;;
12.94;-0.5;-0.5;5.152273;1;Adaptation;15;1;;;;;
12.96;0;0;4.910311;1;Adaptation;15;1;;;;;
12.98;-0.5;-0.5;2.184536;1;Adaptation;15;1;;;;;
13;-0.5;-0.5;5.135198;1;Adaptation;15;1;;;;;
13.02;-0.5;-0.5;5.698184;1;Adaptation;15;1;;;;;
13.04;-0.5;-0.5;5.099352;1;Adaptation;15;1;;;;;
13.06;-0.5;-0.5;3.211298;1;Adaptation;15;1;;;;;
13.08;2;0.25;4.481153;1;Adaptation;15;1;;;;;
13.1;-0.5;-0.5;3.971445;1;Adaptation;15;1;;;;;
13.12;-0.5;-0.5;4.15792;1;Adaptation;15;1;;;;;
13.14;-0.5;-0.5;4.143781;1;Adaptation;15;1;;;;;
13.16;-2;0.125;2.100515;1;Adaptation;15;1;;;;;
13.18;-0.5;-0.5;2.230302;1;Adaptation;15;1;;;;;
13.2;-0.5;-0.5;4.664855;1;Adaptation;15;1;;;;;
13.22;-0.5;-0.5;5.215486;1;Adaptation;15;1;;;;;
13.24;0;-0.125;5.856571;1;Adaptation;15;1;;;;;
13.26;-2;0.25;5.194253;1;Adaptation;15;1;;;;;
13.28;-0.5;-0.5;4.823389;1;Adaptation;15;1;;;;;
13.3;-0.5;-0.5;3.230166;1;Adaptation;15;1;;;;;
13.32;-0.5;-0.5;3.983974;1;Adaptation;15;1;;;;;
13.34;-0.5;-0.5;5.140852;1;Adaptation;15;1;;;;;
13.36;-0.5;-0.5;5.547773;1;Adaptation;15;1;;;;;
13.38;-0.5;-0.5;3.482446;1;Adaptation;15;1;;;;;
13.4;-0.5;-0.5;2.325116;1;Adaptation;15;1;;;;;
13.42;-0.5;-0.5;5.463509;1;Adaptation;15;1;;;;;
13.44;-0.5;-0.5;4.976931;1;Adaptation;15;1;;;;;
13.46;-0.5;-0.5;2.974682;1;Adaptation;15;1;;;;;
13.48;-0.5;-0.5;5.215002;1;Adaptation;15;1;;;;;
13.5;-0.5;-0.5;2.828991;1;Adaptation;15;1;;;;;
13.52;-0.5;-0.5;3.82282;1;Adaptation;15;1;;;;;
13.54;-0.5;-0.5;5.231192;1;Adaptation;15;1;;;;;
13.56;-0.5;-0.5;5.506177;1;Adaptation;15;1;;;;;
13.58;-0.5;-0.5;2.849202;1;Adaptation;15;1;;;;;
13.6;-0.5;-0.5;4.585804;1;Adaptation;15;1;;;;;
13.62;-0.5;-0.5;5.565104;1;Adaptation;15;1;;;;;
13.64;-0.5;-0.5;5.94666;1;Adaptation;15;1;;;;;
13.66;-0.5;-0.5;3.806419;1;Adaptation;15;1;;;;;
13.68;-0.5;-0.5;5.623852;1;Adaptation;15;1;;;;;
13.7;-0.5;-0.5;2.28678;1;Adaptation;15;1;;;;;
13.72;0;0;3.791349;1;Adaptation;15;1;;;;;
13.74;-0.5;-0.5;5.510355;1;Adaptation;15;1;;;;;
13.76;-0.5;-0.5;2.047893;1;Adaptation;15;1;;;;;
13.78;-0.5;-0.5;4.015555;1;Adaptation;15;1;;;;;
13.8;-0.5;-0.5;4.915739;1;Adaptation;15;1;;;;;
13.82;-0.5;-0.5;5.067463;1;Adaptation;15;1;;;;;
13.84;-0.5;-0.5;3.351194;1;Adaptation;15;1;;;;;
13.86;0;0.25;2.006221;1;Adaptation;15;1;;;;;
13.88;-0.5;-0.5;4.995575;1;Adaptation;15;1;;;;;
13.9;-0.5;-0.5;3.989677;1;Adaptation;15;1;;;;;
13.92;-0.5;-0.5;5.15171;1;Adaptation;15;1;;;;;
13.94;-0.5;-0.5;2.765558;1;Adaptation;15;1;;;;;
13.96;0;-0.125;3.224907;1;Adaptation;15;1;;;;;
13.98;0;0.25;5.120974;1;Adaptation;15;1;;;;;
14;-0.5;-0.5;2.843262;1;Adaptation;15;1;;;;;
14.02;-0.5;-0.5;3.037715;1;Adaptation;15;1;;;;;
14.04;2;-0.125;3.696705;1;Adaptation;15;1;;;;;
14.06;4;-0.25;4.811822;1;Adaptation;15;1;;;;;
14.08;-0.5;-0.5;5.47083;1;Adaptation;15;1;;;;;
14.1;-0.5;-0.5;3.707595;1;Adaptation;15;1;;;;;
14.12;-2;-0.125;2.390609;1;Adaptation;15;1;;;;;
14.14;-0.5;-0.5;3.326313;1;Adaptation;15;1;;;;;
14.16;-0.5;-0.5;2.348281;1;Adaptation;15;1;;;;;
14.18;-0.5;-0.5;4.327092;1;Adaptation;15;1;;;;;
14.2;-0.5;-0.5;3.41528;1;Adaptation;15;1;;;;;
14.22;0;0.125;2.590351;1;Adaptation;15;1;;;;;
14.24;-0.5;-0.5;4.125554;1;Adaptation;15;1;;;;;
14.26;0;0.125;4.145205;1;Adaptation;15;1;;;;;
14.28;-0.5;-0.5;4.178565;1;Adaptation;15;1;;;;;
14.3;-0.5;-0.5;2.446204;1;Adaptation;15;1;;;;;
14.32;2;-0.25;2.243361;1;Adaptation;15;1;;;;;
14.34;-0.5;-0.5;3.010832;1;Adaptation;15;1;;;;;
14.36;-0.5;-0.5;3.846393;1;Adaptation;15;1;;;;;
14.38;-0.5;-0.5;3.106331;1;Adaptation;15;1;;;;;
14.4;-2;0;3.028293;1;Adaptation;15;1;;;;;
14.42;0;-0.25;2.817126;1;Adaptation;15;1;;;;;
14.44;-0.5;-0.5;4.05785;1;Adaptation;15;1;;;;;
14.46;-0.5;-0.5;2.714844;1;Adaptation;15;1;;;;;
14.48;-0.5;-0.5;5.922663;1;Adaptation;15;1;;;;;
14.5;0;0;5.103738;1;Adaptation;15;1;;;;;
14.52;0;0.125;2.816965;1;Adaptation;15;1;;;;;
14.54;-0.5;-0.5;3.136565;1;Adaptation;15;1;;;;;
14.56;-0.5;-0.5;5.527808;1;Adaptation;15;1;;;;;
14.58;-2;0;5.014179;1;Adaptation;15;1;;;;;
14.6;-0.5;-0.5;4.893356;1;Adaptation;15;1;;;;;
14.62;-0.5;-0.5;4.933412;1;Adaptation;15;1;;;;;
14.64;-0.5;-0.5;3.439213;1;Adaptation;15;1;;;;;
14.66;-0.5;-0.5;3.533619;1;Adaptation;15;1;;;;;
14.68;0;0.125;4.772289;1;Adaptation;15;1;;;;;
14.7;-0.5;-0.5;4.995975;1;Adaptation;15;1;;;;;
14.72;0;-0.125;2.798391;1;Adaptation;15;1;;;;;
14.74;2;0;3.14214;1;Adaptation;15;1;;;;;
14.76;2;0;5.456109;1;Adaptation;15;1;;;;;
14.78;-2;0;4.440105;1;Adaptation;15;1;;;;;
14.8;-0.5;-0.5;5.09976;1;Adaptation;15;1;;;;;
14.82;-0.5;-0.5;3.986943;1;Adaptation;15;1;;;;;
14.84;-0.5;-0.5;3.861624;1;Adaptation;15;1;;;;;
14.86;-0.5;-0.5;4.832203;1;Adaptation;15;1;;;;;
14.88;-0.5;-0.5;4.171949;1;Adaptation;15;1;;;;;
14.9;-0.5;-0.5;2.433922;1;Adaptation;15;1;;;;;
14.92;-2;-0.25;4.203758;1;Adaptation;15;1;;;;;
14.94;0;0;3.513718;1;Adaptation;15;1;;;;;
14.96;-0.5;-0.5;5.101925;1;Adaptation;15;1;;;;;
14.98;-2;-0.125;4.753348;1;Adaptation;15;1;;;;;
15;-0.5;-0.5;3.418632;1;Adaptation;15;1;;;;;
15.02;-2;0.125;5.192991;1;Adaptation;15;1;;;;;
15.04;-0.5;-0.5;2.360449;1;Adaptation;15;1;;;;;
15.06;0;0.25;3.143745;1;Adaptation;15;1;;;;;
15.08;-0.5;-0.5;4.356148;1;Adaptation;15;1;;;;;
15.1;0;-0.125;2.075645;1;Adaptation;15;1;;;;;
15.12;-0.5;-0.5;4.456178;1;Adaptation;15;1;;;;;
15.14;-0.5;-0.5;2.888633;1;Adaptation;15;1;;;;;
15.16;-0.5;-0.5;5.252838;1;Adaptation;15;1;;;;;
15.18;2;-0.25;2.982952;1;Adaptation;15;1;;;;;
15.2;-0.5;-0.5;2.064356;1;Adaptation;15;1;;;;;
15.22;-0.5;-0.5;5.09086;1;Adaptation;15;1;;;;;
15.24;-0.5;-0.5;4.415001;1;Adaptation;15;1;;;;;
15.26;-0.5;-0.5;3.098514;1;Adaptation;15;1;;;;;
15.28;-0.5;-0.5;5.996577;1;Adaptation;15;1;;;;;
15.3;0;-0.25;4.580795;1;Adaptation;15;1;;;;;
15.32;-2;-0.125;5.509408;1;Adaptation;15;1;;;;;
15.34;-0.5;-0.5;4.45378;1;Adaptation;15;1;;;;;
15.36;-0.5;-0.5;3.665226;1;Adaptation;15;1;;;;;
15.38;-0.5;-0.5;2.096925;1;Adaptation;15;1;;;;;
15.4;0;0.125;3.225461;1;Adaptation;15;1;;;;;
15.42;-0.5;-0.5;4.057542;1;Adaptation;15;1;;;;;
15.44;-2;0.125;3.323588;1;Adaptation;15;1;;;;;
15.46;-0.5;-0.5;4.867642;1;Adaptation;15;1;;;;;
15.48;-0.5;-0.5;3.14694;1;Adaptation;15;1;;;;;
15.5;-0.5;-0.5;2.262965;1;Adaptation;15;1;;;;;
15.52;-0.5;-0.5;2.060619;1;Adaptation;15;1;;;;;
15.54;-0.5;-0.5;5.467824;1;Adaptation;15;1;;;;;
15.56;-0.5;-0.5;2.756276;1;Adaptation;15;1;;;;;
15.58;-2;0.125;3.27386;1;Adaptation;15;1;;;;;
15.6;-0.5;-0.5;5.363426;1;Adaptation;15;1;;;;;
15.62;0;-0.125;3.479733;1;Adaptation;15;1;;;;;
15.64;-0.5;-0.5;2.798715;1;Adaptation;15;1;;;;;
15.66;-0.5;-0.5;5.95792;1;Adaptation;15;1;;;;;
15.68;-0.5;-0.5;5.212259;1;Adaptation;15;1;;;;;
15.7;-0.5;-0.5;3.866813;1;Adaptation;15;1;;;;;
15.72;-0.5;-0.5;5.157724;1;Adaptation;15;1;;;;;
15.74;0;0;2.199992;1;Adaptation;15;1;;;;;
15.76;-0.5;-0.5;4.461601;1;Adaptation;15;1;;;;;
15.78;-0.5;-0.5;5.351248;1;Adaptation;15;1;;;;;
15.8;-2;0;5.003903;1;Adaptation;15;1;;;;;
15.82;-0.5;-0.5;4.513692;1;Adaptation;15;1;;;;;
15.84;-0.5;-0.5;4.973209;1;Adaptation;15;1;;;;;
15.86;-0.5;-0.5;4.859329;1;Adaptation;15;1;;;;;
15.88;-2;0.125;2.559937;1;Adaptation;15;1;;;;;
15.9;-0.5;-0.5;2.74299;1;Adaptation;15;1;;;;;
15.92;-2;-0.125;4.328095;1;Adaptation;15;1;;;;;
15.94;-2;-0.125;2.026956;1;Adaptation;15;1;;;;;
15.96;-0.5;-0.5;2.109857;1;Adaptation;15;1;;;;;
15.98;-0.5;-0.5;5.868224;1;Adaptation;15;1;;;;;
16;2;0;5.303795;1;Adaptation;15;1;;;;;
16.02;-0.5;-0.5;5.690999;1;Adaptation;15;1;;;;;
16.04;-0.5;-0.5;3.669127;1;Adaptation;15;1;;;;;
16.06;-2;-0.125;5.65907;1;Adaptation;15;1;;;;;
16.08;-2;0;2.776454;1;Adaptation;15;1;;;;;
16.1;-0.5;-0.5;4.525435;1;Adaptation;15;1;;;;;
16.12;-0.5;-0.5;2.442913;1;Adaptation;15;1;;;;;
16.14;-0.5;-0.5;5.297989;1;Adaptation;15;1;;;;;
16.16;-0.5;-0.5;3.106955;1;Adaptation;15;1;;;;;
16.18;-0.5;-0.5;5.79567;1;Adaptation;15;1;;;;;
16.2;0;-0.125;2.137578;1;Adaptation;15;1;;;;;
16.22;-0.5;-0.5;2.007136;1;Adaptation;15;1;;;;;
16.24;-0.5;-0.5;3.849108;1;Adaptation;15;1;;;;;
16.26;-0.5;-0.5;5.187366;1;Adaptation;15;1;;;;;
16.28;-2;0.125;5.940315;1;Adaptation;15;1;;;;;
16.3;-0.5;-0.5;3.808907;1;Adaptation;15;1;;;;;
16.32;-0.5;-0.5;4.952519;1;Adaptation;15;1;;;;;
16.34;0;0.125;5.940754;1;Adaptation;15;1;;;;;
16.36;-0.5;-0.5;4.913577;1;Adaptation;15;1;;;;;
16.38;-0.5;-0.5;5.795554;1;Adaptation;15;1;;;;;
16.4;0;0.125;3.945625;1;Adaptation;15;1;;;;;
16.42;-0.5;-0.5;3.535611;1;Adaptation;15;1;;;;;
16.44;-0.5;-0.5;2.713589;1;Adaptation;15;1;;;;;
16.46;2;-0.125;4.650416;1;Adaptation;15;1;;;;;
16.48;-0.5;-0.5;4.973052;1;Adaptation;15;1;;;;;
16.5;-0.5;-0.5;4.624048;1;Adaptation;15;1;;;;;
16.52;-0.5;-0.5;2.82683;1;Adaptation;15;1;;;;;
16.54;-0.5;-0.5;4.879268;1;Adaptation;15;1;;;;;
16.56;-0.5;-0.5;4.660284;1;Adaptation;15;1;;;;;
16.58;2;-0.125;2.004027;1;Adaptation;15;1;;;;;
16.6;-0.5;-0.5;3.427013;1;Adaptation;15;1;;;;;
16.62;-0.5;-0.5;4.806394;1;Adaptation;15;1;;;;;
16.64;-0.5;-0.5;2.873906;1;Adaptation;15;1;;;;;
16.66;2;0.125;4.830212;1;Adaptation;15;1;;;;;
16.68;-2;-0.125;2.054113;1;Adaptation;15;1;;;;;
16.7;-0.5;-0.5;3.166098;1;Adaptation;15;1;;;;;
16.72;-0.5;-0.5;3.174013;1;Adaptation;15;1;;;;;
16.74;-0.5;-0.5;2.952556;1;Adaptation;15;1;;;;;
16.76;-0.5;-0.5;5.043573;1;Adaptation;15;1;;;;;
16.78;-0.5;-0.5;3.769004;1;Adaptation;15;1;;;;;
16.8;-0.5;-0.5;3.620642;1;Adaptation;15;1;;;;;
16.82;-2;0;5.531385;1;Adaptation;15;1;;;;;
16.84;0;0;4.639831;1;Adaptation;15;1;;;;;
16.86;-0.5;-0.5;4.54432;1;Adaptation;15;1;;;;;
16.88;-0.5;-0.5;4.882341;1;Adaptation;15;1;;;;;
16.9;0;0.25;2.113848;1;Adaptation;15;1;;;;;
16.92;-0.5;-0.5;2.446573;1;Adaptation;15;1;;;;;
16.94;-0.5;-0.5;2.808006;1;Adaptation;15;1;;;;;
16.96;0;0.125;5.022642;1;Adaptation;15;1;;;;;
16.98;-0.5;-0.5;5.21819;1;Adaptation;15;1;;;;;
17;-0.5;-0.5;4.117434;1;Adaptation;15;1;;;;;
17.02;-0.5;-0.5;5.699065;1;Adaptation;15;1;;;;;
17.04;-0.5;-0.5;4.092908;1;Adaptation;15;1;;;;;
17.06;-0.5;-0.5;5.642885;1;Adaptation;15;1;;;;;
17.08;0;0;3.958358;1;Adaptation;15;1;;;;;
17.1;-2;0;5.960761;1;Adaptation;15;1;;;;;
17.12;-2;-0.125;4.573673;1;Adaptation;15;1;;;;;
17.14;-0.5;-0.5;4.131423;1;Adaptation;15;1;;;;;
17.16;0;0.25;2.28118;1;Adaptation;15;1;;;;;
17.18;-0.5;-0.5;3.192867;1;Adaptation;15;1;;;;;
17.2;-0.5;-0.5;2.726271;1;Adaptation;15;1;;;;;
17.22;-0.5;-0.5;2.116547;1;Adaptation;15;1;;;;;
17.24;-0.5;-0.5;3.037649;1;Adaptation;15;1;;;;;
17.26;-0.5;-0.5;3.727976;1;Adaptation;15;1;;;;;
17.28;-0.5;-0.5;5.840984;1;Adaptation;15;1;;;;;
17.3;-0.5;-0.5;3.126253;1;Adaptation;15;1;;;;;
17.32;-0.5;-0.5;4.264997;1;Adaptation;15;1;;;;;
17.34;-0.5;-0.5;3.102932;1;Adaptation;15;1;;;;;
17.36;-0.5;-0.5;2.442561;1;Adaptation;15;1;;;;;
17.38;-0.5;-0.5;4.278154;1;Adaptation;15;1;;;;;
17.4;-0.5;-0.5;4.226471;1;Adaptation;15;1;;;;;
17.42;2;-0.125;4.822588;1;Adaptation;15;1;;;;;
17.44;-0.5;-0.5;5.598563;1;Adaptation;15;1;;;;;
17.46;-0.5;-0.5;2.0487;1;Adaptation;15;1;;;;;
17.48;-0.5;-0.5;3.019024;1;Adaptation;15;1;;;;;
17.5;-2;0;4.503644;1;Adaptation;15;1;;;;;
17.52;-0.5;-0.5;4.318013;1;Adaptation;15;1;;;;;
17.54;-0.5;-0.5;3.924583;1;Adaptation;15;1;;;;;
17.56;-0.5;-0.5;5.177874;1;Adaptation;15;1;;;;;
17.58;-2;0;3.878861;1;Adaptation;15;1;;;;;
17.6;-0.5;-0.5;5.865008;1;Adaptation;15;1;;;;;
17.62;-0.5;-0.5;2.745403;1;Adaptation;15;1;;;;;
17.64;-0.5;-0.5;3.525413;1;Adaptation;15;1;;;;;
17.66;-0.5;-0.5;5.486887;1;Adaptation;15;1;;;;;
17.68;-0.5;-0.5;4.474952;1;Adaptation;15;1;;;;;
17.7;-0.5;-0.5;2.751128;1;Adaptation;15;1;;;;;
17.72;2;-0.25;2.001733;1;Adaptation;15;1;;;;;
17.74;-0.5;-0.5;3.342187;1;Adaptation;15;1;;;;;
17.76;-0.5;-0.5;4.40966;1;Adaptation;15;1;;;;;
17.78;-0.5;-0.5;2.359126;1;Adaptation;15;1;;;;;
17.8;-0.5;-0.5;3.750784;1;Adaptation;15;1;;;;;
17.82;-0.5;-0.5;5.465163;1;Adaptation;15;1;;;;;
17.84;-0.5;-0.5;5.888998;1;Adaptation;15;1;;;;;
17.86;-0.5;-0.5;2.2917;1;Adaptation;15;1;;;;;
17.88;0;0;5.821202;1;Adaptation;15;1;;;;;
17.9;0;0.25;5.18481;1;Adaptation;15;1;;;;;
17.92;-0.5;-0.5;5.067366;1;Adaptation;15;1;;;;;
17.94;-0.5;-0.5;4.484363;1;Adaptation;15;1;;;;;
17.96;2;-0.125;4.094596;1;Adaptation;15;1;;;;;
17.98;-0.5;-0.5;2.1275;1;Adaptation;15;1;;;;;
18;-0.5;-0.5;3.281722;1;Adaptation;15;1;;;;;
18.02;0;-0.125;2.682142;1;Adaptation;15;1;;;;;
18.04;-0.5;-0.5;5.98616;1;Adaptation;15;1;;;;;
18.06;-0.5;-0.5;5.416872;1;Adaptation;15;1;;;;;
18.08;-0.5;-0.5;5.551161;1;Adaptation;15;1;;;;;
18.1;-0.5;-0.5;3.55278;1;Adaptation;15;1;;;;;
18.12;-0.5;-0.5;4.149819;1;Adaptation;15;1;;;;;
18.14;-0.5;-0.5;3.411866;1;Adaptation;15;1;;;;;
18.16;-0.5;-0.5;2.629613;1;Adaptation;15;1;;;;;
18.18;-0.5;-0.5;3.748845;1;Adaptation;15;1;;;;;
18.2;-0.5;-0.5;4.077475;1;Adaptation;15;1;;;;;
18.22;-0.5;-0.5;4.41116;1;Adaptation;15;1;;;;;
18.24;-0.5;-0.5;4.950161;1;Adaptation;15;1;;;;;
18.26;-0.5;-0.5;2.434247;1;Adaptation;15;1;;;;;
18.28;-0.5;-0.5;3.716293;1;Adaptation;15;1;;;;;
18.3;2;0;5.194654;1;Adaptation;15;1;;;;;
18.32;-0.5;-0.5;4.229021;1;Adaptation;15;1;;;;;
18.34;-0.5;-0.5;2.528136;1;Adaptation;15;1;;;;;
18.36;-0.5;-0.5;5.90604;1;Adaptation;15;1;;;;;
18.38;-0.5;-0.5;3.803942;1;Adaptation;15;1;;;;;
18.4;-0.5;-0.5;4.899136;1;Adaptation;15;1;;;;;
18.42;-0.5;-0.5;4.860489;1;Adaptation;15;1;;;;;
18.44;-0.5;-0.5;4.89278;1;Adaptation;15;1;;;;;
18.46;0;0;4.408492;1;Adaptation;15;1;;;;;
18.48;-0.5;-0.5;5.419456;1;Adaptation;15;1;;;;;
18.5;-0.5;-0.5;3.140305;1;Adaptation;15;1;;;;;
18.52;0;0;3.560406;1;Adaptation;15;1;;;;;
18.54;-0.5;-0.5;4.964883;1;Adaptation;15;1;;;;;
18.56;-0.5;-0.5;5.10199;1;Adaptation;15;1;;;;;
18.58;-0.5;-0.5;2.863946;1;Adaptation;15;1;;;;;
18.6;-0.5;-0.5;4.981522;1;Adaptation;15;1;;;;;
18.62;-0.5;-0.5;2.724134;1;Adaptation;15;1;;;;;
18.64;-0.5;-0.5;2.392984;1;Adaptation;15;1;;;;;
18.66;-0.5;-0.5;5.759147;1;Adaptation;15;1;;;;;
18.68;-0.5;-0.5;2.818549;1;Adaptation;15;1;;;;;
18.7;-0.5;-0.5;5.55763;1;Adaptation;15;1;;;;;
18.72;-0.5;-0.5;5.489325;1;Adaptation;15;1;;;;;
18.74;-0.5;-0.5;4.746672;1;Adaptation;15;1;;;;;
18.76;-0.5;-0.5;5.997886;1;Adaptation;15;1;;;;;
18.78;-0.5;-0.5;2.760615;1;Adaptation;15;1;;;;;
18.8;-0.5;-0.5;2.690977;1;Adaptation;15;1;;;;;
18.82;-0.5;-0.5;3.729811;1;Adaptation;15;1;;;;;
18.84;-0.5;-0.5;3.133262;1;Adaptation;15;1;;;;;
18.86;-0.5;-0.5;4.165898;1;Adaptation;15;1;;;;;
18.88;-0.5;-0.5;3.516712;1;Adaptation;15;1;;;;;
18.9;-0.5;-0.5;5.456538;1;Adaptation;15;1;;;;;
18.92;-0.5;-0.5;5.862178;1;Adaptation;15;1;;;;;
18.94;-0.5;-0.5;2.937794;1;Adaptation;15;1;;;;;
18.96;-0.5;-0.5;5.418098;1;Adaptation;15;1;;;;;
18.98;-0.5;-0.5;3.355109;1;Adaptation;15;1;;;;;
19;-0.5;-0.5;2.387661;1;Adaptation;15;1;;;;;
19.02;-0.5;-0.5;2.437539;1;Adaptation;15;1;;;;;
19.04;-0.5;-0.5;5.346182;1;Adaptation;15;1;;;;;
19.06;-0.5;-0.5;5.23451;1;Adaptation;15;1;;;;;
19.08;-0.5;-0.5;4.733694;1;Adaptation;15;1;;;;;
19.1;-0.5;-0.5;3.289346;1;Adaptation;15;1;;;;;
19.12;-0.5;-0.5;3.05933;1;Adaptation;15;1;;;;;
19.14;0;-0.125;2.607979;1;Adaptation;15;1;;;;;
19.16;2;-0.125;3.478429;1;Adaptation;15;1;;;;;
19.18;-0.5;-0.5;4.847479;1;Adaptation;15;1;;;;;
19.2;-0.5;-0.5;5.724813;1;Adaptation;15;1;;;;;
19.22;-0.5;-0.5;5.153501;1;Adaptation;15;1;;;;;
19.24;-0.5;-0.5;4.758383;1;Adaptation;15;1;;;;;
19.26;0;-0.125;3.81582;1;Adaptation;15;1;;;;;
19.28;-0.5;-0.5;3.799637;1;Adaptation;15;1;;;;;
19.3;-0.5;-0.5;3.223745;1;Adaptation;15;1;;;;;
19.32;-0.5;-0.5;5.082858;1;Adaptation;15;1;;;;;
19.34;0;0.25;4.490072;1;Adaptation;15;1;;;;;
19.36;0;0;2.794394;1;Adaptation;15;1;;;;;
19.38;-0.5;-0.5;5.210531;1;Adaptation;15;1;;;;;
19.4;-0.5;-0.5;3.997841;1;Adaptation;15;1;;;;;
19.42;-0.5;-0.5;2.737968;1;Adaptation;15;1;;;;;
19.44;-0.5;-0.5;2.641051;1;Adaptation;15;1;;;;;
19.46;-0.5;-0.5;3.720857;1;Adaptation;15;1;;;;;
19.48;-0.5;-0.5;5.745522;1;Adaptation;15;1;;;;;
19.5;-0.5;-0.5;3.599969;1;Adaptation;15;1;;;;;
19.52;-0.5;-0.5;4.871625;1;Adaptation;15;1;;;;;
19.54;-2;-0.125;2.197325;1;Adaptation;15;1;;;;;
19.56;-0.5;-0.5;2.211732;1;Adaptation;15;1;;;;;
19.58;-0.5;-0.5;5.310623;1;Adaptation;15;1;;;;;
19.6;-0.5;-0.5;4.288513;1;Adaptation;15;1;;;;;
19.62;-0.5;-0.5;4.325005;1;Adaptation;15;1;;;;;
19.64;-2;0.125;2.520627;1;Adaptation;15;1;;;;;
19.66;-0.5;-0.5;3.212788;1;Adaptation;15;1;;;;;
19.68;-0.5;-0.5;3.072949;1;Adaptation;15;1;;;;;
19.7;-0.5;-0.5;5.05587;1;Adaptation;15;1;;;;;
19.72;-0.5;-0.5;5.331054;1;Adaptation;15;1;;;;;
19.74;-0.5;-0.5;5.205557;1;Adaptation;15;1;;;;;
19.76;-0.5;-0.5;5.507591;1;Adaptation;15;1;;;;;
19.78;-0.5;-0.5;2.111022;1;Adaptation;15;1;;;;;
19.8;-0.5;-0.5;5.863029;1;Adaptation;15;1;;;;;
19.82;0;0.125;3.177801;1;Adaptation;15;1;;;;;
19.84;0;0;5.725027;1;Adaptation;15;1;;;;;
19.86;-0.5;-0.5;3.176817;1;Adaptation;15;1;;;;;
19.88;-0.5;-0.5;3.904181;1;Adaptation;15;1;;;;;
19.9;-2;0.25;2.443979;1;Adaptation;15;1;;;;;
19.92;-0.5;-0.5;2.882416;1;Adaptation;15;1;;;;;
19.94;-0.5;-0.5;2.631398;1;Adaptation;15;1;;;;;
19.96;0;0;4.488966;1;Adaptation;15;1;;;;;
19.98;-0.5;-0.5;5.580151;1;Adaptation;15;1;;;;;
20;-0.5;-0.5;3.310298;1;Adaptation;15;1;;;;;
20.02;-0.5;-0.5;4.999936;1;Adaptation;15;1;;;;;
20.04;-0.5;-0.5;3.925902;1;Adaptation;15;1;;;;;
20.06;-0.5;-0.5;2.011494;1;Adaptation;15;1;;;;;
20.08;-0.5;-0.5;2.088782;1;Adaptation;15;1;;;;;
20.1;-0.5;-0.5;5.409584;1;Adaptation;15;1;;;;;
20.12;-0.5;-0.5;4.018184;1;Adaptation;15;1;;;;;
20.14;-0.5;-0.5;3.558415;1;Adaptation;15;1;;;;;
20.16;-0.5;-0.5;5.803274;1;Adaptation;15;1;;;;;
20.18;0;0;4.486952;1;Adaptation;15;1;;;;;
20.2;-0.5;-0.5;5.133107;1;Adaptation;15;1;;;;;
20.22;-0.5;-0.5;2.092589;1;Adaptation;15;1;;;;;
20.24;-0.5;-0.5;4.659517;1;Adaptation;15;1;;;;;
20.26;0;0;3.937995;1;Adaptation;15;1;;;;;
20.28;-0.5;-0.5;5.85036;1;Adaptation;15;1;;;;;
20.3;-0.5;-0.5;4.225635;1;Adaptation;15;1;;;;;
20.32;-0.5;-0.5;5.229986;1;Adaptation;15;1;;;;;
20.34;-0.5;-0.5;2.745238;1;Adaptation;15;1;;;;;
20.36;0;-0.125;2.327585;1;Adaptation;15;1;;;;;
20.38;-2;-0.125;3.058115;1;Adaptation;15;1;;;;;
20.4;-0.5;-0.5;2.228105;1;Adaptation;15;1;;;;;
20.42;-0.5;-0.5;5.907676;1;Adaptation;15;1;;;;;
20.44;2;0;5.008502;1;Adaptation;15;1;;;;;
20.46;0;0;4.445023;1;Adaptation;15;1;;;;;
20.48;-2;0.125;2.798985;1;Adaptation;15;1;;;;;
20.5;-0.5;-0.5;5.712002;1;Adaptation;15;1;;;;;
20.52;0;0.125;3.858051;1;Adaptation;15;1;;;;;
20.54;0;0;2.073525;1;Adaptation;15;1;;;;;
20.56;-0.5;-0.5;5.27488;1;Adaptation;15;1;;;;;
20.58;0;0;4.726034;1;Adaptation;15;1;;;;;
20.6;-0.5;-0.5;3.74804;1;Adaptation;15;1;;;;;
20.62;-0.5;-0.5;2.424525;1;Adaptation;15;1;;;;;
20.64;-0.5;-0.5;2.31272;1;Adaptation;15;1;;;;;
20.66;-0.5;-0.5;2.974717;1;Adaptation;15;1;;;;;
20.68;0;-0.125;5.516965;1;Adaptation;15;1;;;;;
20.7;-0.5;-0.5;5.243232;1;Adaptation;15;1;;;;;
20.72;0;0;2.104834;1;Adaptation;15;1;;;;;
20.74;-0.5;-0.5;5.380518;1;Adaptation;15;1;;;;;
20.76;-0.5;-0.5;5.903303;1;Adaptation;15;1;;;;;
20.78;-0.5;-0.5;2.949086;1;Adaptation;15;1;;;;;
20.8;-0.5;-0.5;4.911621;1;Adaptation;15;1;;;;;
20.82;0;0;5.034543;1;Adaptation;15;1;;;;;
20.84;-0.5;-0.5;5.761716;1;Adaptation;15;1;;;;;
20.86;-0.5;-0.5;3.510207;1;Adaptation;15;1;;;;;
20.88;-0.5;-0.5;3.580555;1;Adaptation;15;1;;;;;
20.9;-0.5;-0.5;4.120734;1;Adaptation;15;1;;;;;
20.92;-0.5;-0.5;4.344455;1;Adaptation;15;1;;;;;
20.94;0;-0.25;4.48933;1;Adaptation;15;1;;;;;
20.96;-0.5;-0.5;4.100797;1;Adaptation;15;1;;;;;
20.98;-0.5;-0.5;5.068166;1;Adaptation;15;1;;;;;
21;-0.5;-0.5;4.419191;1;Adaptation;15;1;;;;;
21.02;-0.5;-0.5;4.410257;1;Adaptation;15;1;;;;;
21.04;0;0.125;5.232677;1;Adaptation;15;1;;;;;
21.06;-0.5;-0.5;2.919083;1;Adaptation;15;1;;;;;
21.08;0;-0.125;4.918487;1;Adaptation;15;1;;;;;
21.1;-0.5;-0.5;5.435743;1;Adaptation;15;1;;;;;
21.12;-0.5;-0.5;5.680435;1;Adaptation;15;1;;;;;
21.14;-0.5;-0.5;4.410153;1;Adaptation;15;1;;;;;
21.16;-0.5;-0.5;4.577124;1;Adaptation;15;1;;;;;
21.18;-0.5;-0.5;2.853725;1;Adaptation;15;1;;;;;
21.2;0;-0.125;3.145578;1;Adaptation;15;1;;;;;
21.22;-0.5;-0.5;3.624285;1;Adaptation;15;1;;;;;
21.24;-0.5;-0.5;5.969572;1;Adaptation;15;1;;;;;
21.26;-0.5;-0.5;5.605638;1;Adaptation;15;1;;;;;
21.28;-0.5;-0.5;4.675789;1;Adaptation;15;1;;;;;
21.3;-0.5;-0.5;4.415;1;Adaptation;15;1;;;;;
21.32;-0.5;-0.5;3.85273;1;Adaptation;15;1;;;;;
21.34;-0.5;-0.5;3.57136;1;Adaptation;15;1;;;;;
21.36;2;0.125;2.008333;1;Adaptation;15;1;;;;;
21.38;0;-0.125;2.295896;1;Adaptation;15;1;;;;;
21.4;-0.5;-0.5;4.385015;1;Adaptation;15;1;;;;;
21.42;-0.5;-0.5;4.412004;1;Adaptation;15;1;;;;;
21.44;-0.5;-0.5;3.64543;1;Adaptation;15;1;;;;;
21.46;0;-0.125;4.27035;1;Adaptation;15;1;;;;;
21.48;2;-0.125;2.236701;1;Adaptation;15;1;;;;;
21.5;-0.5;-0.5;2.568173;1;Adaptation;15;1;;;;;
21.52;-0.5;-0.5;5.035054;1;Adaptation;15;1;;;;;
21.54;-0.5;-0.5;2.839096;1;Adaptation;15;1;;;;;
21.56;0;0.125;5.406916;1;Adaptation;15;1;;;;;
21.58;-0.5;-0.5;3.559794;1;Adaptation;15;1;;;;;
21.6;-0.5;-0.5;2.982612;1;Adaptation;15;1;;;;;
21.62;0;-0.25;2.509148;1;Adaptation;15;1;;;;;
21.64;-0.5;-0.5;5.326822;1;Adaptation;15;1;;;;;
21.66;-0.5;-0.5;5.185168;1;Adaptation;15;1;;;;;
21.68;-0.5;-0.5;3.746545;1;Adaptation;15;1;;;;;
21.7;-0.5;-0.5;3.510937;1;Adaptation;15;1;;;;;
21.72;-0.5;-0.5;5.66048;1;Adaptation;15;1;;;;;
21.74;-0.5;-0.5;3.283884;1;Adaptation;15;1;;;;;
21.76;-0.5;-0.5;3.917603;1;Adaptation;15;1;;;;;
21.78;-0.5;-0.5;4.875333;1;Adaptation;15;1;;;;;
21.8;-0.5;-0.5;5.183068;1;Adaptation;15;1;;;;;
21.82;-0.5;-0.5;3.17962;1;Adaptation;15;1;;;;;
21.84;-0.5;-0.5;4.489924;1;Adaptation;15;1;;;;;
21.86;-0.5;-0.5;5.769258;1;Adaptation;15;1;;;;;
21.88;-0.5;-0.5;2.347943;1;Adaptation;15;1;;;;;
21.9;-0.5;-0.5;4.425053;1;Adaptation;15;1;;;;;
21.92;-0.5;-0.5;2.094402;1;Adaptation;15;1;;;;;
21.94;-0.5;-0.5;5.513764;1;Adaptation;15;1;;;;;
21.96;-0.5;-0.5;4.819864;1;Adaptation;15;1;;;;;
21.98;-0.5;-0.5;2.529784;1;Adaptation;15;1;;;;;
22;0;0.125;5.045507;1;Adaptation;15;1;;;;;
22.02;-0.5;-0.5;2.802884;1;Adaptation;15;1;;;;;
22.04;2;0.125;5.344532;1;Adaptation;15;1;;;;;
22.06;-0.5;-0.5;5.182611;1;Adaptation;15;1;;;;;
22.08;-0.5;-0.5;2.236679;1;Adaptation;15;1;;;;;
22.1;-0.5;-0.5;5.726626;1;Adaptation;15;1;;;;;
22.12;0;0;2.442489;1;Adaptation;15;1;;;;;
22.14;-0.5;-0.5;5.013652;1;Adaptation;15;1;;;;;
22.16;2;0;3.123252;1;Adaptation;15;1;;;;;
22.18;-0.5;-0.5;4.220472;1;Adaptation;15;1;;;;;
22.2;0;-0.125;2.303155;1;Adaptation;15;1;;;;;
22.22;-0.5;-0.5;3.561027;1;Adaptation;15;1;;;;;
22.24;-0.5;-0.5;3.679869;1;Adaptation;15;1;;;;;
22.26;-0.5;-0.5;5.715217;1;Adaptation;15;1;;;;;
22.28;-0.5;-0.5;4.05323;1;Adaptation;15;1;;;;;
22.3;-0.5;-0.5;2.472005;1;Adaptation;15;1;;;;;
22.32;-0.5;-0.5;2.968606;1;Adaptation;15;1;;;;;
22.34;-0.5;-0.5;2.473004;1;Adaptation;15;1;;;;;
22.36;-0.5;-0.5;5.972303;1;Adaptation;15;1;;;;;
22.38;-0.5;-0.5;4.590356;1;Adaptation;15;1;;;;;
22.4;-0.5;-0.5;2.319042;1;Adaptation;15;1;;;;;
22.42;-0.5;-0.5;3.538965;1;Adaptation;15;1;;;;;
22.44;-2;0.125;4.065213;1;Adaptation;15;1;;;;;
22.46;0;-0.125;4.589242;1;Adaptation;15;1;;;;;
22.48;-0.5;-0.5;2.872131;1;Adaptation;15;1;;;;;
22.5;-0.5;-0.5;3.768973;1;Adaptation;15;1;;;;;
22.52;0;-0.125;4.13663;1;Adaptation;15;1;;;;;
22.54;-0.5;-0.5;3.258618;1;Adaptation;15;1;;;;;
22.56;-0.5;-0.5;3.048166;1;Adaptation;15;1;;;;;
22.58;-0.5;-0.5;4.846172;1;Adaptation;15;1;;;;;
22.6;2;-0.25;5.874501;1;Adaptation;15;1;;;;;
22.62;0;0;4.248063;1;Adaptation;15;1;;;;;
22.64;-0.5;-0.5;3.542033;1;Adaptation;15;1;;;;;
22.66;-0.5;-0.5;4.173425;1;Adaptation;15;1;;;;;
22.68;-0.5;-0.5;5.654625;1;Adaptation;15;1;;;;;
22.7;-0.5;-0.5;4.653189;1;Adaptation;15;1;;;;;
22.72;-0.5;-0.5;5.089199;1;Adaptation;15;1;;;;;
22.74;0;-0.375;4.817899;1;Adaptation;15;1;;;;;
22.76;-2;0;4.195108;1;Adaptation;15;1;;;;;
22.78;-0.5;-0.5;5.584636;1;Adaptation;15;1;;;;;
22.8;-0.5;-0.5;5.280054;1;Adaptation;15;1;;;;;
22.82;-0.5;-0.5;2.063848;1;Adaptation;15;1;;;;;
22.84;-0.5;-0.5;2.237485;1;Adaptation;15;1;;;;;
22.86;-2;0;3.731506;1;Adaptation;15;1;;;;;
22.88;0;0;2.156826;1;Adaptation;15;1;;;;;
22.9;-0.5;-0.5;3.95627;1;Adaptation;15;1;;;;;
22.92;-0.5;-0.5;3.850158;1;Adaptation;15;1;;;;;
22.94;-0.5;-0.5;2.810148;1;Adaptation;15;1;;;;;
22.96;-0.5;-0.5;5.969986;1;Adaptation;15;1;;;;;
22.98;-2;-0.25;4.370804;1;Adaptation;15;1;;;;;
23;0;0.125;2.923842;1;Adaptation;15;1;;;;;
23.02;-0.5;-0.5;5.493987;1;Adaptation;15;1;;;;;
23.04;2;-0.125;4.737158;1;Adaptation;15;1;;;;;
23.06;-0.5;-0.5;3.195599;1;Adaptation;15;1;;;;;
23.08;-0.5;-0.5;3.726392;1;Adaptation;15;1;;;;;
23.1;-0.5;-0.5;3.129651;1;Adaptation;15;1;;;;;
23.12;2;0;4.522353;1;Adaptation;15;1;;;;;
23.14;-0.5;-0.5;2.327652;1;Adaptation;15;1;;;;;
23.16;-0.5;-0.5;2.450899;1;Adaptation;15;1;;;;;
23.18;-0.5;-0.5;3.042178;1;Adaptation;15;1;;;;;
23.2;0;0.125;5.940595;1;Adaptation;15;1;;;;;
23.22;-0.5;-0.5;2.551036;1;Adaptation;15;1;;;;;
23.24;-0.5;-0.5;2.740712;1;Adaptation;15;1;;;;;
23.26;-0.5;-0.5;3.766135;1;Adaptation;15;1;;;;;
23.28;-0.5;-0.5;4.944242;1;Adaptation;15;1;;;;;
23.3;-0.5;-0.5;2.601686;1;Adaptation;15;1;;;;;
23.32;-0.5;-0.5;5.012656;1;Adaptation;15;1;;;;;
23.34;-0.5;-0.5;3.348426;1;Adaptation;15;1;;;;;
23.36;-0.5;-0.5;5.581681;1;Adaptation;15;1;;;;;
23.38;0;0;4.326592;1;Adaptation;15;1;;;;;
23.4;-0.5;-0.5;2.806721;1;Adaptation;15;1;;;;;
23.42;-0.5;-0.5;4.442721;1;Adaptation;15;1;;;;;
23.44;0;0;5.967164;1;Adaptation;15;1;;;;;
23.46;-0.5;-0.5;5.560232;1;Adaptation;15;1;;;;;
23.48;-2;0;5.44152;1;Adaptation;15;1;;;;;
23.5;-0.5;-0.5;5.831268;1;Adaptation;15;1;;;;;
23.52;-2;-0.125;3.73329;1;Adaptation;15;1;;;;;
23.54;-0.5;-0.5;3.432564;1;Adaptation;15;1;;;;;
23.56;-0.5;-0.5;5.52436;1;Adaptation;15;1;;;;;
23.58;0;0.125;5.125231;1;Adaptation;15;1;;;;;
23.6;-0.5;-0.5;2.889911;1;Adaptation;15;1;;;;;
23.62;2;-0.25;4.952238;1;Adaptation;15;1;;;;;
23.64;-0.5;-0.5;3.679199;1;Adaptation;15;1;;;;;
23.66;-0.5;-0.5;3.242756;1;Adaptation;15;1;;;;;
23.68;-0.5;-0.5;3.297265;1;Adaptation;15;1;;;;;
23.7;-0.5;-0.5;2.590767;1;Adaptation;15;1;;;;;
23.72;-0.5;-0.5;5.908862;1;Adaptation;15;1;;;;;
23.74;-0.5;-0.5;4.088777;1;Adaptation;15;1;;;;;
23.76;-0.5;-0.5;3.385288;1;Adaptation;15;1;;;;;
23.78;-0.5;-0.5;3.42513;1;Adaptation;15;1;;;;;
23.8;-0.5;-0.5;5.467438;1;Adaptation;15;1;;;;;
23.82;-0.5;-0.5;5.819664;1;Adaptation;15;1;;;;;
23.84;0;0;2.715172;1;Adaptation;15;1;;;;;
23.86;-0.5;-0.5;2.995903;1;Adaptation;15;1;;;;;
23.88;-0.5;-0.5;2.898223;1;Adaptation;15;1;;;;;
23.9;0;0.125;3.383805;1;Adaptation;15;1;;;;;
23.92;-2;0;5.669988;1;Adaptation;15;1;;;;;
23.94;-0.5;-0.5;5.592014;1;Adaptation;15;1;;;;;
23.96;-0.5;-0.5;3.177207;1;Adaptation;15;1;;;;;
23.98;0;-0.125;3.608559;1;Adaptation;15;1;;;;;
24;0;-0.125;3.35053;1;Adaptation;15;1;;;;;
24.02;-0.5;-0.5;5.47997;1;Adaptation;15;1;;;;;
24.04;-0.5;-0.5;3.984465;1;Adaptation;15;1;;;;;
24.06;0;0;3.639072;1;Adaptation;15;1;;;;;
24.08;-0.5;-0.5;3.915204;1;Adaptation;15;1;;;;;
24.1;-0.5;-0.5;2.329262;1;Adaptation;15;1;;;;;
24.12;-0.5;-0.5;2.412965;1;Adaptation;15;1;;;;;
24.14;-0.5;-0.5;2.126268;1;Adaptation;15;1;;;;;
24.16;-0.5;-0.5;2.622119;1;Adaptation;15;1;;;;;
24.18;-0.5;-0.5;5.247056;1;Adaptation;15;1;;;;;
24.2;-0.5;-0.5;2.198522;1;Adaptation;15;1;;;;;
24.22;2;0.25;3.946145;1;Adaptation;15;1;;;;;
24.24;-0.5;-0.5;4.38964;1;Adaptation;15;1;;;;;
24.26;-0.5;-0.5;5.918304;1;Adaptation;15;1;;;;;
24.28;2;-0.125;3.23559;1;Adaptation;15;1;;;;;
24.3;2;0;2.746552;1;Adaptation;15;1;;;;;
24.32;-0.5;-0.5;3.342483;1;Adaptation;15;1;;;;;
24.34;-0.5;-0.5;3.937586;1;Adaptation;15;1;;;;;
24.36;-0.5;-0.5;2.86611;1;Adaptation;15;1;;;;;
24.38;-0.5;-0.5;5.407656;1;Adaptation;15;1;;;;;
24.4;-0.5;-0.5;5.818927;1;Adaptation;15;1;;;;;
24.42;0;-0.125;3.706743;1;Adaptation;15;1;;;;;
24.44;0;0.125;3.845076;1;Adaptation;15;1;;;;;
24.46;-0.5;-0.5;2.046142;1;Adaptation;15;1;;;;;
24.48;-2;-0.125;5.852606;1;Adaptation;15;1;;;;;
24.5;-0.5;-0.5;4.950383;1;Adaptation;15;1;;;;;
24.52;-0.5;-0.5;5.193398;1;Adaptation;15;1;;;;;
24.54;0;0.125;5.32803;1;Adaptation;15;1;;;;;
24.56;-2;-0.125;5.420728;1;Adaptation;15;1;;;;;
24.58;0;0;5.574495;1;Adaptation;15;1;;;;;
24.6;-0.5;-0.5;5.823173;1;Adaptation;15;1;;;;;
24.62;-0.5;-0.5;5.761019;1;Adaptation;15;1;;;;;
24.64;-0.5;-0.5;4.262226;1;Adaptation;15;1;;;;;
24.66;-0.5;-0.5;2.14439;1;Adaptation;15;1;;;;;
24.68;-0.5;-0.5;4.292648;1;Adaptation;15;1;;;;;
24.7;-0.5;-0.5;5.206154;1;Adaptation;15;1;;;;;
24.72;-0.5;-0.5;4.581717;1;Adaptation;15;1;;;;;
24.74;0;-0.125;5.964739;1;Adaptation;15;1;;;;;
24.76;-0.5;-0.5;4.323021;1;Adaptation;15;1;;;;;
24.78;-0.5;-0.5;2.464907;1;Adaptation;15;1;;;;;
24.8;-2;-0.125;2.802831;1;Adaptation;15;1;;;;;
24.82;-0.5;-0.5;4.418457;1;Adaptation;15;1;;;;;
24.84;-0.5;-0.5;5.470387;1;Adaptation;15;1;;;;;
24.86;-0.5;-0.5;5.971975;1;Adaptation;15;1;;;;;
24.88;-0.5;-0.5;4.342388;1;Adaptation;15;1;;;;;
24.9;-2;0;5.560032;1;Adaptation;15;1;;;;;
24.92;-0.5;-0.5;2.407863;1;Adaptation;15;1;;;;;
24.94;-0.5;-0.5;3.227337;1;Adaptation;15;1;;;;;
24.96;-0.5;-0.5;3.132532;1;Adaptation;15;1;;;;;
24.98;-0.5;-0.5;3.065107;1;Adaptation;15;1;;;;;
25;0;0;3.064757;1;Adaptation;15;1;;;;;
25.02;0;0.25;3.338997;1;Adaptation;15;1;;;;;
25.04;-0.5;-0.5;4.019606;1;Adaptation;15;1;;;;;
25.06;-0.5;-0.5;3.314934;1;Adaptation;15;1;;;;;
25.08;-0.5;-0.5;5.618591;1;Adaptation;15;1;;;;;
25.1;0;0;4.777551;1;Adaptation;15;1;;;;;
25.12;-0.5;-0.5;5.256763;1;Adaptation;15;1;;;;;
25.14;-0.5;-0.5;2.372362;1;Adaptation;15;1;;;;;
25.16;0;0;3.419905;1;Adaptation;15;1;;;;;
25.18;-0.5;-0.5;4.001328;1;Adaptation;15;1;;;;;
25.2;-0.5;-0.5;3.68153;1;Adaptation;15;1;;;;;
25.22;0;0.25;5.462991;1;Adaptation;15;1;;;;;
25.24;-0.5;-0.5;3.76083;1;Adaptation;15;1;;;;;
25.26;0;-0.125;3.290687;1;Adaptation;15;1;;;;;
25.28;-0.5;-0.5;4.796626;1;Adaptation;15;1;;;;;
25.3;-0.5;-0.5;4.655828;1;Adaptation;15;1;;;;;
25.32;-0.5;-0.5;3.73603;1;Adaptation;15;1;;;;;
25.34;-0.5;-0.5;5.204603;1;Adaptation;15;1;;;;;
25.36;0;0;3.993989;1;Adaptation;15;1;;;;;
25.38;-0.5;-0.5;5.56561;1;Adaptation;15;1;;;;;
25.4;-0.5;-0.5;4.791703;1;Adaptation;15;1;;;;;
25.42;-0.5;-0.5;3.892215;1;Adaptation;15;1;;;;;
25.44;-0.5;-0.5;3.641326;1;Adaptation;15;1;;;;;
25.46;-0.5;-0.5;2.857286;1;Adaptation;15;1;;;;;
25.48;-0.5;-0.5;2.243979;1;Adaptation;15;1;;;;;
25.5;-0.5;-0.5;3.245686;1;Adaptation;15;1;;;;;
25.52;-0.5;-0.5;2.669504;1;Adaptation;15;1;;;;;
25.54;-0.5;-0.5;3.158913;1;Adaptation;15;1;;;;;
25.56;-0.5;-0.5;2.604534;1;Adaptation;15;1;;;;;
25.58;-0.5;-0.5;4.98654;1;Adaptation;15;1;;;;;
25.6;-0.5;-0.5;3.584971;1;Adaptation;15;1;;;;;
25.62;-0.5;-0.5;3.895036;1;Adaptation;15;1;;;;;
25.64;-0.5;-0.5;5.018451;1;Adaptation;15;1;;;;;
25.66;-0.5;-0.5;2.852564;1;Adaptation;15;1;;;;;
25.68;-0.5;-0.5;4.067525;1;Adaptation;15;1;;;;;
25.7;-0.5;-0.5;4.492008;1;Adaptation;15;1;;;;;
25.72;0;-0.125;5.455981;1;Adaptation;15;1;;;;;
25.74;0;0.25;5.814192;1;Adaptation;15;1;;;;;
25.76;-0.5;-0.5;2.820385;1;Adaptation;15;1;;;;;
25.78;-0.5;-0.5;4.6427;1;Adaptation;15;1;;;;;
25.8;-0.5;-0.5;4.584066;1;Adaptation;15;1;;;;;
25.82;0;0.125;4.460831;1;Adaptation;15;1;;;;;
25.84;-0.5;-0.5;3.689282;1;Adaptation;15;1;;;;;
25.86;-0.5;-0.5;2.230472;1;Adaptation;15;1;;;;;
25.88;-0.5;-0.5;5.215624;1;Adaptation;15;1;;;;;
25.9;-0.5;-0.5;4.607318;1;Adaptation;15;1;;;;;
25.92;-0.5;-0.5;4.782552;1;Adaptation;15;1;;;;;
25.94;-4;0.125;2.749465;1;Adaptation;15;1;;;;;
25.96;0;-0.125;3.758238;1;Adaptation;15;1;;;;;
25.98;-0.5;-0.5;5.518199;1;Adaptation;15;1;;;;;
26;-0.5;-0.5;3.814571;1;Adaptation;15;1;;;;;
26.02;-0.5;-0.5;5.057844;1;Adaptation;15;1;;;;;
26.04;-0.5;-0.5;3.197216;1;Adaptation;15;1;;;;;
26.06;-0.5;-0.5;3.810098;1;Adaptation;15;1;;;;;
26.08;-0.5;-0.5;3.209242;1;Adaptation;15;1;;;;;
26.1;-0.5;-0.5;5.697109;1;Adaptation;15;1;;;;;
26.12;-0.5;-0.5;3.229919;1;Adaptation;15;1;;;;;
26.14;2;-0.125;5.97382;1;Adaptation;15;1;;;;;
26.16;-0.5;-0.5;2.233094;1;Adaptation;15;1;;;;;
26.18;-0.5;-0.5;5.31342;1;Adaptation;15;1;;;;;
26.2;-0.5;-0.5;5.736877;1;Adaptation;15;1;;;;;
26.22;2;-0.25;2.434315;1;Adaptation;15;1;;;;;
26.24;-0.5;-0.5;4.750733;1;Adaptation;15;1;;;;;
26.26;-0.5;-0.5;4.197783;1;Adaptation;15;1;;;;;
26.28;-0.5;-0.5;5.465285;1;Adaptation;15;1;;;;;
26.3;-0.5;-0.5;3.508653;1;Adaptation;15;1;;;;;
26.32;-0.5;-0.5;5.907365;1;Adaptation;15;1;;;;;
26.34;-0.5;-0.5;5.620895;1;Adaptation;15;1;;;;;
26.36;-0.5;-0.5;5.830595;1;Adaptation;15;1;;;;;
26.38;-0.5;-0.5;2.23179;1;Adaptation;15;1;;;;;
26.4;-0.5;-0.5;5.593555;1;Adaptation;15;1;;;;;
26.42;-0.5;-0.5;4.596019;1;Adaptation;15;1;;;;;
26.44;-0.5;-0.5;2.001582;1;Adaptation;15;1;;;;;
26.46;-0.5;-0.5;5.71584;1;Adaptation;15;1;;;;;
26.48;-0.5;-0.5;3.141981;1;Adaptation;15;1;;;;;
26.5;-0.5;-0.5;5.595559;1;Adaptation;15;1;;;;;
26.52;-0.5;-0.5;3.869073;1;Adaptation;15;1;;;;;
26.54;-0.5;-0.5;5.690503;1;Adaptation;15;1;;;;;
26.56;-0.5;-0.5;2.001002;1;Adaptation;15;1;;;;;
26.58;-0.5;-0.5;2.834548;1;Adaptation;15;1;;;;;
26.6;-0.5;-0.5;5.650955;1;Adaptation;15;1;;;;;
26.62;0;-0.125;3.557706;1;Adaptation;15;1;;;;;
26.64;2;-0.125;3.154495;1;Adaptation;15;1;;;;;
26.66;2;0;5.950826;1;Adaptation;15;1;;;;;
26.68;-0.5;-0.5;2.922699;1;Adaptation;15;1;;;;;
26.7;-0.5;-0.5;5.982692;1;Adaptation;15;1;;;;;
26.72;-0.5;-0.5;4.697124;1;Adaptation;15;1;;;;;
26.74;-0.5;-0.5;4.179655;1;Adaptation;15;1;;;;;
26.76;-2;0.125;3.581609;1;Adaptation;15;1;;;;;
26.78;-0.5;-0.5;2.811374;1;Adaptation;15;1;;;;;
26.8;-0.5;-0.5;2.549843;1;Adaptation;15;1;;;;;
26.82;-0.5;-0.5;2.508662;1;Adaptation;15;1;;;;;
26.84;-0.5;-0.5;4.070779;1;Adaptation;15;1;;;;;
26.86;-0.5;-0.5;2.808097;1;Adaptation;15;1;;;;;
26.88;-0.5;-0.5;3.463824;1;Adaptation;15;1;;;;;
26.9;-0.5;-0.5;3.073508;1;Adaptation;15;1;;;;;
26.92;-0.5;-0.5;4.605511;1;Adaptation;15;1;;;;;
26.94;-0.5;-0.5;2.380749;1;Adaptation;15;1;;;;;
26.96;-0.5;-0.5;2.634777;1;Adaptation;15;1;;;;;
26.98;-0.5;-0.5;3.771874;1;Adaptation;15;1;;;;;
27;-2;0;3.819873;1;Adaptation;15;1;;;;;
27.02;-0.5;-0.5;2.491949;1;Adaptation;15;1;;;;;
27.04;-0.5;-0.5;5.755107;1;Adaptation;15;1;;;;;
27.06;0;0.125;4.91046;1;Adaptation;15;1;;;;;
27.08;-2;-0.125;2.525476;1;Adaptation;15;1;;;;;
27.1;-0.5;-0.5;2.147666;1;Adaptation;15;1;;;;;
27.12;-2;0;3.258712;1;Adaptation;15;1;;;;;
27.14;-0.5;-0.5;4.901025;1;Adaptation;15;1;;;;;
27.16;-0.5;-0.5;4.082769;1;Adaptation;15;1;;;;;
27.18;-0.5;-0.5;5.980071;1;Adaptation;15;1;;;;;
27.2;-2;0.125;3.811074;1;Adaptation;15;1;;;;;
27.22;-0.5;-0.5;4.710257;1;Adaptation;15;1;;;;;
27.24;0;0;3.496017;1;Adaptation;15;1;;;;;
27.26;-2;0;2.309609;1;Adaptation;15;1;;;;;
27.28;0;-0.125;5.974262;1;Adaptation;15;1;;;;;
27.3;-0.5;-0.5;3.671862;1;Adaptation;15;1;;;;;
27.32;-0.5;-0.5;4.306721;1;Adaptation;15;1;;;;;
27.34;-4;0;5.528551;1;Adaptation;15;1;;;;;
27.36;-0.5;-0.5;2.882088;1;Adaptation;15;1;;;;;
27.38;-0.5;-0.5;3.651846;1;Adaptation;15;1;;;;;
27.4;-0.5;-0.5;2.990017;1;Adaptation;15;1;;;;;
27.42;0;0;5.363358;1;Adaptation;15;1;;;;;
27.44;-0.5;-0.5;2.403341;1;Adaptation;15;1;;;;;
27.46;-0.5;-0.5;2.515646;1;Adaptation;15;1;;;;;
27.48;-0.5;-0.5;4.077044;1;Adaptation;15;1;;;;;
27.5;-0.5;-0.5;3.91577;1;Adaptation;15;1;;;;;
27.52;-0.5;-0.5;5.189147;1;Adaptation;15;1;;;;;
27.54;-0.5;-0.5;4.252241;1;Adaptation;15;1;;;;;
27.56;-0.5;-0.5;2.716276;1;Adaptation;15;1;;;;;
27.58;-0.5;-0.5;4.449766;1;Adaptation;15;1;;;;;
27.6;0;0;5.223539;1;Adaptation;15;1;;;;;
27.62;-0.5;-0.5;4.18413;1;Adaptation;15;1;;;;;
27.64;-0.5;-0.5;5.719429;1;Adaptation;15;1;;;;;
27.66;-0.5;-0.5;3.372612;1;Adaptation;15;1;;;;;
27.68;-0.5;-0.5;3.532071;1;Adaptation;15;1;;;;;
27.7;-0.5;-0.5;2.593226;1;Adaptation;15;1;;;;;
27.72;-0.5;-0.5;2.621161;1;Adaptation;15;1;;;;;
27.74;-0.5;-0.5;4.871944;1;Adaptation;15;1;;;;;
27.76;-0.5;-0.5;3.563825;1;Adaptation;15;1;;;;;
27.78;-0.5;-0.5;2.465191;1;Adaptation;15;1;;;;;
27.8;0;0.125;5.904275;1;Adaptation;15;1;;;;;
27.82;-0.5;-0.5;3.901444;1;Adaptation;15;1;;;;;
27.84;-0.5;-0.5;5.686553;1;Adaptation;15;1;;;;;
27.86;-0.5;-0.5;3.176992;1;Adaptation;15;1;;;;;
27.88;-2;0.125;2.974302;1;Adaptation;15;1;;;;;
27.9;-0.5;-0.5;2.431033;1;Adaptation;15;1;;;;;
27.92;-0.5;-0.5;2.379235;1;Adaptation;15;1;;;;;
27.94;-0.5;-0.5;4.600479;1;Adaptation;15;1;;;;;
27.96;-0.5;-0.5;5.565122;1;Adaptation;15;1;;;;;
27.98;2;0.125;2.411387;1;Adaptation;15;1;;;;;
28;-0.5;-0.5;4.946015;1;Adaptation;15;1;;;;;
28.02;-0.5;-0.5;4.683645;1;Adaptation;15;1;;;;;
28.04;-0.5;-0.5;4.431602;1;Adaptation;15;1;;;;;
28.06;-0.5;-0.5;4.424273;1;Adaptation;15;1;;;;;
28.08;-0.5;-0.5;3.605788;1;Adaptation;15;1;;;;;
28.1;2;0;4.48104;1;Adaptation;15;1;;;;;
28.12;-0.5;-0.5;4.426957;1;Adaptation;15;1;;;;;
28.14;-0.5;-0.5;5.467268;1;Adaptation;15;1;;;;;
28.16;-0.5;-0.5;2.503884;1;Adaptation;15;1;;;;;
28.18;-0.5;-0.5;3.220639;1;Adaptation;15;1;;;;;
28.2;-0.5;-0.5;5.393532;1;Adaptation;15;1;;;;;
28.22;-0.5;-0.5;4.509432;1;Adaptation;15;1;;;;;
28.24;-0.5;-0.5;4.965681;1;Adaptation;15;1;;;;;
28.26;-0.5;-0.5;4.626046;1;Adaptation;15;1;;;;;
28.28;-0.5;-0.5;2.490877;1;Adaptation;15;1;;;;;
28.3;-0.5;-0.5;2.238386;1;Adaptation;15;1;;;;;
28.32;-0.5;-0.5;5.894862;1;Adaptation;15;1;;;;;
28.34;-2;0;4.527244;1;Adaptation;15;1;;;;;
28.36;-0.5;-0.5;4.434302;1;Adaptation;15;1;;;;;
28.38;2;-0.125;2.630649;1;Adaptation;15;1;;;;;
28.4;-0.5;-0.5;2.101277;1;Adaptation;15;1;;;;;
28.42;-0.5;-0.5;2.643954;1;Adaptation;15;1;;;;;
28.44;-0.5;-0.5;3.057886;1;Adaptation;15;1;;;;;
28.46;-0.5;-0.5;3.130255;1;Adaptation;15;1;;;;;
28.48;-0.5;-0.5;2.726949;1;Adaptation;15;1;;;;;
28.5;0;0;3.558464;1;Adaptation;15;1;;;;;
28.52;-0.5;-0.5;4.369488;1;Adaptation;15;1;;;;;
28.54;-0.5;-0.5;3.182559;1;Adaptation;15;1;;;;;
28.56;-0.5;-0.5;2.399361;1;Adaptation;15;1;;;;;
28.58;-0.5;-0.5;4.459415;1;Adaptation;15;1;;;;;
28.6;-0.5;-0.5;3.850338;1;Adaptation;15;1;;;;;
28.62;0;0;3.510915;1;Adaptation;15;1;;;;;
28.64;-0.5;-0.5;4.420036;1;Adaptation;15;1;;;;;
28.66;-0.5;-0.5;5.093633;1;Adaptation;15;1;;;;;
28.68;-0.5;-0.5;2.704446;1;Adaptation;15;1;;;;;
28.7;-0.5;-0.5;2.545339;1;Adaptation;15;1;;;;;
28.72;0;0;4.555886;1;Adaptation;15;1;;;;;
28.74;-0.5;-0.5;5.367065;1;Adaptation;15;1;;;;;
28.76;0;0.125;5.509767;1;Adaptation;15;1;;;;;
28.78;-2;0.125;3.824717;1;Adaptation;15;1;;;;;
28.8;-0.5;-0.5;2.730756;1;Adaptation;15;1;;;;;
28.82;-0.5;-0.5;3.340254;1;Adaptation;15;1;;;;;
28.84;-0.5;-0.5;3.160066;1;Adaptation;15;1;;;;;
28.86;-0.5;-0.5;3.697547;1;Adaptation;15;1;;;;;
28.88;-0.5;-0.5;5.9145;1;Adaptation;15;1;;;;;
28.9;0;-0.25;2.26914;1;Adaptation;15;1;;;;;
28.92;-0.5;-0.5;3.480025;1;Adaptation;15;1;;;;;
28.94;-0.5;-0.5;3.210691;1;Adaptation;15;1;;;;;
28.96;-0.5;-0.5;3.737114;1;Adaptation;15;1;;;;;
28.98;-0.5;-0.5;3.241227;1;Adaptation;15;1;;;;;
29;-0.5;-0.5;3.499157;1;Adaptation;15;1;;;;;
29.02;-0.5;-0.5;4.236329;1;Adaptation;15;1;;;;;
29.04;-0.5;-0.5;4.310272;1;Adaptation;15;1;;;;;
29.06;-0.5;-0.5;5.223566;1;Adaptation;15;1;;;;;
29.08;-0.5;-0.5;5.946013;1;Adaptation;15;1;;;;;
29.1;-0.5;-0.5;5.061855;1;Adaptation;15;1;;;;;
29.12;-0.5;-0.5;3.309856;1;Adaptation;15;1;;;;;
29.14;-0.5;-0.5;2.607137;1;Adaptation;15;1;;;;;
29.16;0;0.125;2.55793;1;Adaptation;15;1;;;;;
29.18;-0.5;-0.5;4.23478;1;Adaptation;15;1;;;;;
29.2;-0.5;-0.5;3.943694;1;Adaptation;15;1;;;;;
29.22;-0.5;-0.5;5.304809;1;Adaptation;15;1;;;;;
29.24;-0.5;-0.5;4.687923;1;Adaptation;15;1;;;;;
29.26;-0.5;-0.5;2.473183;1;Adaptation;15;1;;;;;
29.28;-2;0;2.335579;1;Adaptation;15;1;;;;;
29.3;-0.5;-0.5;4.820914;1;Adaptation;15;1;;;;;
29.32;-0.5;-0.5;3.842345;1;Adaptation;15;1;;;;;
29.34;-0.5;-0.5;2.869301;1;Adaptation;15;1;;;;;
29.36;-0.5;-0.5;4.817901;1;Adaptation;15;1;;;;;
29.38;0;0;2.267994;1;Adaptation;15;1;;;;;
29.4;-2;0;4.151252;1;Adaptation;15;1;;;;;
29.42;-0.5;-0.5;3.261522;1;Adaptation;15;1;;;;;
29.44;-0.5;-0.5;5.704892;1;Adaptation;15;1;;;;;
29.46;-0.5;-0.5;2.434164;1;Adaptation;15;1;;;;;
29.48;-0.5;-0.5;3.873371;1;Adaptation;15;1;;;;;
29.5;-0.5;-0.5;5.014423;1;Adaptation;15;1;;;;;
29.52;-0.5;-0.5;4.644285;1;Adaptation;15;1;;;;;
29.54;0;-0.125;2.707134;1;Adaptation;15;1;;;;;
29.56;-0.5;-0.5;4.60276;1;Adaptation;15;1;;;;;
29.58;-0.5;-0.5;3.714585;1;Adaptation;15;1;;;;;
29.6;0;0;5.918712;1;Adaptation;15;1;;;;;
29.62;-0.5;-0.5;3.967355;1;Adaptation;15;1;;;;;
29.64;0;0.25;2.105011;1;Adaptation;15;1;;;;;
29.66;-0.5;-0.5;3.414073;1;Adaptation;15;1;;;;;
29.68;-0.5;-0.5;3.517689;1;Adaptation;15;1;;;;;
29.7;-0.5;-0.5;4.470783;1;Adaptation;15;1;;;;;
29.72;-0.5;-0.5;3.768009;1;Adaptation;15;1;;;;;
29.74;-0.5;-0.5;4.680639;1;Adaptation;15;1;;;;;
29.76;0;0;2.788352;1;Adaptation;15;1;;;;;
29.78;0;-0.125;2.584829;1;Adaptation;15;1;;;;;
29.8;-0.5;-0.5;2.733706;1;Adaptation;15;1;;;;;
29.82;-0.5;-0.5;5.359969;1;Adaptation;15;1;;;;;
29.84;-0.5;-0.5;3.91459;1;Adaptation;15;1;;;;;
29.86;-0.5;-0.5;4.642201;1;Adaptation;15;1;;;;;
29.88;-2;0.125;4.877559;1;Adaptation;15;1;;;;;
29.9;-0.5;-0.5;5.763927;1;Adaptation;15;1;;;;;
29.92;-0.5;-0.5;2.60554;1;Adaptation;15;1;;;;;
29.94;-0.5;-0.5;3.670687;1;Adaptation;15;1;;;;;
29.96;-0.5;-0.5;4.828238;1;Adaptation;15;1;;;;;
29.98;-0.5;-0.5;3.589466;1;Adaptation;15;1;;;;;
30;-0.5;-0.5;5.348455;1;Adaptation;15;1;;;;;
30.02;-0.5;-0.5;4.992777;1;Adaptation;15;1;;;;;
30.04;-0.5;-0.5;4.665007;1;Adaptation;15;1;;;;;
30.06;-0.5;-0.5;3.993615;1;Adaptation;15;1;;;;;
30.08;-0.5;-0.5;4.331944;1;Adaptation;15;1;;;;;
30.1;-0.5;-0.5;4.62457;1;Adaptation;15;1;;;;;
30.12;0;0.25;2.842823;1;Adaptation;15;1;;;;;
30.14;2;0;3.311872;1;Adaptation;15;1;;;;;
30.16;-0.5;-0.5;5.636409;1;Adaptation;15;1;;;;;
30.18;0;0.25;5.291337;1;Adaptation;15;1;;;;;
30.2;-0.5;-0.5;4.4361;1;Adaptation;15;1;;;;;
30.22;-0.5;-0.5;5.264861;1;Adaptation;15;1;;;;;
30.24;-0.5;-0.5;4.95789;1;Adaptation;15;1;;;;;
30.26;-0.5;-0.5;2.190376;1;Adaptation;15;1;;;;;
30.28;0;0.125;5.759999;1;Adaptation;15;1;;;;;
30.3;-0.5;-0.5;5.678035;1;Adaptation;15;1;;;;;
30.32;-2;0;3.921068;1;Adaptation;15;1;;;;;
30.34;-0.5;-0.5;5.640307;1;Adaptation;15;1;;;;;
30.36;-2;0;5.041934;1;Adaptation;15;1;;;;;
30.38;-0.5;-0.5;2.776186;1;Adaptation;15;1;;;;;
30.4;2;0.25;5.377012;1;Adaptation;15;1;;;;;
30.42;0;-0.125;2.929147;1;Adaptation;15;1;;;;;
30.44;-0.5;-0.5;3.821347;1;Adaptation;15;1;;;;;
30.46;2;0.375;4.046424;1;Adaptation;15;1;;;;;
30.48;-0.5;-0.5;2.258967;1;Adaptation;15;1;;;;;
30.5;-0.5;-0.5;4.355783;1;Adaptation;15;1;;;;;
30.52;-0.5;-0.5;4.689464;1;Adaptation;15;1;;;;;
30.54;-0.5;-0.5;5.710166;1;Adaptation;15;1;;;;;
30.56;-0.5;-0.5;3.045222;1;Adaptation;15;1;;;;;
30.58;-2;-0.125;3.719807;1;Adaptation;15;1;;;;;
30.6;-0.5;-0.5;2.506963;1;Adaptation;15;1;;;;;
30.62;-2;-0.125;3.294848;1;Adaptation;15;1;;;;;
30.64;-0.5;-0.5;2.211782;1;Adaptation;15;1;;;;;
30.66;2;-0.125;4.853909;1;Adaptation;15;1;;;;;
30.68;-0.5;-0.5;2.051541;1;Adaptation;15;1;;;;;
30.7;0;-0.25;4.421731;1;Adaptation;15;1;;;;;
30.72;-2;-0.125;5.633807;1;Adaptation;15;1;;;;;
30.74;-0.5;-0.5;5.620914;1;Adaptation;15;1;;;;;
30.76;0;0.125;2.262338;1;Adaptation;15;1;;;;;
30.78;0;-0.125;4.801213;1;Adaptation;15;1;;;;;
30.8;-2;0;5.615989;1;Adaptation;15;1;;;;;
30.82;-0.5;-0.5;4.819808;1;Adaptation;15;1;;;;;
30.84;-4;-0.125;2.567771;1;Adaptation;15;1;;;;;
30.86;-0.5;-0.5;4.567036;1;Adaptation;15;1;;;;;
30.88;-2;0;5.657495;1;Adaptation;15;1;;;;;
30.9;-0.5;-0.5;4.358471;1;Adaptation;15;1;;;;;
30.92;-0.5;-0.5;2.320014;1;Adaptation;15;1;;;;;
30.94;0;0.125;2.614923;1;Adaptation;15;1;;;;;
30.96;-0.5;-0.5;3.641534;1;Adaptation;15;1;;;;;
30.98;-0.5;-0.5;2.223072;1;Adaptation;15;1;;;;;
31;-0.5;-0.5;2.900308;1;Adaptation;15;1;;;;;
31.02;-0.5;-0.5;3.493813;1;Adaptation;15;1;;;;;
31.04;-0.5;-0.5;2.47536;1;Adaptation;15;1;;;;;
31.06;-0.5;-0.5;5.154606;1;Adaptation;15;1;;;;;
31.08;-2;0;3.190525;1;Adaptation;15;1;;;;;
31.1;-0.5;-0.5;4.320982;1;Adaptation;15;1;;;;;
31.12;-0.5;-0.5;2.542939;1;Adaptation;15;1;;;;;
31.14;-0.5;-0.5;2.717804;1;Adaptation;15;1;;;;;
31.16;-0.5;-0.5;2.154343;1;Adaptation;15;1;;;;;
31.18;-0.5;-0.5;2.58507;1;Adaptation;15;1;;;;;
31.2;-0.5;-0.5;4.364626;1;Adaptation;15;1;;;;;
31.22;-0.5;-0.5;5.660043;1;Adaptation;15;1;;;;;
31.24;0;0.125;4.606214;1;Adaptation;15;1;;;;;
31.26;-0.5;-0.5;4.180905;1;Adaptation;15;1;;;;;
31.28;0;0.125;3.950201;1;Adaptation;15;1;;;;;
31.3;2;0.125;2.44264;1;Adaptation;15;1;;;;;
31.32;-0.5;-0.5;5.857032;1;Adaptation;15;1;;;;;
31.34;-0.5;-0.5;3.839459;1;Adaptation;15;1;;;;;
31.36;-0.5;-0.5;5.652276;1;Adaptation;15;1;;;;;
31.38;0;0;5.762483;1;Adaptation;15;1;;;;;
31.4;-0.5;-0.5;3.111096;1;Adaptation;15;1;;;;;
31.42;-2;0;3.33506;1;Adaptation;15;1;;;;;
31.44;-2;0;2.078574;1;Adaptation;15;1;;;;;
31.46;0;0.125;5.786123;1;Adaptation;15;1;;;;;
31.48;-0.5;-0.5;5.661378;1;Adaptation;15;1;;;;;
31.5;2;0.125;5.00241;1;Adaptation;15;1;;;;;
31.52;-0.5;-0.5;3.196204;1;Adaptation;15;1;;;;;
31.54;-0.5;-0.5;3.814244;1;Adaptation;15;1;;;;;
31.56;-0.5;-0.5;2.733146;1;Adaptation;15;1;;;;;
31.58;-0.5;-0.5;2.26167;1;Adaptation;15;1;;;;;
31.6;-0.5;-0.5;4.808254;1;Adaptation;15;1;;;;;
31.62;-0.5;-0.5;3.194533;1;Adaptation;15;1;;;;;
31.64;-0.5;-0.5;4.073627;1;Adaptation;15;1;;;;;
31.66;-0.5;-0.5;3.771004;1;Adaptation;15;1;;;;;
31.68;-0.5;-0.5;4.116876;1;Adaptation;15;1;;;;;
31.7;-0.5;-0.5;4.747047;1;Adaptation;15;1;;;;;
31.72;-0.5;-0.5;4.321643;1;Adaptation;15;1;;;;;
31.74;0;-0.25;4.956722;1;Adaptation;15;1;;;;;
31.76;-0.5;-0.5;2.037547;1;Adaptation;15;1;;;;;
31.78;2;0;2.187029;1;Adaptation;15;1;;;;;
31.8;-0.5;-0.5;5.450977;1;Adaptation;15;1;;;;;
31.82;-0.5;-0.5;3.925603;1;Adaptation;15;1;;;;;
31.84;-0.5;-0.5;3.220246;1;Adaptation;15;1;;;;;
31.86;-0.5;-0.5;4.642839;1;Adaptation;15;1;;;;;
31.88;-0.5;-0.5;5.677864;1;Adaptation;15;1;;;;;
31.9;-0.5;-0.5;3.040373;1;Adaptation;15;1;;;;;
31.92;-0.5;-0.5;4.413347;1;Adaptation;15;1;;;;;
31.94;0;-0.125;3.391479;1;Adaptation;15;1;;;;;
31.96;-0.5;-0.5;5.882146;1;Adaptation;15;1;;;;;
;;;;;;;;;;;;
