time;pos_x_right;pos_y_right;dil_right;pos_x_left;pos_y_left;dil_left;brightness;state;fov;trial;;
0;-0.5;-0.5;3.527616;1;Adaptation;15;1;;;;;
0.02;-0.5;-0.5;3.036624;1;Adaptation;15;1;;;;;
0.04;-0.5;-0.5;2.446175;1;Adaptation;15;1;;;;;
0.06;-0.5;-0.5;5.741257;1;Adaptation;15;1;;;;;
0.08;-0.5;-0.5;3.07833;1;Adaptation;15;1;;;;;
0.09999999;-0.5;-0.5;2.339636;1;Adaptation;15;1;;;;;
0.12;-0.5;-0.5;3.686971;1;Adaptation;15;1;;;;;
0.14;-0.5;-0.5;3.755266;1;Adaptation;15;1;;;;;
0.16;-0.5;-0.5;3.038307;1;Adaptation;15;1;;;;;
0.18;-0.5;-0.5;3.164115;1;Adaptation;15;1;;;;;
0.2;-0.5;-0.5;2.781351;1;Adaptation;15;1;;;;;
0.22;-0.5;-0.5;4.500676;1;Adaptation;15;1;;;;;
0.24;-0.5;-0.5;3.97609;1;Adaptation;15;1;;;;;
0.26;-0.5;-0.5;3.281301;1;Adaptation;15;1;;;;;
0.28;-0.5;-0.5;2.298162;1;Adaptation;15;1;;;;;
0.3;-0.5;-0.5;3.519286;1;Adaptation;15;1;;;;;
0.32;-0.5;-0.5;2.564436;1;Adaptation;15;1;;;;;
0.34;-0.5;-0.5;5.834939;1;Adaptation;15;1;;;;;
0.36;-0.5;-0.5;5.313187;1;Adaptation;15;1;;;;;
0.38;-0.5;-0.5;2.227461;1;Adaptation;15;1;;;;;
0.4;-0.5;-0.5;4.546674;1;Adaptation;15;1;;;;;
0.42;-0.5;-0.5;3.43092;1;Adaptation;15;1;;;;;
0.44;-0.5;-0.5;5.67222;1;Adaptation;15;1;;;;;
0.46;-0.5;-0.5;4.707019;1;Adaptation;15;1;;;;;
0.48;-0.5;-0.5;4.221911;1;Adaptation;15;1;;;;;
0.5;-0.5;-0.5;5.943042;1;Adaptation;15;1;;;;;
0.52;-0.5;-0.5;4.160875;1;Adaptation;15;1;;;;;
0.54;-0.5;-0.5;4.735909;1;Adaptation;15;1;;;;;
0.56;-0.5;-0.5;4.236141;1;Adaptation;15;1;;;;;
0.58;-0.5;-0.5;4.422057;1;Adaptation;15;1;;;;;
0.6;-0.5;-0.5;2.603903;1;Adaptation;15;1;;;;;
0.62;-0.5;-0.5;4.423752;1;Adaptation;15;1;;;;;
0.64;-0.5;-0.5;3.254084;1;Adaptation;15;1;;;;;
0.66;-0.5;-0.5;4.938299;1;Adaptation;15;1;;;;;
0.68;-0.5;-0.5;4.803384;1;Adaptation;15;1;;;;;
0.7;-0.5;-0.5;3.122125;1;Adaptation;15;1;;;;;
0.72;1;0.03125;3.691406;1;Adaptation;15;1;;;;;
0.74;-0.5;-0.5;3.598341;1;Adaptation;15;1;;;;;
0.76;-0.5;-0.5;5.348388;1;Adaptation;15;1;;;;;
0.78;-0.5;-0.5;3.597071;1;Adaptation;15;1;;;;;
0.8;-0.5;-0.5;2.779676;1;Adaptation;15;1;;;;;
0.82;0;-0.125;4.501097;1;Adaptation;15;1;;;;;
0.84;-0.5;-0.5;2.020006;1;Adaptation;15;1;;;;;
0.86;-0.5;-0.5;3.775485;1;Adaptation;15;1;;;;;
0.88;-0.5;-0.5;5.853316;1;Adaptation;15;1;;;;;
0.9;-0.5;-0.5;5.136337;1;Adaptation;15;1;;;;;
0.92;-0.5;-0.5;3.705068;1;Adaptation;15;1;;;;;
0.94;-0.5;-0.5;4.929148;1;Adaptation;15;1;;;;;
0.96;-0.5;-0.5;2.616665;1;Adaptation;15;1;;;;;
0.98;-0.5;-0.5;2.357657;1;Adaptation;15;1;;;;;
1;-0.5;-0.5;2.279609;1;Adaptation;15;1;;;;;
1.02;-0.5;-0.5;5.206486;1;Adaptation;15;1;;;;;
1.04;-0.5;-0.5;4.026759;1;Adaptation;15;1;;;;;
1.06;0;-0.09375;3.733692;1;Adaptation;15;1;;;;;
1.08;-0.5;-0.5;3.360623;1;Adaptation;15;1;;;;;
1.1;-0.5;-0.5;3.077802;1;Adaptation;15;1;;;;;
1.12;1;0;2.124934;1;Adaptation;15;1;;;;;
1.14;-0.5;-0.5;3.574919;1;Adaptation;15;1;;;;;
1.16;-0.5;-0.5;4.482421;1;Adaptation;15;1;;;;;
1.18;-0.5;-0.5;2.383848;1;Adaptation;15;1;;;;;
1.2;-0.5;-0.5;5.114079;1;Adaptation;15;1;;;;;
1.22;-0.5;-0.5;3.947905;1;Adaptation;15;1;;;;;
1.24;-0.5;-0.5;3.36502;1;Adaptation;15;1;;;;;
1.26;-0.5;-0.5;5.714072;1;Adaptation;15;1;;;;;
1.28;-0.5;-0.5;5.173423;1;Adaptation;15;1;;;;;
1.3;0;0.09375;3.560712;1;Adaptation;15;1;;;;;
1.32;-0.5;-0.5;2.639515;1;Adaptation;15;1;;;;;
1.34;-0.5;-0.5;2.704597;1;Adaptation;15;1;;;;;
1.36;-0.5;-0.5;5.006756;1;Adaptation;15;1;;;;;
1.38;-0.5;-0.5;3.800196;1;Adaptation;15;1;;;;;
1.4;-0.5;-0.5;5.299718;1;Adaptation;15;1;;;;;
1.42;-0.5;-0.5;3.935359;1;Adaptation;15;1;;;;;
1.44;-0.5;-0.5;4.741466;1;Adaptation;15;1;;;;;
1.46;-0.5;-0.5;3.159736;1;Adaptation;15;1;;;;;
1.48;-0.5;-0.5;3.620644;1;Adaptation;15;1;;;;;
1.5;-0.5;-0.5;3.896878;1;Adaptation;15;1;;;;;
1.52;0;0.0625;4.10698;1;Adaptation;15;1;;;;;
1.54;-0.5;-0.5;5.620871;1;Adaptation;15;1;;;;;
1.56;-0.5;-0.5;2.996435;1;Adaptation;15;1;;;;;
1.58;-0.5;-0.5;3.396895;1;Adaptation;15;1;;;;;
1.6;-0.5;-0.5;2.982851;1;Adaptation;15;1;;;;;
1.62;0;0.03125;4.418539;1;Adaptation;15;1;;;;;
1.64;-0.5;-0.5;4.919697;1;Adaptation;15;1;;;;;
1.66;-0.5;-0.5;5.662153;1;Adaptation;15;1;;;;;
1.68;-0.5;-0.5;4.409241;1;Adaptation;15;1;;;;;
1.7;0;0;2.354809;1;Adaptation;15;1;;;;;
1.72;-0.5;-0.5;4.972792;1;Adaptation;15;1;;;;;
1.74;-0.5;-0.5;2.482868;1;Adaptation;15;1;;;;;
1.76;-0.5;-0.5;2.845507;1;Adaptation;15;1;;;;;
1.78;-0.5;-0.5;4.647884;1;Adaptation;15;1;;;;;
1.8;-0.5;-0.5;5.07675;1;Adaptation;15;1;;;;;
1.82;-0.5;-0.5;4.064186;1;Adaptation;15;1;;;;;
1.84;-0.5;-0.5;4.818254;1;Adaptation;15;1;;;;;
1.86;-0.5;-0.5;5.36134;1;Adaptation;15;1;;;;;
1.88;-0.5;-0.5;4.521691;1;Adaptation;15;1;;;;;
1.9;0;0;2.004798;1;Adaptation;15;1;;;;;
1.92;-0.5;-0.5;2.493447;1;Adaptation;15;1;;;;;
1.94;-0.5;-0.5;5.858697;1;Adaptation;15;1;;;;;
1.96;-0.5;-0.5;2.12558;1;Adaptation;15;1;;;;;
1.98;-0.5;-0.5;3.069495;1;Adaptation;15;1;;;;;
2;-0.5;-0.5;4.010272;1;Adaptation;15;1;;;;;
2.02;-0.5;-0.5;3.507468;1;Adaptation;15;1;;;;;
2.04;-0.5;-0.5;3.823795;1;Adaptation;15;1;;;;;
2.06;-0.5;-0.5;5.452166;1;Adaptation;15;1;;;;;
2.08;-0.5;-0.5;2.905676;1;Adaptation;15;1;;;;;
2.1;-0.5;-0.5;2.108944;1;Adaptation;15;1;;;;;
2.12;-0.5;-0.5;3.595335;1;Adaptation;15;1;;;;;
2.14;-0.5;-0.5;4.090048;1;Adaptation;15;1;;;;;
2.16;-0.5;-0.5;5.806885;1;Adaptation;15;1;;;;;
2.18;-0.5;-0.5;4.535408;1;Adaptation;15;1;;;;;
2.2;-1;-0.03125;3.908291;1;Adaptation;15;1;;;;;
2.22;-0.5;-0.5;2.798761;1;Adaptation;15;1;;;;;
2.24;-0.5;-0.5;3.849103;1;Adaptation;15;1;;;;;
2.26;0;0;3.040521;1;Adaptation;15;1;;;;;
2.28;-0.5;-0.5;4.381238;1;Adaptation;15;1;;;;;
2.3;-0.5;-0.5;5.230134;1;Adaptation;15;1;;;;;
2.32;-0.5;-0.5;3.090693;1;Adaptation;15;1;;;;;
2.34;-0.5;-0.5;4.137079;1;Adaptation;15;1;;;;;
2.36;-0.5;-0.5;5.488229;1;Adaptation;15;1;;;;;
2.38;-0.5;-0.5;4.310635;1;Adaptation;15;1;;;;;
2.4;-1;-0.0625;2.691248;1;Adaptation;15;1;;;;;
2.42;-0.5;-0.5;2.557958;1;Adaptation;15;1;;;;;
2.44;-0.5;-0.5;3.743742;1;Adaptation;15;1;;;;;
2.46;-0.5;-0.5;4.315413;1;Adaptation;15;1;;;;;
2.48;-0.5;-0.5;3.278264;1;Adaptation;15;1;;;;;
2.5;-0.5;-0.5;4.834436;1;Adaptation;15;1;;;;;
2.52;-0.5;-0.5;5.022841;1;Adaptation;15;1;;;;;
2.54;-0.5;-0.5;3.871251;1;Adaptation;15;1;;;;;
2.56;-0.5;-0.5;2.349222;1;Adaptation;15;1;;;;;
2.58;-0.5;-0.5;3.381863;1;Adaptation;15;1;;;;;
2.6;-0.5;-0.5;4.157332;1;Adaptation;15;1;;;;;
2.62;-0.5;-0.5;5.122581;1;Adaptation;15;1;;;;;
2.64;-0.5;-0.5;2.939362;1;Adaptation;15;1;;;;;
2.66;-0.5;-0.5;3.18087;1;Adaptation;15;1;;;;;
2.68;-0.5;-0.5;3.449624;1;Adaptation;15;1;;;;;
2.7;-0.5;-0.5;5.241448;1;Adaptation;15;1;;;;;
2.72;0;0;3.479741;1;Adaptation;15;1;;;;;
2.74;-0.5;-0.5;5.077923;1;Adaptation;15;1;;;;;
2.76;-0.5;-0.5;2.806094;1;Adaptation;15;1;;;;;
2.78;-0.5;-0.5;2.860711;1;Adaptation;15;1;;;;;
2.8;-0.5;-0.5;5.698131;1;Adaptation;15;1;;;;;
2.82;-0.5;-0.5;4.269476;1;Adaptation;15;1;;;;;
2.84;-0.5;-0.5;3.168478;1;Adaptation;15;1;;;;;
2.86;-1;0.0625;4.71112;1;Adaptation;15;1;;;;;
2.88;-0.5;-0.5;3.095384;1;Adaptation;15;1;;;;;
2.9;-0.5;-0.5;2.49022;1;Adaptation;15;1;;;;;
2.92;-0.5;-0.5;2.166279;1;Adaptation;15;1;;;;;
2.94;-0.5;-0.5;4.228356;1;Adaptation;15;1;;;;;
2.96;-0.5;-0.5;2.9343;1;Adaptation;15;1;;;;;
2.98;1;-0.03125;2.284688;1;Adaptation;15;1;;;;;
3;-0.5;-0.5;4.32839;1;Adaptation;15;1;;;;;
3.02;-0.5;-0.5;4.846556;1;Adaptation;15;1;;;;;
3.04;-0.5;-0.5;2.875903;1;Adaptation;15;1;;;;;
3.06;-0.5;-0.5;4.605162;1;Adaptation;15;1;;;;;
3.08;-0.5;-0.5;4.216015;1;Adaptation;15;1;;;;;
3.1;-0.5;-0.5;2.381268;1;Adaptation;15;1;;;;;
3.12;-0.5;-0.5;3.193592;1;Adaptation;15;1;;;;;
3.14;-0.5;-0.5;4.163502;1;Adaptation;15;1;;;;;
3.16;-0.5;-0.5;3.949417;1;Adaptation;15;1;;;;;
3.18;-0.5;-0.5;2.98038;1;Adaptation;15;1;;;;;
3.2;-0.5;-0.5;2.885605;1;Adaptation;15;1;;;;;
3.22;-0.5;-0.5;2.000607;1;Adaptation;15;1;;;;;
3.24;-0.5;-0.5;2.7735;1;Adaptation;15;1;;;;;
3.26;-0.5;-0.5;2.367381;1;Adaptation;15;1;;;;;
3.28;-0.5;-0.5;4.385656;1;Adaptation;15;1;;;;;
3.3;-0.5;-0.5;4.196143;1;Adaptation;15;1;;;;;
3.32;-0.5;-0.5;2.0227;1;Adaptation;15;1;;;;;
3.34;-0.5;-0.5;2.705383;1;Adaptation;15;1;;;;;
3.36;-0.5;-0.5;3.711779;1;Adaptation;15;1;;;;;
3.38;-0.5;-0.5;5.657756;1;Adaptation;15;1;;;;;
3.4;-0.5;-0.5;4.815912;1;Adaptation;15;1;;;;;
3.42;-0.5;-0.5;3.061977;1;Adaptation;15;1;;;;;
3.44;-0.5;-0.5;2.475573;1;Adaptation;15;1;;;;;
3.46;-0.5;-0.5;4.321849;1;Adaptation;15;1;;;;;
3.48;-0.5;-0.5;4.725969;1;Adaptation;15;1;;;;;
3.5;-0.5;-0.5;3.215664;1;Adaptation;15;1;;;;;
3.52;-0.5;-0.5;5.442354;1;Adaptation;15;1;;;;;
3.54;-0.5;-0.5;2.251225;1;Adaptation;15;1;;;;;
3.56;-0.5;-0.5;2.414003;1;Adaptation;15;1;;;;;
3.58;-0.5;-0.5;4.583645;1;Adaptation;15;1;;;;;
3.6;-1;-0.0625;4.875088;1;Adaptation;15;1;;;;;
3.62;-0.5;-0.5;2.913836;1;Adaptation;15;1;;;;;
3.64;-0.5;-0.5;2.562317;1;Adaptation;15;1;;;;;
3.66;-0.5;-0.5;5.013764;1;Adaptation;15;1;;;;;
3.68;-0.5;-0.5;3.901169;1;Adaptation;15;1;;;;;
3.7;-0.5;-0.5;2.388353;1;Adaptation;15;1;;;;;
3.72;0;0.15625;5.06857;1;Adaptation;15;1;;;;;
3.74;-0.5;-0.5;3.106727;1;Adaptation;15;1;;;;;
3.76;-0.5;-0.5;4.039793;1;Adaptation;15;1;;;;;
3.78;0;0;2.439743;1;Adaptation;15;1;;;;;
3.8;-0.5;-0.5;4.584353;1;Adaptation;15;1;;;;;
3.82;0;0.03125;4.497613;1;Adaptation;15;1;;;;;
3.84;-0.5;-0.5;4.314547;1;Adaptation;15;1;;;;;
3.86;-0.5;-0.5;2.234742;1;Adaptation;15;1;;;;;
3.88;-0.5;-0.5;3.252456;1;Adaptation;15;1;;;;;
3.9;-1;0.09375;3.15632;1;Adaptation;15;1;;;;;
3.92;1;-0.0625;3.096868;1;Adaptation;15;1;;;;;
3.94;-0.5;-0.5;2.932455;1;Adaptation;15;1;;;;;
3.96;-0.5;-0.5;5.755879;1;Adaptation;15;1;;;;;
3.98;-0.5;-0.5;5.550416;1;Adaptation;15;1;;;;;
4;-0.5;-0.5;5.625264;1;Adaptation;15;1;;;;;
4.02;-0.5;-0.5;5.260442;1;Adaptation;15;1;;;;;
4.04;-0.5;-0.5;2.083268;1;Adaptation;15;1;;;;;
4.06;-0.5;-0.5;2.715415;1;Adaptation;15;1;;;;;
4.08;-0.5;-0.5;4.412516;1;Adaptation;15;1;;;;;
4.1;-0.5;-0.5;4.561043;1;Adaptation;15;1;;;;;
4.12;-0.5;-0.5;5.775615;1;Adaptation;15;1;;;;;
4.14;-0.5;-0.5;2.885898;1;Adaptation;15;1;;;;;
4.16;-0.5;-0.5;4.490041;1;Adaptation;15;1;;;;;
4.18;-0.5;-0.5;3.840009;1;Adaptation;15;1;;;;;
4.2;-0.5;-0.5;2.842586;1;Adaptation;15;1;;;;;
4.22;-0.5;-0.5;3.471704;1;Adaptation;15;1;;;;;
4.24;0;-0.03125;4.891883;1;Adaptation;15;1;;;;;
4.26;0;0.03125;5.787834;1;Adaptation;15;1;;;;;
4.28;-0.5;-0.5;2.901698;1;Adaptation;15;1;;;;;
4.3;-0.5;-0.5;2.239812;1;Adaptation;15;1;;;;;
4.32;-0.5;-0.5;4.729214;1;Adaptation;15;1;;;;;
4.34;-0.5;-0.5;3.139;1;Adaptation;15;1;;;;;
4.36;-0.5;-0.5;5.077569;1;Adaptation;15;1;;;;;
4.38;-0.5;-0.5;2.434442;1;Adaptation;15;1;;;;;
4.4;-0.5;-0.5;3.50229;1;Adaptation;15;1;;;;;
4.42;-0.5;-0.5;4.223565;1;Adaptation;15;1;;;;;
4.44;-0.5;-0.5;5.780995;1;Adaptation;15;1;;;;;
4.46;-0.5;-0.5;4.480736;1;Adaptation;15;1;;;;;
4.48;-1;0.09375;5.779009;1;Adaptation;15;1;;;;;
4.5;-0.5;-0.5;3.834838;1;Adaptation;15;1;;;;;
4.52;-0.5;-0.5;4.006474;1;Adaptation;15;1;;;;;
4.54;-0.5;-0.5;3.086822;1;Adaptation;15;1;;;;;
4.56;-0.5;-0.5;5.10872;1;Adaptation;15;1;;;;;
4.58;0;-0.03125;3.843251;1;Adaptation;15;1;;;;;
4.6;-0.5;-0.5;5.101204;1;Adaptation;15;1;;;;;
4.62;-0.5;-0.5;4.896676;1;Adaptation;15;1;;;;;
4.64;-0.5;-0.5;4.189385;1;Adaptation;15;1;;;;;
4.66;-0.5;-0.5;2.68192;1;Adaptation;15;1;;;;;
4.68;-0.5;-0.5;5.346844;1;Adaptation;15;1;;;;;
4.7;-0.5;-0.5;4.774518;1;Adaptation;15;1;;;;;
4.72;-0.5;-0.5;2.428299;1;Adaptation;15;1;;;;;
4.74;-0.5;-0.5;5.857675;1;Adaptation;15;1;;;;;
4.76;-0.5;-0.5;5.993993;1;Adaptation;15;1;;;;;
4.78;-0.5;-0.5;2.944506;1;Adaptation;15;1;;;;;
4.8;-0.5;-0.5;4.233579;1;Adaptation;15;1;;;;;
4.82;-0.5;-0.5;5.449299;1;Adaptation;15;1;;;;;
4.84;-0.5;-0.5;2.994196;1;Adaptation;15;1;;;;;
4.86;-0.5;-0.5;4.325682;1;Adaptation;15;1;;;;;
4.88;-1;-0.03125;2.798422;1;Adaptation;15;1;;;;;
4.9;-0.5;-0.5;4.228032;1;Adaptation;15;1;;;;;
4.92;-0.5;-0.5;3.61246;1;Adaptation;15;1;;;;;
4.94;-0.5;-0.5;3.434222;1;Adaptation;15;1;;;;;
4.96;-0.5;-0.5;4.342298;1;Adaptation;15;1;;;;;
4.98;-0.5;-0.5;3.454208;1;Adaptation;15;1;;;;;
5;-0.5;-0.5;2.01929;1;Adaptation;15;1;;;;;
5.02;-0.5;-0.5;5.515298;1;Adaptation;15;1;;;;;
5.04;-0.5;-0.5;4.81319;1;Adaptation;15;1;;;;;
5.06;-0.5;-0.5;2.819592;1;Adaptation;15;1;;;;;
5.08;-0.5;-0.5;2.242849;1;Adaptation;15;1;;;;;
5.1;-0.5;-0.5;5.948984;1;Adaptation;15;1;;;;;
5.12;-0.5;-0.5;3.836388;1;Adaptation;15;1;;;;;
5.14;-0.5;-0.5;5.322756;1;Adaptation;15;1;;;;;
5.16;-0.5;-0.5;4.569551;1;Adaptation;15;1;;;;;
5.18;-0.5;-0.5;2.824632;1;Adaptation;15;1;;;;;
5.2;-0.5;-0.5;4.180588;1;Adaptation;15;1;;;;;
5.22;-0.5;-0.5;2.494664;1;Adaptation;15;1;;;;;
5.24;-0.5;-0.5;2.575432;1;Adaptation;15;1;;;;;
5.26;-0.5;-0.5;5.384189;1;Adaptation;15;1;;;;;
5.28;0;-0.09375;4.117644;1;Adaptation;15;1;;;;;
5.3;0;0.03125;2.516652;1;Adaptation;15;1;;;;;
5.32;-0.5;-0.5;2.558249;1;Adaptation;15;1;;;;;
5.34;-0.5;-0.5;4.776155;1;Adaptation;15;1;;;;;
5.36;1;0;5.13793;1;Adaptation;15;1;;;;;
5.38;-0.5;-0.5;4.411811;1;Adaptation;15;1;;;;;
5.4;-0.5;-0.5;2.31717;1;Adaptation;15;1;;;;;
5.42;-0.5;-0.5;4.347672;1;Adaptation;15;1;;;;;
5.44;-0.5;-0.5;2.500623;1;Adaptation;15;1;;;;;
5.46;-0.5;-0.5;3.35994;1;Adaptation;15;1;;;;;
5.48;-0.5;-0.5;2.554606;1;Adaptation;15;1;;;;;
5.5;-0.5;-0.5;3.144079;1;Adaptation;15;1;;;;;
5.52;-0.5;-0.5;2.256355;1;Adaptation;15;1;;;;;
5.54;-0.5;-0.5;5.875499;1;Adaptation;15;1;;;;;
5.56;1;0.09375;4.555709;1;Adaptation;15;1;;;;;
5.58;-0.5;-0.5;3.608427;1;Adaptation;15;1;;;;;
5.6;-0.5;-0.5;2.750002;1;Adaptation;15;1;;;;;
5.62;-0.5;-0.5;5.849958;1;Adaptation;15;1;;;;;
5.64;-0.5;-0.5;5.827211;1;Adaptation;15;1;;;;;
5.66;-0.5;-0.5;3.226963;1;Adaptation;15;1;;;;;
5.68;0;-0.03125;4.851006;1;Adaptation;15;1;;;;;
5.7;-0.5;-0.5;4.952729;1;Adaptation;15;1;;;;;
5.72;-0.5;-0.5;5.380977;1;Adaptation;15;1;;;;;
5.74;-0.5;-0.5;3.422811;1;Adaptation;15;1;;;;;
5.76;-0.5;-0.5;2.518118;1;Adaptation;15;1;;;;;
5.78;-0.5;-0.5;2.453974;1;Adaptation;15;1;;;;;
5.8;-0.5;-0.5;3.274067;1;Adaptation;15;1;;;;;
5.82;-0.5;-0.5;2.990372;1;Adaptation;15;1;;;;;
5.84;-0.5;-0.5;3.388856;1;Adaptation;15;1;;;;;
5.86;-0.5;-0.5;4.0628;1;Adaptation;15;1;;;;;
5.88;-0.5;-0.5;5.654706;1;Adaptation;15;1;;;;;
5.9;-0.5;-0.5;4.506269;1;Adaptation;15;1;;;;;
5.92;-0.5;-0.5;3.251778;1;Adaptation;15;1;;;;;
5.94;-0.5;-0.5;3.225503;1;Adaptation;15;1;;;;;
5.96;0;0;5.720589;1;Adaptation;15;1;;;;;
5.98;-0.5;-0.5;5.843934;1;Adaptation;15;1;;;;;
6;-0.5;-0.5;3.563728;1;Adaptation;15;1;;;;;
6.02;-0.5;-0.5;4.686169;1;Adaptation;15;1;;;;;
6.04;-0.5;-0.5;5.751237;1;Adaptation;15;1;;;;;
6.06;-0.5;-0.5;5.011449;1;Adaptation;15;1;;;;;
6.08;-0.5;-0.5;2.661056;1;Adaptation;15;1;;;;;
6.1;0;0.0625;2.183445;1;Adaptation;15;1;;;;;
6.12;-0.5;-0.5;3.160135;1;Adaptation;15;1;;;;;
6.14;0;-0.0625;4.714368;1;Adaptation;15;1;;;;;
6.16;-0.5;-0.5;4.94338;1;Adaptation;15;1;;;;;
6.18;-0.5;-0.5;5.51375;1;Adaptation;15;1;;;;;
6.2;0;0.03125;4.675165;1;Adaptation;15;1;;;;;
6.22;-0.5;-0.5;4.127421;1;Adaptation;15;1;;;;;
6.24;-0.5;-0.5;5.156556;1;Adaptation;15;1;;;;;
6.26;0;0.03125;3.877486;1;Adaptation;15;1;;;;;
6.28;-0.5;-0.5;2.925664;1;Adaptation;15;1;;;;;
6.3;-0.5;-0.5;5.051219;1;Adaptation;15;1;;;;;
6.32;-0.5;-0.5;3.512988;1;Adaptation;15;1;;;;;
6.34;-0.5;-0.5;4.394634;1;Adaptation;15;1;;;;;
6.36;-0.5;-0.5;2.946575;1;Adaptation;15;1;;;;;
6.38;-0.5;-0.5;4.305218;1;Adaptation;15;1;;;;;
6.4;-0.5;-0.5;2.325758;1;Adaptation;15;1;;;;;
6.42;-0.5;-0.5;4.89598;1;Adaptation;15;1;;;;;
6.44;-0.5;-0.5;2.381771;1;Adaptation;15;1;;;;;
6.46;-0.5;-0.5;3.532371;1;Adaptation;15;1;;;;;
6.48;-0.5;-0.5;3.394886;1;Adaptation;15;1;;;;;
6.5;-0.5;-0.5;4.560184;1;Adaptation;15;1;;;;;
6.52;1;-0.03125;3.592541;1;Adaptation;15;1;;;;;
6.54;-0.5;-0.5;5.409841;1;Adaptation;15;1;;;;;
6.56;-0.5;-0.5;5.305273;1;Adaptation;15;1;;;;;
6.58;-0.5;-0.5;2.791004;1;Adaptation;15;1;;;;;
6.6;-0.5;-0.5;4.903599;1;Adaptation;15;1;;;;;
6.62;-1;0.15625;5.144833;1;Adaptation;15;1;;;;;
6.64;-0.5;-0.5;2.633784;1;Adaptation;15;1;;;;;
6.66;0;0.09375;5.671993;1;Adaptation;15;1;;;;;
6.68;-0.5;-0.5;3.705325;1;Adaptation;15;1;;;;;
6.7;-0.5;-0.5;5.662976;1;Adaptation;15;1;;;;;
6.72;-0.5;-0.5;5.59676;1;Adaptation;15;1;;;;;
6.74;-0.5;-0.5;3.488129;1;Adaptation;15;1;;;;;
6.76;0;0.0625;2.107404;1;Adaptation;15;1;;;;;
6.78;-0.5;-0.5;4.273725;1;Adaptation;15;1;;;;;
6.8;-0.5;-0.5;5.381699;1;Adaptation;15;1;;;;;
6.82;-0.5;-0.5;4.20583;1;Adaptation;15;1;;;;;
6.84;-0.5;-0.5;3.435784;1;Adaptation;15;1;;;;;
6.86;-0.5;-0.5;5.839903;1;Adaptation;15;1;;;;;
6.88;-0.5;-0.5;5.898346;1;Adaptation;15;1;;;;;
6.9;-0.5;-0.5;2.412862;1;Adaptation;15;1;;;;;
6.92;-0.5;-0.5;2.521085;1;Adaptation;15;1;;;;;
6.94;1;-0.03125;2.431221;1;Adaptation;15;1;;;;;
6.96;-0.5;-0.5;5.585426;1;Adaptation;15;1;;;;;
6.98;-0.5;-0.5;4.702172;1;Adaptation;15;1;;;;;
7;-0.5;-0.5;2.60352;1;Adaptation;15;1;;;;;
7.02;-0.5;-0.5;4.237625;1;Adaptation;15;1;;;;;
7.04;-0.5;-0.5;4.064183;1;Adaptation;15;1;;;;;
7.06;-0.5;-0.5;3.162934;1;Adaptation;15;1;;;;;
7.08;-0.5;-0.5;3.280726;1;Adaptation;15;1;;;;;
7.1;0;0.09375;2.402133;1;Adaptation;15;1;;;;;
7.12;-0.5;-0.5;4.156355;1;Adaptation;15;1;;;;;
7.14;-0.5;-0.5;4.418335;1;Adaptation;15;1;;;;;
7.16;-0.5;-0.5;5.990294;1;Adaptation;15;1;;;;;
7.18;-0.5;-0.5;3.161731;1;Adaptation;15;1;;;;;
7.2;0;-0.03125;5.648064;1;Adaptation;15;1;;;;;
7.22;-0.5;-0.5;4.906774;1;Adaptation;15;1;;;;;
7.24;-0.5;-0.5;3.297838;1;Adaptation;15;1;;;;;
7.26;-0.5;-0.5;2.319228;1;Adaptation;15;1;;;;;
7.28;-0.5;-0.5;2.681386;1;Adaptation;15;1;;;;;
7.3;-0.5;-0.5;4.581808;1;Adaptation;15;1;;;;;
7.32;-0.5;-0.5;5.584139;1;Adaptation;15;1;;;;;
7.34;-0.5;-0.5;4.24529;1;Adaptation;15;1;;;;;
7.36;-0.5;-0.5;3.879692;1;Adaptation;15;1;;;;;
7.38;-0.5;-0.5;2.669825;1;Adaptation;15;1;;;;;
7.4;-0.5;-0.5;3.048626;1;Adaptation;15;1;;;;;
7.42;-0.5;-0.5;5.522452;1;Adaptation;15;1;;;;;
7.44;-0.5;-0.5;4.416654;1;Adaptation;15;1;;;;;
7.46;0;-0.03125;4.016321;1;Adaptation;15;1;;;;;
7.48;-0.5;-0.5;2.661614;1;Adaptation;15;1;;;;;
7.5;-0.5;-0.5;3.947366;1;Adaptation;15;1;;;;;
7.52;-0.5;-0.5;3.502951;1;Adaptation;15;1;;;;;
7.54;0;-0.09375;4.068772;1;Adaptation;15;1;;;;;
7.56;-0.5;-0.5;4.827265;1;Adaptation;15;1;;;;;
7.58;-0.5;-0.5;2.565817;1;Adaptation;15;1;;;;;
7.6;-0.5;-0.5;5.626941;1;Adaptation;15;1;;;;;
7.62;-0.5;-0.5;2.893915;1;Adaptation;15;1;;;;;
7.64;-0.5;-0.5;2.477035;1;Adaptation;15;1;;;;;
7.66;-0.5;-0.5;3.042335;1;Adaptation;15;1;;;;;
7.68;-0.5;-0.5;4.739847;1;Adaptation;15;1;;;;;
7.7;1;0;4.843697;1;Adaptation;15;1;;;;;
7.72;-0.5;-0.5;5.260608;1;Adaptation;15;1;;;;;
7.74;-0.5;-0.5;2.001437;1;Adaptation;15;1;;;;;
7.76;-0.5;-0.5;5.497515;1;Adaptation;15;1;;;;;
7.78;-0.5;-0.5;2.450087;1;Adaptation;15;1;;;;;
7.8;-0.5;-0.5;2.315201;1;Adaptation;15;1;;;;;
7.82;-0.5;-0.5;2.712603;1;Adaptation;15;1;;;;;
7.84;0;0.03125;3.208459;1;Adaptation;15;1;;;;;
7.86;-0.5;-0.5;3.177948;1;Adaptation;15;1;;;;;
7.88;-0.5;-0.5;2.762727;1;Adaptation;15;1;;;;;
7.9;-0.5;-0.5;3.539155;1;Adaptation;15;1;;;;;
7.92;-0.5;-0.5;5.147743;1;Adaptation;15;1;;;;;
7.94;-0.5;-0.5;5.830959;1;Adaptation;15;1;;;;;
7.96;-0.5;-0.5;3.402144;1;Adaptation;15;1;;;;;
7.98;-0.5;-0.5;4.511656;1;Adaptation;15;1;;;;;
8;-0.5;-0.5;3.89652;1;Adaptation;15;1;;;;;
8.02;-0.5;-0.5;3.177086;1;Adaptation;15;1;;;;;
8.04;-0.5;-0.5;2.794604;1;Adaptation;15;1;;;;;
8.059999;-0.5;-0.5;5.857781;1;Adaptation;15;1;;;;;
8.08;0;0.15625;5.814133;1;Adaptation;15;1;;;;;
8.099999;-0.5;-0.5;3.116091;1;Adaptation;15;1;;;;;
8.12;-0.5;-0.5;5.385256;1;Adaptation;15;1;;;;;
8.139999;-0.5;-0.5;4.769101;1;Adaptation;15;1;;;;;
8.16;-0.5;-0.5;5.124313;1;Adaptation;15;1;;;;;
8.179999;-0.5;-0.5;5.199175;1;Adaptation;15;1;;;;;
8.2;0;0.09375;3.004144;1;Adaptation;15;1;;;;;
8.22;1;-0.0625;5.258586;1;Adaptation;15;1;;;;;
8.24;-0.5;-0.5;2.158163;1;Adaptation;15;1;;;;;
8.26;-0.5;-0.5;2.153417;1;Adaptation;15;1;;;;;
8.28;-0.5;-0.5;5.105613;1;Adaptation;15;1;;;;;
8.3;1;0.03125;5.009159;1;Adaptation;15;1;;;;;
8.32;-0.5;-0.5;5.178488;1;Adaptation;15;1;;;;;
8.34;-0.5;-0.5;2.697268;1;Adaptation;15;1;;;;;
8.36;-0.5;-0.5;3.351707;1;Adaptation;15;1;;;;;
8.38;-0.5;-0.5;4.855176;1;Adaptation;15;1;;;;;
8.4;-0.5;-0.5;2.285253;1;Adaptation;15;1;;;;;
8.42;-0.5;-0.5;5.091382;1;Adaptation;15;1;;;;;
8.44;-0.5;-0.5;2.960624;1;Adaptation;15;1;;;;;
8.46;-0.5;-0.5;2.426428;1;Adaptation;15;1;;;;;
8.48;-0.5;-0.5;3.920165;1;Adaptation;15;1;;;;;
8.5;-0.5;-0.5;3.980309;1;Adaptation;15;1;;;;;
8.52;-0.5;-0.5;2.20909;1;Adaptation;15;1;;;;;
8.54;0;-0.03125;2.518259;1;Adaptation;15;1;;;;;
8.559999;-0.5;-0.5;5.543667;1;Adaptation;15;1;;;;;
8.58;-0.5;-0.5;2.454464;1;Adaptation;15;1;;;;;
8.599999;-0.5;-0.5;3.915356;1;Adaptation;15;1;;;;;
8.62;-0.5;-0.5;4.001607;1;Adaptation;15;1;;;;;
8.639999;-0.5;-0.5;2.745385;1;Adaptation;15;1;;;;;
8.66;-0.5;-0.5;5.911442;1;Adaptation;15;1;;;;;
8.679999;-0.5;-0.5;5.104927;1;Adaptation;15;1;;;;;
8.7;0;-0.09375;5.596753;1;Adaptation;15;1;;;;;
8.72;-0.5;-0.5;3.923685;1;Adaptation;15;1;;;;;
8.74;-0.5;-0.5;5.895679;1;Adaptation;15;1;;;;;
8.76;-0.5;-0.5;4.520384;1;Adaptation;15;1;;;;;
8.78;-0.5;-0.5;5.065297;1;Adaptation;15;1;;;;;
8.8;-0.5;-0.5;4.038764;1;Adaptation;15;1;;;;;
8.82;-0.5;-0.5;3.549805;1;Adaptation;15;1;;;;;
8.84;-0.5;-0.5;3.912951;1;Adaptation;15;1;;;;;
8.86;-0.5;-0.5;4.059263;1;Adaptation;15;1;;;;;
8.88;-0.5;-0.5;2.348911;1;Adaptation;15;1;;;;;
8.9;-0.5;-0.5;5.393569;1;Adaptation;15;1;;;;;
8.92;-0.5;-0.5;2.995673;1;Adaptation;15;1;;;;;
8.94;-0.5;-0.5;2.025271;1;Adaptation;15;1;;;;;
8.96;1;0.03125;2.099984;1;Adaptation;15;1;;;;;
8.98;-0.5;-0.5;3.902734;1;Adaptation;15;1;;;;;
9;-0.5;-0.5;3.193342;1;Adaptation;15;1;;;;;
9.02;-0.5;-0.5;5.77959;1;Adaptation;15;1;;;;;
9.04;-0.5;-0.5;3.143663;1;Adaptation;15;1;;;;;
9.059999;0;-0.09375;5.992954;1;Adaptation;15;1;;;;;
9.08;-0.5;-0.5;3.730938;1;Adaptation;15;1;;;;;
9.099999;-0.5;-0.5;4.854955;1;Adaptation;15;1;;;;;
9.12;0;0;3.017742;1;Adaptation;15;1;;;;;
9.139999;-0.5;-0.5;2.680489;1;Adaptation;15;1;;;;;
9.16;-0.5;-0.5;3.860913;1;Adaptation;15;1;;;;;
9.179999;-0.5;-0.5;4.925746;1;Adaptation;15;1;;;;;
9.2;-0.5;-0.5;5.220972;1;Adaptation;15;1;;;;;
9.22;-0.5;-0.5;5.684572;1;Adaptation;15;1;;;;;
9.24;-0.5;-0.5;4.759499;1;Adaptation;15;1;;;;;
9.26;-0.5;-0.5;4.101964;1;Adaptation;15;1;;;;;
9.28;-0.5;-0.5;4.061587;1;Adaptation;15;1;;;;;
9.3;-0.5;-0.5;4.306359;1;Adaptation;15;1;;;;;
9.32;-0.5;-0.5;2.697855;1;Adaptation;15;1;;;;;
9.34;0;-0.09375;4.533108;1;Adaptation;15;1;;;;;
9.36;-0.5;-0.5;3.701239;1;Adaptation;15;1;;;;;
9.38;-0.5;-0.5;4.111003;1;Adaptation;15;1;;;;;
9.4;-0.5;-0.5;3.967709;1;Adaptation;15;1;;;;;
9.42;-0.5;-0.5;3.352858;1;Adaptation;15;1;;;;;
9.44;-0.5;-0.5;4.578211;1;Adaptation;15;1;;;;;
9.46;-0.5;-0.5;4.859122;1;Adaptation;15;1;;;;;
9.48;-0.5;-0.5;5.463964;1;Adaptation;15;1;;;;;
9.5;-0.5;-0.5;2.838731;1;Adaptation;15;1;;;;;
9.52;-0.5;-0.5;4.065207;1;Adaptation;15;1;;;;;
9.54;2;-0.03125;2.200877;1;Adaptation;15;1;;;;;
9.559999;-0.5;-0.5;3.955145;1;Adaptation;15;1;;;;;
9.58;-0.5;-0.5;4.5093;1;Adaptation;15;1;;;;;
9.599999;-0.5;-0.5;5.569243;1;Adaptation;15;1;;;;;
9.62;-0.5;-0.5;5.38659;1;Adaptation;15;1;;;;;
9.639999;-0.5;-0.5;3.566254;1;Adaptation;15;1;;;;;
9.66;-0.5;-0.5;4.913818;1;Adaptation;15;1;;;;;
9.679999;-0.5;-0.5;2.357382;1;Adaptation;15;1;;;;;
9.7;-0.5;-0.5;3.675143;1;Adaptation;15;1;;;;;
9.719999;-0.5;-0.5;5.490609;1;Adaptation;15;1;;;;;
9.74;-0.5;-0.5;5.565601;1;Adaptation;15;1;;;;;
9.76;-0.5;-0.5;3.478422;1;Adaptation;15;1;;;;;
9.78;-1;0.15625;2.484876;1;Adaptation;15;1;;;;;
9.8;-0.5;-0.5;3.240353;1;Adaptation;15;1;;;;;
9.82;-0.5;-0.5;5.348001;1;Adaptation;15;1;;;;;
9.84;-0.5;-0.5;5.770966;1;Adaptation;15;1;;;;;
9.86;-0.5;-0.5;3.908246;1;Adaptation;15;1;;;;;
9.88;-0.5;-0.5;2.030891;1;Adaptation;15;1;;;;;
9.9;-0.5;-0.5;4.35413;1;Adaptation;15;1;;;;;
9.92;-0.5;-0.5;4.275595;1;Adaptation;15;1;;;;;
9.94;-0.5;-0.5;5.415079;1;Adaptation;15;1;;;;;
9.96;-0.5;-0.5;2.871036;1;Adaptation;15;1;;;;;
9.98;-0.5;-0.5;3.20484;1;Adaptation;15;1;;;;;
10;-0.5;-0.5;4.309526;1;Adaptation;15;1;;;;;
10.02;-0.5;-0.5;4.782579;1;Adaptation;15;1;;;;;
10.04;-0.5;-0.5;2.598647;1;Adaptation;15;1;;;;;
10.06;-0.5;-0.5;5.967633;1;Adaptation;15;1;;;;;
10.08;-0.5;-0.5;4.034742;1;Adaptation;15;1;;;;;
10.1;-0.5;-0.5;2.475908;1;Adaptation;15;1;;;;;
10.12;-0.5;-0.5;2.406672;1;Adaptation;15;1;;;;;
10.14;1;-0.0625;4.248087;1;Adaptation;15;1;;;;;
10.16;-0.5;-0.5;2.519011;1;Adaptation;15;1;;;;;
10.18;-0.5;-0.5;5.98388;1;Adaptation;15;1;;;;;
10.2;-0.5;-0.5;2.531623;1;Adaptation;15;1;;;;;
10.22;-0.5;-0.5;3.738802;1;Adaptation;15;1;;;;;
10.24;-0.5;-0.5;4.728107;1;Adaptation;15;1;;;;;
10.26;-0.5;-0.5;5.28514;1;Adaptation;15;1;;;;;
10.28;-0.5;-0.5;5.144614;1;Adaptation;15;1;;;;;
10.3;-0.5;-0.5;3.783112;1;Adaptation;15;1;;;;;
10.32;-0.5;-0.5;5.999259;1;Adaptation;15;1;;;;;
10.34;-0.5;-0.5;3.074312;1;Adaptation;15;1;;;;;
10.36;-0.5;-0.5;3.18883;1;Adaptation;15;1;;;;;
10.38;-0.5;-0.5;3.024117;1;Adaptation;15;1;;;;;
10.4;-0.5;-0.5;2.549664;1;Adaptation;15;1;;;;;
10.42;-0.5;-0.5;3.024292;1;Adaptation;15;1;;;;;
10.44;-0.5;-0.5;4.246899;1;Adaptation;15;1;;;;;
10.46;-0.5;-0.5;4.049473;1;Adaptation;15;1;;;;;
10.48;-0.5;-0.5;5.031865;1;Adaptation;15;1;;;;;
10.5;-0.5;-0.5;5.696854;1;Adaptation;15;1;;;;;
10.52;-0.5;-0.5;2.900778;1;Adaptation;15;1;;;;;
10.54;-0.5;-0.5;3.685062;1;Adaptation;15;1;;;;;
10.56;-0.5;-0.5;5.589175;1;Adaptation;15;1;;;;;
10.58;-0.5;-0.5;4.695136;1;Adaptation;15;1;;;;;
10.6;-0.5;-0.5;3.652026;1;Adaptation;15;1;;;;;
10.62;-0.5;-0.5;2.301409;1;Adaptation;15;1;;;;;
10.64;-0.5;-0.5;4.919046;1;Adaptation;15;1;;;;;
10.66;-0.5;-0.5;2.277207;1;Adaptation;15;1;;;;;
10.68;-0.5;-0.5;5.200494;1;Adaptation;15;1;;;;;
10.7;-0.5;-0.5;3.995343;1;Adaptation;15;1;;;;;
10.72;-0.5;-0.5;3.452415;1;Adaptation;15;1;;;;;
10.74;-0.5;-0.5;3.12459;1;Adaptation;15;1;;;;;
10.76;-0.5;-0.5;3.080297;1;Adaptation;15;1;;;;;
10.78;-1;-0.03125;4.940402;1;Adaptation;15;1;;;;;
10.8;-0.5;-0.5;5.879857;1;Adaptation;15;1;;;;;
10.82;-0.5;-0.5;5.075751;1;Adaptation;15;1;;;;;
10.84;-0.5;-0.5;4.5543;1;Adaptation;15;1;;;;;
10.86;0;0;3.554143;1;Adaptation;15;1;;;;;
10.88;-0.5;-0.5;3.732437;1;Adaptation;15;1;;;;;
10.9;-0.5;-0.5;2.673059;1;Adaptation;15;1;;;;;
10.92;-0.5;-0.5;5.368402;1;Adaptation;15;1;;;;;
10.94;-0.5;-0.5;4.865983;1;Adaptation;15;1;;;;;
10.96;-0.5;-0.5;4.256782;1;Adaptation;15;1;;;;;
10.98;-0.5;-0.5;2.288735;1;Adaptation;15;1;;;;;
11;-0.5;-0.5;4.1609;1;Adaptation;15;1;;;;;
11.02;-0.5;-0.5;4.136472;1;Adaptation;15;1;;;;;
11.04;-0.5;-0.5;5.523077;1;Adaptation;15;1;;;;;
11.06;-0.5;-0.5;3.725093;1;Adaptation;15;1;;;;;
11.08;-1;0.0625;2.171426;1;Adaptation;15;1;;;;;
11.1;-0.5;-0.5;2.138409;1;Adaptation;15;1;;;;;
11.12;-0.5;-0.5;5.092338;1;Adaptation;15;1;;;;;
11.14;-0.5;-0.5;3.111969;1;Adaptation;15;1;;;;;
11.16;-0.5;-0.5;5.74217;1;Adaptation;15;1;;;;;
11.18;0;0.03125;4.180319;1;Adaptation;15;1;;;;;
11.2;0;0.0625;2.751126;1;Adaptation;15;1;;;;;
11.22;-0.5;-0.5;5.12967;1;Adaptation;15;1;;;;;
11.24;1;0;4.819841;1;Adaptation;15;1;;;;;
11.26;-0.5;-0.5;3.773314;1;Adaptation;15;1;;;;;
11.28;-0.5;-0.5;4.27384;1;Adaptation;15;1;;;;;
11.3;-0.5;-0.5;5.483758;1;Adaptation;15;1;;;;;
11.32;-0.5;-0.5;2.10327;1;Adaptation;15;1;;;;;
11.34;-0.5;-0.5;4.965472;1;Adaptation;15;1;;;;;
11.36;-0.5;-0.5;2.5793;1;Adaptation;15;1;;;;;
11.38;-0.5;-0.5;3.320267;1;Adaptation;15;1;;;;;
11.4;-0.5;-0.5;3.273807;1;Adaptation;15;1;;;;;
11.42;-0.5;-0.5;5.177618;1;Adaptation;15;1;;;;;
11.44;-0.5;-0.5;4.755773;1;Adaptation;15;1;;;;;
11.46;-0.5;-0.5;2.69191;1;Adaptation;15;1;;;;;
11.48;-0.5;-0.5;2.952367;1;Adaptation;15;1;;;;;
11.5;-0.5;-0.5;5.579035;1;Adaptation;15;1;;;;;
11.52;-0.5;-0.5;5.354399;1;Adaptation;15;1;;;;;
11.54;-0.5;-0.5;2.22834;1;Adaptation;15;1;;;;;
11.56;-0.5;-0.5;5.042537;1;Adaptation;15;1;;;;;
11.58;1;0.03125;3.089118;1;Adaptation;15;1;;;;;
11.6;-0.5;-0.5;4.918511;1;Adaptation;15;1;;;;;
11.62;-0.5;-0.5;3.356568;1;Adaptation;15;1;;;;;
11.64;-0.5;-0.5;3.457001;1;Adaptation;15;1;;;;;
11.66;-0.5;-0.5;5.152844;1;Adaptation;15;1;;;;;
11.68;-0.5;-0.5;3.595589;1;Adaptation;15;1;;;;;
11.7;-0.5;-0.5;5.543549;1;Adaptation;15;1;;;;;
11.72;-0.5;-0.5;2.222127;1;Adaptation;15;1;;;;;
11.74;-0.5;-0.5;3.460094;1;Adaptation;15;1;;;;;
11.76;-0.5;-0.5;4.701782;1;Adaptation;15;1;;;;;
11.78;-0.5;-0.5;5.795356;1;Adaptation;15;1;;;;;
11.8;-0.5;-0.5;4.034731;1;Adaptation;15;1;;;;;
11.82;-0.5;-0.5;5.43479;1;Adaptation;15;1;;;;;
11.84;-0.5;-0.5;2.28545;1;Adaptation;15;1;;;;;
11.86;-0.5;-0.5;5.804773;1;Adaptation;15;1;;;;;
11.88;-0.5;-0.5;3.818049;1;Adaptation;15;1;;;;;
11.9;-0.5;-0.5;4.685036;1;Adaptation;15;1;;;;;
11.92;-1;0.03125;4.389587;1;Adaptation;15;1;;;;;
11.94;-0.5;-0.5;3.729024;1;Adaptation;15;1;;;;;
11.96;-0.5;-0.5;4.215382;1;Adaptation;15;1;;;;;
11.98;0;-0.0625;5.079982;1;Adaptation;15;1;;;;;
12;-0.5;-0.5;3.119668;1;Adaptation;15;1;;;;;
12.02;-0.5;-0.5;2.239693;1;Adaptation;15;1;;;;;
12.04;0;0;3.791155;1;Adaptation;15;1;;;;;
12.06;-0.5;-0.5;5.478296;1;Adaptation;15;1;;;;;
12.08;0;0.03125;5.430139;1;Adaptation;15;1;;;;;
12.1;-0.5;-0.5;4.097461;1;Adaptation;15;1;;;;;
12.12;-0.5;-0.5;5.049536;1;Adaptation;15;1;;;;;
12.14;-0.5;-0.5;2.418596;1;Adaptation;15;1;;;;;
12.16;-0.5;-0.5;2.556759;1;Adaptation;15;1;;;;;
12.18;-0.5;-0.5;4.738687;1;Adaptation;15;1;;;;;
12.2;-0.5;-0.5;2.583906;1;Adaptation;15;1;;;;;
12.22;-0.5;-0.5;3.024062;1;Adaptation;15;1;;;;;
12.24;-0.5;-0.5;5.436829;1;Adaptation;15;1;;;;;
12.26;-0.5;-0.5;2.834275;1;Adaptation;15;1;;;;;
12.28;0;0.09375;3.674677;1;Adaptation;15;1;;;;;
12.3;-0.5;-0.5;4.243897;1;Adaptation;15;1;;;;;
12.32;-0.5;-0.5;4.789257;1;Adaptation;15;1;;;;;
12.34;-0.5;-0.5;5.801743;1;Adaptation;15;1;;;;;
12.36;-0.5;-0.5;2.571103;1;Adaptation;15;1;;;;;
12.38;-0.5;-0.5;4.725248;1;Adaptation;15;1;;;;;
12.4;-0.5;-0.5;3.339825;1;Adaptation;15;1;;;;;
12.42;-0.5;-0.5;2.7568;1;Adaptation;15;1;;;;;
12.44;-0.5;-0.5;5.7585;1;Adaptation;15;1;;;;;
12.46;-0.5;-0.5;2.368393;1;Adaptation;15;1;;;;;
12.48;-0.5;-0.5;5.1112;1;Adaptation;15;1;;;;;
12.5;-0.5;-0.5;5.220789;1;Adaptation;15;1;;;;;
12.52;-0.5;-0.5;5.967487;1;Adaptation;15;1;;;;;
12.54;-0.5;-0.5;2.169381;1;Adaptation;15;1;;;;;
12.56;-0.5;-0.5;5.888332;1;Adaptation;15;1;;;;;
12.58;-0.5;-0.5;3.987814;1;Adaptation;15;1;;;;;
12.6;-0.5;-0.5;5.037167;1;Adaptation;15;1;;;;;
12.62;-0.5;-0.5;2.899778;1;Adaptation;15;1;;;;;
12.64;-0.5;-0.5;2.725763;1;Adaptation;15;1;;;;;
12.66;-0.5;-0.5;5.51452;1;Adaptation;15;1;;;;;
12.68;-0.5;-0.5;4.306356;1;Adaptation;15;1;;;;;
12.7;-0.5;-0.5;2.517162;1;Adaptation;15;1;;;;;
12.72;0;0;5.289762;1;Adaptation;15;1;;;;;
12.74;-0.5;-0.5;5.685426;1;Adaptation;15;1;;;;;
12.76;-0.5;-0.5;4.768343;1;Adaptation;15;1;;;;;
12.78;-0.5;-0.5;5.92166;1;Adaptation;15;1;;;;;
12.8;-0.5;-0.5;3.393854;1;Adaptation;15;1;;;;;
12.82;-0.5;-0.5;3.211365;1;Adaptation;15;1;;;;;
12.84;-0.5;-0.5;5.731925;1;Adaptation;15;1;;;;;
12.86;-0.5;-0.5;2.712363;1;Adaptation;15;1;;;;;
12.88;-0.5;-0.5;3.250223;1;Adaptation;15;1;;;;;
12.9;-0.5;-0.5;2.855359;1;Adaptation;15;1;;;;;
12.92;-0.5;-0.5;4.403185;1;Adaptation;15;1;;;;;
12.94;1;0.09375;3.490385;1;Adaptation;15;1;;;;;
12.96;-0.5;-0.5;5.662533;1;Adaptation;15;1;;;;;
12.98;-0.5;-0.5;5.058056;1;Adaptation;15;1;;;;;
13;-0.5;-0.5;2.496643;1;Adaptation;15;1;;;;;
13.02;0;0;2.065751;1;Adaptation;15;1;;;;;
13.04;-0.5;-0.5;4.053692;1;Adaptation;15;1;;;;;
13.06;-0.5;-0.5;5.455682;1;Adaptation;15;1;;;;;
13.08;-0.5;-0.5;3.585477;1;Adaptation;15;1;;;;;
13.1;-0.5;-0.5;4.383135;1;Adaptation;15;1;;;;;
13.12;-0.5;-0.5;3.722818;1;Adaptation;15;1;;;;;
13.14;-0.5;-0.5;2.234719;1;Adaptation;15;1;;;;;
13.16;-0.5;-0.5;4.910678;1;Adaptation;15;1;;;;;
13.18;-0.5;-0.5;2.962574;1;Adaptation;15;1;;;;;
13.2;-0.5;-0.5;4.278111;1;Adaptation;15;1;;;;;
13.22;-0.5;-0.5;2.416039;1;Adaptation;15;1;;;;;
13.24;-0.5;-0.5;5.078632;1;Adaptation;15;1;;;;;
13.26;-0.5;-0.5;4.498078;1;Adaptation;15;1;;;;;
13.28;-0.5;-0.5;2.43919;1;Adaptation;15;1;;;;;
13.3;-0.5;-0.5;3.753989;1;Adaptation;15;1;;;;;
13.32;-0.5;-0.5;2.367762;1;Adaptation;15;1;;;;;
13.34;1;0.03125;3.90687;1;Adaptation;15;1;;;;;
13.36;-0.5;-0.5;2.852235;1;Adaptation;15;1;;;;;
13.38;-0.5;-0.5;3.392198;1;Adaptation;15;1;;;;;
13.4;-0.5;-0.5;2.00915;1;Adaptation;15;1;;;;;
13.42;-0.5;-0.5;5.410114;1;Adaptation;15;1;;;;;
13.44;-0.5;-0.5;5.310532;1;Adaptation;15;1;;;;;
13.46;-0.5;-0.5;2.194726;1;Adaptation;15;1;;;;;
13.48;-0.5;-0.5;2.747271;1;Adaptation;15;1;;;;;
13.5;-0.5;-0.5;4.983121;1;Adaptation;15;1;;;;;
13.52;-0.5;-0.5;2.169992;1;Adaptation;15;1;;;;;
13.54;-0.5;-0.5;4.970842;1;Adaptation;15;1;;;;;
13.56;-0.5;-0.5;5.334708;1;Adaptation;15;1;;;;;
13.58;1;0.03125;4.444039;1;Adaptation;15;1;;;;;
13.6;1;-0.0625;4.12603;1;Adaptation;15;1;;;;;
13.62;-0.5;-0.5;3.448216;1;Adaptation;15;1;;;;;
13.64;0;0.09375;4.383178;1;Adaptation;15;1;;;;;
13.66;-0.5;-0.5;2.060382;1;Adaptation;15;1;;;;;
13.68;-0.5;-0.5;4.713501;1;Adaptation;15;1;;;;;
13.7;-0.5;-0.5;2.725657;1;Adaptation;15;1;;;;;
13.72;-1;0.03125;4.510292;1;Adaptation;15;1;;;;;
13.74;-0.5;-0.5;4.071268;1;Adaptation;15;1;;;;;
13.76;-0.5;-0.5;4.326009;1;Adaptation;15;1;;;;;
13.78;-0.5;-0.5;2.247785;1;Adaptation;15;1;;;;;
13.8;-0.5;-0.5;5.931525;1;Adaptation;15;1;;;;;
13.82;-0.5;-0.5;3.136749;1;Adaptation;15;1;;;;;
13.84;-0.5;-0.5;2.213156;1;Adaptation;15;1;;;;;
13.86;-0.5;-0.5;4.000519;1;Adaptation;15;1;;;;;
13.88;-0.5;-0.5;4.591195;1;Adaptation;15;1;;;;;
13.9;-0.5;-0.5;2.968758;1;Adaptation;15;1;;;;;
13.92;-0.5;-0.5;5.885283;1;Adaptation;15;1;;;;;
13.94;-0.5;-0.5;5.198262;1;Adaptation;15;1;;;;;
13.96;-0.5;-0.5;3.300941;1;Adaptation;15;1;;;;;
13.98;-0.5;-0.5;5.129384;1;Adaptation;15;1;;;;;
14;-0.5;-0.5;2.216424;1;Adaptation;15;1;;;;;
14.02;-0.5;-0.5;4.817995;1;Adaptation;15;1;;;;;
14.04;-0.5;-0.5;4.648242;1;Adaptation;15;1;;;;;
14.06;-0.5;-0.5;4.47983;1;Adaptation;15;1;;;;;
14.08;-0.5;-0.5;5.940048;1;Adaptation;15;1;;;;;
14.1;-0.5;-0.5;2.022473;1;Adaptation;15;1;;;;;
14.12;-0.5;-0.5;5.595079;1;Adaptation;15;1;;;;;
14.14;-1;0.09375;2.70867;1;Adaptation;15;1;;;;;
14.16;-0.5;-0.5;4.174054;1;Adaptation;15;1;;;;;
14.18;-0.5;-0.5;2.510866;1;Adaptation;15;1;;;;;
14.2;-0.5;-0.5;3.69996;1;Adaptation;15;1;;;;;
14.22;-0.5;-0.5;4.664858;1;Adaptation;15;1;;;;;
14.24;0;0.09375;2.569335;1;Adaptation;15;1;;;;;
14.26;-0.5;-0.5;3.2784;1;Adaptation;15;1;;;;;
14.28;-0.5;-0.5;4.679173;1;Adaptation;15;1;;;;;
14.3;-1;0.0625;5.606226;1;Adaptation;15;1;;;;;
14.32;-0.5;-0.5;2.232584;1;Adaptation;15;1;;;;;
14.34;-0.5;-0.5;4.790005;1;Adaptation;15;1;;;;;
14.36;-0.5;-0.5;3.840258;1;Adaptation;15;1;;;;;
14.38;0;0.09375;3.369769;1;Adaptation;15;1;;;;;
14.4;-0.5;-0.5;2.787741;1;Adaptation;15;1;;;;;
14.42;-0.5;-0.5;5.611653;1;Adaptation;15;1;;;;;
14.44;-1;0.03125;3.928116;1;Adaptation;15;1;;;;;
14.46;-0.5;-0.5;5.271543;1;Adaptation;15;1;;;;;
14.48;-0.5;-0.5;5.918929;1;Adaptation;15;1;;;;;
14.5;-0.5;-0.5;2.022464;1;Adaptation;15;1;;;;;
14.52;-0.5;-0.5;4.131272;1;Adaptation;15;1;;;;;
14.54;1;0;4.139067;1;Adaptation;15;1;;;;;
14.56;-0.5;-0.5;2.356584;1;Adaptation;15;1;;;;;
14.58;-0.5;-0.5;2.81765;1;Adaptation;15;1;;;;;
14.6;-0.5;-0.5;4.167694;1;Adaptation;15;1;;;;;
14.62;-0.5;-0.5;2.483779;1;Adaptation;15;1;;;;;
14.64;-0.5;-0.5;3.287165;1;Adaptation;15;1;;;;;
14.66;-0.5;-0.5;5.63625;1;Adaptation;15;1;;;;;
14.68;-0.5;-0.5;2.989964;1;Adaptation;15;1;;;;;
14.7;-0.5;-0.5;3.770933;1;Adaptation;15;1;;;;;
14.72;-1;0.0625;3.474751;1;Adaptation;15;1;;;;;
14.74;-0.5;-0.5;4.706692;1;Adaptation;15;1;;;;;
14.76;-0.5;-0.5;5.706147;1;Adaptation;15;1;;;;;
14.78;-0.5;-0.5;4.822805;1;Adaptation;15;1;;;;;
14.8;-0.5;-0.5;2.490566;1;Adaptation;15;1;;;;;
14.82;-0.5;-0.5;4.96188;1;Adaptation;15;1;;;;;
14.84;-0.5;-0.5;3.363252;1;Adaptation;15;1;;;;;
14.86;-0.5;-0.5;2.346818;1;Adaptation;15;1;;;;;
14.88;-0.5;-0.5;5.220011;1;Adaptation;15;1;;;;;
14.9;-0.5;-0.5;2.988476;1;Adaptation;15;1;;;;;
14.92;-0.5;-0.5;4.139509;1;Adaptation;15;1;;;;;
14.94;-0.5;-0.5;3.440036;1;Adaptation;15;1;;;;;
14.96;-0.5;-0.5;5.98817;1;Adaptation;15;1;;;;;
14.98;-0.5;-0.5;5.434268;1;Adaptation;15;1;;;;;
15;-0.5;-0.5;2.570978;1;Adaptation;15;1;;;;;
15.02;-0.5;-0.5;2.82631;1;Adaptation;15;1;;;;;
15.04;-0.5;-0.5;5.4521;1;Adaptation;15;1;;;;;
15.06;-0.5;-0.5;5.240419;1;Adaptation;15;1;;;;;
15.08;-0.5;-0.5;2.096038;1;Adaptation;15;1;;;;;
15.1;-0.5;-0.5;5.998197;1;Adaptation;15;1;;;;;
15.12;-0.5;-0.5;3.930092;1;Adaptation;15;1;;;;;
15.14;-0.5;-0.5;2.144433;1;Adaptation;15;1;;;;;
15.16;-0.5;-0.5;3.40063;1;Adaptation;15;1;;;;;
15.18;-0.5;-0.5;3.828855;1;Adaptation;15;1;;;;;
15.2;-0.5;-0.5;5.748353;1;Adaptation;15;1;;;;;
15.22;-0.5;-0.5;2.107661;1;Adaptation;15;1;;;;;
15.24;-0.5;-0.5;4.916553;1;Adaptation;15;1;;;;;
15.26;0;0;2.057652;1;Adaptation;15;1;;;;;
15.28;-0.5;-0.5;2.689612;1;Adaptation;15;1;;;;;
15.3;0;0.03125;4.794056;1;Adaptation;15;1;;;;;
15.32;-0.5;-0.5;5.186703;1;Adaptation;15;1;;;;;
15.34;-0.5;-0.5;2.066837;1;Adaptation;15;1;;;;;
15.36;-0.5;-0.5;3.104908;1;Adaptation;15;1;;;;;
15.38;-0.5;-0.5;5.81892;1;Adaptation;15;1;;;;;
15.4;-0.5;-0.5;2.648628;1;Adaptation;15;1;;;;;
15.42;-0.5;-0.5;2.36053;1;Adaptation;15;1;;;;;
15.44;-0.5;-0.5;4.300159;1;Adaptation;15;1;;;;;
15.46;-0.5;-0.5;4.333152;1;Adaptation;15;1;;;;;
15.48;-0.5;-0.5;3.290288;1;Adaptation;15;1;;;;;
15.5;-0.5;-0.5;4.896608;1;Adaptation;15;1;;;;;
15.52;-0.5;-0.5;4.428274;1;Adaptation;15;1;;;;;
15.54;-0.5;-0.5;2.890035;1;Adaptation;15;1;;;;;
15.56;-0.5;-0.5;4.867798;1;Adaptation;15;1;;;;;
15.58;-0.5;-0.5;3.710124;1;Adaptation;15;1;;;;;
15.6;-0.5;-0.5;4.393312;1;Adaptation;15;1;;;;;
15.62;-0.5;-0.5;2.307289;1;Adaptation;15;1;;;;;
15.64;-0.5;-0.5;2.719533;1;Adaptation;15;1;;;;;
15.66;-0.5;-0.5;4.389859;1;Adaptation;15;1;;;;;
15.68;-0.5;-0.5;4.05841;1;Adaptation;15;1;;;;;
15.7;1;-0.0625;5.226518;1;Adaptation;15;1;;;;;
15.72;-0.5;-0.5;2.345695;1;Adaptation;15;1;;;;;
15.74;-0.5;-0.5;5.145161;1;Adaptation;15;1;;;;;
15.76;-0.5;-0.5;2.172182;1;Adaptation;15;1;;;;;
15.78;-0.5;-0.5;4.540159;1;Adaptation;15;1;;;;;
15.8;-0.5;-0.5;2.851878;1;Adaptation;15;1;;;;;
15.82;-0.5;-0.5;4.128414;1;Adaptation;15;1;;;;;
15.84;-0.5;-0.5;4.862844;1;Adaptation;15;1;;;;;
15.86;0;-0.03125;3.006944;1;Adaptation;15;1;;;;;
15.88;-0.5;-0.5;3.227575;1;Adaptation;15;1;;;;;
15.9;-0.5;-0.5;2.787709;1;Adaptation;15;1;;;;;
15.92;-0.5;-0.5;3.139585;1;Adaptation;15;1;;;;;
15.94;-0.5;-0.5;3.466948;1;Adaptation;15;1;;;;;
15.96;-0.5;-0.5;2.982915;1;Adaptation;15;1;;;;;
15.98;-0.5;-0.5;2.650452;1;Adaptation;15;1;;;;;
16;-0.5;-0.5;4.439656;1;Adaptation;15;1;;;;;
16.02;-0.5;-0.5;4.778565;1;Adaptation;15;1;;;;;
16.04;-0.5;-0.5;4.332645;1;Adaptation;15;1;;;;;
16.06;-0.5;-0.5;5.079884;1;Adaptation;15;1;;;;;
16.08;-0.5;-0.5;5.483559;1;Adaptation;15;1;;;;;
16.1;0;0.125;5.734983;1;Adaptation;15;1;;;;;
16.12;0;0.125;2.801534;1;Adaptation;15;1;;;;;
16.14;-0.5;-0.5;2.369103;1;Adaptation;15;1;;;;;
16.16;-0.5;-0.5;4.660322;1;Adaptation;15;1;;;;;
16.18;-0.5;-0.5;5.346872;1;Adaptation;15;1;;;;;
16.2;-0.5;-0.5;5.668792;1;Adaptation;15;1;;;;;
16.22;-0.5;-0.5;2.582994;1;Adaptation;15;1;;;;;
16.24;-0.5;-0.5;5.268264;1;Adaptation;15;1;;;;;
16.26;0;0;3.370516;1;Adaptation;15;1;;;;;
16.28;0;0;3.680125;1;Adaptation;15;1;;;;;
16.3;-0.5;-0.5;5.29628;1;Adaptation;15;1;;;;;
16.32;-2;0;5.142223;1;Adaptation;15;1;;;;;
16.34;-0.5;-0.5;4.191401;1;Adaptation;15;1;;;;;
16.36;0;0.0625;4.818974;1;Adaptation;15;1;;;;;
16.38;0;0.0625;4.879272;1;Adaptation;15;1;;;;;
16.4;0;-0.1875;5.457532;1;Adaptation;15;1;;;;;
16.42;-0.5;-0.5;4.596345;1;Adaptation;15;1;;;;;
16.44;0;0.125;4.083622;1;Adaptation;15;1;;;;;
16.46;-0.5;-0.5;2.107326;1;Adaptation;15;1;;;;;
16.48;-0.5;-0.5;2.001798;1;Adaptation;15;1;;;;;
16.5;-0.5;-0.5;2.741133;1;Adaptation;15;1;;;;;
16.52;-0.5;-0.5;5.276363;1;Adaptation;15;1;;;;;
16.54;2;-0.25;4.666099;1;Adaptation;15;1;;;;;
16.56;0;-0.125;2.953735;1;Adaptation;15;1;;;;;
16.58;-0.5;-0.5;4.779071;1;Adaptation;15;1;;;;;
16.6;2;-0.1875;2.455923;1;Adaptation;15;1;;;;;
16.62;-2;-0.1875;3.173347;1;Adaptation;15;1;;;;;
16.64;0;0.25;2.398245;1;Adaptation;15;1;;;;;
16.66;-0.5;-0.5;4.226748;1;Adaptation;15;1;;;;;
16.68;-0.5;-0.5;5.795584;1;Adaptation;15;1;;;;;
16.7;-2;0.0625;2.476941;1;Adaptation;15;1;;;;;
16.72;-0.5;-0.5;2.949653;1;Adaptation;15;1;;;;;
16.74;-0.5;-0.5;2.438061;1;Adaptation;15;1;;;;;
16.76;-0.5;-0.5;4.548475;1;Adaptation;15;1;;;;;
16.78;0;0.125;2.690989;1;Adaptation;15;1;;;;;
16.8;-0.5;-0.5;4.940277;1;Adaptation;15;1;;;;;
16.82;-0.5;-0.5;4.444354;1;Adaptation;15;1;;;;;
16.84;-0.5;-0.5;5.811955;1;Adaptation;15;1;;;;;
16.86;-0.5;-0.5;2.027641;1;Adaptation;15;1;;;;;
16.88;-0.5;-0.5;5.873966;1;Adaptation;15;1;;;;;
16.9;-0.5;-0.5;3.664201;1;Adaptation;15;1;;;;;
16.92;-0.5;-0.5;3.300598;1;Adaptation;15;1;;;;;
16.94;2;0.0625;4.986836;1;Adaptation;15;1;;;;;
16.96;-0.5;-0.5;5.045075;1;Adaptation;15;1;;;;;
16.98;0;0.0625;3.564068;1;Adaptation;15;1;;;;;
17;-0.5;-0.5;3.096868;1;Adaptation;15;1;;;;;
17.02;-0.5;-0.5;2.105058;1;Adaptation;15;1;;;;;
17.04;-0.5;-0.5;4.691637;1;Adaptation;15;1;;;;;
17.06;-0.5;-0.5;2.050042;1;Adaptation;15;1;;;;;
17.08;-0.5;-0.5;4.964245;1;Adaptation;15;1;;;;;
17.1;-0.5;-0.5;4.91747;1;Adaptation;15;1;;;;;
17.12;-0.5;-0.5;5.303832;1;Adaptation;15;1;;;;;
17.14;-0.5;-0.5;3.941992;1;Adaptation;15;1;;;;;
17.16;-0.5;-0.5;3.577765;1;Adaptation;15;1;;;;;
17.18;-0.5;-0.5;5.420896;1;Adaptation;15;1;;;;;
17.2;-0.5;-0.5;5.980065;1;Adaptation;15;1;;;;;
17.22;-0.5;-0.5;4.144279;1;Adaptation;15;1;;;;;
17.24;-0.5;-0.5;4.38381;1;Adaptation;15;1;;;;;
17.26;-2;-0.0625;2.261313;1;Adaptation;15;1;;;;;
17.28;0;-0.0625;3.80385;1;Adaptation;15;1;;;;;
17.3;0;-0.1875;2.842575;1;Adaptation;15;1;;;;;
17.32;-0.5;-0.5;3.923335;1;Adaptation;15;1;;;;;
17.34;-2;-0.125;4.665052;1;Adaptation;15;1;;;;;
17.36;-0.5;-0.5;3.138077;1;Adaptation;15;1;;;;;
17.38;-0.5;-0.5;5.932344;1;Adaptation;15;1;;;;;
17.4;-2;-0.125;5.375205;1;Adaptation;15;1;;;;;
17.42;0;-0.125;4.862163;1;Adaptation;15;1;;;;;
17.44;-0.5;-0.5;4.618898;1;Adaptation;15;1;;;;;
17.46;-0.5;-0.5;3.401442;1;Adaptation;15;1;;;;;
17.48;0;0;3.377774;1;Adaptation;15;1;;;;;
17.5;-0.5;-0.5;4.879129;1;Adaptation;15;1;;;;;
17.52;-0.5;-0.5;2.250811;1;Adaptation;15;1;;;;;
17.54;-0.5;-0.5;3.589215;1;Adaptation;15;1;;;;;
17.56;0;0;4.070968;1;Adaptation;15;1;;;;;
17.58;-0.5;-0.5;5.269711;1;Adaptation;15;1;;;;;
17.6;-0.5;-0.5;2.646908;1;Adaptation;15;1;;;;;
17.62;-0.5;-0.5;2.4365;1;Adaptation;15;1;;;;;
17.64;-0.5;-0.5;5.378583;1;Adaptation;15;1;;;;;
17.66;-0.5;-0.5;4.654983;1;Adaptation;15;1;;;;;
17.68;-0.5;-0.5;5.91317;1;Adaptation;15;1;;;;;
17.7;-0.5;-0.5;3.802704;1;Adaptation;15;1;;;;;
17.72;-0.5;-0.5;3.747874;1;Adaptation;15;1;;;;;
17.74;-0.5;-0.5;4.080454;1;Adaptation;15;1;;;;;
17.76;-0.5;-0.5;5.498671;1;Adaptation;15;1;;;;;
17.78;-0.5;-0.5;3.837464;1;Adaptation;15;1;;;;;
17.8;-0.5;-0.5;4.782339;1;Adaptation;15;1;;;;;
17.82;-0.5;-0.5;4.29037;1;Adaptation;15;1;;;;;
17.84;-0.5;-0.5;3.460891;1;Adaptation;15;1;;;;;
17.86;-0.5;-0.5;3.672314;1;Adaptation;15;1;;;;;
17.88;-0.5;-0.5;2.102004;1;Adaptation;15;1;;;;;
17.9;-0.5;-0.5;5.675869;1;Adaptation;15;1;;;;;
17.92;-0.5;-0.5;5.055721;1;Adaptation;15;1;;;;;
17.94;-0.5;-0.5;2.023088;1;Adaptation;15;1;;;;;
17.96;2;0.0625;2.852472;1;Adaptation;15;1;;;;;
17.98;-0.5;-0.5;4.502216;1;Adaptation;15;1;;;;;
18;0;-0.0625;5.198161;1;Adaptation;15;1;;;;;
18.02;-0.5;-0.5;5.441691;1;Adaptation;15;1;;;;;
18.04;-0.5;-0.5;2.008076;1;Adaptation;15;1;;;;;
18.06;-0.5;-0.5;3.355515;1;Adaptation;15;1;;;;;
18.08;-0.5;-0.5;3.856462;1;Adaptation;15;1;;;;;
18.1;-0.5;-0.5;2.382651;1;Adaptation;15;1;;;;;
18.12;0;0.0625;3.659818;1;Adaptation;15;1;;;;;
18.14;-0.5;-0.5;5.924117;1;Adaptation;15;1;;;;;
18.16;-0.5;-0.5;4.729105;1;Adaptation;15;1;;;;;
18.18;-0.5;-0.5;5.950015;1;Adaptation;15;1;;;;;
18.2;-0.5;-0.5;5.527655;1;Adaptation;15;1;;;;;
18.22;0;0.25;4.769488;1;Adaptation;15;1;;;;;
18.24;-0.5;-0.5;4.978225;1;Adaptation;15;1;;;;;
18.26;-0.5;-0.5;5.257239;1;Adaptation;15;1;;;;;
18.28;-0.5;-0.5;4.957497;1;Adaptation;15;1;;;;;
18.3;-0.5;-0.5;2.209314;1;Adaptation;15;1;;;;;
18.32;0;0.1875;2.483315;1;Adaptation;15;1;;;;;
18.34;0;-0.0625;2.152582;1;Adaptation;15;1;;;;;
18.36;2;0.0625;5.93966;1;Adaptation;15;1;;;;;
18.38;0;-0.125;2.963537;1;Adaptation;15;1;;;;;
18.4;-0.5;-0.5;5.702201;1;Adaptation;15;1;;;;;
18.42;-0.5;-0.5;5.006293;1;Adaptation;15;1;;;;;
18.44;-0.5;-0.5;5.850159;1;Adaptation;15;1;;;;;
18.46;2;0.0625;3.125584;1;Adaptation;15;1;;;;;
18.48;-0.5;-0.5;5.77575;1;Adaptation;15;1;;;;;
18.5;-0.5;-0.5;4.728005;1;Adaptation;15;1;;;;;
18.52;-0.5;-0.5;5.073816;1;Adaptation;15;1;;;;;
18.54;-0.5;-0.5;4.373225;1;Adaptation;15;1;;;;;
18.56;-0.5;-0.5;2.263316;1;Adaptation;15;1;;;;;
18.58;-0.5;-0.5;2.00173;1;Adaptation;15;1;;;;;
18.6;0;0.0625;4.347983;1;Adaptation;15;1;;;;;
18.62;-2;-0.125;2.99266;1;Adaptation;15;1;;;;;
18.64;0;0;2.716199;1;Adaptation;15;1;;;;;
18.66;-0.5;-0.5;2.021379;1;Adaptation;15;1;;;;;
18.68;-0.5;-0.5;2.871552;1;Adaptation;15;1;;;;;
18.7;-2;0.1875;5.64267;1;Adaptation;15;1;;;;;
18.72;-0.5;-0.5;2.133139;1;Adaptation;15;1;;;;;
18.74;-0.5;-0.5;3.416241;1;Adaptation;15;1;;;;;
18.76;-0.5;-0.5;5.562846;1;Adaptation;15;1;;;;;
18.78;-0.5;-0.5;3.747785;1;Adaptation;15;1;;;;;
18.8;-2;-0.0625;4.776811;1;Adaptation;15;1;;;;;
18.82;-0.5;-0.5;2.005193;1;Adaptation;15;1;;;;;
18.84;0;-0.1875;2.762798;1;Adaptation;15;1;;;;;
18.86;-0.5;-0.5;3.470674;1;Adaptation;15;1;;;;;
18.88;-0.5;-0.5;5.964928;1;Adaptation;15;1;;;;;
18.9;-0.5;-0.5;2.589858;1;Adaptation;15;1;;;;;
18.92;-0.5;-0.5;2.444891;1;Adaptation;15;1;;;;;
18.94;-0.5;-0.5;4.310203;1;Adaptation;15;1;;;;;
18.96;-0.5;-0.5;2.761257;1;Adaptation;15;1;;;;;
18.98;-0.5;-0.5;5.37702;1;Adaptation;15;1;;;;;
19;-2;-0.0625;3.02488;1;Adaptation;15;1;;;;;
19.02;-0.5;-0.5;2.037416;1;Adaptation;15;1;;;;;
19.04;-0.5;-0.5;4.128493;1;Adaptation;15;1;;;;;
19.06;-0.5;-0.5;2.201956;1;Adaptation;15;1;;;;;
19.08;-0.5;-0.5;3.012232;1;Adaptation;15;1;;;;;
19.1;2;-0.0625;4.501745;1;Adaptation;15;1;;;;;
19.12;-0.5;-0.5;2.551266;1;Adaptation;15;1;;;;;
19.14;-0.5;-0.5;4.1356;1;Adaptation;15;1;;;;;
19.16;-0.5;-0.5;2.162494;1;Adaptation;15;1;;;;;
19.18;-0.5;-0.5;5.320274;1;Adaptation;15;1;;;;;
19.2;0;0.0625;3.909193;1;Adaptation;15;1;;;;;
19.22;-0.5;-0.5;4.535945;1;Adaptation;15;1;;;;;
19.24;-0.5;-0.5;4.058952;1;Adaptation;15;1;;;;;
19.26;-0.5;-0.5;2.780013;1;Adaptation;15;1;;;;;
19.28;2;-0.0625;2.380412;1;Adaptation;15;1;;;;;
19.3;-0.5;-0.5;5.583807;1;Adaptation;15;1;;;;;
19.32;-0.5;-0.5;3.779142;1;Adaptation;15;1;;;;;
19.34;-0.5;-0.5;3.390369;1;Adaptation;15;1;;;;;
19.36;-0.5;-0.5;5.724103;1;Adaptation;15;1;;;;;
19.38;-0.5;-0.5;4.659371;1;Adaptation;15;1;;;;;
19.4;-0.5;-0.5;2.981637;1;Adaptation;15;1;;;;;
19.42;-0.5;-0.5;5.419999;1;Adaptation;15;1;;;;;
19.44;-0.5;-0.5;3.590215;1;Adaptation;15;1;;;;;
19.46;-0.5;-0.5;3.351993;1;Adaptation;15;1;;;;;
19.48;-0.5;-0.5;4.960987;1;Adaptation;15;1;;;;;
19.5;0;0;2.591922;1;Adaptation;15;1;;;;;
19.52;-0.5;-0.5;4.633792;1;Adaptation;15;1;;;;;
19.54;-0.5;-0.5;4.030999;1;Adaptation;15;1;;;;;
19.56;-0.5;-0.5;2.517797;1;Adaptation;15;1;;;;;
19.58;-0.5;-0.5;2.050085;1;Adaptation;15;1;;;;;
19.6;-0.5;-0.5;5.732645;1;Adaptation;15;1;;;;;
19.62;-0.5;-0.5;2.865399;1;Adaptation;15;1;;;;;
19.64;-0.5;-0.5;5.281188;1;Adaptation;15;1;;;;;
19.66;-2;-0.0625;3.661675;1;Adaptation;15;1;;;;;
19.68;-0.5;-0.5;3.262264;1;Adaptation;15;1;;;;;
19.7;-4;0.125;4.271451;1;Adaptation;15;1;;;;;
19.72;-0.5;-0.5;3.912882;1;Adaptation;15;1;;;;;
19.74;0;0.1875;4.497689;1;Adaptation;15;1;;;;;
19.76;-0.5;-0.5;3.130885;1;Adaptation;15;1;;;;;
19.78;0;0;3.708221;1;Adaptation;15;1;;;;;
19.8;-0.5;-0.5;3.099881;1;Adaptation;15;1;;;;;
19.82;-0.5;-0.5;3.124833;1;Adaptation;15;1;;;;;
19.84;-0.5;-0.5;4.427035;1;Adaptation;15;1;;;;;
19.86;-0.5;-0.5;3.624591;1;Adaptation;15;1;;;;;
19.88;-0.5;-0.5;4.373635;1;Adaptation;15;1;;;;;
19.9;-0.5;-0.5;3.473592;1;Adaptation;15;1;;;;;
19.92;-0.5;-0.5;4.079131;1;Adaptation;15;1;;;;;
19.94;-0.5;-0.5;4.803288;1;Adaptation;15;1;;;;;
19.96;-0.5;-0.5;4.391735;1;Adaptation;15;1;;;;;
19.98;-0.5;-0.5;2.721645;1;Adaptation;15;1;;;;;
20;-0.5;-0.5;4.00468;1;Adaptation;15;1;;;;;
20.02;-0.5;-0.5;3.413051;1;Adaptation;15;1;;;;;
20.04;-0.5;-0.5;4.775268;1;Adaptation;15;1;;;;;
20.06;0;0.1875;5.222131;1;Adaptation;15;1;;;;;
20.08;0;0.125;4.206273;1;Adaptation;15;1;;;;;
20.1;-0.5;-0.5;3.769587;1;Adaptation;15;1;;;;;
20.12;-0.5;-0.5;4.567406;1;Adaptation;15;1;;;;;
20.14;-0.5;-0.5;5.753478;1;Adaptation;15;1;;;;;
20.16;-0.5;-0.5;3.147656;1;Adaptation;15;1;;;;;
20.18;0;0.125;5.556226;1;Adaptation;15;1;;;;;
20.2;-0.5;-0.5;4.199832;1;Adaptation;15;1;;;;;
20.22;-0.5;-0.5;3.999441;1;Adaptation;15;1;;;;;
20.24;0;-0.0625;2.069076;1;Adaptation;15;1;;;;;
20.26;-0.5;-0.5;3.758748;1;Adaptation;15;1;;;;;
20.28;-0.5;-0.5;2.179934;1;Adaptation;15;1;;;;;
20.3;-0.5;-0.5;2.602245;1;Adaptation;15;1;;;;;
20.32;-0.5;-0.5;4.583741;1;Adaptation;15;1;;;;;
20.34;-0.5;-0.5;2.792442;1;Adaptation;15;1;;;;;
20.36;-0.5;-0.5;5.995455;1;Adaptation;15;1;;;;;
20.38;-0.5;-0.5;4.2982;1;Adaptation;15;1;;;;;
20.4;-0.5;-0.5;2.940334;1;Adaptation;15;1;;;;;
20.42;-2;0;2.991024;1;Adaptation;15;1;;;;;
20.44;0;-0.125;3.021847;1;Adaptation;15;1;;;;;
20.46;-0.5;-0.5;3.36413;1;Adaptation;15;1;;;;;
20.48;-0.5;-0.5;3.112093;1;Adaptation;15;1;;;;;
20.5;-0.5;-0.5;3.978657;1;Adaptation;15;1;;;;;
20.52;-0.5;-0.5;3.525622;1;Adaptation;15;1;;;;;
20.54;-0.5;-0.5;5.671474;1;Adaptation;15;1;;;;;
20.56;-0.5;-0.5;5.788799;1;Adaptation;15;1;;;;;
20.58;-0.5;-0.5;4.872723;1;Adaptation;15;1;;;;;
20.6;0;-0.0625;5.685709;1;Adaptation;15;1;;;;;
20.62;-0.5;-0.5;5.982364;1;Adaptation;15;1;;;;;
20.64;-0.5;-0.5;3.404878;1;Adaptation;15;1;;;;;
20.66;-0.5;-0.5;4.056379;1;Adaptation;15;1;;;;;
20.68;-0.5;-0.5;5.703104;1;Adaptation;15;1;;;;;
20.7;-0.5;-0.5;4.058211;1;Adaptation;15;1;;;;;
20.72;-0.5;-0.5;3.247085;1;Adaptation;15;1;;;;;
20.74;-0.5;-0.5;4.202913;1;Adaptation;15;1;;;;;
20.76;0;-0.125;3.837108;1;Adaptation;15;1;;;;;
20.78;-0.5;-0.5;5.167947;1;Adaptation;15;1;;;;;
20.8;-0.5;-0.5;2.84036;1;Adaptation;15;1;;;;;
20.82;-0.5;-0.5;3.159085;1;Adaptation;15;1;;;;;
20.84;-0.5;-0.5;4.806035;1;Adaptation;15;1;;;;;
20.86;-0.5;-0.5;2.19583;1;Adaptation;15;1;;;;;
20.88;-0.5;-0.5;5.895458;1;Adaptation;15;1;;;;;
20.9;-0.5;-0.5;4.632518;1;Adaptation;15;1;;;;;
20.92;-0.5;-0.5;2.192752;1;Adaptation;15;1;;;;;
20.94;0;0.0625;2.526508;1;Adaptation;15;1;;;;;
20.96;-0.5;-0.5;4.532421;1;Adaptation;15;1;;;;;
20.98;-0.5;-0.5;5.313064;1;Adaptation;15;1;;;;;
21;0;-0.125;3.36817;1;Adaptation;15;1;;;;;
21.02;-0.5;-0.5;3.360909;1;Adaptation;15;1;;;;;
21.04;-0.5;-0.5;3.579944;1;Adaptation;15;1;;;;;
21.06;-0.5;-0.5;4.219952;1;Adaptation;15;1;;;;;
21.08;-0.5;-0.5;2.1436;1;Adaptation;15;1;;;;;
21.1;-0.5;-0.5;3.951413;1;Adaptation;15;1;;;;;
21.12;-0.5;-0.5;4.098464;1;Adaptation;15;1;;;;;
21.14;2;0;4.606272;1;Adaptation;15;1;;;;;
21.16;-0.5;-0.5;3.472456;1;Adaptation;15;1;;;;;
21.18;-0.5;-0.5;4.195819;1;Adaptation;15;1;;;;;
21.2;-0.5;-0.5;2.243102;1;Adaptation;15;1;;;;;
21.22;-0.5;-0.5;2.561114;1;Adaptation;15;1;;;;;
21.24;-0.5;-0.5;4.266456;1;Adaptation;15;1;;;;;
21.26;-0.5;-0.5;3.108319;1;Adaptation;15;1;;;;;
21.28;-0.5;-0.5;4.689221;1;Adaptation;15;1;;;;;
21.3;-0.5;-0.5;5.100253;1;Adaptation;15;1;;;;;
21.32;-0.5;-0.5;4.210801;1;Adaptation;15;1;;;;;
21.34;-0.5;-0.5;4.548765;1;Adaptation;15;1;;;;;
21.36;2;-0.0625;2.985099;1;Adaptation;15;1;;;;;
21.38;-0.5;-0.5;2.24437;1;Adaptation;15;1;;;;;
21.4;-0.5;-0.5;4.172689;1;Adaptation;15;1;;;;;
21.42;-0.5;-0.5;4.115158;1;Adaptation;15;1;;;;;
21.44;-0.5;-0.5;2.33154;1;Adaptation;15;1;;;;;
21.46;2;0.1875;3.166664;1;Adaptation;15;1;;;;;
21.48;-0.5;-0.5;5.725172;1;Adaptation;15;1;;;;;
21.5;-0.5;-0.5;3.62976;1;Adaptation;15;1;;;;;
21.52;0;0.125;5.996949;1;Adaptation;15;1;;;;;
21.54;-0.5;-0.5;4.783525;1;Adaptation;15;1;;;;;
21.56;0;0.1875;2.847283;1;Adaptation;15;1;;;;;
21.58;-0.5;-0.5;2.439386;1;Adaptation;15;1;;;;;
21.6;-0.5;-0.5;5.48741;1;Adaptation;15;1;;;;;
21.62;-0.5;-0.5;3.522785;1;Adaptation;15;1;;;;;
21.64;-0.5;-0.5;5.802236;1;Adaptation;15;1;;;;;
21.66;-0.5;-0.5;4.253727;1;Adaptation;15;1;;;;;
21.68;-0.5;-0.5;3.951056;1;Adaptation;15;1;;;;;
21.7;0;0.0625;2.435724;1;Adaptation;15;1;;;;;
21.72;-0.5;-0.5;5.15064;1;Adaptation;15;1;;;;;
21.74;-0.5;-0.5;4.374155;1;Adaptation;15;1;;;;;
21.76;-0.5;-0.5;3.690871;1;Adaptation;15;1;;;;;
21.78;2;0;5.850378;1;Adaptation;15;1;;;;;
21.8;0;0.0625;4.730057;1;Adaptation;15;1;;;;;
21.82;0;-0.1875;4.052375;1;Adaptation;15;1;;;;;
21.84;-0.5;-0.5;2.610888;1;Adaptation;15;1;;;;;
21.86;-0.5;-0.5;2.606708;1;Adaptation;15;1;;;;;
21.88;-0.5;-0.5;3.975568;1;Adaptation;15;1;;;;;
21.9;-0.5;-0.5;2.931726;1;Adaptation;15;1;;;;;
21.92;-0.5;-0.5;4.00752;1;Adaptation;15;1;;;;;
21.94;-0.5;-0.5;3.205878;1;Adaptation;15;1;;;;;
21.96;-0.5;-0.5;2.436036;1;Adaptation;15;1;;;;;
21.98;-0.5;-0.5;4.888047;1;Adaptation;15;1;;;;;
22;-2;-0.125;4.820652;1;Adaptation;15;1;;;;;
22.02;0;0.0625;3.422798;1;Adaptation;15;1;;;;;
22.04;-0.5;-0.5;5.613283;1;Adaptation;15;1;;;;;
22.06;-2;0.125;3.387094;1;Adaptation;15;1;;;;;
22.08;-0.5;-0.5;4.938397;1;Adaptation;15;1;;;;;
22.1;-2;0.0625;4.639363;1;Adaptation;15;1;;;;;
22.12;-0.5;-0.5;2.414789;1;Adaptation;15;1;;;;;
22.14;-0.5;-0.5;5.717972;1;Adaptation;15;1;;;;;
22.16;-0.5;-0.5;4.680634;1;Adaptation;15;1;;;;;
22.18;-0.5;-0.5;4.347259;1;Adaptation;15;1;;;;;
22.2;0;0;3.877455;1;Adaptation;15;1;;;;;
22.22;-0.5;-0.5;2.636271;1;Adaptation;15;1;;;;;
22.24;-0.5;-0.5;5.763513;1;Adaptation;15;1;;;;;
22.26;-0.5;-0.5;3.427541;1;Adaptation;15;1;;;;;
22.28;0;-0.125;3.281844;1;Adaptation;15;1;;;;;
22.3;-0.5;-0.5;3.88452;1;Adaptation;15;1;;;;;
22.32;-0.5;-0.5;5.978703;1;Adaptation;15;1;;;;;
22.34;-0.5;-0.5;5.919875;1;Adaptation;15;1;;;;;
22.36;-0.5;-0.5;2.643441;1;Adaptation;15;1;;;;;
22.38;-0.5;-0.5;3.138637;1;Adaptation;15;1;;;;;
22.4;-0.5;-0.5;5.692314;1;Adaptation;15;1;;;;;
22.42;-0.5;-0.5;4.234487;1;Adaptation;15;1;;;;;
22.44;-0.5;-0.5;4.627185;1;Adaptation;15;1;;;;;
22.46;-0.5;-0.5;3.20655;1;Adaptation;15;1;;;;;
22.48;0;-0.0625;4.597212;1;Adaptation;15;1;;;;;
22.5;-0.5;-0.5;2.623365;1;Adaptation;15;1;;;;;
22.52;-0.5;-0.5;3.915945;1;Adaptation;15;1;;;;;
22.54;-0.5;-0.5;5.333199;1;Adaptation;15;1;;;;;
22.56;2;-0.125;2.817597;1;Adaptation;15;1;;;;;
22.58;-0.5;-0.5;5.4269;1;Adaptation;15;1;;;;;
22.6;-0.5;-0.5;4.051337;1;Adaptation;15;1;;;;;
22.62;-0.5;-0.5;2.706228;1;Adaptation;15;1;;;;;
22.64;0;-0.25;2.461688;1;Adaptation;15;1;;;;;
22.66;0;-0.1875;5.315814;1;Adaptation;15;1;;;;;
22.68;-0.5;-0.5;2.294384;1;Adaptation;15;1;;;;;
22.7;-0.5;-0.5;5.636899;1;Adaptation;15;1;;;;;
22.72;-0.5;-0.5;4.87227;1;Adaptation;15;1;;;;;
22.74;-2;0.0625;5.689854;1;Adaptation;15;1;;;;;
22.76;-0.5;-0.5;5.674298;1;Adaptation;15;1;;;;;
22.78;-0.5;-0.5;3.730517;1;Adaptation;15;1;;;;;
22.8;-0.5;-0.5;3.160746;1;Adaptation;15;1;;;;;
22.82;0;-0.125;4.216173;1;Adaptation;15;1;;;;;
22.84;-0.5;-0.5;3.135257;1;Adaptation;15;1;;;;;
22.86;-0.5;-0.5;4.369584;1;Adaptation;15;1;;;;;
22.88;-0.5;-0.5;3.64226;1;Adaptation;15;1;;;;;
22.9;2;0.0625;2.656824;1;Adaptation;15;1;;;;;
22.92;-0.5;-0.5;2.655081;1;Adaptation;15;1;;;;;
22.94;-2;0.0625;3.113006;1;Adaptation;15;1;;;;;
22.96;-0.5;-0.5;3.864926;1;Adaptation;15;1;;;;;
22.98;-0.5;-0.5;4.353578;1;Adaptation;15;1;;;;;
23;-0.5;-0.5;2.909112;1;Adaptation;15;1;;;;;
23.02;-0.5;-0.5;2.123896;1;Adaptation;15;1;;;;;
23.04;0;-0.125;5.746509;1;Adaptation;15;1;;;;;
23.06;-0.5;-0.5;2.971784;1;Adaptation;15;1;;;;;
23.08;-0.5;-0.5;5.915386;1;Adaptation;15;1;;;;;
23.1;-0.5;-0.5;5.986802;1;Adaptation;15;1;;;;;
23.12;-0.5;-0.5;5.784087;1;Adaptation;15;1;;;;;
23.14;-0.5;-0.5;2.309843;1;Adaptation;15;1;;;;;
23.16;-0.5;-0.5;3.298721;1;Adaptation;15;1;;;;;
23.18;-0.5;-0.5;5.822498;1;Adaptation;15;1;;;;;
23.2;-0.5;-0.5;5.339666;1;Adaptation;15;1;;;;;
23.22;-0.5;-0.5;5.570399;1;Adaptation;15;1;;;;;
23.24;-0.5;-0.5;4.359715;1;Adaptation;15;1;;;;;
23.26;-0.5;-0.5;2.380888;1;Adaptation;15;1;;;;;
23.28;-0.5;-0.5;5.637181;1;Adaptation;15;1;;;;;
23.3;-2;0.0625;3.029437;1;Adaptation;15;1;;;;;
23.32;-0.5;-0.5;5.094453;1;Adaptation;15;1;;;;;
23.34;-0.5;-0.5;4.968249;1;Adaptation;15;1;;;;;
23.36;-0.5;-0.5;2.817892;1;Adaptation;15;1;;;;;
23.38;-0.5;-0.5;2.675917;1;Adaptation;15;1;;;;;
23.4;-0.5;-0.5;5.162697;1;Adaptation;15;1;;;;;
23.42;-0.5;-0.5;5.320346;1;Adaptation;15;1;;;;;
23.44;-0.5;-0.5;2.744762;1;Adaptation;15;1;;;;;
23.46;-0.5;-0.5;2.858769;1;Adaptation;15;1;;;;;
23.48;0;0.0625;4.153807;1;Adaptation;15;1;;;;;
23.5;0;0.125;5.323754;1;Adaptation;15;1;;;;;
23.52;0;0.0625;2.547482;1;Adaptation;15;1;;;;;
23.54;-0.5;-0.5;5.983024;1;Adaptation;15;1;;;;;
23.56;-0.5;-0.5;4.076312;1;Adaptation;15;1;;;;;
23.58;2;-0.0625;5.50275;1;Adaptation;15;1;;;;;
23.6;-0.5;-0.5;4.483233;1;Adaptation;15;1;;;;;
23.62;-2;-0.125;2.477565;1;Adaptation;15;1;;;;;
23.64;-0.5;-0.5;4.189471;1;Adaptation;15;1;;;;;
23.66;-0.5;-0.5;4.253906;1;Adaptation;15;1;;;;;
23.68;-0.5;-0.5;5.032702;1;Adaptation;15;1;;;;;
23.7;-0.5;-0.5;3.67007;1;Adaptation;15;1;;;;;
23.72;-0.5;-0.5;5.833286;1;Adaptation;15;1;;;;;
23.74;-0.5;-0.5;5.356105;1;Adaptation;15;1;;;;;
23.76;-2;-0.1875;3.289787;1;Adaptation;15;1;;;;;
23.78;-0.5;-0.5;4.514853;1;Adaptation;15;1;;;;;
23.8;-0.5;-0.5;2.421017;1;Adaptation;15;1;;;;;
23.82;-0.5;-0.5;4.166339;1;Adaptation;15;1;;;;;
23.84;-2;-0.1875;3.901823;1;Adaptation;15;1;;;;;
23.86;-0.5;-0.5;4.776453;1;Adaptation;15;1;;;;;
23.88;-0.5;-0.5;5.664433;1;Adaptation;15;1;;;;;
23.9;-0.5;-0.5;2.629836;1;Adaptation;15;1;;;;;
23.92;0;0;5.496905;1;Adaptation;15;1;;;;;
23.94;-0.5;-0.5;4.303454;1;Adaptation;15;1;;;;;
23.96;0;0.0625;4.563541;1;Adaptation;15;1;;;;;
23.98;-0.5;-0.5;5.267949;1;Adaptation;15;1;;;;;
24;-0.5;-0.5;3.592004;1;Adaptation;15;1;;;;;
24.02;-0.5;-0.5;2.695222;1;Adaptation;15;1;;;;;
24.04;-0.5;-0.5;4.780672;1;Adaptation;15;1;;;;;
24.06;-0.5;-0.5;4.289718;1;Adaptation;15;1;;;;;
24.08;-0.5;-0.5;2.082301;1;Adaptation;15;1;;;;;
24.1;0;-0.125;3.640269;1;Adaptation;15;1;;;;;
24.12;-0.5;-0.5;5.896552;1;Adaptation;15;1;;;;;
24.14;-0.5;-0.5;4.773252;1;Adaptation;15;1;;;;;
24.16;-0.5;-0.5;5.770604;1;Adaptation;15;1;;;;;
24.18;-4;-0.1875;2.114195;1;Adaptation;15;1;;;;;
24.2;-0.5;-0.5;3.805234;1;Adaptation;15;1;;;;;
24.22;-0.5;-0.5;5.042845;1;Adaptation;15;1;;;;;
24.24;-0.5;-0.5;5.255559;1;Adaptation;15;1;;;;;
24.26;-0.5;-0.5;4.031405;1;Adaptation;15;1;;;;;
24.28;0;-0.0625;2.83363;1;Adaptation;15;1;;;;;
24.3;0;-0.125;3.824434;1;Adaptation;15;1;;;;;
24.32;-0.5;-0.5;3.888272;1;Adaptation;15;1;;;;;
24.34;0;-0.0625;3.752089;1;Adaptation;15;1;;;;;
24.36;-0.5;-0.5;3.113073;1;Adaptation;15;1;;;;;
24.38;0;0;4.291388;1;Adaptation;15;1;;;;;
24.4;-0.5;-0.5;4.291249;1;Adaptation;15;1;;;;;
24.42;-0.5;-0.5;3.145308;1;Adaptation;15;1;;;;;
24.44;0;-0.125;3.498378;1;Adaptation;15;1;;;;;
;;;;;;;;;;;;
