time;pos_x_right;pos_y_right;dil_right;pos_x_left;pos_y_left;dil_left;brightness;state;fov;trial;;
0;-0.5;-0.5;3.074469;1;Adaptation;15;1;;;;;
0.02;-0.5;-0.5;3.403663;1;Adaptation;15;1;;;;;
0.04;-0.5;-0.5;5.313313;1;Adaptation;15;1;;;;;
0.06;-0.5;-0.5;3.163957;1;Adaptation;15;1;;;;;
0.08;-0.5;-0.5;5.960241;1;Adaptation;15;1;;;;;
0.09999999;-0.5;-0.5;5.659058;1;Adaptation;15;1;;;;;
0.12;-0.5;-0.5;3.517945;1;Adaptation;15;1;;;;;
0.14;-0.5;-0.5;3.693417;1;Adaptation;15;1;;;;;
0.16;-0.5;-0.5;3.788732;1;Adaptation;15;1;;;;;
0.18;-0.5;-0.5;2.183899;1;Adaptation;15;1;;;;;
0.2;-0.5;-0.5;4.483335;1;Adaptation;15;1;;;;;
0.22;-0.5;-0.5;3.569274;1;Adaptation;15;1;;;;;
0.24;-0.5;-0.5;2.373969;1;Adaptation;15;1;;;;;
0.26;-0.5;-0.5;3.002049;1;Adaptation;15;1;;;;;
0.28;-0.5;-0.5;2.035337;1;Adaptation;15;1;;;;;
0.3;-0.5;-0.5;4.870892;1;Adaptation;15;1;;;;;
0.32;-0.5;-0.5;5.451732;1;Adaptation;15;1;;;;;
0.34;-0.5;-0.5;3.525157;1;Adaptation;15;1;;;;;
0.36;0;0.125;4.207;1;Adaptation;15;1;;;;;
0.38;0;-0.125;2.555242;1;Adaptation;15;1;;;;;
0.4;-0.5;-0.5;5.123245;1;Adaptation;15;1;;;;;
0.42;0;0.25;3.067468;1;Adaptation;15;1;;;;;
0.44;-0.5;-0.5;5.950305;1;Adaptation;15;1;;;;;
0.46;-0.5;-0.5;3.960946;1;Adaptation;15;1;;;;;
0.48;-4;-0.125;2.043584;1;Adaptation;15;1;;;;;
0.5;-0.5;-0.5;3.706131;1;Adaptation;15;1;;;;;
0.52;-0.5;-0.5;2.677413;1;Adaptation;15;1;;;;;
0.54;-0.5;-0.5;4.699344;1;Adaptation;15;1;;;;;
0.56;2;-0.125;2.85814;1;Adaptation;15;1;;;;;
0.58;-0.5;-0.5;4.084785;1;Adaptation;15;1;;;;;
0.6;0;0.125;4.678846;1;Adaptation;15;1;;;;;
0.62;-0.5;-0.5;4.953878;1;Adaptation;15;1;;;;;
0.64;-0.5;-0.5;5.142985;1;Adaptation;15;1;;;;;
0.66;-0.5;-0.5;4.322257;1;Adaptation;15;1;;;;;
0.68;-0.5;-0.5;3.497226;1;Adaptation;15;1;;;;;
0.7;-0.5;-0.5;2.549123;1;Adaptation;15;1;;;;;
0.72;-0.5;-0.5;4.995121;1;Adaptation;15;1;;;;;
0.74;-0.5;-0.5;3.805766;1;Adaptation;15;1;;;;;
0.76;0;0;3.366547;1;Adaptation;15;1;;;;;
0.78;-0.5;-0.5;4.406552;1;Adaptation;15;1;;;;;
0.8;-2;-0.125;3.679173;1;Adaptation;15;1;;;;;
0.82;0;0;3.324816;1;Adaptation;15;1;;;;;
0.84;-0.5;-0.5;2.568242;1;Adaptation;15;1;;;;;
0.86;0;0.125;5.198979;1;Adaptation;15;1;;;;;
0.88;0;0;4.509082;1;Adaptation;15;1;;;;;
0.9;-0.5;-0.5;3.687906;1;Adaptation;15;1;;;;;
0.92;0;-0.125;2.750593;1;Adaptation;15;1;;;;;
0.94;0;-0.125;3.763124;1;Adaptation;15;1;;;;;
0.96;0;0;4.604369;1;Adaptation;15;1;;;;;
0.98;0;0.25;5.462689;1;Adaptation;15;1;;;;;
1;-0.5;-0.5;3.612168;1;Adaptation;15;1;;;;;
1.02;-0.5;-0.5;5.923671;1;Adaptation;15;1;;;;;
1.04;-0.5;-0.5;4.958353;1;Adaptation;15;1;;;;;
1.06;-0.5;-0.5;2.288909;1;Adaptation;15;1;;;;;
1.08;-0.5;-0.5;2.569615;1;Adaptation;15;1;;;;;
1.1;-0.5;-0.5;5.041465;1;Adaptation;15;1;;;;;
1.12;-0.5;-0.5;4.366612;1;Adaptation;15;1;;;;;
1.14;-0.5;-0.5;3.21356;1;Adaptation;15;1;;;;;
1.16;0;0.125;3.979865;1;Adaptation;15;1;;;;;
1.18;-0.5;-0.5;5.902846;1;Adaptation;15;1;;;;;
1.2;-0.5;-0.5;3.198703;1;Adaptation;15;1;;;;;
1.22;-2;-0.125;4.121786;1;Adaptation;15;1;;;;;
1.24;-0.5;-0.5;3.667428;1;Adaptation;15;1;;;;;
1.26;-0.5;-0.5;5.471434;1;Adaptation;15;1;;;;;
1.28;-0.5;-0.5;3.728107;1;Adaptation;15;1;;;;;
1.3;0;-0.375;5.344483;1;Adaptation;15;1;;;;;
1.32;-0.5;-0.5;4.187845;1;Adaptation;15;1;;;;;
1.34;-2;0;4.249201;1;Adaptation;15;1;;;;;
1.36;-0.5;-0.5;5.532783;1;Adaptation;15;1;;;;;
1.38;-0.5;-0.5;5.045456;1;Adaptation;15;1;;;;;
1.4;0;0.25;2.824921;1;Adaptation;15;1;;;;;
1.42;-0.5;-0.5;5.175536;1;Adaptation;15;1;;;;;
1.44;-0.5;-0.5;2.017611;1;Adaptation;15;1;;;;;
1.46;-0.5;-0.5;2.930429;1;Adaptation;15;1;;;;;
1.48;-0.5;-0.5;2.675502;1;Adaptation;15;1;;;;;
1.5;-0.5;-0.5;4.182251;1;Adaptation;15;1;;;;;
1.52;-0.5;-0.5;4.008327;1;Adaptation;15;1;;;;;
1.54;0;0;3.136738;1;Adaptation;15;1;;;;;
1.56;-0.5;-0.5;2.188898;1;Adaptation;15;1;;;;;
1.58;-0.5;-0.5;5.140363;1;Adaptation;15;1;;;;;
1.6;-0.5;-0.5;5.725393;1;Adaptation;15;1;;;;;
1.62;-0.5;-0.5;4.514755;1;Adaptation;15;1;;;;;
1.64;-0.5;-0.5;2.172499;1;Adaptation;15;1;;;;;
1.66;-0.5;-0.5;2.325789;1;Adaptation;15;1;;;;;
1.68;-0.5;-0.5;2.992392;1;Adaptation;15;1;;;;;
1.7;-0.5;-0.5;4.219412;1;Adaptation;15;1;;;;;
1.72;-0.5;-0.5;3.621238;1;Adaptation;15;1;;;;;
1.74;-0.5;-0.5;2.660242;1;Adaptation;15;1;;;;;
1.76;-0.5;-0.5;4.172273;1;Adaptation;15;1;;;;;
1.78;-0.5;-0.5;5.995894;1;Adaptation;15;1;;;;;
1.8;-0.5;-0.5;4.57694;1;Adaptation;15;1;;;;;
1.82;-0.5;-0.5;4.029222;1;Adaptation;15;1;;;;;
1.84;-0.5;-0.5;4.043964;1;Adaptation;15;1;;;;;
1.86;-0.5;-0.5;5.162828;1;Adaptation;15;1;;;;;
1.88;-0.5;-0.5;5.539416;1;Adaptation;15;1;;;;;
1.9;-0.5;-0.5;4.492701;1;Adaptation;15;1;;;;;
1.92;-0.5;-0.5;5.238546;1;Adaptation;15;1;;;;;
1.94;-0.5;-0.5;3.2638;1;Adaptation;15;1;;;;;
1.96;-0.5;-0.5;5.046451;1;Adaptation;15;1;;;;;
1.98;0;0.125;3.313618;1;Adaptation;15;1;;;;;
2;0;0.25;3.953037;1;Adaptation;15;1;;;;;
2.02;-2;-0.125;4.394494;1;Adaptation;15;1;;;;;
2.04;-0.5;-0.5;3.036081;1;Adaptation;15;1;;;;;
2.06;-0.5;-0.5;2.630642;1;Adaptation;15;1;;;;;
2.08;-0.5;-0.5;5.867806;1;Adaptation;15;1;;;;;
2.1;-0.5;-0.5;3.089566;1;Adaptation;15;1;;;;;
2.12;-0.5;-0.5;5.479465;1;Adaptation;15;1;;;;;
2.14;-0.5;-0.5;3.079247;1;Adaptation;15;1;;;;;
2.16;2;0.125;4.245408;1;Adaptation;15;1;;;;;
2.18;-0.5;-0.5;2.524921;1;Adaptation;15;1;;;;;
2.2;-0.5;-0.5;5.358488;1;Adaptation;15;1;;;;;
2.22;2;0.125;4.051402;1;Adaptation;15;1;;;;;
2.24;-0.5;-0.5;5.902987;1;Adaptation;15;1;;;;;
2.26;-0.5;-0.5;5.983244;1;Adaptation;15;1;;;;;
2.28;-0.5;-0.5;4.655242;1;Adaptation;15;1;;;;;
2.3;-0.5;-0.5;3.123623;1;Adaptation;15;1;;;;;
2.32;-0.5;-0.5;5.671949;1;Adaptation;15;1;;;;;
2.34;2;0;5.350198;1;Adaptation;15;1;;;;;
2.36;-0.5;-0.5;2.615905;1;Adaptation;15;1;;;;;
2.38;0;0.25;2.117624;1;Adaptation;15;1;;;;;
2.4;-0.5;-0.5;3.20639;1;Adaptation;15;1;;;;;
2.42;-0.5;-0.5;4.620492;1;Adaptation;15;1;;;;;
2.44;-0.5;-0.5;4.633998;1;Adaptation;15;1;;;;;
2.46;-0.5;-0.5;5.287055;1;Adaptation;15;1;;;;;
2.48;2;0;2.730327;1;Adaptation;15;1;;;;;
2.5;-0.5;-0.5;2.49687;1;Adaptation;15;1;;;;;
2.52;-2;0;3.131867;1;Adaptation;15;1;;;;;
2.54;2;0;4.160331;1;Adaptation;15;1;;;;;
2.56;-0.5;-0.5;2.657592;1;Adaptation;15;1;;;;;
2.58;-0.5;-0.5;3.307172;1;Adaptation;15;1;;;;;
2.6;0;0.25;2.038082;1;Adaptation;15;1;;;;;
2.62;-0.5;-0.5;3.415087;1;Adaptation;15;1;;;;;
2.64;0;0.125;5.142133;1;Adaptation;15;1;;;;;
2.66;-0.5;-0.5;2.765484;1;Adaptation;15;1;;;;;
2.68;-2;-0.125;2.5633;1;Adaptation;15;1;;;;;
2.7;-0.5;-0.5;4.31813;1;Adaptation;15;1;;;;;
2.72;-0.5;-0.5;2.789707;1;Adaptation;15;1;;;;;
2.74;-0.5;-0.5;2.941632;1;Adaptation;15;1;;;;;
2.76;-0.5;-0.5;2.399005;1;Adaptation;15;1;;;;;
2.78;-0.5;-0.5;4.725498;1;Adaptation;15;1;;;;;
2.8;-0.5;-0.5;3.367984;1;Adaptation;15;1;;;;;
2.82;-0.5;-0.5;2.644243;1;Adaptation;15;1;;;;;
2.84;-0.5;-0.5;5.844961;1;Adaptation;15;1;;;;;
2.86;-0.5;-0.5;4.679256;1;Adaptation;15;1;;;;;
2.88;-0.5;-0.5;3.105234;1;Adaptation;15;1;;;;;
2.9;0;0;2.733955;1;Adaptation;15;1;;;;;
2.92;-0.5;-0.5;5.947411;1;Adaptation;15;1;;;;;
2.94;-0.5;-0.5;4.736552;1;Adaptation;15;1;;;;;
2.96;-0.5;-0.5;2.394258;1;Adaptation;15;1;;;;;
2.98;-2;-0.25;2.835802;1;Adaptation;15;1;;;;;
3;-0.5;-0.5;5.748661;1;Adaptation;15;1;;;;;
3.02;-0.5;-0.5;2.771242;1;Adaptation;15;1;;;;;
3.04;-0.5;-0.5;5.849842;1;Adaptation;15;1;;;;;
3.06;-0.5;-0.5;4.670963;1;Adaptation;15;1;;;;;
3.08;0;0;3.522327;1;Adaptation;15;1;;;;;
3.1;-0.5;-0.5;4.525861;1;Adaptation;15;1;;;;;
3.12;2;0;3.595757;1;Adaptation;15;1;;;;;
3.14;0;0.25;2.288762;1;Adaptation;15;1;;;;;
3.16;-0.5;-0.5;5.472005;1;Adaptation;15;1;;;;;
3.18;-0.5;-0.5;2.703598;1;Adaptation;15;1;;;;;
3.2;-0.5;-0.5;4.92879;1;Adaptation;15;1;;;;;
3.22;-0.5;-0.5;5.962604;1;Adaptation;15;1;;;;;
3.24;-0.5;-0.5;5.009064;1;Adaptation;15;1;;;;;
3.26;-2;0.25;3.706576;1;Adaptation;15;1;;;;;
3.28;0;0.25;4.515511;1;Adaptation;15;1;;;;;
3.3;-0.5;-0.5;3.325801;1;Adaptation;15;1;;;;;
3.32;-0.5;-0.5;2.106061;1;Adaptation;15;1;;;;;
3.34;-0.5;-0.5;4.651429;1;Adaptation;15;1;;;;;
3.36;-0.5;-0.5;3.414962;1;Adaptation;15;1;;;;;
3.38;-0.5;-0.5;2.00678;1;Adaptation;15;1;;;;;
3.4;-2;0;5.438645;1;Adaptation;15;1;;;;;
3.42;0;0;4.167612;1;Adaptation;15;1;;;;;
3.44;-0.5;-0.5;5.641934;1;Adaptation;15;1;;;;;
3.46;-0.5;-0.5;3.073977;1;Adaptation;15;1;;;;;
3.48;-0.5;-0.5;5.307644;1;Adaptation;15;1;;;;;
3.5;-0.5;-0.5;2.181426;1;Adaptation;15;1;;;;;
3.52;-0.5;-0.5;2.118545;1;Adaptation;15;1;;;;;
3.54;-0.5;-0.5;5.211535;1;Adaptation;15;1;;;;;
3.56;-0.5;-0.5;3.866896;1;Adaptation;15;1;;;;;
3.58;-0.5;-0.5;3.018432;1;Adaptation;15;1;;;;;
3.6;-0.5;-0.5;2.864501;1;Adaptation;15;1;;;;;
3.62;-0.5;-0.5;5.926989;1;Adaptation;15;1;;;;;
3.64;-0.5;-0.5;3.575206;1;Adaptation;15;1;;;;;
3.66;0;0;4.091123;1;Adaptation;15;1;;;;;
3.68;-0.5;-0.5;5.282262;1;Adaptation;15;1;;;;;
3.7;-0.5;-0.5;5.266245;1;Adaptation;15;1;;;;;
3.72;-0.5;-0.5;3.620857;1;Adaptation;15;1;;;;;
3.74;-0.5;-0.5;5.366161;1;Adaptation;15;1;;;;;
3.76;-0.5;-0.5;5.078818;1;Adaptation;15;1;;;;;
3.78;2;-0.25;4.465965;1;Adaptation;15;1;;;;;
3.8;-0.5;-0.5;2.36749;1;Adaptation;15;1;;;;;
3.82;-0.5;-0.5;3.351113;1;Adaptation;15;1;;;;;
3.84;0;0.125;5.634431;1;Adaptation;15;1;;;;;
3.86;-0.5;-0.5;3.06323;1;Adaptation;15;1;;;;;
3.88;-0.5;-0.5;2.148123;1;Adaptation;15;1;;;;;
3.9;-0.5;-0.5;3.395227;1;Adaptation;15;1;;;;;
3.92;-0.5;-0.5;2.385845;1;Adaptation;15;1;;;;;
3.94;-0.5;-0.5;4.991844;1;Adaptation;15;1;;;;;
3.96;0;0;2.912685;1;Adaptation;15;1;;;;;
3.98;-0.5;-0.5;4.926854;1;Adaptation;15;1;;;;;
4;-0.5;-0.5;5.357988;1;Adaptation;15;1;;;;;
4.02;-0.5;-0.5;4.680718;1;Adaptation;15;1;;;;;
4.04;-0.5;-0.5;5.478042;1;Adaptation;15;1;;;;;
4.06;-0.5;-0.5;2.590752;1;Adaptation;15;1;;;;;
4.08;-0.5;-0.5;2.781842;1;Adaptation;15;1;;;;;
4.1;-0.5;-0.5;4.123764;1;Adaptation;15;1;;;;;
4.12;0;0;2.67302;1;Adaptation;15;1;;;;;
4.14;-0.5;-0.5;2.914587;1;Adaptation;15;1;;;;;
4.16;0;0;2.705782;1;Adaptation;15;1;;;;;
4.18;-0.5;-0.5;5.094269;1;Adaptation;15;1;;;;;
4.2;-0.5;-0.5;2.964975;1;Adaptation;15;1;;;;;
4.22;-0.5;-0.5;2.582368;1;Adaptation;15;1;;;;;
4.24;-0.5;-0.5;4.161803;1;Adaptation;15;1;;;;;
4.26;-0.5;-0.5;2.01465;1;Adaptation;15;1;;;;;
4.28;2;0.125;5.516653;1;Adaptation;15;1;;;;;
4.3;0;-0.125;5.25243;1;Adaptation;15;1;;;;;
4.32;-0.5;-0.5;3.550284;1;Adaptation;15;1;;;;;
4.34;-0.5;-0.5;4.963763;1;Adaptation;15;1;;;;;
4.36;-0.5;-0.5;2.916763;1;Adaptation;15;1;;;;;
4.38;-2;0;3.899474;1;Adaptation;15;1;;;;;
4.4;-2;0;5.526952;1;Adaptation;15;1;;;;;
4.42;-0.5;-0.5;4.816165;1;Adaptation;15;1;;;;;
4.44;-0.5;-0.5;2.97558;1;Adaptation;15;1;;;;;
4.46;0;0;2.990663;1;Adaptation;15;1;;;;;
;;;;;;;;;;;;
