time;pos_x_right;pos_y_right;dil_right;pos_x_left;pos_y_left;dil_left;brightness;state;fov;trial;;
0;-0.5;-0.5;5.25549;1;Adaptation;15;1;;;;;
0.02;-0.5;-0.5;3.882812;1;Adaptation;15;1;;;;;
0.04;-0.5;-0.5;2.206267;1;Adaptation;15;1;;;;;
0.06;-0.5;-0.5;4.780455;1;Adaptation;15;1;;;;;
0.08;-0.5;-0.5;4.198252;1;Adaptation;15;1;;;;;
0.09999999;-0.5;-0.5;3.037534;1;Adaptation;15;1;;;;;
0.12;-0.5;-0.5;2.541048;1;Adaptation;15;1;;;;;
0.14;-0.5;-0.5;5.66843;1;Adaptation;15;1;;;;;
0.16;-0.5;-0.5;4.552578;1;Adaptation;15;1;;;;;
0.18;-0.5;-0.5;2.532114;1;Adaptation;15;1;;;;;
0.2;-0.5;-0.5;3.83411;1;Adaptation;15;1;;;;;
0.22;-0.5;-0.5;5.124221;1;Adaptation;15;1;;;;;
0.24;-0.5;-0.5;5.296803;1;Adaptation;15;1;;;;;
0.26;-0.5;-0.5;3.273845;1;Adaptation;15;1;;;;;
0.28;-0.5;-0.5;2.020378;1;Adaptation;15;1;;;;;
0.3;-0.5;-0.5;2.898839;1;Adaptation;15;1;;;;;
0.32;-0.5;-0.5;2.154978;1;Adaptation;15;1;;;;;
0.34;-0.5;-0.5;2.919186;1;Adaptation;15;1;;;;;
0.36;-0.5;-0.5;5.952479;1;Adaptation;15;1;;;;;
0.38;-0.5;-0.5;5.303268;1;Adaptation;15;1;;;;;
0.4;-0.5;-0.5;5.493358;1;Adaptation;15;1;;;;;
0.42;-0.5;-0.5;3.658155;1;Adaptation;15;1;;;;;
0.44;-0.5;-0.5;3.630114;1;Adaptation;15;1;;;;;
0.46;-0.5;-0.5;3.191222;1;Adaptation;15;1;;;;;
0.48;-0.5;-0.5;3.395864;1;Adaptation;15;1;;;;;
0.5;-0.5;-0.5;3.001318;1;Adaptation;15;1;;;;;
0.52;-0.5;-0.5;5.411822;1;Adaptation;15;1;;;;;
0.54;0;-0.25;5.386512;1;Adaptation;15;1;;;;;
0.56;0;0;2.260503;1;Adaptation;15;1;;;;;
0.58;-2;0;3.877073;1;Adaptation;15;1;;;;;
0.6;0;0;5.13952;1;Adaptation;15;1;;;;;
0.62;0;0.125;5.853636;1;Adaptation;15;1;;;;;
0.64;-0.5;-0.5;5.204913;1;Adaptation;15;1;;;;;
0.66;0;0;5.945085;1;Adaptation;15;1;;;;;
0.68;-0.5;-0.5;4.912651;1;Adaptation;15;1;;;;;
0.7;-0.5;-0.5;4.901973;1;Adaptation;15;1;;;;;
0.72;-0.5;-0.5;2.874023;1;Adaptation;15;1;;;;;
0.74;-0.5;-0.5;2.217659;1;Adaptation;15;1;;;;;
0.76;-0.5;-0.5;5.931342;1;Adaptation;15;1;;;;;
0.78;-0.5;-0.5;5.139978;1;Adaptation;15;1;;;;;
0.8;-0.5;-0.5;2.563369;1;Adaptation;15;1;;;;;
0.82;-2;-0.125;5.52475;1;Adaptation;15;1;;;;;
0.84;-0.5;-0.5;4.993731;1;Adaptation;15;1;;;;;
0.86;-0.5;-0.5;2.864292;1;Adaptation;15;1;;;;;
0.88;-0.5;-0.5;5.929636;1;Adaptation;15;1;;;;;
0.9;-0.5;-0.5;2.666557;1;Adaptation;15;1;;;;;
0.92;-0.5;-0.5;4.184681;1;Adaptation;15;1;;;;;
0.94;-0.5;-0.5;5.774178;1;Adaptation;15;1;;;;;
0.96;-0.5;-0.5;2.653073;1;Adaptation;15;1;;;;;
0.98;-0.5;-0.5;5.124668;1;Adaptation;15;1;;;;;
1;-0.5;-0.5;4.388535;1;Adaptation;15;1;;;;;
1.02;-0.5;-0.5;2.238748;1;Adaptation;15;1;;;;;
1.04;-0.5;-0.5;2.593139;1;Adaptation;15;1;;;;;
1.06;-0.5;-0.5;2.298896;1;Adaptation;15;1;;;;;
1.08;-0.5;-0.5;3.962272;1;Adaptation;15;1;;;;;
1.1;-0.5;-0.5;2.047033;1;Adaptation;15;1;;;;;
1.12;-0.5;-0.5;5.535194;1;Adaptation;15;1;;;;;
1.14;-0.5;-0.5;4.476849;1;Adaptation;15;1;;;;;
1.16;-0.5;-0.5;4.499339;1;Adaptation;15;1;;;;;
1.18;-0.5;-0.5;5.642044;1;Adaptation;15;1;;;;;
1.2;-0.5;-0.5;5.244399;1;Adaptation;15;1;;;;;
1.22;-0.5;-0.5;5.936195;1;Adaptation;15;1;;;;;
1.24;-0.5;-0.5;4.702256;1;Adaptation;15;1;;;;;
1.26;0;0.125;5.386891;1;Adaptation;15;1;;;;;
1.28;-0.5;-0.5;2.356742;1;Adaptation;15;1;;;;;
1.3;-0.5;-0.5;3.211938;1;Adaptation;15;1;;;;;
1.32;-2;-0.125;3.488895;1;Adaptation;15;1;;;;;
1.34;-0.5;-0.5;4.428381;1;Adaptation;15;1;;;;;
1.36;-0.5;-0.5;5.97632;1;Adaptation;15;1;;;;;
1.38;-2;-0.125;4.53384;1;Adaptation;15;1;;;;;
1.4;-0.5;-0.5;3.61939;1;Adaptation;15;1;;;;;
1.42;0;0;5.137838;1;Adaptation;15;1;;;;;
1.44;-0.5;-0.5;5.434954;1;Adaptation;15;1;;;;;
1.46;-0.5;-0.5;3.964382;1;Adaptation;15;1;;;;;
1.48;-0.5;-0.5;5.508481;1;Adaptation;15;1;;;;;
1.5;0;0.125;5.010907;1;Adaptation;15;1;;;;;
1.52;-0.5;-0.5;2.049003;1;Adaptation;15;1;;;;;
1.54;0;-0.25;4.267809;1;Adaptation;15;1;;;;;
1.56;-0.5;-0.5;5.038017;1;Adaptation;15;1;;;;;
1.58;0;0.25;5.788584;1;Adaptation;15;1;;;;;
1.6;-0.5;-0.5;3.149583;1;Adaptation;15;1;;;;;
1.62;0;-0.125;4.538551;1;Adaptation;15;1;;;;;
1.64;-0.5;-0.5;4.742801;1;Adaptation;15;1;;;;;
1.66;-0.5;-0.5;3.046969;1;Adaptation;15;1;;;;;
1.68;-0.5;-0.5;3.482513;1;Adaptation;15;1;;;;;
1.7;-0.5;-0.5;5.799515;1;Adaptation;15;1;;;;;
1.72;-0.5;-0.5;4.552406;1;Adaptation;15;1;;;;;
1.74;-0.5;-0.5;5.854758;1;Adaptation;15;1;;;;;
1.76;2;-0.25;3.863634;1;Adaptation;15;1;;;;;
1.78;-0.5;-0.5;2.632986;1;Adaptation;15;1;;;;;
1.8;0;-0.125;4.075982;1;Adaptation;15;1;;;;;
1.82;-0.5;-0.5;2.477333;1;Adaptation;15;1;;;;;
1.84;-0.5;-0.5;5.843013;1;Adaptation;15;1;;;;;
1.86;-2;0;4.597775;1;Adaptation;15;1;;;;;
1.88;2;-0.125;5.490987;1;Adaptation;15;1;;;;;
1.9;-0.5;-0.5;5.248666;1;Adaptation;15;1;;;;;
1.92;-0.5;-0.5;4.37135;1;Adaptation;15;1;;;;;
1.94;0;-0.125;3.350813;1;Adaptation;15;1;;;;;
1.96;-0.5;-0.5;3.760971;1;Adaptation;15;1;;;;;
1.98;-2;0;5.082964;1;Adaptation;15;1;;;;;
2;-0.5;-0.5;5.545976;1;Adaptation;15;1;;;;;
2.02;-0.5;-0.5;2.790583;1;Adaptation;15;1;;;;;
2.04;-0.5;-0.5;2.953692;1;Adaptation;15;1;;;;;
2.06;-0.5;-0.5;2.885674;1;Adaptation;15;1;;;;;
2.08;-2;-0.125;3.374527;1;Adaptation;15;1;;;;;
2.1;0;0.125;2.427115;1;Adaptation;15;1;;;;;
2.12;-0.5;-0.5;5.653088;1;Adaptation;15;1;;;;;
2.14;-0.5;-0.5;4.065786;1;Adaptation;15;1;;;;;
2.16;0;-0.125;4.311863;1;Adaptation;15;1;;;;;
2.18;-0.5;-0.5;3.151192;1;Adaptation;15;1;;;;;
2.2;0;0.125;3.193312;1;Adaptation;15;1;;;;;
2.22;-0.5;-0.5;3.126791;1;Adaptation;15;1;;;;;
2.24;-0.5;-0.5;5.17519;1;Adaptation;15;1;;;;;
2.26;-0.5;-0.5;5.098524;1;Adaptation;15;1;;;;;
2.28;-0.5;-0.5;5.160795;1;Adaptation;15;1;;;;;
2.3;-0.5;-0.5;3.597043;1;Adaptation;15;1;;;;;
2.32;-2;0.125;2.342412;1;Adaptation;15;1;;;;;
2.34;-0.5;-0.5;5.863208;1;Adaptation;15;1;;;;;
2.36;-0.5;-0.5;5.556056;1;Adaptation;15;1;;;;;
2.38;0;-0.125;3.258746;1;Adaptation;15;1;;;;;
2.4;0;-0.125;2.513856;1;Adaptation;15;1;;;;;
2.42;-0.5;-0.5;4.309105;1;Adaptation;15;1;;;;;
2.44;-2;0;5.720566;1;Adaptation;15;1;;;;;
2.46;-2;0.125;3.47197;1;Adaptation;15;1;;;;;
2.48;-0.5;-0.5;2.258229;1;Adaptation;15;1;;;;;
2.5;-0.5;-0.5;4.348558;1;Adaptation;15;1;;;;;
2.52;-0.5;-0.5;5.135615;1;Adaptation;15;1;;;;;
2.54;-0.5;-0.5;3.065518;1;Adaptation;15;1;;;;;
2.56;2;-0.125;5.67155;1;Adaptation;15;1;;;;;
2.58;-0.5;-0.5;5.764071;1;Adaptation;15;1;;;;;
2.6;-0.5;-0.5;4.139095;1;Adaptation;15;1;;;;;
2.62;0;0.125;4.250523;1;Adaptation;15;1;;;;;
2.64;-0.5;-0.5;4.276731;1;Adaptation;15;1;;;;;
2.66;-0.5;-0.5;3.301236;1;Adaptation;15;1;;;;;
2.68;-0.5;-0.5;4.958984;1;Adaptation;15;1;;;;;
2.7;-0.5;-0.5;3.029233;1;Adaptation;15;1;;;;;
2.72;-0.5;-0.5;2.158906;1;Adaptation;15;1;;;;;
2.74;-0.5;-0.5;4.605776;1;Adaptation;15;1;;;;;
2.76;-0.5;-0.5;2.07695;1;Adaptation;15;1;;;;;
2.78;-0.5;-0.5;4.322261;1;Adaptation;15;1;;;;;
2.8;-0.5;-0.5;3.497931;1;Adaptation;15;1;;;;;
2.82;-2;0.125;5.657242;1;Adaptation;15;1;;;;;
2.84;-0.5;-0.5;5.39941;1;Adaptation;15;1;;;;;
2.86;-0.5;-0.5;4.189724;1;Adaptation;15;1;;;;;
2.88;-0.5;-0.5;5.896017;1;Adaptation;15;1;;;;;
2.9;0;0.25;2.196855;1;Adaptation;15;1;;;;;
2.92;-0.5;-0.5;5.906007;1;Adaptation;15;1;;;;;
2.94;0;0;4.680796;1;Adaptation;15;1;;;;;
2.96;-0.5;-0.5;4.093085;1;Adaptation;15;1;;;;;
2.98;-0.5;-0.5;5.822438;1;Adaptation;15;1;;;;;
3;-0.5;-0.5;5.986546;1;Adaptation;15;1;;;;;
3.02;-0.5;-0.5;2.080089;1;Adaptation;15;1;;;;;
3.04;-0.5;-0.5;3.253877;1;Adaptation;15;1;;;;;
3.06;-0.5;-0.5;4.128733;1;Adaptation;15;1;;;;;
3.08;0;0.125;5.413011;1;Adaptation;15;1;;;;;
3.1;-0.5;-0.5;2.867595;1;Adaptation;15;1;;;;;
3.12;0;0;4.750232;1;Adaptation;15;1;;;;;
3.14;-0.5;-0.5;3.555407;1;Adaptation;15;1;;;;;
3.16;-0.5;-0.5;5.695306;1;Adaptation;15;1;;;;;
3.18;-0.5;-0.5;2.697836;1;Adaptation;15;1;;;;;
3.2;-0.5;-0.5;5.569436;1;Adaptation;15;1;;;;;
3.22;0;0.125;5.60568;1;Adaptation;15;1;;;;;
3.24;-2;0;2.704704;1;Adaptation;15;1;;;;;
3.26;0;0;3.869799;1;Adaptation;15;1;;;;;
3.28;-0.5;-0.5;5.279326;1;Adaptation;15;1;;;;;
3.3;-0.5;-0.5;2.011617;1;Adaptation;15;1;;;;;
3.32;-0.5;-0.5;3.284719;1;Adaptation;15;1;;;;;
3.34;-0.5;-0.5;4.525009;1;Adaptation;15;1;;;;;
3.36;-0.5;-0.5;2.497536;1;Adaptation;15;1;;;;;
3.38;-0.5;-0.5;4.600493;1;Adaptation;15;1;;;;;
3.4;-0.5;-0.5;2.866419;1;Adaptation;15;1;;;;;
3.42;-0.5;-0.5;2.150605;1;Adaptation;15;1;;;;;
3.44;-0.5;-0.5;5.991727;1;Adaptation;15;1;;;;;
3.46;-0.5;-0.5;3.342529;1;Adaptation;15;1;;;;;
3.48;-0.5;-0.5;3.149009;1;Adaptation;15;1;;;;;
3.5;-0.5;-0.5;4.230506;1;Adaptation;15;1;;;;;
3.52;-0.5;-0.5;2.254115;1;Adaptation;15;1;;;;;
3.54;-0.5;-0.5;5.404072;1;Adaptation;15;1;;;;;
3.56;-0.5;-0.5;5.837418;1;Adaptation;15;1;;;;;
3.58;-0.5;-0.5;2.087473;1;Adaptation;15;1;;;;;
3.6;-0.5;-0.5;2.570751;1;Adaptation;15;1;;;;;
3.62;-0.5;-0.5;3.080119;1;Adaptation;15;1;;;;;
3.64;-0.5;-0.5;4.276575;1;Adaptation;15;1;;;;;
3.66;-0.5;-0.5;5.499751;1;Adaptation;15;1;;;;;
3.68;0;0;3.103992;1;Adaptation;15;1;;;;;
3.7;-0.5;-0.5;3.167423;1;Adaptation;15;1;;;;;
3.72;-0.5;-0.5;3.886692;1;Adaptation;15;1;;;;;
3.74;-0.5;-0.5;5.896574;1;Adaptation;15;1;;;;;
3.76;-0.5;-0.5;5.397232;1;Adaptation;15;1;;;;;
3.78;-2;-0.125;3.961069;1;Adaptation;15;1;;;;;
3.8;0;-0.125;5.66787;1;Adaptation;15;1;;;;;
3.82;-0.5;-0.5;5.397265;1;Adaptation;15;1;;;;;
3.84;-0.5;-0.5;2.153088;1;Adaptation;15;1;;;;;
3.86;-0.5;-0.5;2.399893;1;Adaptation;15;1;;;;;
3.88;-0.5;-0.5;2.749273;1;Adaptation;15;1;;;;;
3.9;-0.5;-0.5;2.848919;1;Adaptation;15;1;;;;;
3.92;0;0.125;2.19874;1;Adaptation;15;1;;;;;
3.94;-0.5;-0.5;5.366391;1;Adaptation;15;1;;;;;
3.96;-0.5;-0.5;4.757283;1;Adaptation;15;1;;;;;
3.98;-0.5;-0.5;5.757631;1;Adaptation;15;1;;;;;
4;-0.5;-0.5;3.649729;1;Adaptation;15;1;;;;;
4.02;-0.5;-0.5;4.225548;1;Adaptation;15;1;;;;;
4.04;0;0;4.914996;1;Adaptation;15;1;;;;;
4.06;-0.5;-0.5;2.855641;1;Adaptation;15;1;;;;;
4.08;-0.5;-0.5;5.932818;1;Adaptation;15;1;;;;;
4.1;-0.5;-0.5;3.621013;1;Adaptation;15;1;;;;;
4.12;0;-0.125;3.832468;1;Adaptation;15;1;;;;;
4.14;-0.5;-0.5;4.609667;1;Adaptation;15;1;;;;;
4.16;0;0;4.548211;1;Adaptation;15;1;;;;;
4.18;2;0;4.083391;1;Adaptation;15;1;;;;;
4.2;-0.5;-0.5;2.364736;1;Adaptation;15;1;;;;;
4.22;-0.5;-0.5;4.27037;1;Adaptation;15;1;;;;;
4.24;2;0.125;3.344106;1;Adaptation;15;1;;;;;
4.26;0;0.125;4.417054;1;Adaptation;15;1;;;;;
4.28;-0.5;-0.5;4.757443;1;Adaptation;15;1;;;;;
4.3;-0.5;-0.5;5.120017;1;Adaptation;15;1;;;;;
4.32;0;0;4.865897;1;Adaptation;15;1;;;;;
4.34;-0.5;-0.5;5.715365;1;Adaptation;15;1;;;;;
4.36;-2;0;4.682334;1;Adaptation;15;1;;;;;
4.38;-0.5;-0.5;5.334076;1;Adaptation;15;1;;;;;
4.4;0;0.125;3.239854;1;Adaptation;15;1;;;;;
4.42;-0.5;-0.5;5.877321;1;Adaptation;15;1;;;;;
4.44;-2;-0.25;3.132635;1;Adaptation;15;1;;;;;
4.46;-0.5;-0.5;2.943526;1;Adaptation;15;1;;;;;
4.48;0;0;2.174375;1;Adaptation;15;1;;;;;
4.5;-2;-0.375;4.992948;1;Adaptation;15;1;;;;;
4.52;2;-0.25;4.222893;1;Adaptation;15;1;;;;;
4.54;-0.5;-0.5;5.957528;1;Adaptation;15;1;;;;;
4.56;-0.5;-0.5;4.321651;1;Adaptation;15;1;;;;;
4.58;-0.5;-0.5;4.327912;1;Adaptation;15;1;;;;;
4.6;-0.5;-0.5;3.497241;1;Adaptation;15;1;;;;;
4.62;-0.5;-0.5;5.141271;1;Adaptation;15;1;;;;;
4.64;-0.5;-0.5;4.403629;1;Adaptation;15;1;;;;;
4.66;-0.5;-0.5;4.763496;1;Adaptation;15;1;;;;;
4.68;-0.5;-0.5;5.60358;1;Adaptation;15;1;;;;;
4.7;2;-0.125;3.161771;1;Adaptation;15;1;;;;;
4.72;-0.5;-0.5;4.967647;1;Adaptation;15;1;;;;;
4.74;-0.5;-0.5;3.352045;1;Adaptation;15;1;;;;;
4.76;-0.5;-0.5;3.144158;1;Adaptation;15;1;;;;;
4.78;-0.5;-0.5;5.525038;1;Adaptation;15;1;;;;;
4.8;-0.5;-0.5;4.040778;1;Adaptation;15;1;;;;;
4.82;2;0;3.867795;1;Adaptation;15;1;;;;;
4.84;-0.5;-0.5;5.776144;1;Adaptation;15;1;;;;;
4.86;-2;-0.25;3.050218;1;Adaptation;15;1;;;;;
4.88;-0.5;-0.5;3.443327;1;Adaptation;15;1;;;;;
4.9;-0.5;-0.5;3.090855;1;Adaptation;15;1;;;;;
4.92;-0.5;-0.5;3.682118;1;Adaptation;15;1;;;;;
4.94;-0.5;-0.5;2.108696;1;Adaptation;15;1;;;;;
4.96;-0.5;-0.5;4.078609;1;Adaptation;15;1;;;;;
4.98;-0.5;-0.5;3.072998;1;Adaptation;15;1;;;;;
5;-0.5;-0.5;3.815347;1;Adaptation;15;1;;;;;
5.02;-0.5;-0.5;3.648743;1;Adaptation;15;1;;;;;
5.04;-0.5;-0.5;5.495208;1;Adaptation;15;1;;;;;
5.06;2;-0.125;4.419845;1;Adaptation;15;1;;;;;
5.08;-0.5;-0.5;2.691264;1;Adaptation;15;1;;;;;
5.1;-0.5;-0.5;3.297996;1;Adaptation;15;1;;;;;
5.12;-0.5;-0.5;4.10643;1;Adaptation;15;1;;;;;
5.14;0;0;3.214252;1;Adaptation;15;1;;;;;
5.16;0;0;5.318635;1;Adaptation;15;1;;;;;
5.18;-0.5;-0.5;2.997461;1;Adaptation;15;1;;;;;
5.2;-0.5;-0.5;2.471634;1;Adaptation;15;1;;;;;
5.22;0;-0.125;2.747243;1;Adaptation;15;1;;;;;
5.24;-0.5;-0.5;4.491297;1;Adaptation;15;1;;;;;
5.26;0;-0.25;2.517376;1;Adaptation;15;1;;;;;
5.28;-0.5;-0.5;3.543842;1;Adaptation;15;1;;;;;
5.3;-0.5;-0.5;3.383579;1;Adaptation;15;1;;;;;
5.32;2;-0.25;3.55191;1;Adaptation;15;1;;;;;
5.34;-0.5;-0.5;2.488414;1;Adaptation;15;1;;;;;
5.36;-0.5;-0.5;4.514942;1;Adaptation;15;1;;;;;
5.38;-0.5;-0.5;5.451286;1;Adaptation;15;1;;;;;
5.4;0;-0.125;5.129766;1;Adaptation;15;1;;;;;
5.42;0;0;5.473125;1;Adaptation;15;1;;;;;
5.44;-0.5;-0.5;4.726148;1;Adaptation;15;1;;;;;
5.46;-0.5;-0.5;2.288486;1;Adaptation;15;1;;;;;
5.48;2;-0.125;4.748523;1;Adaptation;15;1;;;;;
5.5;-0.5;-0.5;5.033883;1;Adaptation;15;1;;;;;
5.52;-0.5;-0.5;2.738936;1;Adaptation;15;1;;;;;
5.54;-0.5;-0.5;2.126162;1;Adaptation;15;1;;;;;
5.56;0;-0.25;5.698862;1;Adaptation;15;1;;;;;
5.58;-0.5;-0.5;2.940632;1;Adaptation;15;1;;;;;
5.6;-0.5;-0.5;2.615193;1;Adaptation;15;1;;;;;
5.62;-0.5;-0.5;2.484559;1;Adaptation;15;1;;;;;
5.64;-0.5;-0.5;3.470352;1;Adaptation;15;1;;;;;
5.66;-0.5;-0.5;5.368891;1;Adaptation;15;1;;;;;
5.68;-2;0.125;5.917975;1;Adaptation;15;1;;;;;
5.7;-0.5;-0.5;3.35623;1;Adaptation;15;1;;;;;
5.72;0;-0.125;3.535892;1;Adaptation;15;1;;;;;
5.74;-0.5;-0.5;3.797274;1;Adaptation;15;1;;;;;
5.76;-0.5;-0.5;4.381812;1;Adaptation;15;1;;;;;
5.78;-0.5;-0.5;3.972192;1;Adaptation;15;1;;;;;
5.8;-0.5;-0.5;3.73511;1;Adaptation;15;1;;;;;
5.82;-2;0.125;3.586543;1;Adaptation;15;1;;;;;
5.84;2;-0.25;3.92288;1;Adaptation;15;1;;;;;
5.86;-0.5;-0.5;4.503941;1;Adaptation;15;1;;;;;
5.88;-0.5;-0.5;5.265437;1;Adaptation;15;1;;;;;
5.9;-0.5;-0.5;4.177784;1;Adaptation;15;1;;;;;
5.92;-0.5;-0.5;3.373416;1;Adaptation;15;1;;;;;
5.94;-0.5;-0.5;2.427037;1;Adaptation;15;1;;;;;
5.96;-0.5;-0.5;3.547203;1;Adaptation;15;1;;;;;
5.98;-2;0;3.282687;1;Adaptation;15;1;;;;;
6;0;-0.125;2.884032;1;Adaptation;15;1;;;;;
6.02;-2;-0.125;2.217476;1;Adaptation;15;1;;;;;
6.04;-0.5;-0.5;5.843228;1;Adaptation;15;1;;;;;
6.06;0;0;3.193515;1;Adaptation;15;1;;;;;
6.08;-0.5;-0.5;5.193104;1;Adaptation;15;1;;;;;
6.1;-0.5;-0.5;4.724242;1;Adaptation;15;1;;;;;
6.12;-0.5;-0.5;5.056795;1;Adaptation;15;1;;;;;
6.14;-0.5;-0.5;5.372646;1;Adaptation;15;1;;;;;
6.16;0;0.125;4.918397;1;Adaptation;15;1;;;;;
6.18;2;-0.25;2.955955;1;Adaptation;15;1;;;;;
6.2;-0.5;-0.5;2.196034;1;Adaptation;15;1;;;;;
6.22;-0.5;-0.5;3.469182;1;Adaptation;15;1;;;;;
6.24;-0.5;-0.5;4.486941;1;Adaptation;15;1;;;;;
6.26;0;-0.125;3.907523;1;Adaptation;15;1;;;;;
6.28;0;0;2.088828;1;Adaptation;15;1;;;;;
6.3;-0.5;-0.5;2.310949;1;Adaptation;15;1;;;;;
6.32;-0.5;-0.5;3.388407;1;Adaptation;15;1;;;;;
6.34;0;-0.125;4.645049;1;Adaptation;15;1;;;;;
6.36;0;-0.125;4.770498;1;Adaptation;15;1;;;;;
6.38;-0.5;-0.5;2.161646;1;Adaptation;15;1;;;;;
6.4;-0.5;-0.5;4.892206;1;Adaptation;15;1;;;;;
6.42;-0.5;-0.5;2.417158;1;Adaptation;15;1;;;;;
6.44;0;0.25;4.006832;1;Adaptation;15;1;;;;;
6.46;0;-0.125;5.047616;1;Adaptation;15;1;;;;;
6.48;-0.5;-0.5;4.760581;1;Adaptation;15;1;;;;;
6.5;-0.5;-0.5;3.570401;1;Adaptation;15;1;;;;;
6.52;-0.5;-0.5;4.313622;1;Adaptation;15;1;;;;;
6.54;-0.5;-0.5;4.278966;1;Adaptation;15;1;;;;;
6.56;-0.5;-0.5;2.170615;1;Adaptation;15;1;;;;;
6.58;2;0.125;3.676641;1;Adaptation;15;1;;;;;
6.6;-0.5;-0.5;3.868189;1;Adaptation;15;1;;;;;
6.62;0;0.125;5.829181;1;Adaptation;15;1;;;;;
6.64;-0.5;-0.5;4.641448;1;Adaptation;15;1;;;;;
6.66;-2;0.125;3.633634;1;Adaptation;15;1;;;;;
6.68;-0.5;-0.5;4.014141;1;Adaptation;15;1;;;;;
6.7;-0.5;-0.5;4.297404;1;Adaptation;15;1;;;;;
6.72;-0.5;-0.5;4.13075;1;Adaptation;15;1;;;;;
6.74;-0.5;-0.5;2.084394;1;Adaptation;15;1;;;;;
6.76;-0.5;-0.5;2.1238;1;Adaptation;15;1;;;;;
6.78;-0.5;-0.5;2.478;1;Adaptation;15;1;;;;;
6.8;-0.5;-0.5;4.645968;1;Adaptation;15;1;;;;;
6.82;-2;0.125;2.637309;1;Adaptation;15;1;;;;;
6.84;-0.5;-0.5;2.463297;1;Adaptation;15;1;;;;;
6.86;-0.5;-0.5;4.306511;1;Adaptation;15;1;;;;;
6.88;-0.5;-0.5;4.495523;1;Adaptation;15;1;;;;;
6.9;-0.5;-0.5;3.370476;1;Adaptation;15;1;;;;;
6.92;-0.5;-0.5;4.216999;1;Adaptation;15;1;;;;;
6.94;-0.5;-0.5;4.978001;1;Adaptation;15;1;;;;;
6.96;-0.5;-0.5;5.410048;1;Adaptation;15;1;;;;;
6.98;-0.5;-0.5;3.891113;1;Adaptation;15;1;;;;;
7;-0.5;-0.5;3.190785;1;Adaptation;15;1;;;;;
7.02;2;0;3.329727;1;Adaptation;15;1;;;;;
7.04;0;-0.125;2.043822;1;Adaptation;15;1;;;;;
7.06;0;0;5.582782;1;Adaptation;15;1;;;;;
7.08;2;0.125;2.600284;1;Adaptation;15;1;;;;;
7.1;-0.5;-0.5;3.330905;1;Adaptation;15;1;;;;;
7.12;-0.5;-0.5;2.100629;1;Adaptation;15;1;;;;;
7.14;0;-0.125;5.066122;1;Adaptation;15;1;;;;;
7.16;2;0.125;4.314247;1;Adaptation;15;1;;;;;
7.18;-0.5;-0.5;5.35062;1;Adaptation;15;1;;;;;
7.2;4;0;5.765506;1;Adaptation;15;1;;;;;
7.22;-0.5;-0.5;5.346093;1;Adaptation;15;1;;;;;
7.24;-0.5;-0.5;5.300296;1;Adaptation;15;1;;;;;
7.26;-0.5;-0.5;3.789618;1;Adaptation;15;1;;;;;
7.28;-0.5;-0.5;4.776124;1;Adaptation;15;1;;;;;
7.3;-0.5;-0.5;3.270509;1;Adaptation;15;1;;;;;
7.32;-0.5;-0.5;4.461542;1;Adaptation;15;1;;;;;
7.34;-0.5;-0.5;2.06986;1;Adaptation;15;1;;;;;
7.36;0;0.25;5.998776;1;Adaptation;15;1;;;;;
7.38;-2;0;5.789979;1;Adaptation;15;1;;;;;
7.4;-0.5;-0.5;5.705271;1;Adaptation;15;1;;;;;
7.42;-0.5;-0.5;4.061206;1;Adaptation;15;1;;;;;
7.44;-0.5;-0.5;5.942599;1;Adaptation;15;1;;;;;
7.46;-0.5;-0.5;3.3332;1;Adaptation;15;1;;;;;
7.48;-0.5;-0.5;5.529449;1;Adaptation;15;1;;;;;
7.5;-0.5;-0.5;5.922916;1;Adaptation;15;1;;;;;
7.52;-0.5;-0.5;3.342272;1;Adaptation;15;1;;;;;
7.54;-0.5;-0.5;2.077133;1;Adaptation;15;1;;;;;
7.56;2;0;4.877337;1;Adaptation;15;1;;;;;
7.58;-0.5;-0.5;5.20089;1;Adaptation;15;1;;;;;
7.6;-0.5;-0.5;5.135789;1;Adaptation;15;1;;;;;
7.62;-0.5;-0.5;3.762799;1;Adaptation;15;1;;;;;
7.64;-0.5;-0.5;4.309997;1;Adaptation;15;1;;;;;
7.66;-0.5;-0.5;3.478538;1;Adaptation;15;1;;;;;
7.68;-2;-0.25;4.438835;1;Adaptation;15;1;;;;;
7.7;2;0.125;2.578207;1;Adaptation;15;1;;;;;
7.72;-0.5;-0.5;3.733855;1;Adaptation;15;1;;;;;
7.74;0;0.125;5.832791;1;Adaptation;15;1;;;;;
7.76;-0.5;-0.5;3.190597;1;Adaptation;15;1;;;;;
7.78;2;-0.125;2.980374;1;Adaptation;15;1;;;;;
7.8;-0.5;-0.5;5.300368;1;Adaptation;15;1;;;;;
7.82;-0.5;-0.5;3.036462;1;Adaptation;15;1;;;;;
7.84;-0.5;-0.5;2.176127;1;Adaptation;15;1;;;;;
7.86;-0.5;-0.5;3.030641;1;Adaptation;15;1;;;;;
7.88;-0.5;-0.5;5.0072;1;Adaptation;15;1;;;;;
7.9;-0.5;-0.5;2.806772;1;Adaptation;15;1;;;;;
7.92;-0.5;-0.5;5.027467;1;Adaptation;15;1;;;;;
7.94;2;0.25;2.487641;1;Adaptation;15;1;;;;;
7.96;-0.5;-0.5;2.906319;1;Adaptation;15;1;;;;;
7.98;-0.5;-0.5;3.962257;1;Adaptation;15;1;;;;;
8;-0.5;-0.5;3.838199;1;Adaptation;15;1;;;;;
8.02;-0.5;-0.5;3.678445;1;Adaptation;15;1;;;;;
8.04;-0.5;-0.5;2.055849;1;Adaptation;15;1;;;;;
8.059999;-0.5;-0.5;4.388348;1;Adaptation;15;1;;;;;
8.08;0;-0.25;5.31544;1;Adaptation;15;1;;;;;
8.099999;-0.5;-0.5;5.941379;1;Adaptation;15;1;;;;;
8.12;0;-0.25;3.500798;1;Adaptation;15;1;;;;;
8.139999;0;0;5.754138;1;Adaptation;15;1;;;;;
8.16;-2;0;2.081378;1;Adaptation;15;1;;;;;
8.179999;-2;-0.25;5.652925;1;Adaptation;15;1;;;;;
8.2;0;0;5.439849;1;Adaptation;15;1;;;;;
8.22;-0.5;-0.5;3.208674;1;Adaptation;15;1;;;;;
8.24;-0.5;-0.5;5.661587;1;Adaptation;15;1;;;;;
8.26;-0.5;-0.5;2.741867;1;Adaptation;15;1;;;;;
8.28;-0.5;-0.5;2.865619;1;Adaptation;15;1;;;;;
8.3;0;-0.125;2.892168;1;Adaptation;15;1;;;;;
8.32;-0.5;-0.5;4.6581;1;Adaptation;15;1;;;;;
8.34;-0.5;-0.5;2.916698;1;Adaptation;15;1;;;;;
8.36;-0.5;-0.5;2.77498;1;Adaptation;15;1;;;;;
8.38;-0.5;-0.5;5.88285;1;Adaptation;15;1;;;;;
8.4;-0.5;-0.5;4.497012;1;Adaptation;15;1;;;;;
8.42;-0.5;-0.5;5.872353;1;Adaptation;15;1;;;;;
8.44;-0.5;-0.5;5.732857;1;Adaptation;15;1;;;;;
8.46;-0.5;-0.5;2.588445;1;Adaptation;15;1;;;;;
8.48;-0.5;-0.5;2.8951;1;Adaptation;15;1;;;;;
8.5;-2;0.125;3.861385;1;Adaptation;15;1;;;;;
8.52;0;0;2.147359;1;Adaptation;15;1;;;;;
8.54;-0.5;-0.5;3.952439;1;Adaptation;15;1;;;;;
8.559999;0;0;5.218539;1;Adaptation;15;1;;;;;
8.58;-0.5;-0.5;2.311364;1;Adaptation;15;1;;;;;
8.599999;-0.5;-0.5;4.057482;1;Adaptation;15;1;;;;;
8.62;-0.5;-0.5;3.624284;1;Adaptation;15;1;;;;;
8.639999;-0.5;-0.5;3.001103;1;Adaptation;15;1;;;;;
8.66;-0.5;-0.5;3.58317;1;Adaptation;15;1;;;;;
8.679999;-0.5;-0.5;4.225927;1;Adaptation;15;1;;;;;
8.7;0;0.125;3.100104;1;Adaptation;15;1;;;;;
8.72;-0.5;-0.5;5.137517;1;Adaptation;15;1;;;;;
8.74;-0.5;-0.5;3.0117;1;Adaptation;15;1;;;;;
8.76;0;-0.125;5.718858;1;Adaptation;15;1;;;;;
8.78;-0.5;-0.5;2.994296;1;Adaptation;15;1;;;;;
8.8;-0.5;-0.5;5.751398;1;Adaptation;15;1;;;;;
8.82;-0.5;-0.5;4.443915;1;Adaptation;15;1;;;;;
8.84;-0.5;-0.5;3.002306;1;Adaptation;15;1;;;;;
8.86;-0.5;-0.5;3.576816;1;Adaptation;15;1;;;;;
8.88;2;-0.125;3.994664;1;Adaptation;15;1;;;;;
8.9;-2;-0.125;4.924252;1;Adaptation;15;1;;;;;
8.92;-0.5;-0.5;2.020966;1;Adaptation;15;1;;;;;
8.94;-0.5;-0.5;4.695088;1;Adaptation;15;1;;;;;
8.96;-0.5;-0.5;2.326677;1;Adaptation;15;1;;;;;
8.98;-0.5;-0.5;2.683889;1;Adaptation;15;1;;;;;
9;-0.5;-0.5;3.959475;1;Adaptation;15;1;;;;;
9.02;2;-0.125;4.063787;1;Adaptation;15;1;;;;;
9.04;-0.5;-0.5;3.549093;1;Adaptation;15;1;;;;;
9.059999;-0.5;-0.5;5.224391;1;Adaptation;15;1;;;;;
9.08;-0.5;-0.5;4.797753;1;Adaptation;15;1;;;;;
9.099999;-0.5;-0.5;5.829165;1;Adaptation;15;1;;;;;
9.12;-0.5;-0.5;4.464515;1;Adaptation;15;1;;;;;
9.139999;0;0.25;2.641572;1;Adaptation;15;1;;;;;
9.16;-2;0.125;4.050868;1;Adaptation;15;1;;;;;
9.179999;-0.5;-0.5;5.130206;1;Adaptation;15;1;;;;;
9.2;-0.5;-0.5;2.337283;1;Adaptation;15;1;;;;;
9.22;2;0;3.215917;1;Adaptation;15;1;;;;;
9.24;-0.5;-0.5;3.565268;1;Adaptation;15;1;;;;;
9.26;-0.5;-0.5;4.238832;1;Adaptation;15;1;;;;;
9.28;-0.5;-0.5;3.376723;1;Adaptation;15;1;;;;;
9.3;-0.5;-0.5;3.849192;1;Adaptation;15;1;;;;;
9.32;0;0.125;5.118076;1;Adaptation;15;1;;;;;
9.34;0;-0.125;5.354686;1;Adaptation;15;1;;;;;
9.36;-0.5;-0.5;5.874716;1;Adaptation;15;1;;;;;
9.38;-0.5;-0.5;5.818101;1;Adaptation;15;1;;;;;
9.4;-0.5;-0.5;4.928404;1;Adaptation;15;1;;;;;
9.42;-0.5;-0.5;3.482488;1;Adaptation;15;1;;;;;
9.44;-0.5;-0.5;4.262086;1;Adaptation;15;1;;;;;
9.46;-0.5;-0.5;5.656201;1;Adaptation;15;1;;;;;
9.48;0;0;3.573505;1;Adaptation;15;1;;;;;
9.5;-2;0;2.662516;1;Adaptation;15;1;;;;;
9.52;2;0;5.789194;1;Adaptation;15;1;;;;;
9.54;0;-0.125;2.179265;1;Adaptation;15;1;;;;;
9.559999;0;0;2.298124;1;Adaptation;15;1;;;;;
9.58;-0.5;-0.5;5.09127;1;Adaptation;15;1;;;;;
9.599999;-0.5;-0.5;4.809573;1;Adaptation;15;1;;;;;
9.62;-0.5;-0.5;5.670763;1;Adaptation;15;1;;;;;
9.639999;-0.5;-0.5;3.570717;1;Adaptation;15;1;;;;;
9.66;-2;0.25;2.741086;1;Adaptation;15;1;;;;;
9.679999;0;0.25;3.020002;1;Adaptation;15;1;;;;;
9.7;-0.5;-0.5;4.643466;1;Adaptation;15;1;;;;;
9.719999;2;0.25;5.835475;1;Adaptation;15;1;;;;;
9.74;-0.5;-0.5;2.031438;1;Adaptation;15;1;;;;;
9.76;-0.5;-0.5;4.827555;1;Adaptation;15;1;;;;;
9.78;-0.5;-0.5;2.896162;1;Adaptation;15;1;;;;;
9.8;-0.5;-0.5;2.795913;1;Adaptation;15;1;;;;;
9.82;-0.5;-0.5;2.036582;1;Adaptation;15;1;;;;;
9.84;-0.5;-0.5;4.670424;1;Adaptation;15;1;;;;;
9.86;-0.5;-0.5;2.951077;1;Adaptation;15;1;;;;;
9.88;-0.5;-0.5;4.165858;1;Adaptation;15;1;;;;;
9.9;-0.5;-0.5;4.174603;1;Adaptation;15;1;;;;;
9.92;0;0;4.272263;1;Adaptation;15;1;;;;;
9.94;-0.5;-0.5;5.564877;1;Adaptation;15;1;;;;;
9.96;-0.5;-0.5;2.09141;1;Adaptation;15;1;;;;;
9.98;-0.5;-0.5;4.442703;1;Adaptation;15;1;;;;;
10;0;-0.125;3.143995;1;Adaptation;15;1;;;;;
10.02;0;-0.125;5.906439;1;Adaptation;15;1;;;;;
10.04;0;0.125;3.514473;1;Adaptation;15;1;;;;;
10.06;2;-0.25;4.553963;1;Adaptation;15;1;;;;;
10.08;-0.5;-0.5;3.504135;1;Adaptation;15;1;;;;;
10.1;-0.5;-0.5;2.709041;1;Adaptation;15;1;;;;;
10.12;-0.5;-0.5;3.516559;1;Adaptation;15;1;;;;;
10.14;0;0.125;2.1083;1;Adaptation;15;1;;;;;
10.16;-0.5;-0.5;3.650264;1;Adaptation;15;1;;;;;
10.18;0;0;2.335211;1;Adaptation;15;1;;;;;
10.2;-0.5;-0.5;3.505311;1;Adaptation;15;1;;;;;
10.22;-2;0.25;4.690159;1;Adaptation;15;1;;;;;
10.24;2;0;4.353577;1;Adaptation;15;1;;;;;
10.26;-0.5;-0.5;2.318187;1;Adaptation;15;1;;;;;
10.28;-0.5;-0.5;4.69312;1;Adaptation;15;1;;;;;
10.3;0;0.125;3.796064;1;Adaptation;15;1;;;;;
10.32;-0.5;-0.5;4.819477;1;Adaptation;15;1;;;;;
10.34;-0.5;-0.5;3.220464;1;Adaptation;15;1;;;;;
10.36;2;0;5.325477;1;Adaptation;15;1;;;;;
10.38;-0.5;-0.5;2.659028;1;Adaptation;15;1;;;;;
10.4;-0.5;-0.5;2.045569;1;Adaptation;15;1;;;;;
10.42;-0.5;-0.5;3.166561;1;Adaptation;15;1;;;;;
10.44;2;-0.125;4.852923;1;Adaptation;15;1;;;;;
10.46;-0.5;-0.5;3.190642;1;Adaptation;15;1;;;;;
10.48;-2;0.125;4.348721;1;Adaptation;15;1;;;;;
10.5;-0.5;-0.5;5.255446;1;Adaptation;15;1;;;;;
10.52;-0.5;-0.5;2.479673;1;Adaptation;15;1;;;;;
10.54;-2;0.125;5.79672;1;Adaptation;15;1;;;;;
10.56;-0.5;-0.5;4.804336;1;Adaptation;15;1;;;;;
10.58;2;-0.125;3.237079;1;Adaptation;15;1;;;;;
10.6;-0.5;-0.5;3.135056;1;Adaptation;15;1;;;;;
10.62;0;0;4.696057;1;Adaptation;15;1;;;;;
10.64;0;0;2.565666;1;Adaptation;15;1;;;;;
10.66;-0.5;-0.5;2.184172;1;Adaptation;15;1;;;;;
10.68;-0.5;-0.5;3.892807;1;Adaptation;15;1;;;;;
10.7;-0.5;-0.5;5.649688;1;Adaptation;15;1;;;;;
10.72;-0.5;-0.5;5.423327;1;Adaptation;15;1;;;;;
10.74;-4;0.25;4.556158;1;Adaptation;15;1;;;;;
10.76;-0.5;-0.5;4.184696;1;Adaptation;15;1;;;;;
10.78;-0.5;-0.5;5.795236;1;Adaptation;15;1;;;;;
10.8;-0.5;-0.5;3.120748;1;Adaptation;15;1;;;;;
10.82;-0.5;-0.5;2.112712;1;Adaptation;15;1;;;;;
10.84;-0.5;-0.5;2.552971;1;Adaptation;15;1;;;;;
10.86;0;-0.25;4.452334;1;Adaptation;15;1;;;;;
10.88;-0.5;-0.5;2.675725;1;Adaptation;15;1;;;;;
10.9;-0.5;-0.5;2.079095;1;Adaptation;15;1;;;;;
10.92;-0.5;-0.5;4.260452;1;Adaptation;15;1;;;;;
10.94;-2;-0.125;3.601414;1;Adaptation;15;1;;;;;
10.96;-0.5;-0.5;2.208127;1;Adaptation;15;1;;;;;
10.98;-0.5;-0.5;2.009753;1;Adaptation;15;1;;;;;
11;0;0.125;3.352154;1;Adaptation;15;1;;;;;
11.02;-0.5;-0.5;3.22434;1;Adaptation;15;1;;;;;
11.04;-0.5;-0.5;5.366251;1;Adaptation;15;1;;;;;
11.06;-0.5;-0.5;4.218328;1;Adaptation;15;1;;;;;
11.08;-0.5;-0.5;4.320105;1;Adaptation;15;1;;;;;
11.1;0;0.125;5.597119;1;Adaptation;15;1;;;;;
11.12;-0.5;-0.5;5.882463;1;Adaptation;15;1;;;;;
11.14;-0.5;-0.5;4.92164;1;Adaptation;15;1;;;;;
11.16;-0.5;-0.5;5.713249;1;Adaptation;15;1;;;;;
11.18;-0.5;-0.5;2.068066;1;Adaptation;15;1;;;;;
11.2;-0.5;-0.5;5.669708;1;Adaptation;15;1;;;;;
11.22;-2;0;3.006623;1;Adaptation;15;1;;;;;
11.24;-2;0.125;4.268048;1;Adaptation;15;1;;;;;
11.26;-0.5;-0.5;2.411695;1;Adaptation;15;1;;;;;
11.28;-0.5;-0.5;5.534018;1;Adaptation;15;1;;;;;
11.3;-0.5;-0.5;2.521912;1;Adaptation;15;1;;;;;
11.32;-0.5;-0.5;3.919956;1;Adaptation;15;1;;;;;
11.34;0;0.25;3.671167;1;Adaptation;15;1;;;;;
11.36;-0.5;-0.5;4.934165;1;Adaptation;15;1;;;;;
11.38;-0.5;-0.5;3.577591;1;Adaptation;15;1;;;;;
11.4;-0.5;-0.5;2.021048;1;Adaptation;15;1;;;;;
11.42;-0.5;-0.5;4.086711;1;Adaptation;15;1;;;;;
11.44;-0.5;-0.5;4.328094;1;Adaptation;15;1;;;;;
11.46;0;0;4.024045;1;Adaptation;15;1;;;;;
11.48;-0.5;-0.5;4.653367;1;Adaptation;15;1;;;;;
11.5;-0.5;-0.5;4.69207;1;Adaptation;15;1;;;;;
11.52;-2;0;4.733728;1;Adaptation;15;1;;;;;
11.54;-0.5;-0.5;2.562383;1;Adaptation;15;1;;;;;
11.56;-0.5;-0.5;4.171597;1;Adaptation;15;1;;;;;
11.58;-0.5;-0.5;3.1138;1;Adaptation;15;1;;;;;
11.6;-0.5;-0.5;2.5164;1;Adaptation;15;1;;;;;
11.62;-0.5;-0.5;2.712059;1;Adaptation;15;1;;;;;
11.64;-0.5;-0.5;3.212901;1;Adaptation;15;1;;;;;
11.66;-2;-0.125;3.679249;1;Adaptation;15;1;;;;;
11.68;-0.5;-0.5;2.253033;1;Adaptation;15;1;;;;;
11.7;-0.5;-0.5;5.884748;1;Adaptation;15;1;;;;;
11.72;0;-0.25;5.624608;1;Adaptation;15;1;;;;;
11.74;-0.5;-0.5;2.564898;1;Adaptation;15;1;;;;;
11.76;2;0.125;3.549185;1;Adaptation;15;1;;;;;
11.78;-0.5;-0.5;4.158024;1;Adaptation;15;1;;;;;
11.8;-0.5;-0.5;5.553227;1;Adaptation;15;1;;;;;
11.82;-0.5;-0.5;5.676996;1;Adaptation;15;1;;;;;
11.84;-0.5;-0.5;5.691745;1;Adaptation;15;1;;;;;
11.86;0;0;3.904446;1;Adaptation;15;1;;;;;
11.88;0;0.25;4.278068;1;Adaptation;15;1;;;;;
11.9;-0.5;-0.5;4.517875;1;Adaptation;15;1;;;;;
11.92;0;0.125;2.962513;1;Adaptation;15;1;;;;;
11.94;-0.5;-0.5;5.738697;1;Adaptation;15;1;;;;;
11.96;-0.5;-0.5;3.530669;1;Adaptation;15;1;;;;;
11.98;-0.5;-0.5;3.672993;1;Adaptation;15;1;;;;;
12;-0.5;-0.5;5.551162;1;Adaptation;15;1;;;;;
12.02;0;0;2.858102;1;Adaptation;15;1;;;;;
12.04;-0.5;-0.5;4.931069;1;Adaptation;15;1;;;;;
12.06;-2;0;4.946087;1;Adaptation;15;1;;;;;
12.08;-0.5;-0.5;4.343595;1;Adaptation;15;1;;;;;
12.1;0;0;5.096051;1;Adaptation;15;1;;;;;
12.12;-0.5;-0.5;4.150178;1;Adaptation;15;1;;;;;
12.14;-0.5;-0.5;3.081784;1;Adaptation;15;1;;;;;
12.16;-0.5;-0.5;3.067114;1;Adaptation;15;1;;;;;
12.18;-0.5;-0.5;3.965309;1;Adaptation;15;1;;;;;
12.2;-0.5;-0.5;5.688134;1;Adaptation;15;1;;;;;
12.22;-2;0.125;3.700746;1;Adaptation;15;1;;;;;
12.24;-0.5;-0.5;4.00447;1;Adaptation;15;1;;;;;
12.26;-0.5;-0.5;4.175281;1;Adaptation;15;1;;;;;
12.28;-0.5;-0.5;5.51607;1;Adaptation;15;1;;;;;
12.3;-0.5;-0.5;4.824943;1;Adaptation;15;1;;;;;
12.32;0;0.125;3.828641;1;Adaptation;15;1;;;;;
12.34;-0.5;-0.5;2.520904;1;Adaptation;15;1;;;;;
12.36;-2;0;5.18637;1;Adaptation;15;1;;;;;
12.38;-0.5;-0.5;4.071609;1;Adaptation;15;1;;;;;
12.4;-0.5;-0.5;4.325483;1;Adaptation;15;1;;;;;
12.42;-0.5;-0.5;3.406108;1;Adaptation;15;1;;;;;
12.44;-0.5;-0.5;3.848198;1;Adaptation;15;1;;;;;
12.46;-0.5;-0.5;5.234825;1;Adaptation;15;1;;;;;
12.48;0;-0.125;4.726013;1;Adaptation;15;1;;;;;
12.5;-0.5;-0.5;2.319622;1;Adaptation;15;1;;;;;
12.52;-0.5;-0.5;5.574363;1;Adaptation;15;1;;;;;
12.54;-0.5;-0.5;4.628451;1;Adaptation;15;1;;;;;
12.56;-0.5;-0.5;3.836685;1;Adaptation;15;1;;;;;
12.58;-0.5;-0.5;2.613705;1;Adaptation;15;1;;;;;
12.6;-0.5;-0.5;4.693913;1;Adaptation;15;1;;;;;
12.62;-0.5;-0.5;3.916713;1;Adaptation;15;1;;;;;
12.64;0;-0.125;4.605516;1;Adaptation;15;1;;;;;
12.66;-0.5;-0.5;5.844784;1;Adaptation;15;1;;;;;
12.68;-0.5;-0.5;2.776404;1;Adaptation;15;1;;;;;
12.7;-2;0.25;2.941714;1;Adaptation;15;1;;;;;
12.72;-0.5;-0.5;5.52308;1;Adaptation;15;1;;;;;
12.74;-0.5;-0.5;5.137137;1;Adaptation;15;1;;;;;
12.76;-0.5;-0.5;5.417086;1;Adaptation;15;1;;;;;
12.78;-0.5;-0.5;2.287868;1;Adaptation;15;1;;;;;
12.8;0;-0.125;2.725301;1;Adaptation;15;1;;;;;
12.82;-2;-0.125;3.567438;1;Adaptation;15;1;;;;;
12.84;-0.5;-0.5;3.09476;1;Adaptation;15;1;;;;;
12.86;0;-0.125;5.13103;1;Adaptation;15;1;;;;;
12.88;0;0;4.362089;1;Adaptation;15;1;;;;;
12.9;-0.5;-0.5;5.451475;1;Adaptation;15;1;;;;;
12.92;-0.5;-0.5;2.38631;1;Adaptation;15;1;;;;;
12.94;-0.5;-0.5;4.192763;1;Adaptation;15;1;;;;;
12.96;-0.5;-0.5;5.438127;1;Adaptation;15;1;;;;;
12.98;-2;-0.125;4.348507;1;Adaptation;15;1;;;;;
13;-0.5;-0.5;5.245723;1;Adaptation;15;1;;;;;
13.02;-0.5;-0.5;2.898126;1;Adaptation;15;1;;;;;
13.04;-0.5;-0.5;2.042821;1;Adaptation;15;1;;;;;
13.06;-0.5;-0.5;3.954986;1;Adaptation;15;1;;;;;
13.08;-0.5;-0.5;3.05963;1;Adaptation;15;1;;;;;
13.1;-0.5;-0.5;5.631217;1;Adaptation;15;1;;;;;
13.12;-0.5;-0.5;2.413575;1;Adaptation;15;1;;;;;
13.14;-0.5;-0.5;3.50441;1;Adaptation;15;1;;;;;
13.16;-0.5;-0.5;5.330646;1;Adaptation;15;1;;;;;
13.18;-0.5;-0.5;2.330547;1;Adaptation;15;1;;;;;
13.2;-0.5;-0.5;4.393952;1;Adaptation;15;1;;;;;
13.22;-0.5;-0.5;3.291203;1;Adaptation;15;1;;;;;
13.24;0;-0.125;4.111865;1;Adaptation;15;1;;;;;
13.26;0;-0.125;3.899919;1;Adaptation;15;1;;;;;
13.28;-0.5;-0.5;2.352125;1;Adaptation;15;1;;;;;
13.3;-0.5;-0.5;4.079485;1;Adaptation;15;1;;;;;
13.32;-0.5;-0.5;2.979519;1;Adaptation;15;1;;;;;
13.34;2;0.25;4.007509;1;Adaptation;15;1;;;;;
13.36;0;0;5.175874;1;Adaptation;15;1;;;;;
13.38;-0.5;-0.5;4.56806;1;Adaptation;15;1;;;;;
13.4;-0.5;-0.5;2.373669;1;Adaptation;15;1;;;;;
13.42;-0.5;-0.5;4.69616;1;Adaptation;15;1;;;;;
13.44;-0.5;-0.5;4.428222;1;Adaptation;15;1;;;;;
13.46;0;0;3.793905;1;Adaptation;15;1;;;;;
13.48;-0.5;-0.5;3.951946;1;Adaptation;15;1;;;;;
13.5;-0.5;-0.5;4.374661;1;Adaptation;15;1;;;;;
13.52;-0.5;-0.5;2.802311;1;Adaptation;15;1;;;;;
13.54;-0.5;-0.5;4.435564;1;Adaptation;15;1;;;;;
13.56;-0.5;-0.5;2.885057;1;Adaptation;15;1;;;;;
13.58;-0.5;-0.5;4.950431;1;Adaptation;15;1;;;;;
13.6;-0.5;-0.5;5.603099;1;Adaptation;15;1;;;;;
13.62;-0.5;-0.5;5.176784;1;Adaptation;15;1;;;;;
13.64;-0.5;-0.5;4.328833;1;Adaptation;15;1;;;;;
13.66;-0.5;-0.5;5.104067;1;Adaptation;15;1;;;;;
13.68;-2;0;2.639221;1;Adaptation;15;1;;;;;
13.7;-0.5;-0.5;3.836848;1;Adaptation;15;1;;;;;
13.72;-0.5;-0.5;2.536901;1;Adaptation;15;1;;;;;
13.74;-0.5;-0.5;3.372791;1;Adaptation;15;1;;;;;
13.76;0;0.125;4.596105;1;Adaptation;15;1;;;;;
13.78;-0.5;-0.5;2.941451;1;Adaptation;15;1;;;;;
13.8;-0.5;-0.5;3.193534;1;Adaptation;15;1;;;;;
13.82;-0.5;-0.5;4.939908;1;Adaptation;15;1;;;;;
13.84;4;0;5.883277;1;Adaptation;15;1;;;;;
13.86;-0.5;-0.5;3.917934;1;Adaptation;15;1;;;;;
13.88;-0.5;-0.5;5.524758;1;Adaptation;15;1;;;;;
13.9;0;0;3.736471;1;Adaptation;15;1;;;;;
13.92;0;0;2.686579;1;Adaptation;15;1;;;;;
13.94;2;0.125;2.291917;1;Adaptation;15;1;;;;;
13.96;-0.5;-0.5;3.921088;1;Adaptation;15;1;;;;;
13.98;-0.5;-0.5;5.96893;1;Adaptation;15;1;;;;;
14;-2;0.125;4.414724;1;Adaptation;15;1;;;;;
14.02;-0.5;-0.5;3.027122;1;Adaptation;15;1;;;;;
14.04;-0.5;-0.5;3.904722;1;Adaptation;15;1;;;;;
14.06;-0.5;-0.5;5.868569;1;Adaptation;15;1;;;;;
14.08;-0.5;-0.5;2.945691;1;Adaptation;15;1;;;;;
14.1;-0.5;-0.5;5.606822;1;Adaptation;15;1;;;;;
14.12;-0.5;-0.5;5.116866;1;Adaptation;15;1;;;;;
14.14;-0.5;-0.5;2.299924;1;Adaptation;15;1;;;;;
14.16;-0.5;-0.5;4.288192;1;Adaptation;15;1;;;;;
14.18;-0.5;-0.5;3.917964;1;Adaptation;15;1;;;;;
14.2;0;0;4.097206;1;Adaptation;15;1;;;;;
14.22;-0.5;-0.5;4.944206;1;Adaptation;15;1;;;;;
14.24;0;0.125;3.09852;1;Adaptation;15;1;;;;;
14.26;-0.5;-0.5;2.499104;1;Adaptation;15;1;;;;;
14.28;-0.5;-0.5;2.458194;1;Adaptation;15;1;;;;;
14.3;-0.5;-0.5;2.481821;1;Adaptation;15;1;;;;;
14.32;-0.5;-0.5;4.131104;1;Adaptation;15;1;;;;;
14.34;2;0;4.19156;1;Adaptation;15;1;;;;;
14.36;-0.5;-0.5;2.400351;1;Adaptation;15;1;;;;;
14.38;-0.5;-0.5;5.623254;1;Adaptation;15;1;;;;;
14.4;-0.5;-0.5;5.255221;1;Adaptation;15;1;;;;;
14.42;-0.5;-0.5;2.500756;1;Adaptation;15;1;;;;;
14.44;-0.5;-0.5;2.587989;1;Adaptation;15;1;;;;;
14.46;-0.5;-0.5;3.224231;1;Adaptation;15;1;;;;;
14.48;-4;0;2.108154;1;Adaptation;15;1;;;;;
14.5;-0.5;-0.5;5.550101;1;Adaptation;15;1;;;;;
14.52;0;0.125;2.073741;1;Adaptation;15;1;;;;;
14.54;-0.5;-0.5;5.021661;1;Adaptation;15;1;;;;;
14.56;-0.5;-0.5;2.292116;1;Adaptation;15;1;;;;;
14.58;-0.5;-0.5;4.524612;1;Adaptation;15;1;;;;;
14.6;-0.5;-0.5;4.235193;1;Adaptation;15;1;;;;;
14.62;-0.5;-0.5;4.822716;1;Adaptation;15;1;;;;;
14.64;-0.5;-0.5;4.186172;1;Adaptation;15;1;;;;;
14.66;-0.5;-0.5;5.562908;1;Adaptation;15;1;;;;;
14.68;-0.5;-0.5;2.705128;1;Adaptation;15;1;;;;;
14.7;-0.5;-0.5;2.554012;1;Adaptation;15;1;;;;;
14.72;-0.5;-0.5;3.429348;1;Adaptation;15;1;;;;;
14.74;-0.5;-0.5;5.550177;1;Adaptation;15;1;;;;;
14.76;-0.5;-0.5;2.581086;1;Adaptation;15;1;;;;;
14.78;-0.5;-0.5;3.844326;1;Adaptation;15;1;;;;;
14.8;-0.5;-0.5;4.523385;1;Adaptation;15;1;;;;;
14.82;0;0.125;3.571862;1;Adaptation;15;1;;;;;
14.84;0;0.125;2.656768;1;Adaptation;15;1;;;;;
14.86;-0.5;-0.5;3.422256;1;Adaptation;15;1;;;;;
14.88;-0.5;-0.5;3.58851;1;Adaptation;15;1;;;;;
14.9;-0.5;-0.5;5.225877;1;Adaptation;15;1;;;;;
14.92;0;-0.125;3.800923;1;Adaptation;15;1;;;;;
14.94;-0.5;-0.5;3.996892;1;Adaptation;15;1;;;;;
14.96;-0.5;-0.5;4.082973;1;Adaptation;15;1;;;;;
14.98;0;0.125;4.564724;1;Adaptation;15;1;;;;;
15;-0.5;-0.5;5.57498;1;Adaptation;15;1;;;;;
15.02;0;0;5.023262;1;Adaptation;15;1;;;;;
15.04;-0.5;-0.5;3.266751;1;Adaptation;15;1;;;;;
15.06;0;0.25;2.526034;1;Adaptation;15;1;;;;;
15.08;-0.5;-0.5;5.844778;1;Adaptation;15;1;;;;;
15.1;-0.5;-0.5;5.035229;1;Adaptation;15;1;;;;;
15.12;0;0.125;5.186138;1;Adaptation;15;1;;;;;
15.14;2;0.25;5.014116;1;Adaptation;15;1;;;;;
15.16;-0.5;-0.5;4.853885;1;Adaptation;15;1;;;;;
15.18;-0.5;-0.5;5.456876;1;Adaptation;15;1;;;;;
15.2;-0.5;-0.5;4.280527;1;Adaptation;15;1;;;;;
15.22;-0.5;-0.5;2.50584;1;Adaptation;15;1;;;;;
15.24;-0.5;-0.5;3.702728;1;Adaptation;15;1;;;;;
15.26;-0.5;-0.5;2.143358;1;Adaptation;15;1;;;;;
15.28;-0.5;-0.5;2.658299;1;Adaptation;15;1;;;;;
15.3;-0.5;-0.5;2.371157;1;Adaptation;15;1;;;;;
15.32;-0.5;-0.5;2.999005;1;Adaptation;15;1;;;;;
15.34;-0.5;-0.5;3.784958;1;Adaptation;15;1;;;;;
15.36;-0.5;-0.5;2.03688;1;Adaptation;15;1;;;;;
15.38;-0.5;-0.5;2.094232;1;Adaptation;15;1;;;;;
15.4;0;0;5.899396;1;Adaptation;15;1;;;;;
15.42;-0.5;-0.5;5.402323;1;Adaptation;15;1;;;;;
15.44;-0.5;-0.5;3.95809;1;Adaptation;15;1;;;;;
15.46;-0.5;-0.5;5.379625;1;Adaptation;15;1;;;;;
15.48;-0.5;-0.5;5.98284;1;Adaptation;15;1;;;;;
15.5;-0.5;-0.5;5.639435;1;Adaptation;15;1;;;;;
15.52;-0.5;-0.5;3.258785;1;Adaptation;15;1;;;;;
15.54;-0.5;-0.5;2.233231;1;Adaptation;15;1;;;;;
15.56;-0.5;-0.5;4.800796;1;Adaptation;15;1;;;;;
15.58;-0.5;-0.5;3.715497;1;Adaptation;15;1;;;;;
15.6;-0.5;-0.5;3.261545;1;Adaptation;15;1;;;;;
15.62;-0.5;-0.5;3.668639;1;Adaptation;15;1;;;;;
15.64;-0.5;-0.5;5.676069;1;Adaptation;15;1;;;;;
15.66;-0.5;-0.5;2.373408;1;Adaptation;15;1;;;;;
15.68;-0.5;-0.5;5.416373;1;Adaptation;15;1;;;;;
15.7;-0.5;-0.5;2.375385;1;Adaptation;15;1;;;;;
15.72;2;0;2.943053;1;Adaptation;15;1;;;;;
15.74;-0.5;-0.5;3.92254;1;Adaptation;15;1;;;;;
15.76;-0.5;-0.5;5.449775;1;Adaptation;15;1;;;;;
15.78;-0.5;-0.5;4.811532;1;Adaptation;15;1;;;;;
15.8;-0.5;-0.5;5.820519;1;Adaptation;15;1;;;;;
15.82;-0.5;-0.5;3.846587;1;Adaptation;15;1;;;;;
15.84;-0.5;-0.5;4.906269;1;Adaptation;15;1;;;;;
15.86;-0.5;-0.5;5.918074;1;Adaptation;15;1;;;;;
15.88;-0.5;-0.5;2.271989;1;Adaptation;15;1;;;;;
15.9;-0.5;-0.5;2.069458;1;Adaptation;15;1;;;;;
15.92;-0.5;-0.5;4.524618;1;Adaptation;15;1;;;;;
15.94;-0.5;-0.5;2.129098;1;Adaptation;15;1;;;;;
15.96;-0.5;-0.5;3.865559;1;Adaptation;15;1;;;;;
15.98;-0.5;-0.5;5.005816;1;Adaptation;15;1;;;;;
16;-0.5;-0.5;3.055331;1;Adaptation;15;1;;;;;
16.02;-0.5;-0.5;2.07253;1;Adaptation;15;1;;;;;
16.04;-0.5;-0.5;5.379638;1;Adaptation;15;1;;;;;
16.06;-0.5;-0.5;4.236639;1;Adaptation;15;1;;;;;
16.08;-0.5;-0.5;4.542826;1;Adaptation;15;1;;;;;
16.1;-0.5;-0.5;3.09947;1;Adaptation;15;1;;;;;
16.12;-0.5;-0.5;3.348195;1;Adaptation;15;1;;;;;
16.14;0;-0.125;2.874102;1;Adaptation;15;1;;;;;
16.16;0;0.125;5.189126;1;Adaptation;15;1;;;;;
16.18;-0.5;-0.5;5.87258;1;Adaptation;15;1;;;;;
16.2;-0.5;-0.5;4.222179;1;Adaptation;15;1;;;;;
16.22;-0.5;-0.5;5.271689;1;Adaptation;15;1;;;;;
16.24;-0.5;-0.5;2.118541;1;Adaptation;15;1;;;;;
16.26;-0.5;-0.5;4.347642;1;Adaptation;15;1;;;;;
16.28;-0.5;-0.5;2.858333;1;Adaptation;15;1;;;;;
16.3;-0.5;-0.5;4.807389;1;Adaptation;15;1;;;;;
16.32;-0.5;-0.5;5.126544;1;Adaptation;15;1;;;;;
16.34;-0.5;-0.5;3.386637;1;Adaptation;15;1;;;;;
16.36;-0.5;-0.5;2.234142;1;Adaptation;15;1;;;;;
16.38;0;0;3.867223;1;Adaptation;15;1;;;;;
16.4;-0.5;-0.5;3.119541;1;Adaptation;15;1;;;;;
16.42;-0.5;-0.5;2.319299;1;Adaptation;15;1;;;;;
16.44;-0.5;-0.5;2.04359;1;Adaptation;15;1;;;;;
16.46;2;-0.125;2.754633;1;Adaptation;15;1;;;;;
16.48;-0.5;-0.5;4.867759;1;Adaptation;15;1;;;;;
16.5;-0.5;-0.5;4.697493;1;Adaptation;15;1;;;;;
16.52;-0.5;-0.5;5.100911;1;Adaptation;15;1;;;;;
16.54;-0.5;-0.5;3.975183;1;Adaptation;15;1;;;;;
16.56;-0.5;-0.5;2.035641;1;Adaptation;15;1;;;;;
16.58;0;0;3.704653;1;Adaptation;15;1;;;;;
16.6;-0.5;-0.5;2.94355;1;Adaptation;15;1;;;;;
16.62;-0.5;-0.5;4.657505;1;Adaptation;15;1;;;;;
16.64;-0.5;-0.5;5.653479;1;Adaptation;15;1;;;;;
16.66;-0.5;-0.5;5.172418;1;Adaptation;15;1;;;;;
16.68;-0.5;-0.5;4.865596;1;Adaptation;15;1;;;;;
16.7;-0.5;-0.5;3.013986;1;Adaptation;15;1;;;;;
16.72;-0.5;-0.5;4.556787;1;Adaptation;15;1;;;;;
16.74;-0.5;-0.5;5.359996;1;Adaptation;15;1;;;;;
16.76;-0.5;-0.5;5.766837;1;Adaptation;15;1;;;;;
16.78;0;-0.125;4.299153;1;Adaptation;15;1;;;;;
16.8;-0.5;-0.5;2.989351;1;Adaptation;15;1;;;;;
16.82;-0.5;-0.5;4.195122;1;Adaptation;15;1;;;;;
16.84;0;0;2.208866;1;Adaptation;15;1;;;;;
16.86;-0.5;-0.5;3.114428;1;Adaptation;15;1;;;;;
16.88;-0.5;-0.5;5.991588;1;Adaptation;15;1;;;;;
16.9;-0.5;-0.5;5.455913;1;Adaptation;15;1;;;;;
16.92;-0.5;-0.5;3.54773;1;Adaptation;15;1;;;;;
16.94;-0.5;-0.5;3.896036;1;Adaptation;15;1;;;;;
16.96;-0.5;-0.5;3.899337;1;Adaptation;15;1;;;;;
16.98;-2;-0.125;4.281183;1;Adaptation;15;1;;;;;
17;-0.5;-0.5;5.751636;1;Adaptation;15;1;;;;;
17.02;-0.5;-0.5;5.901682;1;Adaptation;15;1;;;;;
17.04;-0.5;-0.5;5.305862;1;Adaptation;15;1;;;;;
17.06;-0.5;-0.5;3.123602;1;Adaptation;15;1;;;;;
17.08;-0.5;-0.5;4.414242;1;Adaptation;15;1;;;;;
17.1;-0.5;-0.5;2.53263;1;Adaptation;15;1;;;;;
17.12;-0.5;-0.5;2.267386;1;Adaptation;15;1;;;;;
17.14;-0.5;-0.5;3.388495;1;Adaptation;15;1;;;;;
17.16;-0.5;-0.5;5.509194;1;Adaptation;15;1;;;;;
17.18;-0.5;-0.5;5.722837;1;Adaptation;15;1;;;;;
17.2;-0.5;-0.5;4.510025;1;Adaptation;15;1;;;;;
17.22;-0.5;-0.5;5.792566;1;Adaptation;15;1;;;;;
17.24;-0.5;-0.5;2.257729;1;Adaptation;15;1;;;;;
17.26;-0.5;-0.5;5.259448;1;Adaptation;15;1;;;;;
17.28;-0.5;-0.5;5.464615;1;Adaptation;15;1;;;;;
17.3;-0.5;-0.5;4.288983;1;Adaptation;15;1;;;;;
17.32;-0.5;-0.5;3.774603;1;Adaptation;15;1;;;;;
17.34;2;0.25;4.883594;1;Adaptation;15;1;;;;;
17.36;-0.5;-0.5;4.320188;1;Adaptation;15;1;;;;;
17.38;-0.5;-0.5;4.603889;1;Adaptation;15;1;;;;;
17.4;-0.5;-0.5;5.67128;1;Adaptation;15;1;;;;;
17.42;-0.5;-0.5;2.980773;1;Adaptation;15;1;;;;;
17.44;-0.5;-0.5;3.510913;1;Adaptation;15;1;;;;;
17.46;-2;0.125;2.100956;1;Adaptation;15;1;;;;;
17.48;-0.5;-0.5;4.358809;1;Adaptation;15;1;;;;;
17.5;0;0;3.624141;1;Adaptation;15;1;;;;;
17.52;-0.5;-0.5;2.471189;1;Adaptation;15;1;;;;;
17.54;-0.5;-0.5;4.018385;1;Adaptation;15;1;;;;;
17.56;2;0;3.163809;1;Adaptation;15;1;;;;;
17.58;-2;-0.125;2.622439;1;Adaptation;15;1;;;;;
17.6;-0.5;-0.5;5.847711;1;Adaptation;15;1;;;;;
17.62;-0.5;-0.5;3.065488;1;Adaptation;15;1;;;;;
17.64;-0.5;-0.5;2.989067;1;Adaptation;15;1;;;;;
17.66;0;0;3.729978;1;Adaptation;15;1;;;;;
17.68;-0.5;-0.5;3.445355;1;Adaptation;15;1;;;;;
17.7;-0.5;-0.5;5.575788;1;Adaptation;15;1;;;;;
17.72;-0.5;-0.5;3.190136;1;Adaptation;15;1;;;;;
17.74;-0.5;-0.5;4.823506;1;Adaptation;15;1;;;;;
17.76;-0.5;-0.5;5.784956;1;Adaptation;15;1;;;;;
17.78;-0.5;-0.5;4.340525;1;Adaptation;15;1;;;;;
17.8;-0.5;-0.5;3.23005;1;Adaptation;15;1;;;;;
17.82;-0.5;-0.5;4.96979;1;Adaptation;15;1;;;;;
17.84;-0.5;-0.5;5.555599;1;Adaptation;15;1;;;;;
17.86;-2;0.125;5.685374;1;Adaptation;15;1;;;;;
17.88;-0.5;-0.5;5.80926;1;Adaptation;15;1;;;;;
17.9;-0.5;-0.5;3.649974;1;Adaptation;15;1;;;;;
17.92;-0.5;-0.5;2.315991;1;Adaptation;15;1;;;;;
17.94;-0.5;-0.5;3.86399;1;Adaptation;15;1;;;;;
17.96;-0.5;-0.5;5.544546;1;Adaptation;15;1;;;;;
17.98;-0.5;-0.5;3.359065;1;Adaptation;15;1;;;;;
18;0;0;3.784392;1;Adaptation;15;1;;;;;
18.02;2;0.125;2.727663;1;Adaptation;15;1;;;;;
18.04;-2;0.125;4.930978;1;Adaptation;15;1;;;;;
18.06;-0.5;-0.5;2.39534;1;Adaptation;15;1;;;;;
18.08;-0.5;-0.5;4.672421;1;Adaptation;15;1;;;;;
18.1;-0.5;-0.5;2.697719;1;Adaptation;15;1;;;;;
18.12;-0.5;-0.5;5.102798;1;Adaptation;15;1;;;;;
18.14;-0.5;-0.5;5.47024;1;Adaptation;15;1;;;;;
18.16;0;0.125;5.940245;1;Adaptation;15;1;;;;;
18.18;-0.5;-0.5;5.364393;1;Adaptation;15;1;;;;;
18.2;-0.5;-0.5;3.383575;1;Adaptation;15;1;;;;;
18.22;-0.5;-0.5;3.144741;1;Adaptation;15;1;;;;;
18.24;-0.5;-0.5;5.474057;1;Adaptation;15;1;;;;;
18.26;-0.5;-0.5;3.762406;1;Adaptation;15;1;;;;;
18.28;2;0.125;5.12016;1;Adaptation;15;1;;;;;
18.3;-0.5;-0.5;3.136769;1;Adaptation;15;1;;;;;
18.32;-0.5;-0.5;2.983433;1;Adaptation;15;1;;;;;
18.34;0;-0.25;3.010281;1;Adaptation;15;1;;;;;
18.36;-0.5;-0.5;5.294319;1;Adaptation;15;1;;;;;
18.38;0;0.125;3.242478;1;Adaptation;15;1;;;;;
18.4;-0.5;-0.5;3.234682;1;Adaptation;15;1;;;;;
18.42;-0.5;-0.5;3.28326;1;Adaptation;15;1;;;;;
18.44;-0.5;-0.5;4.871716;1;Adaptation;15;1;;;;;
18.46;-0.5;-0.5;3.59578;1;Adaptation;15;1;;;;;
18.48;-0.5;-0.5;4.14391;1;Adaptation;15;1;;;;;
18.5;2;0;5.460237;1;Adaptation;15;1;;;;;
18.52;-0.5;-0.5;5.887497;1;Adaptation;15;1;;;;;
18.54;-0.5;-0.5;5.371207;1;Adaptation;15;1;;;;;
18.56;-0.5;-0.5;3.955778;1;Adaptation;15;1;;;;;
18.58;-0.5;-0.5;2.400731;1;Adaptation;15;1;;;;;
18.6;-0.5;-0.5;2.577717;1;Adaptation;15;1;;;;;
18.62;-0.5;-0.5;2.610579;1;Adaptation;15;1;;;;;
18.64;-0.5;-0.5;2.517828;1;Adaptation;15;1;;;;;
18.66;-0.5;-0.5;4.784758;1;Adaptation;15;1;;;;;
18.68;-0.5;-0.5;3.035671;1;Adaptation;15;1;;;;;
18.7;-0.5;-0.5;5.528057;1;Adaptation;15;1;;;;;
18.72;-0.5;-0.5;3.901155;1;Adaptation;15;1;;;;;
18.74;-0.5;-0.5;4.856399;1;Adaptation;15;1;;;;;
18.76;-2;-0.375;3.718078;1;Adaptation;15;1;;;;;
18.78;-0.5;-0.5;3.164271;1;Adaptation;15;1;;;;;
18.8;-0.5;-0.5;3.015516;1;Adaptation;15;1;;;;;
18.82;-0.5;-0.5;5.087845;1;Adaptation;15;1;;;;;
18.84;-0.5;-0.5;3.026529;1;Adaptation;15;1;;;;;
18.86;0;0;3.749601;1;Adaptation;15;1;;;;;
18.88;2;-0.25;2.792947;1;Adaptation;15;1;;;;;
18.9;-0.5;-0.5;5.513483;1;Adaptation;15;1;;;;;
18.92;-4;-0.25;2.710767;1;Adaptation;15;1;;;;;
18.94;2;-0.125;2.946914;1;Adaptation;15;1;;;;;
18.96;-0.5;-0.5;5.999557;1;Adaptation;15;1;;;;;
18.98;-0.5;-0.5;3.899022;1;Adaptation;15;1;;;;;
19;2;0;4.494498;1;Adaptation;15;1;;;;;
19.02;0;0;2.45495;1;Adaptation;15;1;;;;;
19.04;-0.5;-0.5;2.756616;1;Adaptation;15;1;;;;;
19.06;-0.5;-0.5;3.974108;1;Adaptation;15;1;;;;;
19.08;-0.5;-0.5;2.411447;1;Adaptation;15;1;;;;;
19.1;-0.5;-0.5;5.022027;1;Adaptation;15;1;;;;;
19.12;-2;0.125;3.685268;1;Adaptation;15;1;;;;;
19.14;0;-0.25;4.683075;1;Adaptation;15;1;;;;;
19.16;-0.5;-0.5;3.424237;1;Adaptation;15;1;;;;;
19.18;-0.5;-0.5;3.284482;1;Adaptation;15;1;;;;;
19.2;-0.5;-0.5;2.832287;1;Adaptation;15;1;;;;;
19.22;-0.5;-0.5;3.238153;1;Adaptation;15;1;;;;;
19.24;-0.5;-0.5;3.673134;1;Adaptation;15;1;;;;;
19.26;-0.5;-0.5;4.931308;1;Adaptation;15;1;;;;;
19.28;-0.5;-0.5;5.429706;1;Adaptation;15;1;;;;;
19.3;-0.5;-0.5;2.889845;1;Adaptation;15;1;;;;;
19.32;-0.5;-0.5;3.73657;1;Adaptation;15;1;;;;;
19.34;-0.5;-0.5;5.696403;1;Adaptation;15;1;;;;;
19.36;-0.5;-0.5;4.701474;1;Adaptation;15;1;;;;;
19.38;2;0;3.151458;1;Adaptation;15;1;;;;;
19.4;-0.5;-0.5;5.113371;1;Adaptation;15;1;;;;;
19.42;0;-0.25;3.932906;1;Adaptation;15;1;;;;;
19.44;-0.5;-0.5;2.863691;1;Adaptation;15;1;;;;;
19.46;-0.5;-0.5;2.098114;1;Adaptation;15;1;;;;;
19.48;-0.5;-0.5;4.019979;1;Adaptation;15;1;;;;;
19.5;2;0.125;5.782348;1;Adaptation;15;1;;;;;
19.52;-0.5;-0.5;5.29215;1;Adaptation;15;1;;;;;
19.54;-0.5;-0.5;5.544889;1;Adaptation;15;1;;;;;
19.56;-0.5;-0.5;4.143875;1;Adaptation;15;1;;;;;
19.58;0;-0.125;2.02804;1;Adaptation;15;1;;;;;
19.6;-0.5;-0.5;3.011467;1;Adaptation;15;1;;;;;
19.62;-0.5;-0.5;2.121989;1;Adaptation;15;1;;;;;
19.64;-0.5;-0.5;2.71638;1;Adaptation;15;1;;;;;
19.66;-0.5;-0.5;3.931205;1;Adaptation;15;1;;;;;
19.68;-0.5;-0.5;4.570153;1;Adaptation;15;1;;;;;
19.7;-0.5;-0.5;3.222205;1;Adaptation;15;1;;;;;
19.72;-0.5;-0.5;4.939165;1;Adaptation;15;1;;;;;
19.74;-0.5;-0.5;5.025601;1;Adaptation;15;1;;;;;
19.76;-0.5;-0.5;3.284604;1;Adaptation;15;1;;;;;
19.78;-2;0.125;3.665035;1;Adaptation;15;1;;;;;
19.8;0;-0.125;3.713495;1;Adaptation;15;1;;;;;
19.82;-0.5;-0.5;5.288721;1;Adaptation;15;1;;;;;
19.84;-0.5;-0.5;5.177726;1;Adaptation;15;1;;;;;
19.86;0;-0.125;4.023384;1;Adaptation;15;1;;;;;
19.88;-0.5;-0.5;4.816157;1;Adaptation;15;1;;;;;
19.9;-0.5;-0.5;4.311004;1;Adaptation;15;1;;;;;
19.92;-2;0;3.125112;1;Adaptation;15;1;;;;;
19.94;-0.5;-0.5;4.477056;1;Adaptation;15;1;;;;;
19.96;-0.5;-0.5;5.03827;1;Adaptation;15;1;;;;;
19.98;-0.5;-0.5;3.276373;1;Adaptation;15;1;;;;;
20;2;-0.125;5.743028;1;Adaptation;15;1;;;;;
20.02;-0.5;-0.5;3.060622;1;Adaptation;15;1;;;;;
20.04;-2;0;5.045095;1;Adaptation;15;1;;;;;
20.06;-0.5;-0.5;3.102701;1;Adaptation;15;1;;;;;
20.08;-2;0;3.845596;1;Adaptation;15;1;;;;;
20.1;-2;0;2.149801;1;Adaptation;15;1;;;;;
20.12;0;0;3.540284;1;Adaptation;15;1;;;;;
20.14;-0.5;-0.5;3.400205;1;Adaptation;15;1;;;;;
20.16;0;-0.125;2.554523;1;Adaptation;15;1;;;;;
20.18;-0.5;-0.5;4.3428;1;Adaptation;15;1;;;;;
20.2;0;-0.125;2.969829;1;Adaptation;15;1;;;;;
20.22;-0.5;-0.5;4.200088;1;Adaptation;15;1;;;;;
20.24;2;-0.125;2.127292;1;Adaptation;15;1;;;;;
20.26;-0.5;-0.5;2.988332;1;Adaptation;15;1;;;;;
20.28;-0.5;-0.5;5.970973;1;Adaptation;15;1;;;;;
20.3;-0.5;-0.5;4.043848;1;Adaptation;15;1;;;;;
20.32;-0.5;-0.5;4.206013;1;Adaptation;15;1;;;;;
20.34;-0.5;-0.5;2.84897;1;Adaptation;15;1;;;;;
20.36;-0.5;-0.5;4.78204;1;Adaptation;15;1;;;;;
20.38;-0.5;-0.5;2.054389;1;Adaptation;15;1;;;;;
20.4;2;-0.125;4.166334;1;Adaptation;15;1;;;;;
20.42;-0.5;-0.5;4.997687;1;Adaptation;15;1;;;;;
20.44;-0.5;-0.5;5.289554;1;Adaptation;15;1;;;;;
20.46;-0.5;-0.5;3.62904;1;Adaptation;15;1;;;;;
20.48;-0.5;-0.5;2.085944;1;Adaptation;15;1;;;;;
20.5;-0.5;-0.5;3.920114;1;Adaptation;15;1;;;;;
20.52;-0.5;-0.5;3.892747;1;Adaptation;15;1;;;;;
20.54;-2;0;4.789611;1;Adaptation;15;1;;;;;
20.56;-0.5;-0.5;5.02371;1;Adaptation;15;1;;;;;
20.58;-0.5;-0.5;3.559404;1;Adaptation;15;1;;;;;
20.6;-0.5;-0.5;5.83212;1;Adaptation;15;1;;;;;
20.62;0;0.125;5.281135;1;Adaptation;15;1;;;;;
20.64;0;0.125;4.525487;1;Adaptation;15;1;;;;;
20.66;0;0;3.096138;1;Adaptation;15;1;;;;;
20.68;-0.5;-0.5;4.182552;1;Adaptation;15;1;;;;;
20.7;-0.5;-0.5;2.640647;1;Adaptation;15;1;;;;;
20.72;-0.5;-0.5;4.008275;1;Adaptation;15;1;;;;;
20.74;-0.5;-0.5;5.586773;1;Adaptation;15;1;;;;;
20.76;-0.5;-0.5;5.703106;1;Adaptation;15;1;;;;;
20.78;-0.5;-0.5;4.966491;1;Adaptation;15;1;;;;;
20.8;-0.5;-0.5;2.418518;1;Adaptation;15;1;;;;;
20.82;-0.5;-0.5;3.082365;1;Adaptation;15;1;;;;;
20.84;-0.5;-0.5;5.584355;1;Adaptation;15;1;;;;;
20.86;-0.5;-0.5;5.72257;1;Adaptation;15;1;;;;;
20.88;-0.5;-0.5;4.329849;1;Adaptation;15;1;;;;;
20.9;0;-0.125;2.156439;1;Adaptation;15;1;;;;;
20.92;-0.5;-0.5;2.555289;1;Adaptation;15;1;;;;;
20.94;-0.5;-0.5;4.62389;1;Adaptation;15;1;;;;;
20.96;0;0.125;4.238996;1;Adaptation;15;1;;;;;
20.98;-0.5;-0.5;5.38203;1;Adaptation;15;1;;;;;
21;-0.5;-0.5;3.510173;1;Adaptation;15;1;;;;;
21.02;-0.5;-0.5;4.860878;1;Adaptation;15;1;;;;;
21.04;-0.5;-0.5;2.385161;1;Adaptation;15;1;;;;;
21.06;-0.5;-0.5;5.670204;1;Adaptation;15;1;;;;;
21.08;-0.5;-0.5;3.676366;1;Adaptation;15;1;;;;;
21.1;-0.5;-0.5;2.034554;1;Adaptation;15;1;;;;;
21.12;-0.5;-0.5;2.619924;1;Adaptation;15;1;;;;;
21.14;-0.5;-0.5;5.185338;1;Adaptation;15;1;;;;;
21.16;-0.5;-0.5;4.407895;1;Adaptation;15;1;;;;;
21.18;-0.5;-0.5;2.869063;1;Adaptation;15;1;;;;;
21.2;-0.5;-0.5;5.140625;1;Adaptation;15;1;;;;;
21.22;-0.5;-0.5;4.465895;1;Adaptation;15;1;;;;;
21.24;-0.5;-0.5;5.13149;1;Adaptation;15;1;;;;;
21.26;-0.5;-0.5;4.66176;1;Adaptation;15;1;;;;;
21.28;-0.5;-0.5;2.917815;1;Adaptation;15;1;;;;;
21.3;0;0;4.048101;1;Adaptation;15;1;;;;;
21.32;-0.5;-0.5;3.02492;1;Adaptation;15;1;;;;;
21.34;-0.5;-0.5;3.68582;1;Adaptation;15;1;;;;;
21.36;2;0;5.673027;1;Adaptation;15;1;;;;;
21.38;-0.5;-0.5;4.985424;1;Adaptation;15;1;;;;;
21.4;-0.5;-0.5;4.306534;1;Adaptation;15;1;;;;;
21.42;-0.5;-0.5;4.439873;1;Adaptation;15;1;;;;;
21.44;-2;0.125;5.315898;1;Adaptation;15;1;;;;;
21.46;-0.5;-0.5;2.521697;1;Adaptation;15;1;;;;;
21.48;-0.5;-0.5;3.523046;1;Adaptation;15;1;;;;;
21.5;-0.5;-0.5;5.097657;1;Adaptation;15;1;;;;;
21.52;2;0.125;3.921123;1;Adaptation;15;1;;;;;
21.54;-0.5;-0.5;4.115083;1;Adaptation;15;1;;;;;
21.56;-0.5;-0.5;5.996193;1;Adaptation;15;1;;;;;
21.58;-0.5;-0.5;4.996474;1;Adaptation;15;1;;;;;
21.6;0;0.125;5.305875;1;Adaptation;15;1;;;;;
21.62;-0.5;-0.5;2.467924;1;Adaptation;15;1;;;;;
21.64;-0.5;-0.5;2.02395;1;Adaptation;15;1;;;;;
21.66;-2;0;2.203391;1;Adaptation;15;1;;;;;
21.68;-0.5;-0.5;5.424688;1;Adaptation;15;1;;;;;
21.7;-0.5;-0.5;5.269461;1;Adaptation;15;1;;;;;
21.72;-0.5;-0.5;4.942014;1;Adaptation;15;1;;;;;
21.74;-0.5;-0.5;4.843741;1;Adaptation;15;1;;;;;
21.76;-0.5;-0.5;4.810177;1;Adaptation;15;1;;;;;
21.78;-0.5;-0.5;3.409599;1;Adaptation;15;1;;;;;
21.8;-0.5;-0.5;4.128031;1;Adaptation;15;1;;;;;
21.82;-0.5;-0.5;4.038812;1;Adaptation;15;1;;;;;
21.84;2;0;4.356489;1;Adaptation;15;1;;;;;
21.86;-0.5;-0.5;4.642415;1;Adaptation;15;1;;;;;
21.88;-0.5;-0.5;3.884372;1;Adaptation;15;1;;;;;
21.9;-0.5;-0.5;5.394567;1;Adaptation;15;1;;;;;
21.92;0;0.25;4.369297;1;Adaptation;15;1;;;;;
21.94;-0.5;-0.5;5.76312;1;Adaptation;15;1;;;;;
21.96;-0.5;-0.5;4.793023;1;Adaptation;15;1;;;;;
21.98;-0.5;-0.5;2.831771;1;Adaptation;15;1;;;;;
22;2;-0.125;2.764317;1;Adaptation;15;1;;;;;
22.02;-0.5;-0.5;4.872296;1;Adaptation;15;1;;;;;
22.04;-0.5;-0.5;4.076493;1;Adaptation;15;1;;;;;
22.06;-0.5;-0.5;2.321481;1;Adaptation;15;1;;;;;
22.08;-0.5;-0.5;3.585205;1;Adaptation;15;1;;;;;
22.1;-0.5;-0.5;5.178966;1;Adaptation;15;1;;;;;
22.12;-0.5;-0.5;4.739721;1;Adaptation;15;1;;;;;
22.14;-2;0;4.117919;1;Adaptation;15;1;;;;;
22.16;-0.5;-0.5;4.49794;1;Adaptation;15;1;;;;;
22.18;-0.5;-0.5;3.602677;1;Adaptation;15;1;;;;;
22.2;-0.5;-0.5;2.844514;1;Adaptation;15;1;;;;;
22.22;-0.5;-0.5;2.246709;1;Adaptation;15;1;;;;;
22.24;-0.5;-0.5;4.500442;1;Adaptation;15;1;;;;;
22.26;-0.5;-0.5;5.80741;1;Adaptation;15;1;;;;;
22.28;-0.5;-0.5;5.894937;1;Adaptation;15;1;;;;;
22.3;0;-0.125;2.506494;1;Adaptation;15;1;;;;;
22.32;-2;0;4.822846;1;Adaptation;15;1;;;;;
22.34;-0.5;-0.5;4.331461;1;Adaptation;15;1;;;;;
22.36;-2;-0.125;2.530411;1;Adaptation;15;1;;;;;
22.38;0;0;5.571739;1;Adaptation;15;1;;;;;
22.4;-0.5;-0.5;3.310039;1;Adaptation;15;1;;;;;
22.42;-0.5;-0.5;3.415115;1;Adaptation;15;1;;;;;
22.44;-0.5;-0.5;5.410632;1;Adaptation;15;1;;;;;
22.46;-0.5;-0.5;3.109308;1;Adaptation;15;1;;;;;
22.48;2;-0.25;5.726874;1;Adaptation;15;1;;;;;
22.5;-0.5;-0.5;3.469566;1;Adaptation;15;1;;;;;
22.52;-0.5;-0.5;4.958906;1;Adaptation;15;1;;;;;
22.54;-0.5;-0.5;3.896936;1;Adaptation;15;1;;;;;
22.56;-0.5;-0.5;3.1525;1;Adaptation;15;1;;;;;
22.58;-0.5;-0.5;4.938005;1;Adaptation;15;1;;;;;
22.6;-2;-0.125;3.370515;1;Adaptation;15;1;;;;;
22.62;0;0.125;3.235756;1;Adaptation;15;1;;;;;
22.64;0;0;5.207268;1;Adaptation;15;1;;;;;
22.66;-0.5;-0.5;4.423301;1;Adaptation;15;1;;;;;
22.68;-0.5;-0.5;4.779626;1;Adaptation;15;1;;;;;
22.7;-0.5;-0.5;4.954684;1;Adaptation;15;1;;;;;
22.72;-0.5;-0.5;4.077316;1;Adaptation;15;1;;;;;
22.74;-0.5;-0.5;3.736618;1;Adaptation;15;1;;;;;
22.76;2;0.125;4.837264;1;Adaptation;15;1;;;;;
22.78;-0.5;-0.5;5.516635;1;Adaptation;15;1;;;;;
22.8;-0.5;-0.5;4.060837;1;Adaptation;15;1;;;;;
22.82;-0.5;-0.5;2.295085;1;Adaptation;15;1;;;;;
22.84;-0.5;-0.5;2.559622;1;Adaptation;15;1;;;;;
22.86;-0.5;-0.5;4.472631;1;Adaptation;15;1;;;;;
22.88;-0.5;-0.5;3.799443;1;Adaptation;15;1;;;;;
22.9;-0.5;-0.5;5.873103;1;Adaptation;15;1;;;;;
22.92;-0.5;-0.5;2.455685;1;Adaptation;15;1;;;;;
22.94;-0.5;-0.5;4.008163;1;Adaptation;15;1;;;;;
22.96;-0.5;-0.5;3.597807;1;Adaptation;15;1;;;;;
22.98;-0.5;-0.5;2.915045;1;Adaptation;15;1;;;;;
23;-0.5;-0.5;5.567574;1;Adaptation;15;1;;;;;
23.02;-0.5;-0.5;5.922508;1;Adaptation;15;1;;;;;
23.04;-0.5;-0.5;5.063848;1;Adaptation;15;1;;;;;
23.06;-0.5;-0.5;2.553388;1;Adaptation;15;1;;;;;
23.08;-0.5;-0.5;3.222711;1;Adaptation;15;1;;;;;
23.1;-0.5;-0.5;3.667724;1;Adaptation;15;1;;;;;
23.12;-0.5;-0.5;4.653323;1;Adaptation;15;1;;;;;
23.14;-0.5;-0.5;4.715502;1;Adaptation;15;1;;;;;
23.16;0;0.125;2.526514;1;Adaptation;15;1;;;;;
23.18;0;-0.125;2.997251;1;Adaptation;15;1;;;;;
23.2;0;-0.125;3.764908;1;Adaptation;15;1;;;;;
23.22;-0.5;-0.5;2.1277;1;Adaptation;15;1;;;;;
23.24;0;0;3.0151;1;Adaptation;15;1;;;;;
23.26;-0.5;-0.5;5.699131;1;Adaptation;15;1;;;;;
23.28;-0.5;-0.5;5.803427;1;Adaptation;15;1;;;;;
23.3;0;-0.125;3.283194;1;Adaptation;15;1;;;;;
23.32;-2;0;5.962272;1;Adaptation;15;1;;;;;
23.34;-0.5;-0.5;3.151063;1;Adaptation;15;1;;;;;
23.36;-0.5;-0.5;3.338984;1;Adaptation;15;1;;;;;
23.38;-2;0;5.835202;1;Adaptation;15;1;;;;;
23.4;-0.5;-0.5;5.466303;1;Adaptation;15;1;;;;;
23.42;0;-0.25;2.72936;1;Adaptation;15;1;;;;;
23.44;-0.5;-0.5;4.424793;1;Adaptation;15;1;;;;;
23.46;-0.5;-0.5;5.506272;1;Adaptation;15;1;;;;;
23.48;-0.5;-0.5;4.649865;1;Adaptation;15;1;;;;;
23.5;0;-0.125;5.631074;1;Adaptation;15;1;;;;;
23.52;-0.5;-0.5;2.333873;1;Adaptation;15;1;;;;;
23.54;-2;0.375;4.755913;1;Adaptation;15;1;;;;;
23.56;-0.5;-0.5;2.15305;1;Adaptation;15;1;;;;;
23.58;-0.5;-0.5;5.91085;1;Adaptation;15;1;;;;;
23.6;-0.5;-0.5;2.471978;1;Adaptation;15;1;;;;;
23.62;-0.5;-0.5;5.268632;1;Adaptation;15;1;;;;;
23.64;-0.5;-0.5;3.669613;1;Adaptation;15;1;;;;;
23.66;0;-0.125;3.104962;1;Adaptation;15;1;;;;;
23.68;-0.5;-0.5;2.012473;1;Adaptation;15;1;;;;;
23.7;-0.5;-0.5;4.127317;1;Adaptation;15;1;;;;;
23.72;0;0;2.028935;1;Adaptation;15;1;;;;;
23.74;-0.5;-0.5;5.349942;1;Adaptation;15;1;;;;;
23.76;-0.5;-0.5;5.414306;1;Adaptation;15;1;;;;;
23.78;-0.5;-0.5;3.764915;1;Adaptation;15;1;;;;;
23.8;-0.5;-0.5;3.94072;1;Adaptation;15;1;;;;;
23.82;-0.5;-0.5;4.083285;1;Adaptation;15;1;;;;;
23.84;0;0.125;3.271951;1;Adaptation;15;1;;;;;
23.86;0;0.125;4.2491;1;Adaptation;15;1;;;;;
23.88;-0.5;-0.5;4.943014;1;Adaptation;15;1;;;;;
23.9;-0.5;-0.5;5.233485;1;Adaptation;15;1;;;;;
23.92;-0.5;-0.5;5.062118;1;Adaptation;15;1;;;;;
23.94;-0.5;-0.5;4.374092;1;Adaptation;15;1;;;;;
23.96;-0.5;-0.5;2.80602;1;Adaptation;15;1;;;;;
23.98;-0.5;-0.5;5.081929;1;Adaptation;15;1;;;;;
24;-0.5;-0.5;4.744473;1;Adaptation;15;1;;;;;
24.02;-0.5;-0.5;2.702305;1;Adaptation;15;1;;;;;
24.04;-0.5;-0.5;4.984611;1;Adaptation;15;1;;;;;
24.06;-0.5;-0.5;4.553135;1;Adaptation;15;1;;;;;
24.08;2;0.125;5.762281;1;Adaptation;15;1;;;;;
24.1;-0.5;-0.5;3.917557;1;Adaptation;15;1;;;;;
24.12;-0.5;-0.5;4.591585;1;Adaptation;15;1;;;;;
24.14;-0.5;-0.5;4.720073;1;Adaptation;15;1;;;;;
24.16;-0.5;-0.5;4.108253;1;Adaptation;15;1;;;;;
24.18;-0.5;-0.5;2.577469;1;Adaptation;15;1;;;;;
24.2;-0.5;-0.5;5.203924;1;Adaptation;15;1;;;;;
24.22;0;0.25;5.884063;1;Adaptation;15;1;;;;;
24.24;-0.5;-0.5;5.573757;1;Adaptation;15;1;;;;;
24.26;-0.5;-0.5;4.88015;1;Adaptation;15;1;;;;;
24.28;0;0;3.896488;1;Adaptation;15;1;;;;;
24.3;-0.5;-0.5;3.092426;1;Adaptation;15;1;;;;;
24.32;-0.5;-0.5;5.733541;1;Adaptation;15;1;;;;;
24.34;0;-0.125;4.318916;1;Adaptation;15;1;;;;;
24.36;0;-0.25;2.328738;1;Adaptation;15;1;;;;;
24.38;-2;0.125;3.432315;1;Adaptation;15;1;;;;;
24.4;2;0.25;4.322159;1;Adaptation;15;1;;;;;
24.42;-0.5;-0.5;5.677753;1;Adaptation;15;1;;;;;
24.44;-0.5;-0.5;4.111511;1;Adaptation;15;1;;;;;
24.46;-0.5;-0.5;5.929806;1;Adaptation;15;1;;;;;
24.48;-2;0.25;3.653052;1;Adaptation;15;1;;;;;
24.5;-0.5;-0.5;3.024947;1;Adaptation;15;1;;;;;
24.52;0;-0.125;5.073627;1;Adaptation;15;1;;;;;
24.54;-0.5;-0.5;2.89178;1;Adaptation;15;1;;;;;
24.56;-0.5;-0.5;3.458597;1;Adaptation;15;1;;;;;
24.58;-0.5;-0.5;5.258402;1;Adaptation;15;1;;;;;
24.6;-0.5;-0.5;2.628214;1;Adaptation;15;1;;;;;
24.62;2;0;4.726158;1;Adaptation;15;1;;;;;
24.64;0;0.125;4.870761;1;Adaptation;15;1;;;;;
24.66;-0.5;-0.5;4.514277;1;Adaptation;15;1;;;;;
24.68;-0.5;-0.5;2.717292;1;Adaptation;15;1;;;;;
24.7;-0.5;-0.5;2.882505;1;Adaptation;15;1;;;;;
24.72;-0.5;-0.5;4.296148;1;Adaptation;15;1;;;;;
24.74;-0.5;-0.5;5.017432;1;Adaptation;15;1;;;;;
24.76;-2;0.125;3.445601;1;Adaptation;15;1;;;;;
24.78;-0.5;-0.5;4.977919;1;Adaptation;15;1;;;;;
24.8;-0.5;-0.5;3.206541;1;Adaptation;15;1;;;;;
24.82;-0.5;-0.5;3.19768;1;Adaptation;15;1;;;;;
24.84;-0.5;-0.5;2.199241;1;Adaptation;15;1;;;;;
24.86;-0.5;-0.5;3.655098;1;Adaptation;15;1;;;;;
24.88;-2;-0.125;3.743104;1;Adaptation;15;1;;;;;
24.9;-0.5;-0.5;2.369514;1;Adaptation;15;1;;;;;
24.92;-0.5;-0.5;4.754247;1;Adaptation;15;1;;;;;
24.94;-0.5;-0.5;5.882789;1;Adaptation;15;1;;;;;
24.96;-0.5;-0.5;2.670228;1;Adaptation;15;1;;;;;
24.98;-0.5;-0.5;5.794829;1;Adaptation;15;1;;;;;
25;-0.5;-0.5;5.496221;1;Adaptation;15;1;;;;;
25.02;0;0;5.863553;1;Adaptation;15;1;;;;;
25.04;-0.5;-0.5;2.658851;1;Adaptation;15;1;;;;;
25.06;-0.5;-0.5;5.319942;1;Adaptation;15;1;;;;;
25.08;0;0;3.10373;1;Adaptation;15;1;;;;;
25.1;-0.5;-0.5;3.19881;1;Adaptation;15;1;;;;;
25.12;-0.5;-0.5;5.828957;1;Adaptation;15;1;;;;;
25.14;0;-0.125;2.458605;1;Adaptation;15;1;;;;;
25.16;-0.5;-0.5;5.904791;1;Adaptation;15;1;;;;;
25.18;-0.5;-0.5;5.383251;1;Adaptation;15;1;;;;;
25.2;-0.5;-0.5;3.337855;1;Adaptation;15;1;;;;;
25.22;-2;0.125;5.934661;1;Adaptation;15;1;;;;;
25.24;-0.5;-0.5;4.125433;1;Adaptation;15;1;;;;;
25.26;-0.5;-0.5;3.432959;1;Adaptation;15;1;;;;;
25.28;-0.5;-0.5;5.797187;1;Adaptation;15;1;;;;;
25.3;-0.5;-0.5;2.315767;1;Adaptation;15;1;;;;;
25.32;-0.5;-0.5;3.036375;1;Adaptation;15;1;;;;;
25.34;-0.5;-0.5;4.700386;1;Adaptation;15;1;;;;;
25.36;2;0.125;2.739101;1;Adaptation;15;1;;;;;
25.38;-0.5;-0.5;2.325207;1;Adaptation;15;1;;;;;
25.4;-0.5;-0.5;3.153472;1;Adaptation;15;1;;;;;
25.42;-0.5;-0.5;4.726711;1;Adaptation;15;1;;;;;
25.44;-0.5;-0.5;2.377075;1;Adaptation;15;1;;;;;
25.46;-0.5;-0.5;4.182528;1;Adaptation;15;1;;;;;
25.48;-0.5;-0.5;4.057483;1;Adaptation;15;1;;;;;
25.5;-0.5;-0.5;5.554299;1;Adaptation;15;1;;;;;
25.52;-0.5;-0.5;5.713431;1;Adaptation;15;1;;;;;
25.54;-0.5;-0.5;5.98862;1;Adaptation;15;1;;;;;
25.56;-0.5;-0.5;2.788475;1;Adaptation;15;1;;;;;
25.58;-0.5;-0.5;3.793297;1;Adaptation;15;1;;;;;
25.6;-0.5;-0.5;4.875873;1;Adaptation;15;1;;;;;
25.62;-0.5;-0.5;2.849922;1;Adaptation;15;1;;;;;
25.64;2;0.125;5.795697;1;Adaptation;15;1;;;;;
25.66;0;0;3.001177;1;Adaptation;15;1;;;;;
25.68;-0.5;-0.5;3.097835;1;Adaptation;15;1;;;;;
25.7;-0.5;-0.5;2.229371;1;Adaptation;15;1;;;;;
25.72;-0.5;-0.5;2.468103;1;Adaptation;15;1;;;;;
25.74;-0.5;-0.5;3.149742;1;Adaptation;15;1;;;;;
25.76;0;-0.125;5.665114;1;Adaptation;15;1;;;;;
25.78;-0.5;-0.5;2.415611;1;Adaptation;15;1;;;;;
25.8;-2;-0.125;5.820113;1;Adaptation;15;1;;;;;
25.82;-0.5;-0.5;4.353974;1;Adaptation;15;1;;;;;
25.84;-0.5;-0.5;4.394444;1;Adaptation;15;1;;;;;
25.86;-2;0.25;5.082682;1;Adaptation;15;1;;;;;
25.88;-0.5;-0.5;4.575878;1;Adaptation;15;1;;;;;
25.9;-0.5;-0.5;4.209451;1;Adaptation;15;1;;;;;
25.92;-0.5;-0.5;3.558553;1;Adaptation;15;1;;;;;
25.94;-0.5;-0.5;3.360881;1;Adaptation;15;1;;;;;
25.96;-2;-0.125;5.411819;1;Adaptation;15;1;;;;;
25.98;-0.5;-0.5;3.824082;1;Adaptation;15;1;;;;;
26;-0.5;-0.5;2.833674;1;Adaptation;15;1;;;;;
26.02;-0.5;-0.5;5.25097;1;Adaptation;15;1;;;;;
26.04;-0.5;-0.5;2.076743;1;Adaptation;15;1;;;;;
26.06;-0.5;-0.5;5.378229;1;Adaptation;15;1;;;;;
26.08;-0.5;-0.5;5.887624;1;Adaptation;15;1;;;;;
26.1;-0.5;-0.5;2.36992;1;Adaptation;15;1;;;;;
26.12;2;0.125;3.126861;1;Adaptation;15;1;;;;;
26.14;-0.5;-0.5;4.374894;1;Adaptation;15;1;;;;;
26.16;-0.5;-0.5;4.943549;1;Adaptation;15;1;;;;;
26.18;2;0.25;5.30078;1;Adaptation;15;1;;;;;
26.2;0;-0.125;2.125323;1;Adaptation;15;1;;;;;
26.22;-0.5;-0.5;4.121898;1;Adaptation;15;1;;;;;
26.24;0;-0.125;3.414367;1;Adaptation;15;1;;;;;
26.26;-0.5;-0.5;2.66016;1;Adaptation;15;1;;;;;
26.28;2;-0.125;3.083257;1;Adaptation;15;1;;;;;
26.3;2;0.125;2.025931;1;Adaptation;15;1;;;;;
26.32;-0.5;-0.5;2.375343;1;Adaptation;15;1;;;;;
26.34;-0.5;-0.5;4.099982;1;Adaptation;15;1;;;;;
26.36;-0.5;-0.5;3.508641;1;Adaptation;15;1;;;;;
26.38;-0.5;-0.5;5.982751;1;Adaptation;15;1;;;;;
26.4;0;-0.25;3.274434;1;Adaptation;15;1;;;;;
26.42;2;-0.375;5.313059;1;Adaptation;15;1;;;;;
26.44;-0.5;-0.5;5.188262;1;Adaptation;15;1;;;;;
26.46;-0.5;-0.5;2.028289;1;Adaptation;15;1;;;;;
26.48;0;0;3.857731;1;Adaptation;15;1;;;;;
26.5;-2;-0.25;5.236497;1;Adaptation;15;1;;;;;
26.52;-0.5;-0.5;3.139273;1;Adaptation;15;1;;;;;
26.54;-0.5;-0.5;3.864223;1;Adaptation;15;1;;;;;
26.56;-0.5;-0.5;4.014066;1;Adaptation;15;1;;;;;
26.58;2;-0.125;3.404972;1;Adaptation;15;1;;;;;
26.6;0;0.125;5.502769;1;Adaptation;15;1;;;;;
26.62;0;-0.125;2.336413;1;Adaptation;15;1;;;;;
26.64;-0.5;-0.5;2.5234;1;Adaptation;15;1;;;;;
26.66;-0.5;-0.5;2.145995;1;Adaptation;15;1;;;;;
26.68;-0.5;-0.5;3.417452;1;Adaptation;15;1;;;;;
26.7;-0.5;-0.5;3.818207;1;Adaptation;15;1;;;;;
26.72;-0.5;-0.5;3.746034;1;Adaptation;15;1;;;;;
26.74;-0.5;-0.5;5.277715;1;Adaptation;15;1;;;;;
26.76;-0.5;-0.5;4.590047;1;Adaptation;15;1;;;;;
26.78;-0.5;-0.5;2.441757;1;Adaptation;15;1;;;;;
26.8;-0.5;-0.5;5.036941;1;Adaptation;15;1;;;;;
26.82;-0.5;-0.5;3.321381;1;Adaptation;15;1;;;;;
26.84;-0.5;-0.5;2.5411;1;Adaptation;15;1;;;;;
26.86;-0.5;-0.5;5.300877;1;Adaptation;15;1;;;;;
26.88;-0.5;-0.5;2.696886;1;Adaptation;15;1;;;;;
26.9;-0.5;-0.5;2.554837;1;Adaptation;15;1;;;;;
26.92;-0.5;-0.5;3.600162;1;Adaptation;15;1;;;;;
26.94;-0.5;-0.5;3.849519;1;Adaptation;15;1;;;;;
26.96;-0.5;-0.5;5.032188;1;Adaptation;15;1;;;;;
26.98;-0.5;-0.5;3.427271;1;Adaptation;15;1;;;;;
27;-0.5;-0.5;2.814997;1;Adaptation;15;1;;;;;
27.02;-0.5;-0.5;2.529491;1;Adaptation;15;1;;;;;
27.04;-0.5;-0.5;2.022867;1;Adaptation;15;1;;;;;
27.06;-0.5;-0.5;4.393345;1;Adaptation;15;1;;;;;
27.08;-0.5;-0.5;3.196982;1;Adaptation;15;1;;;;;
27.1;-0.5;-0.5;3.344951;1;Adaptation;15;1;;;;;
27.12;-0.5;-0.5;4.716193;1;Adaptation;15;1;;;;;
27.14;-0.5;-0.5;5.374959;1;Adaptation;15;1;;;;;
27.16;-0.5;-0.5;5.118069;1;Adaptation;15;1;;;;;
27.18;-0.5;-0.5;5.621958;1;Adaptation;15;1;;;;;
27.2;-0.5;-0.5;5.294724;1;Adaptation;15;1;;;;;
27.22;-0.5;-0.5;5.326797;1;Adaptation;15;1;;;;;
27.24;0;0.25;4.407821;1;Adaptation;15;1;;;;;
27.26;-0.5;-0.5;4.927052;1;Adaptation;15;1;;;;;
27.28;-0.5;-0.5;5.063443;1;Adaptation;15;1;;;;;
27.3;0;0;4.994339;1;Adaptation;15;1;;;;;
27.32;-0.5;-0.5;4.905396;1;Adaptation;15;1;;;;;
27.34;0;0.125;4.360732;1;Adaptation;15;1;;;;;
27.36;-0.5;-0.5;4.870113;1;Adaptation;15;1;;;;;
27.38;2;0;3.295208;1;Adaptation;15;1;;;;;
27.4;-0.5;-0.5;2.910068;1;Adaptation;15;1;;;;;
27.42;-0.5;-0.5;2.560614;1;Adaptation;15;1;;;;;
27.44;-0.5;-0.5;3.858128;1;Adaptation;15;1;;;;;
27.46;-0.5;-0.5;2.64178;1;Adaptation;15;1;;;;;
27.48;-0.5;-0.5;2.864037;1;Adaptation;15;1;;;;;
27.5;0;0.125;5.31663;1;Adaptation;15;1;;;;;
27.52;0;-0.125;5.233613;1;Adaptation;15;1;;;;;
27.54;0;-0.25;5.309197;1;Adaptation;15;1;;;;;
27.56;-0.5;-0.5;2.683922;1;Adaptation;15;1;;;;;
27.58;-0.5;-0.5;5.357779;1;Adaptation;15;1;;;;;
27.6;-0.5;-0.5;3.136871;1;Adaptation;15;1;;;;;
27.62;-0.5;-0.5;5.854546;1;Adaptation;15;1;;;;;
27.64;-0.5;-0.5;5.139403;1;Adaptation;15;1;;;;;
27.66;0;-0.125;2.714495;1;Adaptation;15;1;;;;;
27.68;0;0;4.481586;1;Adaptation;15;1;;;;;
27.7;-0.5;-0.5;5.245373;1;Adaptation;15;1;;;;;
27.72;-0.5;-0.5;4.299112;1;Adaptation;15;1;;;;;
27.74;-0.5;-0.5;4.406441;1;Adaptation;15;1;;;;;
27.76;2;-0.125;4.859005;1;Adaptation;15;1;;;;;
27.78;-0.5;-0.5;5.055749;1;Adaptation;15;1;;;;;
27.8;0;0.125;4.539709;1;Adaptation;15;1;;;;;
27.82;-0.5;-0.5;5.690991;1;Adaptation;15;1;;;;;
27.84;-0.5;-0.5;3.987235;1;Adaptation;15;1;;;;;
27.86;-0.5;-0.5;4.362571;1;Adaptation;15;1;;;;;
27.88;-0.5;-0.5;2.14352;1;Adaptation;15;1;;;;;
27.9;-0.5;-0.5;3.728975;1;Adaptation;15;1;;;;;
27.92;0;-0.125;3.933229;1;Adaptation;15;1;;;;;
27.94;0;-0.25;3.472392;1;Adaptation;15;1;;;;;
27.96;2;0.125;5.352749;1;Adaptation;15;1;;;;;
27.98;-0.5;-0.5;4.905284;1;Adaptation;15;1;;;;;
28;-2;-0.125;3.763467;1;Adaptation;15;1;;;;;
28.02;-2;-0.125;5.962653;1;Adaptation;15;1;;;;;
28.04;-0.5;-0.5;5.684291;1;Adaptation;15;1;;;;;
28.06;-0.5;-0.5;3.595131;1;Adaptation;15;1;;;;;
28.08;-0.5;-0.5;3.666783;1;Adaptation;15;1;;;;;
28.1;-0.5;-0.5;5.566463;1;Adaptation;15;1;;;;;
28.12;-0.5;-0.5;5.883434;1;Adaptation;15;1;;;;;
28.14;-2;0.125;3.230361;1;Adaptation;15;1;;;;;
28.16;-0.5;-0.5;5.766484;1;Adaptation;15;1;;;;;
28.18;-0.5;-0.5;4.891576;1;Adaptation;15;1;;;;;
28.2;-0.5;-0.5;2.998361;1;Adaptation;15;1;;;;;
28.22;-0.5;-0.5;3.104282;1;Adaptation;15;1;;;;;
28.24;-0.5;-0.5;2.868317;1;Adaptation;15;1;;;;;
28.26;-0.5;-0.5;3.2765;1;Adaptation;15;1;;;;;
28.28;-0.5;-0.5;3.423033;1;Adaptation;15;1;;;;;
28.3;-0.5;-0.5;5.924391;1;Adaptation;15;1;;;;;
28.32;-0.5;-0.5;2.098611;1;Adaptation;15;1;;;;;
28.34;-0.5;-0.5;3.399164;1;Adaptation;15;1;;;;;
28.36;-0.5;-0.5;3.48281;1;Adaptation;15;1;;;;;
28.38;-0.5;-0.5;5.560942;1;Adaptation;15;1;;;;;
28.4;2;0;5.349362;1;Adaptation;15;1;;;;;
28.42;0;0;3.957408;1;Adaptation;15;1;;;;;
28.44;-0.5;-0.5;2.943895;1;Adaptation;15;1;;;;;
28.46;-0.5;-0.5;5.293457;1;Adaptation;15;1;;;;;
28.48;-0.5;-0.5;3.020957;1;Adaptation;15;1;;;;;
28.5;-0.5;-0.5;3.933174;1;Adaptation;15;1;;;;;
28.52;-0.5;-0.5;4.749256;1;Adaptation;15;1;;;;;
28.54;-0.5;-0.5;4.385174;1;Adaptation;15;1;;;;;
28.56;-0.5;-0.5;4.215063;1;Adaptation;15;1;;;;;
28.58;-0.5;-0.5;3.758768;1;Adaptation;15;1;;;;;
28.6;-0.5;-0.5;3.26814;1;Adaptation;15;1;;;;;
28.62;-0.5;-0.5;4.470585;1;Adaptation;15;1;;;;;
28.64;-0.5;-0.5;3.893543;1;Adaptation;15;1;;;;;
28.66;-0.5;-0.5;3.312157;1;Adaptation;15;1;;;;;
28.68;2;0.125;3.472201;1;Adaptation;15;1;;;;;
28.7;-0.5;-0.5;2.988058;1;Adaptation;15;1;;;;;
28.72;-0.5;-0.5;3.379865;1;Adaptation;15;1;;;;;
28.74;-0.5;-0.5;2.729587;1;Adaptation;15;1;;;;;
28.76;-0.5;-0.5;4.910141;1;Adaptation;15;1;;;;;
28.78;-0.5;-0.5;2.297982;1;Adaptation;15;1;;;;;
28.8;-0.5;-0.5;3.283232;1;Adaptation;15;1;;;;;
28.82;0;0.125;2.399495;1;Adaptation;15;1;;;;;
28.84;-0.5;-0.5;4.824316;1;Adaptation;15;1;;;;;
28.86;-0.5;-0.5;5.774506;1;Adaptation;15;1;;;;;
28.88;-0.5;-0.5;3.418345;1;Adaptation;15;1;;;;;
28.9;-0.5;-0.5;2.863304;1;Adaptation;15;1;;;;;
28.92;0;-0.125;4.483584;1;Adaptation;15;1;;;;;
28.94;0;0.25;3.522242;1;Adaptation;15;1;;;;;
28.96;-0.5;-0.5;4.845425;1;Adaptation;15;1;;;;;
28.98;-0.5;-0.5;5.852717;1;Adaptation;15;1;;;;;
29;-0.5;-0.5;5.470502;1;Adaptation;15;1;;;;;
29.02;-0.5;-0.5;3.346435;1;Adaptation;15;1;;;;;
29.04;-0.5;-0.5;4.311238;1;Adaptation;15;1;;;;;
29.06;-0.5;-0.5;4.564562;1;Adaptation;15;1;;;;;
29.08;-0.5;-0.5;5.460409;1;Adaptation;15;1;;;;;
29.1;-0.5;-0.5;2.667161;1;Adaptation;15;1;;;;;
29.12;-0.5;-0.5;4.392832;1;Adaptation;15;1;;;;;
29.14;-0.5;-0.5;3.576925;1;Adaptation;15;1;;;;;
29.16;-0.5;-0.5;3.369566;1;Adaptation;15;1;;;;;
29.18;2;0;5.626702;1;Adaptation;15;1;;;;;
29.2;-0.5;-0.5;4.435229;1;Adaptation;15;1;;;;;
29.22;0;0.125;4.754386;1;Adaptation;15;1;;;;;
29.24;-0.5;-0.5;3.721123;1;Adaptation;15;1;;;;;
29.26;0;-0.125;5.053358;1;Adaptation;15;1;;;;;
29.28;-0.5;-0.5;2.063554;1;Adaptation;15;1;;;;;
29.3;-0.5;-0.5;2.333935;1;Adaptation;15;1;;;;;
29.32;-0.5;-0.5;2.22077;1;Adaptation;15;1;;;;;
29.34;-0.5;-0.5;5.758677;1;Adaptation;15;1;;;;;
29.36;-0.5;-0.5;4.415994;1;Adaptation;15;1;;;;;
29.38;-0.5;-0.5;5.388319;1;Adaptation;15;1;;;;;
29.4;0;0;2.966698;1;Adaptation;15;1;;;;;
29.42;0;-0.25;2.601355;1;Adaptation;15;1;;;;;
29.44;-0.5;-0.5;3.990451;1;Adaptation;15;1;;;;;
29.46;-0.5;-0.5;5.257997;1;Adaptation;15;1;;;;;
29.48;-0.5;-0.5;3.285017;1;Adaptation;15;1;;;;;
29.5;2;0;4.429272;1;Adaptation;15;1;;;;;
29.52;-0.5;-0.5;3.712435;1;Adaptation;15;1;;;;;
29.54;-0.5;-0.5;5.156745;1;Adaptation;15;1;;;;;
29.56;-0.5;-0.5;3.070169;1;Adaptation;15;1;;;;;
29.58;-0.5;-0.5;4.514069;1;Adaptation;15;1;;;;;
29.6;-0.5;-0.5;2.624758;1;Adaptation;15;1;;;;;
29.62;-0.5;-0.5;4.006167;1;Adaptation;15;1;;;;;
29.64;-0.5;-0.5;2.215226;1;Adaptation;15;1;;;;;
29.66;2;-0.375;3.924248;1;Adaptation;15;1;;;;;
29.68;-2;0;3.930813;1;Adaptation;15;1;;;;;
29.7;-0.5;-0.5;4.783037;1;Adaptation;15;1;;;;;
29.72;-0.5;-0.5;5.172599;1;Adaptation;15;1;;;;;
29.74;-0.5;-0.5;3.148729;1;Adaptation;15;1;;;;;
29.76;-0.5;-0.5;4.643257;1;Adaptation;15;1;;;;;
29.78;-0.5;-0.5;3.228209;1;Adaptation;15;1;;;;;
29.8;-0.5;-0.5;4.284245;1;Adaptation;15;1;;;;;
29.82;-0.5;-0.5;3.974931;1;Adaptation;15;1;;;;;
29.84;-0.5;-0.5;2.289932;1;Adaptation;15;1;;;;;
29.86;-0.5;-0.5;3.684739;1;Adaptation;15;1;;;;;
29.88;-2;0;3.46231;1;Adaptation;15;1;;;;;
29.9;-0.5;-0.5;4.988359;1;Adaptation;15;1;;;;;
29.92;0;0;4.939178;1;Adaptation;15;1;;;;;
29.94;-0.5;-0.5;2.662386;1;Adaptation;15;1;;;;;
29.96;-0.5;-0.5;5.443151;1;Adaptation;15;1;;;;;
29.98;-2;0;5.782138;1;Adaptation;15;1;;;;;
30;-0.5;-0.5;2.323316;1;Adaptation;15;1;;;;;
30.02;-0.5;-0.5;5.747026;1;Adaptation;15;1;;;;;
30.04;-0.5;-0.5;2.312503;1;Adaptation;15;1;;;;;
30.06;-0.5;-0.5;4.825719;1;Adaptation;15;1;;;;;
30.08;-0.5;-0.5;3.896526;1;Adaptation;15;1;;;;;
30.1;-0.5;-0.5;4.80266;1;Adaptation;15;1;;;;;
30.12;-0.5;-0.5;2.296864;1;Adaptation;15;1;;;;;
30.14;-0.5;-0.5;4.829891;1;Adaptation;15;1;;;;;
30.16;-0.5;-0.5;5.698597;1;Adaptation;15;1;;;;;
30.18;0;0.25;5.825202;1;Adaptation;15;1;;;;;
30.2;-0.5;-0.5;5.262381;1;Adaptation;15;1;;;;;
30.22;-0.5;-0.5;4.512311;1;Adaptation;15;1;;;;;
30.24;-0.5;-0.5;3.805374;1;Adaptation;15;1;;;;;
30.26;-2;0.125;5.2898;1;Adaptation;15;1;;;;;
30.28;-0.5;-0.5;2.407592;1;Adaptation;15;1;;;;;
30.3;-0.5;-0.5;4.441282;1;Adaptation;15;1;;;;;
30.32;-0.5;-0.5;5.980415;1;Adaptation;15;1;;;;;
30.34;-0.5;-0.5;3.364458;1;Adaptation;15;1;;;;;
30.36;-0.5;-0.5;2.164333;1;Adaptation;15;1;;;;;
30.38;-0.5;-0.5;3.172146;1;Adaptation;15;1;;;;;
30.4;-0.5;-0.5;3.267811;1;Adaptation;15;1;;;;;
30.42;-0.5;-0.5;4.608348;1;Adaptation;15;1;;;;;
30.44;-2;0;3.087946;1;Adaptation;15;1;;;;;
30.46;-0.5;-0.5;2.427219;1;Adaptation;15;1;;;;;
30.48;-0.5;-0.5;5.050619;1;Adaptation;15;1;;;;;
30.5;-0.5;-0.5;3.113698;1;Adaptation;15;1;;;;;
30.52;0;0.125;3.951293;1;Adaptation;15;1;;;;;
30.54;0;0.125;5.717588;1;Adaptation;15;1;;;;;
30.56;-0.5;-0.5;3.263446;1;Adaptation;15;1;;;;;
30.58;-0.5;-0.5;4.974398;1;Adaptation;15;1;;;;;
30.6;0;-0.125;5.269441;1;Adaptation;15;1;;;;;
30.62;0;0;5.595899;1;Adaptation;15;1;;;;;
30.64;-0.5;-0.5;4.310871;1;Adaptation;15;1;;;;;
30.66;-0.5;-0.5;2.373376;1;Adaptation;15;1;;;;;
30.68;-0.5;-0.5;3.487247;1;Adaptation;15;1;;;;;
30.7;-0.5;-0.5;2.632287;1;Adaptation;15;1;;;;;
30.72;-0.5;-0.5;5.409932;1;Adaptation;15;1;;;;;
30.74;0;0;4.927999;1;Adaptation;15;1;;;;;
30.76;-0.5;-0.5;2.307894;1;Adaptation;15;1;;;;;
30.78;-0.5;-0.5;3.367306;1;Adaptation;15;1;;;;;
30.8;-0.5;-0.5;4.980961;1;Adaptation;15;1;;;;;
30.82;-0.5;-0.5;3.200212;1;Adaptation;15;1;;;;;
30.84;-0.5;-0.5;5.867949;1;Adaptation;15;1;;;;;
30.86;-0.5;-0.5;2.291295;1;Adaptation;15;1;;;;;
30.88;-0.5;-0.5;2.913836;1;Adaptation;15;1;;;;;
30.9;0;0;5.83397;1;Adaptation;15;1;;;;;
30.92;-0.5;-0.5;3.056127;1;Adaptation;15;1;;;;;
30.94;0;0.25;5.311794;1;Adaptation;15;1;;;;;
30.96;-0.5;-0.5;2.104354;1;Adaptation;15;1;;;;;
30.98;-2;-0.25;2.603427;1;Adaptation;15;1;;;;;
31;2;-0.25;5.513019;1;Adaptation;15;1;;;;;
31.02;-0.5;-0.5;3.256496;1;Adaptation;15;1;;;;;
31.04;-0.5;-0.5;3.821984;1;Adaptation;15;1;;;;;
31.06;-0.5;-0.5;3.275202;1;Adaptation;15;1;;;;;
31.08;2;0.125;5.47128;1;Adaptation;15;1;;;;;
31.1;-2;0;5.30694;1;Adaptation;15;1;;;;;
31.12;-0.5;-0.5;5.432193;1;Adaptation;15;1;;;;;
31.14;-0.5;-0.5;2.338834;1;Adaptation;15;1;;;;;
31.16;-0.5;-0.5;4.325278;1;Adaptation;15;1;;;;;
31.18;-0.5;-0.5;2.319392;1;Adaptation;15;1;;;;;
31.2;2;0;2.142708;1;Adaptation;15;1;;;;;
31.22;-0.5;-0.5;4.679523;1;Adaptation;15;1;;;;;
31.24;-0.5;-0.5;4.689311;1;Adaptation;15;1;;;;;
31.26;-0.5;-0.5;5.366807;1;Adaptation;15;1;;;;;
31.28;0;0;5.866478;1;Adaptation;15;1;;;;;
31.3;-0.5;-0.5;4.973376;1;Adaptation;15;1;;;;;
31.32;-0.5;-0.5;5.638321;1;Adaptation;15;1;;;;;
31.34;-0.5;-0.5;5.338501;1;Adaptation;15;1;;;;;
31.36;-0.5;-0.5;5.781147;1;Adaptation;15;1;;;;;
31.38;-0.5;-0.5;2.459058;1;Adaptation;15;1;;;;;
31.4;-0.5;-0.5;3.130536;1;Adaptation;15;1;;;;;
31.42;-0.5;-0.5;3.653975;1;Adaptation;15;1;;;;;
31.44;-0.5;-0.5;5.896662;1;Adaptation;15;1;;;;;
31.46;2;0.125;3.987674;1;Adaptation;15;1;;;;;
31.48;-0.5;-0.5;2.16629;1;Adaptation;15;1;;;;;
31.5;-0.5;-0.5;4.515968;1;Adaptation;15;1;;;;;
31.52;-0.5;-0.5;2.024977;1;Adaptation;15;1;;;;;
31.54;-0.5;-0.5;4.974805;1;Adaptation;15;1;;;;;
31.56;0;0.25;3.169155;1;Adaptation;15;1;;;;;
31.58;-0.5;-0.5;5.686775;1;Adaptation;15;1;;;;;
31.6;-0.5;-0.5;2.363149;1;Adaptation;15;1;;;;;
31.62;-0.5;-0.5;5.376379;1;Adaptation;15;1;;;;;
31.64;-0.5;-0.5;3.332814;1;Adaptation;15;1;;;;;
31.66;-0.5;-0.5;3.742509;1;Adaptation;15;1;;;;;
;;;;;;;;;;;;
