time;pos_x_right;pos_y_right;dil_right;pos_x_left;pos_y_left;dil_left;brightness;state;fov;trial;;
0;2;-0.25;3.921253;1;Adaptation;15;1;;;;;
0.02;2;-0.25;4.222448;1;Adaptation;15;1;;;;;
0.04;2;-0.0625;4.20575;1;Adaptation;15;1;;;;;
0.06;2;-0.0625;2.31011;1;Adaptation;15;1;;;;;
0.08;2;-0.0625;2.886101;1;Adaptation;15;1;;;;;
0.09999999;2;-0.0625;5.113719;1;Adaptation;15;1;;;;;
0.12;2;-0.0625;3.076183;1;Adaptation;15;1;;;;;
0.14;2;-0.0625;2.588752;1;Adaptation;15;1;;;;;
0.16;2;-0.0625;3.756168;1;Adaptation;15;1;;;;;
0.18;2;-0.0625;5.86691;1;Adaptation;15;1;;;;;
0.2;2;-0.0625;2.341215;1;Adaptation;15;1;;;;;
0.22;2;-0.0625;2.522157;1;Adaptation;15;1;;;;;
0.24;2;-0.0625;3.856334;1;Adaptation;15;1;;;;;
0.26;2;-0.0625;5.51841;1;Adaptation;15;1;;;;;
0.28;2;-0.0625;2.269137;1;Adaptation;15;1;;;;;
0.3;2;-0.0625;5.139704;1;Adaptation;15;1;;;;;
0.32;2;-0.0625;3.760399;1;Adaptation;15;1;;;;;
0.34;2;-0.0625;2.880587;1;Adaptation;15;1;;;;;
0.36;-0.5;-0.5;4.850808;1;Adaptation;15;1;;;;;
0.38;-0.5;-0.5;2.872146;1;Adaptation;15;1;;;;;
0.4;-0.5;-0.5;5.645913;1;Adaptation;15;1;;;;;
0.42;-0.5;-0.5;2.428392;1;Adaptation;15;1;;;;;
0.44;2;0.1875;5.530881;1;Adaptation;15;1;;;;;
0.46;0;-0.0625;5.035272;1;Adaptation;15;1;;;;;
0.48;-0.5;-0.5;3.585551;1;Adaptation;15;1;;;;;
0.5;-0.5;-0.5;3.813212;1;Adaptation;15;1;;;;;
0.52;-0.5;-0.5;3.961269;1;Adaptation;15;1;;;;;
0.54;-0.5;-0.5;2.511096;1;Adaptation;15;1;;;;;
0.56;0;-0.0625;4.499879;1;Adaptation;15;1;;;;;
0.58;-0.5;-0.5;2.802755;1;Adaptation;15;1;;;;;
0.6;2;0.0625;3.304429;1;Adaptation;15;1;;;;;
0.62;-0.5;-0.5;5.570879;1;Adaptation;15;1;;;;;
0.64;-0.5;-0.5;3.320846;1;Adaptation;15;1;;;;;
0.66;-0.5;-0.5;4.420526;1;Adaptation;15;1;;;;;
0.68;-0.5;-0.5;5.653766;1;Adaptation;15;1;;;;;
0.7;-2;-0.0625;3.358486;1;Adaptation;15;1;;;;;
0.72;0;-0.125;3.638117;1;Adaptation;15;1;;;;;
0.74;-0.5;-0.5;3.727133;1;Adaptation;15;1;;;;;
0.76;-0.5;-0.5;5.265467;1;Adaptation;15;1;;;;;
0.78;-0.5;-0.5;5.470682;1;Adaptation;15;1;;;;;
0.8;0;0.3125;4.234107;1;Adaptation;15;1;;;;;
0.82;-0.5;-0.5;5.994453;1;Adaptation;15;1;;;;;
0.84;-0.5;-0.5;5.937952;1;Adaptation;15;1;;;;;
0.86;-0.5;-0.5;3.424554;1;Adaptation;15;1;;;;;
0.88;0;0.3125;4.675013;1;Adaptation;15;1;;;;;
0.9;-2;0.125;4.061084;1;Adaptation;15;1;;;;;
0.92;-0.5;-0.5;2.686093;1;Adaptation;15;1;;;;;
0.94;-0.5;-0.5;3.126388;1;Adaptation;15;1;;;;;
0.96;0;-0.375;5.207872;1;Adaptation;15;1;;;;;
0.98;-0.5;-0.5;3.945547;1;Adaptation;15;1;;;;;
1;-0.5;-0.5;5.078727;1;Adaptation;15;1;;;;;
1.02;-0.5;-0.5;4.089289;1;Adaptation;15;1;;;;;
1.04;-0.5;-0.5;2.648639;1;Adaptation;15;1;;;;;
1.06;-0.5;-0.5;4.364591;1;Adaptation;15;1;;;;;
1.08;-0.5;-0.5;3.719324;1;Adaptation;15;1;;;;;
1.1;0;0.1875;5.626749;1;Adaptation;15;1;;;;;
1.12;-0.5;-0.5;3.000236;1;Adaptation;15;1;;;;;
1.14;-0.5;-0.5;2.453986;1;Adaptation;15;1;;;;;
1.16;-0.5;-0.5;5.880029;1;Adaptation;15;1;;;;;
1.18;0;0.125;5.908558;1;Adaptation;15;1;;;;;
1.2;-0.5;-0.5;5.299579;1;Adaptation;15;1;;;;;
1.22;-0.5;-0.5;4.647561;1;Adaptation;15;1;;;;;
1.24;-0.5;-0.5;3.014655;1;Adaptation;15;1;;;;;
1.26;-0.5;-0.5;4.712328;1;Adaptation;15;1;;;;;
1.28;-0.5;-0.5;4.915603;1;Adaptation;15;1;;;;;
1.3;2;0;5.320437;1;Adaptation;15;1;;;;;
1.32;-0.5;-0.5;2.206699;1;Adaptation;15;1;;;;;
1.34;-0.5;-0.5;4.418934;1;Adaptation;15;1;;;;;
1.36;-0.5;-0.5;3.604885;1;Adaptation;15;1;;;;;
1.38;-0.5;-0.5;2.525014;1;Adaptation;15;1;;;;;
1.4;0;-0.0625;4.281529;1;Adaptation;15;1;;;;;
1.42;-0.5;-0.5;2.381061;1;Adaptation;15;1;;;;;
1.44;-0.5;-0.5;5.581116;1;Adaptation;15;1;;;;;
1.46;-2;0.125;5.727054;1;Adaptation;15;1;;;;;
1.48;-0.5;-0.5;5.479062;1;Adaptation;15;1;;;;;
1.5;2;0.1875;4.455039;1;Adaptation;15;1;;;;;
1.52;0;0.25;2.428843;1;Adaptation;15;1;;;;;
1.54;-0.5;-0.5;4.753822;1;Adaptation;15;1;;;;;
1.56;0;-0.0625;2.220541;1;Adaptation;15;1;;;;;
1.58;-0.5;-0.5;2.54778;1;Adaptation;15;1;;;;;
1.6;0;0;2.741805;1;Adaptation;15;1;;;;;
1.62;-0.5;-0.5;4.900334;1;Adaptation;15;1;;;;;
1.64;-0.5;-0.5;2.759377;1;Adaptation;15;1;;;;;
1.66;-0.5;-0.5;3.628005;1;Adaptation;15;1;;;;;
1.68;-2;0.0625;4.254136;1;Adaptation;15;1;;;;;
1.7;-0.5;-0.5;3.276252;1;Adaptation;15;1;;;;;
1.72;-2;0.25;5.353003;1;Adaptation;15;1;;;;;
1.74;-0.5;-0.5;3.86633;1;Adaptation;15;1;;;;;
1.76;0;0;4.727039;1;Adaptation;15;1;;;;;
1.78;2;-0.1875;2.74913;1;Adaptation;15;1;;;;;
1.8;0;-0.0625;3.953332;1;Adaptation;15;1;;;;;
1.82;-0.5;-0.5;5.830411;1;Adaptation;15;1;;;;;
1.84;-0.5;-0.5;3.531527;1;Adaptation;15;1;;;;;
1.86;-0.5;-0.5;4.469803;1;Adaptation;15;1;;;;;
1.88;-0.5;-0.5;4.391449;1;Adaptation;15;1;;;;;
1.9;-0.5;-0.5;4.307913;1;Adaptation;15;1;;;;;
1.92;-0.5;-0.5;5.04944;1;Adaptation;15;1;;;;;
1.94;-0.5;-0.5;4.143795;1;Adaptation;15;1;;;;;
1.96;-0.5;-0.5;2.769192;1;Adaptation;15;1;;;;;
1.98;-0.5;-0.5;2.300578;1;Adaptation;15;1;;;;;
2;-2;0.125;3.059944;1;Adaptation;15;1;;;;;
2.02;-0.5;-0.5;3.870181;1;Adaptation;15;1;;;;;
2.04;-0.5;-0.5;5.75173;1;Adaptation;15;1;;;;;
2.06;-0.5;-0.5;5.342182;1;Adaptation;15;1;;;;;
2.08;-0.5;-0.5;5.702326;1;Adaptation;15;1;;;;;
2.1;-0.5;-0.5;5.372074;1;Adaptation;15;1;;;;;
2.12;-0.5;-0.5;4.699092;1;Adaptation;15;1;;;;;
2.14;-0.5;-0.5;5.378435;1;Adaptation;15;1;;;;;
2.16;-0.5;-0.5;4.132397;1;Adaptation;15;1;;;;;
2.18;-0.5;-0.5;3.929571;1;Adaptation;15;1;;;;;
2.2;-0.5;-0.5;5.755401;1;Adaptation;15;1;;;;;
2.22;-0.5;-0.5;3.423323;1;Adaptation;15;1;;;;;
2.24;-0.5;-0.5;2.273724;1;Adaptation;15;1;;;;;
2.26;-0.5;-0.5;3.060125;1;Adaptation;15;1;;;;;
2.28;0;-0.125;3.908666;1;Adaptation;15;1;;;;;
2.3;-0.5;-0.5;2.622663;1;Adaptation;15;1;;;;;
2.32;-0.5;-0.5;2.483657;1;Adaptation;15;1;;;;;
2.34;-0.5;-0.5;4.828546;1;Adaptation;15;1;;;;;
2.36;-0.5;-0.5;4.93825;1;Adaptation;15;1;;;;;
2.38;-0.5;-0.5;4.897758;1;Adaptation;15;1;;;;;
2.4;2;0.125;2.346197;1;Adaptation;15;1;;;;;
2.42;-0.5;-0.5;3.05787;1;Adaptation;15;1;;;;;
2.44;-0.5;-0.5;3.611866;1;Adaptation;15;1;;;;;
2.46;2;0;3.867018;1;Adaptation;15;1;;;;;
2.48;-0.5;-0.5;2.665684;1;Adaptation;15;1;;;;;
2.5;-0.5;-0.5;5.725714;1;Adaptation;15;1;;;;;
2.52;-0.5;-0.5;2.951087;1;Adaptation;15;1;;;;;
2.54;2;-0.0625;2.249522;1;Adaptation;15;1;;;;;
2.56;-0.5;-0.5;2.678357;1;Adaptation;15;1;;;;;
2.58;-0.5;-0.5;4.415519;1;Adaptation;15;1;;;;;
2.6;-2;0.0625;5.483839;1;Adaptation;15;1;;;;;
2.62;-0.5;-0.5;2.427413;1;Adaptation;15;1;;;;;
2.64;-2;-0.375;2.95457;1;Adaptation;15;1;;;;;
2.66;-0.5;-0.5;5.889444;1;Adaptation;15;1;;;;;
2.68;-0.5;-0.5;3.384718;1;Adaptation;15;1;;;;;
2.7;2;-0.25;2.395456;1;Adaptation;15;1;;;;;
2.72;-0.5;-0.5;5.58737;1;Adaptation;15;1;;;;;
2.74;-0.5;-0.5;4.325639;1;Adaptation;15;1;;;;;
2.76;-0.5;-0.5;3.619493;1;Adaptation;15;1;;;;;
2.78;-0.5;-0.5;4.36635;1;Adaptation;15;1;;;;;
2.8;-0.5;-0.5;5.534864;1;Adaptation;15;1;;;;;
2.82;-0.5;-0.5;5.331658;1;Adaptation;15;1;;;;;
2.84;2;-0.0625;3.242529;1;Adaptation;15;1;;;;;
2.86;0;-0.1875;5.70598;1;Adaptation;15;1;;;;;
2.88;-0.5;-0.5;4.36764;1;Adaptation;15;1;;;;;
2.9;-0.5;-0.5;3.191517;1;Adaptation;15;1;;;;;
2.92;-0.5;-0.5;5.885299;1;Adaptation;15;1;;;;;
2.94;-0.5;-0.5;2.13578;1;Adaptation;15;1;;;;;
2.96;-0.5;-0.5;5.258127;1;Adaptation;15;1;;;;;
2.98;-0.5;-0.5;3.64455;1;Adaptation;15;1;;;;;
3;-0.5;-0.5;3.236559;1;Adaptation;15;1;;;;;
3.02;0;-0.0625;2.060447;1;Adaptation;15;1;;;;;
3.04;-0.5;-0.5;3.021564;1;Adaptation;15;1;;;;;
3.06;-0.5;-0.5;3.952998;1;Adaptation;15;1;;;;;
3.08;0;0.125;2.537677;1;Adaptation;15;1;;;;;
3.1;-2;0;3.26729;1;Adaptation;15;1;;;;;
3.12;-0.5;-0.5;3.805473;1;Adaptation;15;1;;;;;
3.14;0;-0.0625;5.141684;1;Adaptation;15;1;;;;;
3.16;-0.5;-0.5;3.137273;1;Adaptation;15;1;;;;;
3.18;-0.5;-0.5;3.926968;1;Adaptation;15;1;;;;;
3.2;-0.5;-0.5;2.112584;1;Adaptation;15;1;;;;;
3.22;-0.5;-0.5;3.406277;1;Adaptation;15;1;;;;;
3.24;-0.5;-0.5;5.025393;1;Adaptation;15;1;;;;;
3.26;-0.5;-0.5;5.049725;1;Adaptation;15;1;;;;;
3.28;-0.5;-0.5;3.867466;1;Adaptation;15;1;;;;;
3.3;0;-0.1875;4.569569;1;Adaptation;15;1;;;;;
3.32;2;0.1875;5.420815;1;Adaptation;15;1;;;;;
3.34;-0.5;-0.5;2.080586;1;Adaptation;15;1;;;;;
3.36;-0.5;-0.5;5.127086;1;Adaptation;15;1;;;;;
3.38;-0.5;-0.5;5.7372;1;Adaptation;15;1;;;;;
3.4;2;0.0625;5.066361;1;Adaptation;15;1;;;;;
3.42;0;-0.125;4.190262;1;Adaptation;15;1;;;;;
3.44;-0.5;-0.5;4.638368;1;Adaptation;15;1;;;;;
3.46;-0.5;-0.5;2.643982;1;Adaptation;15;1;;;;;
3.48;0;0;2.779621;1;Adaptation;15;1;;;;;
3.5;-2;0;2.302271;1;Adaptation;15;1;;;;;
3.52;-0.5;-0.5;5.189164;1;Adaptation;15;1;;;;;
3.54;-0.5;-0.5;5.947876;1;Adaptation;15;1;;;;;
3.56;-0.5;-0.5;3.989172;1;Adaptation;15;1;;;;;
3.58;-0.5;-0.5;5.450406;1;Adaptation;15;1;;;;;
3.6;-0.5;-0.5;3.363449;1;Adaptation;15;1;;;;;
3.62;-0.5;-0.5;5.149328;1;Adaptation;15;1;;;;;
3.64;-0.5;-0.5;3.584829;1;Adaptation;15;1;;;;;
3.66;-0.5;-0.5;5.137405;1;Adaptation;15;1;;;;;
3.68;-0.5;-0.5;2.190785;1;Adaptation;15;1;;;;;
3.7;-0.5;-0.5;2.436284;1;Adaptation;15;1;;;;;
3.72;-2;-0.0625;4.563055;1;Adaptation;15;1;;;;;
3.74;-0.5;-0.5;2.32124;1;Adaptation;15;1;;;;;
3.76;-0.5;-0.5;2.378711;1;Adaptation;15;1;;;;;
3.78;-0.5;-0.5;2.954064;1;Adaptation;15;1;;;;;
3.8;-0.5;-0.5;2.478354;1;Adaptation;15;1;;;;;
3.82;0;-0.125;4.239042;1;Adaptation;15;1;;;;;
3.84;0;0.0625;3.270051;1;Adaptation;15;1;;;;;
3.86;-0.5;-0.5;3.702126;1;Adaptation;15;1;;;;;
3.88;-0.5;-0.5;5.126044;1;Adaptation;15;1;;;;;
3.9;-0.5;-0.5;5.397151;1;Adaptation;15;1;;;;;
3.92;-0.5;-0.5;5.601223;1;Adaptation;15;1;;;;;
3.94;-0.5;-0.5;5.85705;1;Adaptation;15;1;;;;;
3.96;-0.5;-0.5;5.223847;1;Adaptation;15;1;;;;;
3.98;0;-0.0625;2.414654;1;Adaptation;15;1;;;;;
4;-0.5;-0.5;2.625865;1;Adaptation;15;1;;;;;
4.02;-0.5;-0.5;5.953557;1;Adaptation;15;1;;;;;
4.04;-0.5;-0.5;4.240452;1;Adaptation;15;1;;;;;
4.06;-0.5;-0.5;2.355656;1;Adaptation;15;1;;;;;
4.08;-0.5;-0.5;2.721376;1;Adaptation;15;1;;;;;
4.1;-0.5;-0.5;4.472651;1;Adaptation;15;1;;;;;
4.12;0;0;2.574918;1;Adaptation;15;1;;;;;
4.14;-2;-0.3125;4.485743;1;Adaptation;15;1;;;;;
4.16;-0.5;-0.5;2.202362;1;Adaptation;15;1;;;;;
4.18;-0.5;-0.5;2.523406;1;Adaptation;15;1;;;;;
4.2;-0.5;-0.5;2.523925;1;Adaptation;15;1;;;;;
4.22;-0.5;-0.5;5.502075;1;Adaptation;15;1;;;;;
4.24;-0.5;-0.5;5.041625;1;Adaptation;15;1;;;;;
4.26;-0.5;-0.5;2.642993;1;Adaptation;15;1;;;;;
4.28;-2;0;2.064324;1;Adaptation;15;1;;;;;
4.3;-0.5;-0.5;3.458708;1;Adaptation;15;1;;;;;
4.32;-0.5;-0.5;5.778629;1;Adaptation;15;1;;;;;
4.34;-0.5;-0.5;3.870603;1;Adaptation;15;1;;;;;
4.36;0;0;4.405898;1;Adaptation;15;1;;;;;
4.38;-2;0.25;5.684219;1;Adaptation;15;1;;;;;
4.4;-0.5;-0.5;3.196261;1;Adaptation;15;1;;;;;
4.42;-0.5;-0.5;5.004802;1;Adaptation;15;1;;;;;
4.44;-0.5;-0.5;5.996835;1;Adaptation;15;1;;;;;
4.46;-0.5;-0.5;5.350669;1;Adaptation;15;1;;;;;
4.48;-0.5;-0.5;5.786511;1;Adaptation;15;1;;;;;
4.5;-2;0;2.490424;1;Adaptation;15;1;;;;;
4.52;-0.5;-0.5;2.587143;1;Adaptation;15;1;;;;;
4.54;-2;0.125;4.282108;1;Adaptation;15;1;;;;;
4.56;-0.5;-0.5;5.273278;1;Adaptation;15;1;;;;;
4.58;-0.5;-0.5;5.283216;1;Adaptation;15;1;;;;;
4.6;-0.5;-0.5;4.856842;1;Adaptation;15;1;;;;;
4.62;-0.5;-0.5;5.091176;1;Adaptation;15;1;;;;;
4.64;-0.5;-0.5;2.592218;1;Adaptation;15;1;;;;;
4.66;0;-0.0625;2.38962;1;Adaptation;15;1;;;;;
4.68;-0.5;-0.5;5.740165;1;Adaptation;15;1;;;;;
4.7;-0.5;-0.5;2.88174;1;Adaptation;15;1;;;;;
4.72;-0.5;-0.5;3.374837;1;Adaptation;15;1;;;;;
4.74;-0.5;-0.5;4.539289;1;Adaptation;15;1;;;;;
4.76;-0.5;-0.5;5.344131;1;Adaptation;15;1;;;;;
4.78;-0.5;-0.5;4.789963;1;Adaptation;15;1;;;;;
4.8;-0.5;-0.5;4.20816;1;Adaptation;15;1;;;;;
4.82;2;0;2.197469;1;Adaptation;15;1;;;;;
4.84;-0.5;-0.5;4.606597;1;Adaptation;15;1;;;;;
4.86;-0.5;-0.5;2.700329;1;Adaptation;15;1;;;;;
4.88;-0.5;-0.5;3.53787;1;Adaptation;15;1;;;;;
4.9;-0.5;-0.5;5.352898;1;Adaptation;15;1;;;;;
4.92;-0.5;-0.5;2.272972;1;Adaptation;15;1;;;;;
4.94;-0.5;-0.5;5.455812;1;Adaptation;15;1;;;;;
4.96;-0.5;-0.5;5.276207;1;Adaptation;15;1;;;;;
4.98;4;0;5.722448;1;Adaptation;15;1;;;;;
5;0;0.125;2.12745;1;Adaptation;15;1;;;;;
5.02;0;0.125;3.557591;1;Adaptation;15;1;;;;;
5.04;-0.5;-0.5;3.61254;1;Adaptation;15;1;;;;;
5.06;-0.5;-0.5;5.656249;1;Adaptation;15;1;;;;;
5.08;-0.5;-0.5;5.702959;1;Adaptation;15;1;;;;;
5.1;-0.5;-0.5;5.851216;1;Adaptation;15;1;;;;;
5.12;-0.5;-0.5;5.795394;1;Adaptation;15;1;;;;;
5.14;0;0;4.605027;1;Adaptation;15;1;;;;;
5.16;-0.5;-0.5;2.628928;1;Adaptation;15;1;;;;;
5.18;0;0;3.860553;1;Adaptation;15;1;;;;;
5.2;-0.5;-0.5;3.336451;1;Adaptation;15;1;;;;;
5.22;-0.5;-0.5;5.227662;1;Adaptation;15;1;;;;;
5.24;-0.5;-0.5;3.379055;1;Adaptation;15;1;;;;;
5.26;-0.5;-0.5;5.243524;1;Adaptation;15;1;;;;;
5.28;-0.5;-0.5;3.867638;1;Adaptation;15;1;;;;;
5.3;-0.5;-0.5;3.279183;1;Adaptation;15;1;;;;;
5.32;0;-0.0625;3.127939;1;Adaptation;15;1;;;;;
5.34;-0.5;-0.5;2.144363;1;Adaptation;15;1;;;;;
5.36;0;0.0625;4.4373;1;Adaptation;15;1;;;;;
5.38;-0.5;-0.5;5.909091;1;Adaptation;15;1;;;;;
5.4;-0.5;-0.5;2.555937;1;Adaptation;15;1;;;;;
5.42;-0.5;-0.5;4.977694;1;Adaptation;15;1;;;;;
5.44;2;0.0625;2.683867;1;Adaptation;15;1;;;;;
5.46;-0.5;-0.5;4.907752;1;Adaptation;15;1;;;;;
5.48;-0.5;-0.5;2.672096;1;Adaptation;15;1;;;;;
5.5;-0.5;-0.5;3.907978;1;Adaptation;15;1;;;;;
5.52;-0.5;-0.5;4.335658;1;Adaptation;15;1;;;;;
5.54;-0.5;-0.5;3.703951;1;Adaptation;15;1;;;;;
5.56;-0.5;-0.5;4.428224;1;Adaptation;15;1;;;;;
5.58;-0.5;-0.5;5.881592;1;Adaptation;15;1;;;;;
5.6;2;0.1875;4.43966;1;Adaptation;15;1;;;;;
5.62;-0.5;-0.5;4.215786;1;Adaptation;15;1;;;;;
5.64;-0.5;-0.5;3.680405;1;Adaptation;15;1;;;;;
5.66;-0.5;-0.5;3.420379;1;Adaptation;15;1;;;;;
5.68;-0.5;-0.5;5.569714;1;Adaptation;15;1;;;;;
5.7;-0.5;-0.5;4.736679;1;Adaptation;15;1;;;;;
5.72;-0.5;-0.5;5.655945;1;Adaptation;15;1;;;;;
5.74;-2;0.0625;2.054888;1;Adaptation;15;1;;;;;
5.76;0;-0.125;3.563452;1;Adaptation;15;1;;;;;
5.78;-0.5;-0.5;5.635054;1;Adaptation;15;1;;;;;
5.8;-0.5;-0.5;3.546296;1;Adaptation;15;1;;;;;
5.82;0;-0.0625;4.553297;1;Adaptation;15;1;;;;;
5.84;0;-0.125;3.5654;1;Adaptation;15;1;;;;;
5.86;-0.5;-0.5;4.7633;1;Adaptation;15;1;;;;;
5.88;2;-0.0625;2.586579;1;Adaptation;15;1;;;;;
5.9;0;0.0625;5.426106;1;Adaptation;15;1;;;;;
5.92;-0.5;-0.5;5.616037;1;Adaptation;15;1;;;;;
5.94;-0.5;-0.5;5.073154;1;Adaptation;15;1;;;;;
5.96;-2;-0.25;4.400889;1;Adaptation;15;1;;;;;
5.98;-2;-0.125;5.258078;1;Adaptation;15;1;;;;;
6;0;-0.0625;4.756955;1;Adaptation;15;1;;;;;
6.02;-0.5;-0.5;2.442448;1;Adaptation;15;1;;;;;
6.04;0;-0.0625;4.74389;1;Adaptation;15;1;;;;;
6.06;2;-0.1875;2.257036;1;Adaptation;15;1;;;;;
6.08;0;-0.125;5.189825;1;Adaptation;15;1;;;;;
6.1;-0.5;-0.5;2.85445;1;Adaptation;15;1;;;;;
6.12;-0.5;-0.5;5.362089;1;Adaptation;15;1;;;;;
6.14;-0.5;-0.5;5.484375;1;Adaptation;15;1;;;;;
6.16;-0.5;-0.5;2.490096;1;Adaptation;15;1;;;;;
6.18;-0.5;-0.5;3.502387;1;Adaptation;15;1;;;;;
6.2;-0.5;-0.5;5.037878;1;Adaptation;15;1;;;;;
6.22;-0.5;-0.5;2.774391;1;Adaptation;15;1;;;;;
6.24;-0.5;-0.5;3.658336;1;Adaptation;15;1;;;;;
6.26;-0.5;-0.5;4.52909;1;Adaptation;15;1;;;;;
6.28;-0.5;-0.5;5.969847;1;Adaptation;15;1;;;;;
6.3;-0.5;-0.5;4.275227;1;Adaptation;15;1;;;;;
6.32;-0.5;-0.5;2.369454;1;Adaptation;15;1;;;;;
6.34;-2;-0.0625;3.674468;1;Adaptation;15;1;;;;;
6.36;-0.5;-0.5;3.360355;1;Adaptation;15;1;;;;;
6.38;2;0.0625;5.739454;1;Adaptation;15;1;;;;;
6.4;0;0.125;4.166496;1;Adaptation;15;1;;;;;
6.42;0;0.1875;2.552157;1;Adaptation;15;1;;;;;
6.44;-0.5;-0.5;5.257999;1;Adaptation;15;1;;;;;
6.46;-0.5;-0.5;3.434912;1;Adaptation;15;1;;;;;
6.48;2;-0.1875;2.700968;1;Adaptation;15;1;;;;;
6.5;0;0;3.26935;1;Adaptation;15;1;;;;;
6.52;-0.5;-0.5;2.645229;1;Adaptation;15;1;;;;;
6.54;-0.5;-0.5;2.079367;1;Adaptation;15;1;;;;;
6.56;-0.5;-0.5;5.669099;1;Adaptation;15;1;;;;;
6.58;-0.5;-0.5;4.868332;1;Adaptation;15;1;;;;;
6.6;0;0;3.757001;1;Adaptation;15;1;;;;;
6.62;-2;-0.125;4.640741;1;Adaptation;15;1;;;;;
6.64;-0.5;-0.5;5.06867;1;Adaptation;15;1;;;;;
6.66;-0.5;-0.5;3.818086;1;Adaptation;15;1;;;;;
6.68;-0.5;-0.5;5.592712;1;Adaptation;15;1;;;;;
6.7;-0.5;-0.5;3.879401;1;Adaptation;15;1;;;;;
6.72;-0.5;-0.5;5.494892;1;Adaptation;15;1;;;;;
6.74;-0.5;-0.5;3.907195;1;Adaptation;15;1;;;;;
6.76;0;0.0625;5.554921;1;Adaptation;15;1;;;;;
6.78;-0.5;-0.5;3.082097;1;Adaptation;15;1;;;;;
6.8;-0.5;-0.5;5.127318;1;Adaptation;15;1;;;;;
6.82;-0.5;-0.5;4.166614;1;Adaptation;15;1;;;;;
6.84;-0.5;-0.5;3.855863;1;Adaptation;15;1;;;;;
6.86;-0.5;-0.5;3.748314;1;Adaptation;15;1;;;;;
6.88;-0.5;-0.5;3.145268;1;Adaptation;15;1;;;;;
6.9;-0.5;-0.5;2.223179;1;Adaptation;15;1;;;;;
6.92;-0.5;-0.5;5.438134;1;Adaptation;15;1;;;;;
6.94;-0.5;-0.5;5.90638;1;Adaptation;15;1;;;;;
6.96;-0.5;-0.5;3.628088;1;Adaptation;15;1;;;;;
6.98;-0.5;-0.5;2.623772;1;Adaptation;15;1;;;;;
7;-2;0.0625;5.128446;1;Adaptation;15;1;;;;;
7.02;2;0;5.581277;1;Adaptation;15;1;;;;;
7.04;-0.5;-0.5;2.556497;1;Adaptation;15;1;;;;;
7.06;0;0.0625;5.821449;1;Adaptation;15;1;;;;;
7.08;-0.5;-0.5;2.169029;1;Adaptation;15;1;;;;;
7.1;0;0;5.697527;1;Adaptation;15;1;;;;;
7.12;-0.5;-0.5;4.317256;1;Adaptation;15;1;;;;;
7.14;-0.5;-0.5;2.54507;1;Adaptation;15;1;;;;;
7.16;-0.5;-0.5;4.008728;1;Adaptation;15;1;;;;;
7.18;-0.5;-0.5;5.617578;1;Adaptation;15;1;;;;;
7.2;0;0.125;3.282044;1;Adaptation;15;1;;;;;
7.22;-0.5;-0.5;3.286366;1;Adaptation;15;1;;;;;
7.24;-0.5;-0.5;3.622566;1;Adaptation;15;1;;;;;
7.26;0;-0.125;4.403191;1;Adaptation;15;1;;;;;
7.28;-0.5;-0.5;4.366446;1;Adaptation;15;1;;;;;
7.3;-0.5;-0.5;3.423725;1;Adaptation;15;1;;;;;
7.32;-0.5;-0.5;5.947232;1;Adaptation;15;1;;;;;
7.34;-0.5;-0.5;2.536052;1;Adaptation;15;1;;;;;
7.36;-0.5;-0.5;2.578915;1;Adaptation;15;1;;;;;
7.38;-0.5;-0.5;4.564403;1;Adaptation;15;1;;;;;
7.4;-2;-0.1875;5.733253;1;Adaptation;15;1;;;;;
7.42;-0.5;-0.5;2.888034;1;Adaptation;15;1;;;;;
7.44;-0.5;-0.5;2.573809;1;Adaptation;15;1;;;;;
7.46;2;0.25;4.561302;1;Adaptation;15;1;;;;;
7.48;-0.5;-0.5;4.410076;1;Adaptation;15;1;;;;;
7.5;2;-0.0625;5.469309;1;Adaptation;15;1;;;;;
7.52;-0.5;-0.5;3.909631;1;Adaptation;15;1;;;;;
7.54;-0.5;-0.5;3.75898;1;Adaptation;15;1;;;;;
7.56;-0.5;-0.5;2.459981;1;Adaptation;15;1;;;;;
7.58;-0.5;-0.5;5.048087;1;Adaptation;15;1;;;;;
7.6;-0.5;-0.5;5.019683;1;Adaptation;15;1;;;;;
7.62;-0.5;-0.5;5.925828;1;Adaptation;15;1;;;;;
7.64;-0.5;-0.5;4.221079;1;Adaptation;15;1;;;;;
7.66;-0.5;-0.5;5.429034;1;Adaptation;15;1;;;;;
7.68;-0.5;-0.5;3.243204;1;Adaptation;15;1;;;;;
7.7;-0.5;-0.5;2.234965;1;Adaptation;15;1;;;;;
7.72;-0.5;-0.5;4.658088;1;Adaptation;15;1;;;;;
7.74;-0.5;-0.5;3.803185;1;Adaptation;15;1;;;;;
7.76;-0.5;-0.5;4.356473;1;Adaptation;15;1;;;;;
7.78;-0.5;-0.5;2.379316;1;Adaptation;15;1;;;;;
7.8;-0.5;-0.5;2.763138;1;Adaptation;15;1;;;;;
7.82;-0.5;-0.5;4.770443;1;Adaptation;15;1;;;;;
7.84;-0.5;-0.5;4.764256;1;Adaptation;15;1;;;;;
7.86;2;0.125;5.731193;1;Adaptation;15;1;;;;;
7.88;-0.5;-0.5;2.638638;1;Adaptation;15;1;;;;;
7.9;-0.5;-0.5;3.004099;1;Adaptation;15;1;;;;;
7.92;0;0.0625;3.69479;1;Adaptation;15;1;;;;;
7.94;-0.5;-0.5;2.611049;1;Adaptation;15;1;;;;;
7.96;-0.5;-0.5;4.247545;1;Adaptation;15;1;;;;;
7.98;-0.5;-0.5;4.071298;1;Adaptation;15;1;;;;;
8;-0.5;-0.5;2.057439;1;Adaptation;15;1;;;;;
8.02;2;-0.0625;4.013595;1;Adaptation;15;1;;;;;
8.04;-0.5;-0.5;2.091139;1;Adaptation;15;1;;;;;
8.059999;-0.5;-0.5;2.187561;1;Adaptation;15;1;;;;;
8.08;0;0;2.48793;1;Adaptation;15;1;;;;;
8.099999;-0.5;-0.5;2.844802;1;Adaptation;15;1;;;;;
8.12;-0.5;-0.5;3.490016;1;Adaptation;15;1;;;;;
8.139999;2;-0.0625;2.106846;1;Adaptation;15;1;;;;;
8.16;-0.5;-0.5;4.469743;1;Adaptation;15;1;;;;;
8.179999;-0.5;-0.5;5.115546;1;Adaptation;15;1;;;;;
8.2;-0.5;-0.5;3.803085;1;Adaptation;15;1;;;;;
8.22;-0.5;-0.5;3.047825;1;Adaptation;15;1;;;;;
8.24;0;-0.125;5.900744;1;Adaptation;15;1;;;;;
8.26;-0.5;-0.5;5.105553;1;Adaptation;15;1;;;;;
8.28;-0.5;-0.5;5.032509;1;Adaptation;15;1;;;;;
8.3;0;0.1875;4.080019;1;Adaptation;15;1;;;;;
8.32;-0.5;-0.5;2.779671;1;Adaptation;15;1;;;;;
8.34;2;0.1875;2.379434;1;Adaptation;15;1;;;;;
8.36;-0.5;-0.5;3.220307;1;Adaptation;15;1;;;;;
8.38;-0.5;-0.5;5.893268;1;Adaptation;15;1;;;;;
8.4;-0.5;-0.5;4.389149;1;Adaptation;15;1;;;;;
8.42;0;0;5.236475;1;Adaptation;15;1;;;;;
8.44;-0.5;-0.5;2.06964;1;Adaptation;15;1;;;;;
8.46;-0.5;-0.5;3.23131;1;Adaptation;15;1;;;;;
8.48;0;-0.1875;5.804446;1;Adaptation;15;1;;;;;
8.5;-0.5;-0.5;4.568995;1;Adaptation;15;1;;;;;
8.52;-0.5;-0.5;2.282278;1;Adaptation;15;1;;;;;
8.54;0;0.1875;5.968626;1;Adaptation;15;1;;;;;
8.559999;-0.5;-0.5;3.181986;1;Adaptation;15;1;;;;;
8.58;-0.5;-0.5;5.385765;1;Adaptation;15;1;;;;;
8.599999;2;0.0625;2.084762;1;Adaptation;15;1;;;;;
8.62;-0.5;-0.5;2.263382;1;Adaptation;15;1;;;;;
8.639999;-0.5;-0.5;5.743443;1;Adaptation;15;1;;;;;
8.66;-0.5;-0.5;2.155824;1;Adaptation;15;1;;;;;
8.679999;0;-0.0625;2.553541;1;Adaptation;15;1;;;;;
8.7;-0.5;-0.5;3.552308;1;Adaptation;15;1;;;;;
8.72;-0.5;-0.5;5.889952;1;Adaptation;15;1;;;;;
8.74;-0.5;-0.5;4.273084;1;Adaptation;15;1;;;;;
8.76;-0.5;-0.5;5.433977;1;Adaptation;15;1;;;;;
8.78;-0.5;-0.5;4.317522;1;Adaptation;15;1;;;;;
8.8;-0.5;-0.5;3.901719;1;Adaptation;15;1;;;;;
8.82;-2;-0.0625;3.645519;1;Adaptation;15;1;;;;;
8.84;-0.5;-0.5;2.377919;1;Adaptation;15;1;;;;;
8.86;-0.5;-0.5;2.594276;1;Adaptation;15;1;;;;;
8.88;-0.5;-0.5;2.9134;1;Adaptation;15;1;;;;;
8.9;-0.5;-0.5;3.645223;1;Adaptation;15;1;;;;;
8.92;-0.5;-0.5;2.830794;1;Adaptation;15;1;;;;;
8.94;-2;0.25;2.236331;1;Adaptation;15;1;;;;;
8.96;-0.5;-0.5;2.792561;1;Adaptation;15;1;;;;;
8.98;-0.5;-0.5;4.150942;1;Adaptation;15;1;;;;;
9;0;-0.3125;3.969001;1;Adaptation;15;1;;;;;
9.02;0;-0.25;2.676066;1;Adaptation;15;1;;;;;
9.04;-0.5;-0.5;4.276155;1;Adaptation;15;1;;;;;
9.059999;-0.5;-0.5;2.985219;1;Adaptation;15;1;;;;;
9.08;-0.5;-0.5;4.978781;1;Adaptation;15;1;;;;;
9.099999;-0.5;-0.5;4.996492;1;Adaptation;15;1;;;;;
9.12;0;-0.0625;4.355438;1;Adaptation;15;1;;;;;
9.139999;-0.5;-0.5;2.161544;1;Adaptation;15;1;;;;;
9.16;-0.5;-0.5;3.318644;1;Adaptation;15;1;;;;;
9.179999;0;0.0625;2.103923;1;Adaptation;15;1;;;;;
9.2;0;0.125;5.20797;1;Adaptation;15;1;;;;;
9.22;-0.5;-0.5;5.031011;1;Adaptation;15;1;;;;;
9.24;-0.5;-0.5;5.586218;1;Adaptation;15;1;;;;;
9.26;-0.5;-0.5;5.371197;1;Adaptation;15;1;;;;;
9.28;-0.5;-0.5;5.193385;1;Adaptation;15;1;;;;;
9.3;-0.5;-0.5;4.211164;1;Adaptation;15;1;;;;;
9.32;2;-0.125;2.267731;1;Adaptation;15;1;;;;;
9.34;-0.5;-0.5;2.307038;1;Adaptation;15;1;;;;;
9.36;-0.5;-0.5;4.247646;1;Adaptation;15;1;;;;;
9.38;2;-0.0625;2.889394;1;Adaptation;15;1;;;;;
9.4;-0.5;-0.5;4.749458;1;Adaptation;15;1;;;;;
9.42;-0.5;-0.5;5.487609;1;Adaptation;15;1;;;;;
9.44;-2;0;5.569071;1;Adaptation;15;1;;;;;
9.46;-0.5;-0.5;3.524523;1;Adaptation;15;1;;;;;
9.48;-0.5;-0.5;3.259569;1;Adaptation;15;1;;;;;
9.5;-0.5;-0.5;4.785074;1;Adaptation;15;1;;;;;
9.52;0;-0.125;4.099955;1;Adaptation;15;1;;;;;
9.54;-0.5;-0.5;3.583123;1;Adaptation;15;1;;;;;
9.559999;-0.5;-0.5;5.974535;1;Adaptation;15;1;;;;;
9.58;-0.5;-0.5;3.688033;1;Adaptation;15;1;;;;;
9.599999;-0.5;-0.5;5.75027;1;Adaptation;15;1;;;;;
9.62;-0.5;-0.5;4.089831;1;Adaptation;15;1;;;;;
9.639999;-0.5;-0.5;3.258939;1;Adaptation;15;1;;;;;
9.66;-0.5;-0.5;2.756175;1;Adaptation;15;1;;;;;
9.679999;0;0.125;4.911312;1;Adaptation;15;1;;;;;
9.7;-0.5;-0.5;5.681529;1;Adaptation;15;1;;;;;
9.719999;-0.5;-0.5;2.824898;1;Adaptation;15;1;;;;;
9.74;-0.5;-0.5;3.121427;1;Adaptation;15;1;;;;;
9.76;-0.5;-0.5;4.140089;1;Adaptation;15;1;;;;;
9.78;-0.5;-0.5;2.16776;1;Adaptation;15;1;;;;;
9.8;-0.5;-0.5;5.577546;1;Adaptation;15;1;;;;;
9.82;-0.5;-0.5;3.372308;1;Adaptation;15;1;;;;;
9.84;2;0;3.620619;1;Adaptation;15;1;;;;;
9.86;-0.5;-0.5;5.685022;1;Adaptation;15;1;;;;;
9.88;-0.5;-0.5;5.407824;1;Adaptation;15;1;;;;;
9.9;-0.5;-0.5;2.393064;1;Adaptation;15;1;;;;;
9.92;-0.5;-0.5;5.75154;1;Adaptation;15;1;;;;;
9.94;-0.5;-0.5;5.507787;1;Adaptation;15;1;;;;;
9.96;-0.5;-0.5;3.044262;1;Adaptation;15;1;;;;;
9.98;-0.5;-0.5;2.428454;1;Adaptation;15;1;;;;;
10;-0.5;-0.5;4.183715;1;Adaptation;15;1;;;;;
10.02;-0.5;-0.5;5.949244;1;Adaptation;15;1;;;;;
10.04;-0.5;-0.5;4.986587;1;Adaptation;15;1;;;;;
10.06;-0.5;-0.5;3.294701;1;Adaptation;15;1;;;;;
10.08;-0.5;-0.5;4.863145;1;Adaptation;15;1;;;;;
10.1;-2;0.125;2.789157;1;Adaptation;15;1;;;;;
10.12;-0.5;-0.5;2.675406;1;Adaptation;15;1;;;;;
10.14;-0.5;-0.5;2.257201;1;Adaptation;15;1;;;;;
10.16;-0.5;-0.5;4.294378;1;Adaptation;15;1;;;;;
10.18;-0.5;-0.5;4.503505;1;Adaptation;15;1;;;;;
10.2;-0.5;-0.5;3.54294;1;Adaptation;15;1;;;;;
10.22;-0.5;-0.5;2.894995;1;Adaptation;15;1;;;;;
10.24;-0.5;-0.5;2.642984;1;Adaptation;15;1;;;;;
10.26;0;0.1875;3.175745;1;Adaptation;15;1;;;;;
10.28;-2;-0.1875;3.683407;1;Adaptation;15;1;;;;;
10.3;-0.5;-0.5;3.873053;1;Adaptation;15;1;;;;;
10.32;2;-0.0625;4.91162;1;Adaptation;15;1;;;;;
10.34;-0.5;-0.5;2.145355;1;Adaptation;15;1;;;;;
10.36;-0.5;-0.5;2.644977;1;Adaptation;15;1;;;;;
10.38;-0.5;-0.5;5.246871;1;Adaptation;15;1;;;;;
10.4;2;-0.125;3.958551;1;Adaptation;15;1;;;;;
10.42;-0.5;-0.5;3.097799;1;Adaptation;15;1;;;;;
10.44;-0.5;-0.5;5.954241;1;Adaptation;15;1;;;;;
10.46;0;0.0625;2.60411;1;Adaptation;15;1;;;;;
10.48;2;0.125;4.054231;1;Adaptation;15;1;;;;;
10.5;-2;0.1875;2.887102;1;Adaptation;15;1;;;;;
10.52;2;0.375;4.045771;1;Adaptation;15;1;;;;;
10.54;0;0;3.090308;1;Adaptation;15;1;;;;;
10.56;0;-0.3125;5.181594;1;Adaptation;15;1;;;;;
10.58;-0.5;-0.5;3.731833;1;Adaptation;15;1;;;;;
10.6;-0.5;-0.5;5.328522;1;Adaptation;15;1;;;;;
10.62;-2;-0.125;4.288541;1;Adaptation;15;1;;;;;
10.64;2;0.125;5.058873;1;Adaptation;15;1;;;;;
10.66;-0.5;-0.5;4.336997;1;Adaptation;15;1;;;;;
10.68;-0.5;-0.5;2.531272;1;Adaptation;15;1;;;;;
10.7;2;0.0625;5.059844;1;Adaptation;15;1;;;;;
10.72;-0.5;-0.5;2.48221;1;Adaptation;15;1;;;;;
10.74;-0.5;-0.5;2.253769;1;Adaptation;15;1;;;;;
10.76;0;0.0625;2.958454;1;Adaptation;15;1;;;;;
10.78;-0.5;-0.5;2.854477;1;Adaptation;15;1;;;;;
10.8;-0.5;-0.5;2.89977;1;Adaptation;15;1;;;;;
10.82;-2;-0.0625;2.826617;1;Adaptation;15;1;;;;;
10.84;0;-0.0625;4.507793;1;Adaptation;15;1;;;;;
10.86;-0.5;-0.5;3.320556;1;Adaptation;15;1;;;;;
10.88;-0.5;-0.5;5.114166;1;Adaptation;15;1;;;;;
10.9;0;0;3.159356;1;Adaptation;15;1;;;;;
10.92;0;-0.125;3.219239;1;Adaptation;15;1;;;;;
10.94;-0.5;-0.5;4.138;1;Adaptation;15;1;;;;;
10.96;-0.5;-0.5;3.094368;1;Adaptation;15;1;;;;;
10.98;-0.5;-0.5;4.939382;1;Adaptation;15;1;;;;;
11;-2;0.0625;4.800174;1;Adaptation;15;1;;;;;
11.02;-0.5;-0.5;4.794753;1;Adaptation;15;1;;;;;
11.04;-0.5;-0.5;2.265915;1;Adaptation;15;1;;;;;
11.06;-0.5;-0.5;3.77443;1;Adaptation;15;1;;;;;
11.08;-0.5;-0.5;4.110935;1;Adaptation;15;1;;;;;
11.1;-0.5;-0.5;2.6215;1;Adaptation;15;1;;;;;
11.12;-0.5;-0.5;2.860889;1;Adaptation;15;1;;;;;
11.14;-0.5;-0.5;2.664907;1;Adaptation;15;1;;;;;
11.16;-0.5;-0.5;2.419287;1;Adaptation;15;1;;;;;
11.18;-0.5;-0.5;2.13023;1;Adaptation;15;1;;;;;
11.2;-0.5;-0.5;5.972017;1;Adaptation;15;1;;;;;
11.22;-4;-0.125;3.06214;1;Adaptation;15;1;;;;;
11.24;-2;0.125;2.255295;1;Adaptation;15;1;;;;;
11.26;-0.5;-0.5;3.077232;1;Adaptation;15;1;;;;;
11.28;-0.5;-0.5;4.320831;1;Adaptation;15;1;;;;;
11.3;-0.5;-0.5;4.493621;1;Adaptation;15;1;;;;;
11.32;2;0;2.756456;1;Adaptation;15;1;;;;;
11.34;-0.5;-0.5;3.482839;1;Adaptation;15;1;;;;;
11.36;-0.5;-0.5;2.326225;1;Adaptation;15;1;;;;;
11.38;-0.5;-0.5;5.883738;1;Adaptation;15;1;;;;;
11.4;0;-0.125;4.410126;1;Adaptation;15;1;;;;;
11.42;-0.5;-0.5;4.442974;1;Adaptation;15;1;;;;;
11.44;-0.5;-0.5;2.935755;1;Adaptation;15;1;;;;;
11.46;-0.5;-0.5;5.251188;1;Adaptation;15;1;;;;;
11.48;-0.5;-0.5;5.118065;1;Adaptation;15;1;;;;;
11.5;0;0.0625;3.3045;1;Adaptation;15;1;;;;;
11.52;-0.5;-0.5;5.915528;1;Adaptation;15;1;;;;;
11.54;-0.5;-0.5;5.606862;1;Adaptation;15;1;;;;;
11.56;-0.5;-0.5;5.949491;1;Adaptation;15;1;;;;;
11.58;-0.5;-0.5;3.60948;1;Adaptation;15;1;;;;;
11.6;-0.5;-0.5;5.920841;1;Adaptation;15;1;;;;;
11.62;0;-0.125;2.960915;1;Adaptation;15;1;;;;;
11.64;-0.5;-0.5;3.56389;1;Adaptation;15;1;;;;;
11.66;-0.5;-0.5;3.945488;1;Adaptation;15;1;;;;;
11.68;-0.5;-0.5;5.835067;1;Adaptation;15;1;;;;;
11.7;0;0;2.839761;1;Adaptation;15;1;;;;;
11.72;-2;0.125;5.033174;1;Adaptation;15;1;;;;;
11.74;-0.5;-0.5;4.090679;1;Adaptation;15;1;;;;;
11.76;-0.5;-0.5;5.873824;1;Adaptation;15;1;;;;;
11.78;-0.5;-0.5;3.35882;1;Adaptation;15;1;;;;;
11.8;-0.5;-0.5;3.206853;1;Adaptation;15;1;;;;;
11.82;-0.5;-0.5;2.132375;1;Adaptation;15;1;;;;;
11.84;-0.5;-0.5;3.507711;1;Adaptation;15;1;;;;;
11.86;-0.5;-0.5;5.357296;1;Adaptation;15;1;;;;;
11.88;-0.5;-0.5;5.903486;1;Adaptation;15;1;;;;;
11.9;-0.5;-0.5;3.918923;1;Adaptation;15;1;;;;;
11.92;-0.5;-0.5;5.565182;1;Adaptation;15;1;;;;;
11.94;-0.5;-0.5;5.236107;1;Adaptation;15;1;;;;;
11.96;-0.5;-0.5;4.45519;1;Adaptation;15;1;;;;;
11.98;0;0.0625;5.847494;1;Adaptation;15;1;;;;;
12;2;0.0625;5.343777;1;Adaptation;15;1;;;;;
12.02;-0.5;-0.5;4.007392;1;Adaptation;15;1;;;;;
12.04;0;-0.125;5.069347;1;Adaptation;15;1;;;;;
12.06;2;-0.0625;4.810784;1;Adaptation;15;1;;;;;
12.08;-0.5;-0.5;5.774956;1;Adaptation;15;1;;;;;
12.1;-0.5;-0.5;2.363165;1;Adaptation;15;1;;;;;
12.12;-0.5;-0.5;3.42635;1;Adaptation;15;1;;;;;
12.14;-0.5;-0.5;2.081106;1;Adaptation;15;1;;;;;
12.16;-0.5;-0.5;3.541671;1;Adaptation;15;1;;;;;
12.18;-0.5;-0.5;3.30128;1;Adaptation;15;1;;;;;
12.2;-0.5;-0.5;2.104255;1;Adaptation;15;1;;;;;
12.22;-0.5;-0.5;2.297588;1;Adaptation;15;1;;;;;
12.24;-0.5;-0.5;4.945034;1;Adaptation;15;1;;;;;
12.26;-0.5;-0.5;5.772213;1;Adaptation;15;1;;;;;
12.28;-0.5;-0.5;3.744922;1;Adaptation;15;1;;;;;
12.3;-0.5;-0.5;4.907723;1;Adaptation;15;1;;;;;
12.32;-0.5;-0.5;4.298261;1;Adaptation;15;1;;;;;
12.34;-0.5;-0.5;5.462352;1;Adaptation;15;1;;;;;
12.36;-0.5;-0.5;2.48263;1;Adaptation;15;1;;;;;
12.38;-0.5;-0.5;2.702021;1;Adaptation;15;1;;;;;
12.4;2;-0.1875;4.55015;1;Adaptation;15;1;;;;;
12.42;-0.5;-0.5;4.721924;1;Adaptation;15;1;;;;;
12.44;-0.5;-0.5;2.089132;1;Adaptation;15;1;;;;;
12.46;0;0.125;5.835269;1;Adaptation;15;1;;;;;
12.48;-0.5;-0.5;4.388239;1;Adaptation;15;1;;;;;
12.5;-0.5;-0.5;2.681563;1;Adaptation;15;1;;;;;
12.52;-0.5;-0.5;3.312862;1;Adaptation;15;1;;;;;
12.54;-0.5;-0.5;2.219625;1;Adaptation;15;1;;;;;
12.56;-0.5;-0.5;4.81744;1;Adaptation;15;1;;;;;
12.58;0;-0.1875;3.567079;1;Adaptation;15;1;;;;;
12.6;2;0.125;4.562531;1;Adaptation;15;1;;;;;
12.62;-0.5;-0.5;4.797104;1;Adaptation;15;1;;;;;
12.64;-0.5;-0.5;2.010387;1;Adaptation;15;1;;;;;
12.66;-0.5;-0.5;2.157984;1;Adaptation;15;1;;;;;
12.68;0;0;5.068313;1;Adaptation;15;1;;;;;
12.7;-0.5;-0.5;4.741929;1;Adaptation;15;1;;;;;
12.72;-0.5;-0.5;2.928436;1;Adaptation;15;1;;;;;
12.74;-0.5;-0.5;3.187564;1;Adaptation;15;1;;;;;
12.76;-0.5;-0.5;2.866042;1;Adaptation;15;1;;;;;
12.78;-0.5;-0.5;4.239264;1;Adaptation;15;1;;;;;
12.8;-0.5;-0.5;5.927764;1;Adaptation;15;1;;;;;
12.82;-0.5;-0.5;5.76989;1;Adaptation;15;1;;;;;
12.84;-2;0.0625;2.898375;1;Adaptation;15;1;;;;;
12.86;-0.5;-0.5;2.314278;1;Adaptation;15;1;;;;;
12.88;-0.5;-0.5;2.545361;1;Adaptation;15;1;;;;;
12.9;0;0.125;2.55589;1;Adaptation;15;1;;;;;
12.92;-0.5;-0.5;4.722987;1;Adaptation;15;1;;;;;
12.94;-0.5;-0.5;5.097667;1;Adaptation;15;1;;;;;
12.96;-0.5;-0.5;4.148171;1;Adaptation;15;1;;;;;
12.98;-0.5;-0.5;5.318319;1;Adaptation;15;1;;;;;
13;-0.5;-0.5;2.574327;1;Adaptation;15;1;;;;;
13.02;0;0.3125;2.161097;1;Adaptation;15;1;;;;;
13.04;-0.5;-0.5;3.482001;1;Adaptation;15;1;;;;;
13.06;-0.5;-0.5;4.188979;1;Adaptation;15;1;;;;;
13.08;4;0.1875;3.026189;1;Adaptation;15;1;;;;;
13.1;-0.5;-0.5;2.775376;1;Adaptation;15;1;;;;;
13.12;0;0.25;4.596929;1;Adaptation;15;1;;;;;
13.14;-0.5;-0.5;4.394233;1;Adaptation;15;1;;;;;
13.16;-0.5;-0.5;3.989716;1;Adaptation;15;1;;;;;
13.18;0;-0.0625;3.02403;1;Adaptation;15;1;;;;;
13.2;-0.5;-0.5;2.545552;1;Adaptation;15;1;;;;;
13.22;-0.5;-0.5;3.535757;1;Adaptation;15;1;;;;;
13.24;0;0.3125;5.474488;1;Adaptation;15;1;;;;;
13.26;-0.5;-0.5;2.698877;1;Adaptation;15;1;;;;;
13.28;-0.5;-0.5;3.445902;1;Adaptation;15;1;;;;;
13.3;-0.5;-0.5;3.714766;1;Adaptation;15;1;;;;;
13.32;-0.5;-0.5;4.546051;1;Adaptation;15;1;;;;;
13.34;-0.5;-0.5;5.63009;1;Adaptation;15;1;;;;;
13.36;0;-0.0625;5.433944;1;Adaptation;15;1;;;;;
13.38;-0.5;-0.5;4.589437;1;Adaptation;15;1;;;;;
13.4;-0.5;-0.5;5.03181;1;Adaptation;15;1;;;;;
13.42;0;0;5.74824;1;Adaptation;15;1;;;;;
13.44;-0.5;-0.5;4.171416;1;Adaptation;15;1;;;;;
13.46;-0.5;-0.5;4.330395;1;Adaptation;15;1;;;;;
13.48;-0.5;-0.5;3.781314;1;Adaptation;15;1;;;;;
13.5;-0.5;-0.5;2.940717;1;Adaptation;15;1;;;;;
13.52;-0.5;-0.5;4.444251;1;Adaptation;15;1;;;;;
13.54;-0.5;-0.5;4.881966;1;Adaptation;15;1;;;;;
13.56;-0.5;-0.5;5.411534;1;Adaptation;15;1;;;;;
13.58;-0.5;-0.5;3.493915;1;Adaptation;15;1;;;;;
13.6;0;-0.0625;2.318441;1;Adaptation;15;1;;;;;
13.62;-2;-0.125;3.558156;1;Adaptation;15;1;;;;;
13.64;0;0;2.498245;1;Adaptation;15;1;;;;;
13.66;-0.5;-0.5;4.906864;1;Adaptation;15;1;;;;;
13.68;-0.5;-0.5;3.99995;1;Adaptation;15;1;;;;;
13.7;-0.5;-0.5;4.924117;1;Adaptation;15;1;;;;;
13.72;-0.5;-0.5;5.10585;1;Adaptation;15;1;;;;;
13.74;-0.5;-0.5;2.800571;1;Adaptation;15;1;;;;;
13.76;0;0;4.509821;1;Adaptation;15;1;;;;;
13.78;-0.5;-0.5;3.557148;1;Adaptation;15;1;;;;;
13.8;0;0.125;2.252424;1;Adaptation;15;1;;;;;
13.82;0;0.0625;3.307575;1;Adaptation;15;1;;;;;
13.84;2;0.0625;2.541723;1;Adaptation;15;1;;;;;
13.86;-0.5;-0.5;3.581669;1;Adaptation;15;1;;;;;
13.88;-0.5;-0.5;2.960302;1;Adaptation;15;1;;;;;
13.9;-0.5;-0.5;5.447288;1;Adaptation;15;1;;;;;
13.92;-0.5;-0.5;5.788435;1;Adaptation;15;1;;;;;
13.94;-0.5;-0.5;3.760925;1;Adaptation;15;1;;;;;
13.96;-0.5;-0.5;4.431157;1;Adaptation;15;1;;;;;
13.98;-0.5;-0.5;5.719813;1;Adaptation;15;1;;;;;
14;-0.5;-0.5;4.744018;1;Adaptation;15;1;;;;;
14.02;-0.5;-0.5;4.880066;1;Adaptation;15;1;;;;;
14.04;-2;-0.125;4.900689;1;Adaptation;15;1;;;;;
14.06;-0.5;-0.5;3.339497;1;Adaptation;15;1;;;;;
14.08;2;0.0625;3.510931;1;Adaptation;15;1;;;;;
14.1;-0.5;-0.5;5.847817;1;Adaptation;15;1;;;;;
14.12;-0.5;-0.5;3.066354;1;Adaptation;15;1;;;;;
14.14;-0.5;-0.5;4.509656;1;Adaptation;15;1;;;;;
14.16;-0.5;-0.5;2.427057;1;Adaptation;15;1;;;;;
14.18;-0.5;-0.5;3.630446;1;Adaptation;15;1;;;;;
14.2;-0.5;-0.5;3.636996;1;Adaptation;15;1;;;;;
14.22;2;-0.125;2.058191;1;Adaptation;15;1;;;;;
14.24;-0.5;-0.5;4.006259;1;Adaptation;15;1;;;;;
14.26;-0.5;-0.5;2.476212;1;Adaptation;15;1;;;;;
14.28;-0.5;-0.5;3.268336;1;Adaptation;15;1;;;;;
14.3;-0.5;-0.5;3.334382;1;Adaptation;15;1;;;;;
14.32;-2;-0.0625;5.36727;1;Adaptation;15;1;;;;;
14.34;-2;0;2.58335;1;Adaptation;15;1;;;;;
14.36;0;-0.125;2.137159;1;Adaptation;15;1;;;;;
14.38;-0.5;-0.5;3.666334;1;Adaptation;15;1;;;;;
14.4;-0.5;-0.5;2.500547;1;Adaptation;15;1;;;;;
14.42;-0.5;-0.5;4.048187;1;Adaptation;15;1;;;;;
14.44;-0.5;-0.5;4.756744;1;Adaptation;15;1;;;;;
14.46;-0.5;-0.5;5.686989;1;Adaptation;15;1;;;;;
14.48;0;0.0625;3.965923;1;Adaptation;15;1;;;;;
14.5;-0.5;-0.5;3.742962;1;Adaptation;15;1;;;;;
14.52;0;-0.3125;3.3888;1;Adaptation;15;1;;;;;
14.54;-0.5;-0.5;3.364676;1;Adaptation;15;1;;;;;
14.56;-0.5;-0.5;4.962781;1;Adaptation;15;1;;;;;
14.58;-0.5;-0.5;4.649407;1;Adaptation;15;1;;;;;
14.6;2;0.125;3.201475;1;Adaptation;15;1;;;;;
14.62;-0.5;-0.5;2.806031;1;Adaptation;15;1;;;;;
14.64;-0.5;-0.5;2.527043;1;Adaptation;15;1;;;;;
14.66;-0.5;-0.5;5.076408;1;Adaptation;15;1;;;;;
14.68;-0.5;-0.5;5.361424;1;Adaptation;15;1;;;;;
14.7;0;0;5.4711;1;Adaptation;15;1;;;;;
14.72;-0.5;-0.5;4.563065;1;Adaptation;15;1;;;;;
14.74;-2;0.1875;4.271323;1;Adaptation;15;1;;;;;
14.76;-0.5;-0.5;2.476969;1;Adaptation;15;1;;;;;
14.78;0;0.0625;2.94011;1;Adaptation;15;1;;;;;
14.8;-0.5;-0.5;2.159519;1;Adaptation;15;1;;;;;
14.82;-0.5;-0.5;2.526261;1;Adaptation;15;1;;;;;
14.84;-2;0;5.01089;1;Adaptation;15;1;;;;;
14.86;-0.5;-0.5;5.841453;1;Adaptation;15;1;;;;;
14.88;-0.5;-0.5;2.454121;1;Adaptation;15;1;;;;;
14.9;0;0.125;5.432364;1;Adaptation;15;1;;;;;
14.92;-0.5;-0.5;2.188325;1;Adaptation;15;1;;;;;
14.94;-0.5;-0.5;3.080491;1;Adaptation;15;1;;;;;
14.96;-0.5;-0.5;5.998184;1;Adaptation;15;1;;;;;
14.98;-0.5;-0.5;4.160466;1;Adaptation;15;1;;;;;
15;-0.5;-0.5;5.977171;1;Adaptation;15;1;;;;;
15.02;-0.5;-0.5;2.383888;1;Adaptation;15;1;;;;;
15.04;0;0;5.213521;1;Adaptation;15;1;;;;;
15.06;-0.5;-0.5;2.51249;1;Adaptation;15;1;;;;;
15.08;-0.5;-0.5;4.846544;1;Adaptation;15;1;;;;;
15.1;-0.5;-0.5;4.761462;1;Adaptation;15;1;;;;;
15.12;0;0.125;4.81113;1;Adaptation;15;1;;;;;
15.14;-0.5;-0.5;5.369348;1;Adaptation;15;1;;;;;
15.16;-0.5;-0.5;3.134971;1;Adaptation;15;1;;;;;
15.18;-0.5;-0.5;2.702982;1;Adaptation;15;1;;;;;
15.2;-0.5;-0.5;2.174599;1;Adaptation;15;1;;;;;
15.22;-0.5;-0.5;5.317747;1;Adaptation;15;1;;;;;
15.24;-0.5;-0.5;2.840402;1;Adaptation;15;1;;;;;
15.26;-0.5;-0.5;3.352807;1;Adaptation;15;1;;;;;
15.28;-0.5;-0.5;3.326314;1;Adaptation;15;1;;;;;
15.3;0;0;3.680402;1;Adaptation;15;1;;;;;
15.32;-0.5;-0.5;2.943905;1;Adaptation;15;1;;;;;
15.34;-0.5;-0.5;5.962893;1;Adaptation;15;1;;;;;
15.36;-0.5;-0.5;3.288159;1;Adaptation;15;1;;;;;
15.38;0;-0.125;5.117744;1;Adaptation;15;1;;;;;
15.4;-0.5;-0.5;4.649624;1;Adaptation;15;1;;;;;
15.42;0;0;2.290306;1;Adaptation;15;1;;;;;
15.44;-0.5;-0.5;4.291076;1;Adaptation;15;1;;;;;
15.46;-0.5;-0.5;3.395174;1;Adaptation;15;1;;;;;
15.48;0;0.0625;4.404206;1;Adaptation;15;1;;;;;
15.5;-0.5;-0.5;2.739862;1;Adaptation;15;1;;;;;
15.52;-0.5;-0.5;3.926803;1;Adaptation;15;1;;;;;
15.54;-0.5;-0.5;4.646832;1;Adaptation;15;1;;;;;
15.56;0;0.1875;2.252848;1;Adaptation;15;1;;;;;
15.58;0;-0.125;5.723528;1;Adaptation;15;1;;;;;
15.6;-0.5;-0.5;5.875161;1;Adaptation;15;1;;;;;
15.62;-0.5;-0.5;4.375896;1;Adaptation;15;1;;;;;
15.64;0;-0.375;2.844115;1;Adaptation;15;1;;;;;
15.66;-0.5;-0.5;3.108488;1;Adaptation;15;1;;;;;
15.68;-0.5;-0.5;4.154082;1;Adaptation;15;1;;;;;
15.7;-0.5;-0.5;3.804006;1;Adaptation;15;1;;;;;
15.72;0;0.1875;4.77633;1;Adaptation;15;1;;;;;
15.74;-0.5;-0.5;2.050532;1;Adaptation;15;1;;;;;
15.76;0;-0.125;5.952392;1;Adaptation;15;1;;;;;
15.78;-0.5;-0.5;5.521758;1;Adaptation;15;1;;;;;
15.8;-0.5;-0.5;4.514167;1;Adaptation;15;1;;;;;
15.82;-0.5;-0.5;3.515952;1;Adaptation;15;1;;;;;
15.84;-0.5;-0.5;3.617803;1;Adaptation;15;1;;;;;
15.86;-0.5;-0.5;4.781178;1;Adaptation;15;1;;;;;
15.88;-0.5;-0.5;3.771126;1;Adaptation;15;1;;;;;
15.9;-0.5;-0.5;5.514543;1;Adaptation;15;1;;;;;
15.92;-2;-0.0625;4.350696;1;Adaptation;15;1;;;;;
15.94;-0.5;-0.5;4.231496;1;Adaptation;15;1;;;;;
15.96;-0.5;-0.5;5.988369;1;Adaptation;15;1;;;;;
15.98;-0.5;-0.5;2.625722;1;Adaptation;15;1;;;;;
16;0;0;4.564075;1;Adaptation;15;1;;;;;
16.02;-0.5;-0.5;2.420379;1;Adaptation;15;1;;;;;
16.04;-0.5;-0.5;2.799515;1;Adaptation;15;1;;;;;
16.06;-0.5;-0.5;5.608612;1;Adaptation;15;1;;;;;
16.08;2;-0.25;4.988028;1;Adaptation;15;1;;;;;
16.1;-0.5;-0.5;5.631287;1;Adaptation;15;1;;;;;
16.12;-0.5;-0.5;5.673696;1;Adaptation;15;1;;;;;
16.14;-0.5;-0.5;5.109401;1;Adaptation;15;1;;;;;
16.16;-2;0;5.769752;1;Adaptation;15;1;;;;;
16.18;-0.5;-0.5;5.83677;1;Adaptation;15;1;;;;;
16.2;-0.5;-0.5;5.70318;1;Adaptation;15;1;;;;;
16.22;-0.5;-0.5;5.999648;1;Adaptation;15;1;;;;;
16.24;-0.5;-0.5;2.568795;1;Adaptation;15;1;;;;;
16.26;-0.5;-0.5;4.133105;1;Adaptation;15;1;;;;;
16.28;-2;0;5.320802;1;Adaptation;15;1;;;;;
16.3;-0.5;-0.5;2.773199;1;Adaptation;15;1;;;;;
16.32;0;0.0625;5.920384;1;Adaptation;15;1;;;;;
16.34;-0.5;-0.5;3.48934;1;Adaptation;15;1;;;;;
16.36;-0.5;-0.5;4.938577;1;Adaptation;15;1;;;;;
16.38;-0.5;-0.5;3.126258;1;Adaptation;15;1;;;;;
16.4;-0.5;-0.5;2.341623;1;Adaptation;15;1;;;;;
16.42;-0.5;-0.5;5.725461;1;Adaptation;15;1;;;;;
16.44;-0.5;-0.5;2.910755;1;Adaptation;15;1;;;;;
16.46;-0.5;-0.5;2.914252;1;Adaptation;15;1;;;;;
16.48;-0.5;-0.5;5.923551;1;Adaptation;15;1;;;;;
16.5;-0.5;-0.5;4.424696;1;Adaptation;15;1;;;;;
16.52;-0.5;-0.5;5.580766;1;Adaptation;15;1;;;;;
16.54;0;-0.0625;5.800661;1;Adaptation;15;1;;;;;
16.56;-0.5;-0.5;5.127725;1;Adaptation;15;1;;;;;
16.58;-0.5;-0.5;3.890401;1;Adaptation;15;1;;;;;
16.6;0;0.0625;2.393755;1;Adaptation;15;1;;;;;
16.62;-0.5;-0.5;4.954829;1;Adaptation;15;1;;;;;
16.64;-2;0.0625;3.437072;1;Adaptation;15;1;;;;;
16.66;-0.5;-0.5;4.234368;1;Adaptation;15;1;;;;;
16.68;-0.5;-0.5;4.787018;1;Adaptation;15;1;;;;;
16.7;-0.5;-0.5;5.485569;1;Adaptation;15;1;;;;;
16.72;-0.5;-0.5;3.187163;1;Adaptation;15;1;;;;;
16.74;-0.5;-0.5;3.911109;1;Adaptation;15;1;;;;;
16.76;-0.5;-0.5;3.363729;1;Adaptation;15;1;;;;;
16.78;-0.5;-0.5;5.259665;1;Adaptation;15;1;;;;;
16.8;2;0.125;5.506314;1;Adaptation;15;1;;;;;
16.82;-0.5;-0.5;5.460912;1;Adaptation;15;1;;;;;
16.84;-0.5;-0.5;2.722795;1;Adaptation;15;1;;;;;
16.86;-0.5;-0.5;4.686801;1;Adaptation;15;1;;;;;
16.88;-0.5;-0.5;5.813212;1;Adaptation;15;1;;;;;
16.9;2;0.0625;5.351737;1;Adaptation;15;1;;;;;
16.92;-0.5;-0.5;3.12054;1;Adaptation;15;1;;;;;
16.94;-0.5;-0.5;2.530412;1;Adaptation;15;1;;;;;
16.96;-0.5;-0.5;2.407537;1;Adaptation;15;1;;;;;
16.98;2;0.1875;3.414476;1;Adaptation;15;1;;;;;
17;-0.5;-0.5;3.233963;1;Adaptation;15;1;;;;;
17.02;-0.5;-0.5;3.323081;1;Adaptation;15;1;;;;;
17.04;-2;-0.125;3.419525;1;Adaptation;15;1;;;;;
17.06;2;-0.0625;3.051317;1;Adaptation;15;1;;;;;
17.08;-0.5;-0.5;4.137523;1;Adaptation;15;1;;;;;
17.1;-0.5;-0.5;3.032692;1;Adaptation;15;1;;;;;
17.12;-0.5;-0.5;5.975837;1;Adaptation;15;1;;;;;
17.14;-0.5;-0.5;5.636052;1;Adaptation;15;1;;;;;
17.16;0;0.1875;5.37038;1;Adaptation;15;1;;;;;
17.18;-0.5;-0.5;2.413275;1;Adaptation;15;1;;;;;
17.2;-0.5;-0.5;2.495702;1;Adaptation;15;1;;;;;
17.22;-0.5;-0.5;4.753079;1;Adaptation;15;1;;;;;
17.24;-0.5;-0.5;3.640806;1;Adaptation;15;1;;;;;
17.26;2;0;2.769562;1;Adaptation;15;1;;;;;
17.28;0;0.125;5.490959;1;Adaptation;15;1;;;;;
17.3;-0.5;-0.5;5.73385;1;Adaptation;15;1;;;;;
17.32;0;0.0625;4.557495;1;Adaptation;15;1;;;;;
17.34;-0.5;-0.5;5.03265;1;Adaptation;15;1;;;;;
17.36;-0.5;-0.5;4.898843;1;Adaptation;15;1;;;;;
17.38;0;0.3125;3.297442;1;Adaptation;15;1;;;;;
17.4;-0.5;-0.5;3.050001;1;Adaptation;15;1;;;;;
17.42;-0.5;-0.5;2.275152;1;Adaptation;15;1;;;;;
17.44;-0.5;-0.5;4.502331;1;Adaptation;15;1;;;;;
17.46;-0.5;-0.5;5.584359;1;Adaptation;15;1;;;;;
17.48;-0.5;-0.5;5.318732;1;Adaptation;15;1;;;;;
17.5;-0.5;-0.5;4.990078;1;Adaptation;15;1;;;;;
17.52;-0.5;-0.5;2.915484;1;Adaptation;15;1;;;;;
17.54;-0.5;-0.5;2.829486;1;Adaptation;15;1;;;;;
17.56;-0.5;-0.5;2.224535;1;Adaptation;15;1;;;;;
17.58;-0.5;-0.5;3.706763;1;Adaptation;15;1;;;;;
17.6;-0.5;-0.5;5.45746;1;Adaptation;15;1;;;;;
17.62;-0.5;-0.5;5.814796;1;Adaptation;15;1;;;;;
17.64;-0.5;-0.5;2.327381;1;Adaptation;15;1;;;;;
17.66;-0.5;-0.5;2.226008;1;Adaptation;15;1;;;;;
17.68;-0.5;-0.5;4.407081;1;Adaptation;15;1;;;;;
17.7;-0.5;-0.5;5.178409;1;Adaptation;15;1;;;;;
17.72;-0.5;-0.5;3.991899;1;Adaptation;15;1;;;;;
17.74;-0.5;-0.5;2.935326;1;Adaptation;15;1;;;;;
17.76;-0.5;-0.5;4.401742;1;Adaptation;15;1;;;;;
17.78;-0.5;-0.5;3.528217;1;Adaptation;15;1;;;;;
17.8;-0.5;-0.5;3.150082;1;Adaptation;15;1;;;;;
17.82;-0.5;-0.5;3.526098;1;Adaptation;15;1;;;;;
17.84;0;-0.0625;5.44229;1;Adaptation;15;1;;;;;
17.86;-0.5;-0.5;5.107036;1;Adaptation;15;1;;;;;
17.88;-0.5;-0.5;2.700552;1;Adaptation;15;1;;;;;
17.9;-0.5;-0.5;4.221612;1;Adaptation;15;1;;;;;
17.92;-0.5;-0.5;3.166883;1;Adaptation;15;1;;;;;
17.94;-0.5;-0.5;4.532319;1;Adaptation;15;1;;;;;
17.96;0;0;3.489468;1;Adaptation;15;1;;;;;
17.98;-0.5;-0.5;3.972633;1;Adaptation;15;1;;;;;
18;-0.5;-0.5;4.679284;1;Adaptation;15;1;;;;;
18.02;-0.5;-0.5;4.898514;1;Adaptation;15;1;;;;;
18.04;-0.5;-0.5;5.417926;1;Adaptation;15;1;;;;;
18.06;-0.5;-0.5;3.046721;1;Adaptation;15;1;;;;;
18.08;2;-0.0625;2.313016;1;Adaptation;15;1;;;;;
18.1;-0.5;-0.5;2.781059;1;Adaptation;15;1;;;;;
18.12;-0.5;-0.5;2.226785;1;Adaptation;15;1;;;;;
18.14;0;0;4.692204;1;Adaptation;15;1;;;;;
18.16;-2;-0.125;5.630684;1;Adaptation;15;1;;;;;
18.18;-0.5;-0.5;3.212731;1;Adaptation;15;1;;;;;
18.2;-0.5;-0.5;2.444722;1;Adaptation;15;1;;;;;
18.22;-0.5;-0.5;2.492038;1;Adaptation;15;1;;;;;
18.24;-0.5;-0.5;3.094604;1;Adaptation;15;1;;;;;
18.26;-0.5;-0.5;2.003346;1;Adaptation;15;1;;;;;
18.28;2;0.125;2.210424;1;Adaptation;15;1;;;;;
18.3;0;0.0625;4.731312;1;Adaptation;15;1;;;;;
18.32;-0.5;-0.5;5.692717;1;Adaptation;15;1;;;;;
18.34;-0.5;-0.5;3.023151;1;Adaptation;15;1;;;;;
18.36;0;-0.125;4.300336;1;Adaptation;15;1;;;;;
18.38;-0.5;-0.5;2.180923;1;Adaptation;15;1;;;;;
18.4;-0.5;-0.5;5.145494;1;Adaptation;15;1;;;;;
18.42;2;0.0625;3.648768;1;Adaptation;15;1;;;;;
18.44;-0.5;-0.5;4.474371;1;Adaptation;15;1;;;;;
18.46;-0.5;-0.5;2.49376;1;Adaptation;15;1;;;;;
18.48;-0.5;-0.5;4.73174;1;Adaptation;15;1;;;;;
18.5;-0.5;-0.5;3.373445;1;Adaptation;15;1;;;;;
18.52;-2;-0.25;2.507796;1;Adaptation;15;1;;;;;
18.54;-0.5;-0.5;3.822973;1;Adaptation;15;1;;;;;
18.56;-0.5;-0.5;3.417343;1;Adaptation;15;1;;;;;
18.58;-0.5;-0.5;5.329062;1;Adaptation;15;1;;;;;
18.6;-0.5;-0.5;3.576099;1;Adaptation;15;1;;;;;
18.62;0;-0.0625;3.622288;1;Adaptation;15;1;;;;;
18.64;-0.5;-0.5;5.75786;1;Adaptation;15;1;;;;;
18.66;0;0;3.264847;1;Adaptation;15;1;;;;;
18.68;-0.5;-0.5;2.945023;1;Adaptation;15;1;;;;;
18.7;-0.5;-0.5;2.797851;1;Adaptation;15;1;;;;;
18.72;-0.5;-0.5;2.886826;1;Adaptation;15;1;;;;;
18.74;-0.5;-0.5;4.09166;1;Adaptation;15;1;;;;;
18.76;-0.5;-0.5;4.897552;1;Adaptation;15;1;;;;;
18.78;0;0;2.688909;1;Adaptation;15;1;;;;;
18.8;-0.5;-0.5;5.873833;1;Adaptation;15;1;;;;;
18.82;-2;0;2.336278;1;Adaptation;15;1;;;;;
18.84;-0.5;-0.5;5.933467;1;Adaptation;15;1;;;;;
18.86;-0.5;-0.5;4.756729;1;Adaptation;15;1;;;;;
18.88;-0.5;-0.5;5.652465;1;Adaptation;15;1;;;;;
18.9;0;-0.25;4.833212;1;Adaptation;15;1;;;;;
18.92;-0.5;-0.5;2.56111;1;Adaptation;15;1;;;;;
18.94;0;0.125;3.109944;1;Adaptation;15;1;;;;;
18.96;-0.5;-0.5;4.640454;1;Adaptation;15;1;;;;;
18.98;-0.5;-0.5;2.832125;1;Adaptation;15;1;;;;;
19;2;-0.0625;3.010397;1;Adaptation;15;1;;;;;
19.02;-0.5;-0.5;3.157936;1;Adaptation;15;1;;;;;
19.04;-0.5;-0.5;3.00719;1;Adaptation;15;1;;;;;
19.06;0;-0.0625;3.152829;1;Adaptation;15;1;;;;;
19.08;0;0.0625;5.34272;1;Adaptation;15;1;;;;;
19.1;-0.5;-0.5;5.94267;1;Adaptation;15;1;;;;;
19.12;-0.5;-0.5;4.490366;1;Adaptation;15;1;;;;;
19.14;-0.5;-0.5;3.715402;1;Adaptation;15;1;;;;;
19.16;-0.5;-0.5;3.766578;1;Adaptation;15;1;;;;;
19.18;-0.5;-0.5;2.907195;1;Adaptation;15;1;;;;;
19.2;0;0;5.853683;1;Adaptation;15;1;;;;;
19.22;-0.5;-0.5;5.663983;1;Adaptation;15;1;;;;;
19.24;-0.5;-0.5;4.915664;1;Adaptation;15;1;;;;;
19.26;2;-0.3125;3.050324;1;Adaptation;15;1;;;;;
19.28;-0.5;-0.5;2.593934;1;Adaptation;15;1;;;;;
19.3;0;0;5.442847;1;Adaptation;15;1;;;;;
19.32;2;-0.0625;2.15783;1;Adaptation;15;1;;;;;
19.34;-0.5;-0.5;3.098982;1;Adaptation;15;1;;;;;
19.36;0;0.0625;4.628063;1;Adaptation;15;1;;;;;
19.38;0;0.1875;2.340022;1;Adaptation;15;1;;;;;
19.4;-0.5;-0.5;2.601152;1;Adaptation;15;1;;;;;
19.42;-0.5;-0.5;2.857216;1;Adaptation;15;1;;;;;
19.44;-0.5;-0.5;5.635419;1;Adaptation;15;1;;;;;
19.46;-0.5;-0.5;3.613846;1;Adaptation;15;1;;;;;
19.48;-0.5;-0.5;2.144671;1;Adaptation;15;1;;;;;
19.5;-0.5;-0.5;4.888763;1;Adaptation;15;1;;;;;
19.52;-0.5;-0.5;4.735766;1;Adaptation;15;1;;;;;
19.54;-0.5;-0.5;5.851638;1;Adaptation;15;1;;;;;
19.56;-0.5;-0.5;4.880622;1;Adaptation;15;1;;;;;
19.58;-0.5;-0.5;2.581324;1;Adaptation;15;1;;;;;
19.6;-0.5;-0.5;2.692755;1;Adaptation;15;1;;;;;
19.62;-0.5;-0.5;4.420753;1;Adaptation;15;1;;;;;
19.64;-0.5;-0.5;3.173538;1;Adaptation;15;1;;;;;
19.66;-2;-0.1875;5.809714;1;Adaptation;15;1;;;;;
19.68;-0.5;-0.5;3.458875;1;Adaptation;15;1;;;;;
19.7;-0.5;-0.5;4.651121;1;Adaptation;15;1;;;;;
19.72;0;-0.0625;3.960048;1;Adaptation;15;1;;;;;
19.74;2;0.0625;5.605397;1;Adaptation;15;1;;;;;
19.76;-0.5;-0.5;5.453207;1;Adaptation;15;1;;;;;
19.78;-0.5;-0.5;3.884443;1;Adaptation;15;1;;;;;
19.8;-0.5;-0.5;3.397859;1;Adaptation;15;1;;;;;
19.82;-0.5;-0.5;3.424314;1;Adaptation;15;1;;;;;
19.84;-0.5;-0.5;2.185956;1;Adaptation;15;1;;;;;
19.86;0;-0.0625;5.61904;1;Adaptation;15;1;;;;;
19.88;-0.5;-0.5;2.189193;1;Adaptation;15;1;;;;;
19.9;-0.5;-0.5;4.976221;1;Adaptation;15;1;;;;;
19.92;2;0.25;2.564953;1;Adaptation;15;1;;;;;
19.94;2;-0.125;3.770388;1;Adaptation;15;1;;;;;
19.96;0;-0.09375;3.214223;1;Adaptation;15;1;;;;;
19.98;-0.5;-0.5;2.964869;1;Adaptation;15;1;;;;;
20;-0.5;-0.5;4.939411;1;Adaptation;15;1;;;;;
20.02;-0.5;-0.5;4.572377;1;Adaptation;15;1;;;;;
20.04;-0.5;-0.5;2.349015;1;Adaptation;15;1;;;;;
20.06;-0.5;-0.5;4.723952;1;Adaptation;15;1;;;;;
20.08;-0.5;-0.5;3.068223;1;Adaptation;15;1;;;;;
20.1;-0.5;-0.5;2.682096;1;Adaptation;15;1;;;;;
20.12;-0.5;-0.5;4.175483;1;Adaptation;15;1;;;;;
20.14;-0.5;-0.5;5.677385;1;Adaptation;15;1;;;;;
20.16;-0.5;-0.5;2.017918;1;Adaptation;15;1;;;;;
20.18;-0.5;-0.5;2.302758;1;Adaptation;15;1;;;;;
20.2;-0.5;-0.5;3.510711;1;Adaptation;15;1;;;;;
20.22;0;-0.125;3.814841;1;Adaptation;15;1;;;;;
20.24;-0.5;-0.5;2.090538;1;Adaptation;15;1;;;;;
20.26;-0.5;-0.5;5.445409;1;Adaptation;15;1;;;;;
20.28;-0.5;-0.5;5.881637;1;Adaptation;15;1;;;;;
20.3;2;0.1875;4.92678;1;Adaptation;15;1;;;;;
20.32;-0.5;-0.5;3.658947;1;Adaptation;15;1;;;;;
20.34;-0.5;-0.5;3.223774;1;Adaptation;15;1;;;;;
20.36;-0.5;-0.5;3.305939;1;Adaptation;15;1;;;;;
20.38;0;0;4.377644;1;Adaptation;15;1;;;;;
20.4;-0.5;-0.5;5.547554;1;Adaptation;15;1;;;;;
20.42;-0.5;-0.5;3.611251;1;Adaptation;15;1;;;;;
20.44;-0.5;-0.5;4.329156;1;Adaptation;15;1;;;;;
20.46;-0.5;-0.5;5.252647;1;Adaptation;15;1;;;;;
20.48;-0.5;-0.5;2.912431;1;Adaptation;15;1;;;;;
20.5;-0.5;-0.5;5.546119;1;Adaptation;15;1;;;;;
20.52;-0.5;-0.5;5.73884;1;Adaptation;15;1;;;;;
20.54;-0.5;-0.5;3.377923;1;Adaptation;15;1;;;;;
20.56;-0.5;-0.5;2.52461;1;Adaptation;15;1;;;;;
20.58;-0.5;-0.5;5.442107;1;Adaptation;15;1;;;;;
20.6;-0.5;-0.5;4.579136;1;Adaptation;15;1;;;;;
20.62;-0.5;-0.5;3.189554;1;Adaptation;15;1;;;;;
20.64;-0.5;-0.5;2.624321;1;Adaptation;15;1;;;;;
20.66;-0.5;-0.5;2.932835;1;Adaptation;15;1;;;;;
20.68;-0.5;-0.5;2.448431;1;Adaptation;15;1;;;;;
20.7;-0.5;-0.5;3.542617;1;Adaptation;15;1;;;;;
20.72;-0.5;-0.5;3.178502;1;Adaptation;15;1;;;;;
20.74;-0.5;-0.5;2.395159;1;Adaptation;15;1;;;;;
20.76;-0.5;-0.5;3.560685;1;Adaptation;15;1;;;;;
20.78;0;0.03125;5.568666;1;Adaptation;15;1;;;;;
20.8;-0.5;-0.5;2.584733;1;Adaptation;15;1;;;;;
20.82;-0.5;-0.5;5.62774;1;Adaptation;15;1;;;;;
20.84;0;0.03125;5.677974;1;Adaptation;15;1;;;;;
20.86;-0.5;-0.5;5.138977;1;Adaptation;15;1;;;;;
20.88;-0.5;-0.5;3.182994;1;Adaptation;15;1;;;;;
20.9;-0.5;-0.5;5.691444;1;Adaptation;15;1;;;;;
20.92;-0.5;-0.5;4.903106;1;Adaptation;15;1;;;;;
20.94;-0.5;-0.5;4.662608;1;Adaptation;15;1;;;;;
20.96;1;0.125;3.544482;1;Adaptation;15;1;;;;;
20.98;-0.5;-0.5;2.939956;1;Adaptation;15;1;;;;;
21;-0.5;-0.5;2.830184;1;Adaptation;15;1;;;;;
21.02;-0.5;-0.5;2.641029;1;Adaptation;15;1;;;;;
21.04;0;0.0625;2.337091;1;Adaptation;15;1;;;;;
21.06;-0.5;-0.5;5.585782;1;Adaptation;15;1;;;;;
21.08;-0.5;-0.5;4.33903;1;Adaptation;15;1;;;;;
21.1;-0.5;-0.5;4.644967;1;Adaptation;15;1;;;;;
21.12;-0.5;-0.5;2.624492;1;Adaptation;15;1;;;;;
21.14;-0.5;-0.5;4.924767;1;Adaptation;15;1;;;;;
21.16;-0.5;-0.5;5.748167;1;Adaptation;15;1;;;;;
21.18;-0.5;-0.5;5.144484;1;Adaptation;15;1;;;;;
21.2;-0.5;-0.5;5.811382;1;Adaptation;15;1;;;;;
21.22;-0.5;-0.5;4.870379;1;Adaptation;15;1;;;;;
21.24;-0.5;-0.5;4.131503;1;Adaptation;15;1;;;;;
21.26;0;-0.1875;3.39712;1;Adaptation;15;1;;;;;
21.28;0;-0.125;3.691842;1;Adaptation;15;1;;;;;
21.3;-0.5;-0.5;4.36561;1;Adaptation;15;1;;;;;
21.32;0;0.125;4.810949;1;Adaptation;15;1;;;;;
21.34;-0.5;-0.5;3.596751;1;Adaptation;15;1;;;;;
21.36;-0.5;-0.5;3.55046;1;Adaptation;15;1;;;;;
21.38;-0.5;-0.5;3.349899;1;Adaptation;15;1;;;;;
21.4;-0.5;-0.5;5.332721;1;Adaptation;15;1;;;;;
21.42;-0.5;-0.5;5.226567;1;Adaptation;15;1;;;;;
21.44;-0.5;-0.5;2.417572;1;Adaptation;15;1;;;;;
21.46;-0.5;-0.5;5.25014;1;Adaptation;15;1;;;;;
21.48;-0.5;-0.5;5.126291;1;Adaptation;15;1;;;;;
21.5;-0.5;-0.5;4.049084;1;Adaptation;15;1;;;;;
21.52;-0.5;-0.5;3.153544;1;Adaptation;15;1;;;;;
21.54;0;-0.03125;4.169893;1;Adaptation;15;1;;;;;
21.56;-0.5;-0.5;4.597739;1;Adaptation;15;1;;;;;
21.58;-0.5;-0.5;4.427232;1;Adaptation;15;1;;;;;
21.6;-0.5;-0.5;4.397343;1;Adaptation;15;1;;;;;
21.62;0;0.0625;3.284559;1;Adaptation;15;1;;;;;
21.64;-0.5;-0.5;4.841605;1;Adaptation;15;1;;;;;
21.66;-2;0.0625;5.363867;1;Adaptation;15;1;;;;;
21.68;-0.5;-0.5;3.465628;1;Adaptation;15;1;;;;;
21.7;2;0.0625;3.086768;1;Adaptation;15;1;;;;;
21.72;-0.5;-0.5;4.099366;1;Adaptation;15;1;;;;;
21.74;-0.5;-0.5;5.751344;1;Adaptation;15;1;;;;;
21.76;-0.5;-0.5;2.347475;1;Adaptation;15;1;;;;;
21.78;-0.5;-0.5;3.76263;1;Adaptation;15;1;;;;;
21.8;1;0;3.234834;1;Adaptation;15;1;;;;;
21.82;-0.5;-0.5;5.900446;1;Adaptation;15;1;;;;;
21.84;0;0;2.994133;1;Adaptation;15;1;;;;;
21.86;-0.5;-0.5;2.460174;1;Adaptation;15;1;;;;;
21.88;-0.5;-0.5;3.798703;1;Adaptation;15;1;;;;;
21.9;-0.5;-0.5;5.670805;1;Adaptation;15;1;;;;;
21.92;-0.5;-0.5;5.859209;1;Adaptation;15;1;;;;;
21.94;-0.5;-0.5;2.424313;1;Adaptation;15;1;;;;;
21.96;-0.5;-0.5;5.249387;1;Adaptation;15;1;;;;;
21.98;-0.5;-0.5;5.299632;1;Adaptation;15;1;;;;;
22;-0.5;-0.5;4.523162;1;Adaptation;15;1;;;;;
22.02;-0.5;-0.5;3.544745;1;Adaptation;15;1;;;;;
22.04;-0.5;-0.5;3.571059;1;Adaptation;15;1;;;;;
22.06;-1;0.0625;5.188999;1;Adaptation;15;1;;;;;
22.08;-0.5;-0.5;3.366009;1;Adaptation;15;1;;;;;
22.1;-0.5;-0.5;5.238049;1;Adaptation;15;1;;;;;
22.12;-0.5;-0.5;5.448698;1;Adaptation;15;1;;;;;
22.14;-0.5;-0.5;5.622937;1;Adaptation;15;1;;;;;
22.16;-0.5;-0.5;2.478918;1;Adaptation;15;1;;;;;
22.18;-0.5;-0.5;2.097963;1;Adaptation;15;1;;;;;
22.2;-0.5;-0.5;3.99179;1;Adaptation;15;1;;;;;
22.22;0;0.0625;3.535921;1;Adaptation;15;1;;;;;
22.24;-0.5;-0.5;3.604043;1;Adaptation;15;1;;;;;
22.26;-0.5;-0.5;2.967789;1;Adaptation;15;1;;;;;
22.28;1;0.09375;2.627977;1;Adaptation;15;1;;;;;
22.3;0;0.0625;4.768061;1;Adaptation;15;1;;;;;
22.32;-0.5;-0.5;4.195661;1;Adaptation;15;1;;;;;
22.34;-0.5;-0.5;3.728303;1;Adaptation;15;1;;;;;
22.36;-0.5;-0.5;5.836415;1;Adaptation;15;1;;;;;
22.38;-0.5;-0.5;2.599024;1;Adaptation;15;1;;;;;
22.4;-0.5;-0.5;4.401935;1;Adaptation;15;1;;;;;
22.42;-0.5;-0.5;2.248228;1;Adaptation;15;1;;;;;
22.44;-0.5;-0.5;3.393619;1;Adaptation;15;1;;;;;
22.46;0;-0.0625;5.077903;1;Adaptation;15;1;;;;;
22.48;0;0.25;4.255009;1;Adaptation;15;1;;;;;
22.5;-0.5;-0.5;4.347604;1;Adaptation;15;1;;;;;
22.52;-0.5;-0.5;4.028049;1;Adaptation;15;1;;;;;
22.54;-0.5;-0.5;4.993164;1;Adaptation;15;1;;;;;
22.56;-0.5;-0.5;2.592307;1;Adaptation;15;1;;;;;
22.58;-0.5;-0.5;4.992403;1;Adaptation;15;1;;;;;
22.6;-0.5;-0.5;2.804635;1;Adaptation;15;1;;;;;
22.62;1;0;5.384515;1;Adaptation;15;1;;;;;
22.64;-0.5;-0.5;2.613581;1;Adaptation;15;1;;;;;
22.66;-0.5;-0.5;2.590809;1;Adaptation;15;1;;;;;
22.68;-0.5;-0.5;4.297106;1;Adaptation;15;1;;;;;
22.7;-0.5;-0.5;4.174895;1;Adaptation;15;1;;;;;
22.72;-0.5;-0.5;5.67525;1;Adaptation;15;1;;;;;
22.74;-0.5;-0.5;3.189268;1;Adaptation;15;1;;;;;
22.76;-0.5;-0.5;2.666194;1;Adaptation;15;1;;;;;
22.78;1;0.15625;3.108428;1;Adaptation;15;1;;;;;
22.8;-0.5;-0.5;2.40392;1;Adaptation;15;1;;;;;
22.82;-0.5;-0.5;4.839232;1;Adaptation;15;1;;;;;
22.84;-0.5;-0.5;5.473783;1;Adaptation;15;1;;;;;
22.86;-0.5;-0.5;4.097673;1;Adaptation;15;1;;;;;
22.88;-0.5;-0.5;5.263445;1;Adaptation;15;1;;;;;
22.9;-0.5;-0.5;4.690183;1;Adaptation;15;1;;;;;
22.92;-0.5;-0.5;5.838257;1;Adaptation;15;1;;;;;
22.94;-0.5;-0.5;5.744859;1;Adaptation;15;1;;;;;
22.96;-0.5;-0.5;5.192859;1;Adaptation;15;1;;;;;
22.98;-0.5;-0.5;5.538032;1;Adaptation;15;1;;;;;
23;-0.5;-0.5;2.373823;1;Adaptation;15;1;;;;;
23.02;-0.5;-0.5;3.140328;1;Adaptation;15;1;;;;;
23.04;-0.5;-0.5;4.465531;1;Adaptation;15;1;;;;;
23.06;-0.5;-0.5;3.778191;1;Adaptation;15;1;;;;;
23.08;-0.5;-0.5;2.32901;1;Adaptation;15;1;;;;;
23.1;0;-0.03125;5.983854;1;Adaptation;15;1;;;;;
23.12;-0.5;-0.5;4.36037;1;Adaptation;15;1;;;;;
23.14;-0.5;-0.5;2.247031;1;Adaptation;15;1;;;;;
23.16;-1;0;4.890174;1;Adaptation;15;1;;;;;
23.18;-0.5;-0.5;5.605046;1;Adaptation;15;1;;;;;
23.2;-0.5;-0.5;3.169016;1;Adaptation;15;1;;;;;
23.22;-0.5;-0.5;5.308764;1;Adaptation;15;1;;;;;
23.24;-0.5;-0.5;4.335874;1;Adaptation;15;1;;;;;
23.26;-0.5;-0.5;5.968781;1;Adaptation;15;1;;;;;
23.28;-0.5;-0.5;2.624392;1;Adaptation;15;1;;;;;
23.3;0;0.0625;2.192104;1;Adaptation;15;1;;;;;
23.32;-0.5;-0.5;4.824241;1;Adaptation;15;1;;;;;
23.34;-0.5;-0.5;5.139015;1;Adaptation;15;1;;;;;
23.36;0;-0.15625;2.348202;1;Adaptation;15;1;;;;;
23.38;-1;0;3.667309;1;Adaptation;15;1;;;;;
23.4;0;-0.03125;5.824132;1;Adaptation;15;1;;;;;
23.42;-0.5;-0.5;3.118684;1;Adaptation;15;1;;;;;
23.44;-0.5;-0.5;3.440062;1;Adaptation;15;1;;;;;
23.46;-0.5;-0.5;5.211132;1;Adaptation;15;1;;;;;
23.48;-0.5;-0.5;4.323527;1;Adaptation;15;1;;;;;
23.5;-0.5;-0.5;5.248995;1;Adaptation;15;1;;;;;
23.52;-0.5;-0.5;5.592067;1;Adaptation;15;1;;;;;
23.54;-0.5;-0.5;5.898923;1;Adaptation;15;1;;;;;
23.56;-0.5;-0.5;5.360404;1;Adaptation;15;1;;;;;
23.58;-0.5;-0.5;3.982477;1;Adaptation;15;1;;;;;
23.6;-0.5;-0.5;5.018925;1;Adaptation;15;1;;;;;
23.62;-0.5;-0.5;4.243757;1;Adaptation;15;1;;;;;
23.64;-0.5;-0.5;2.276688;1;Adaptation;15;1;;;;;
23.66;-1;0;3.559446;1;Adaptation;15;1;;;;;
23.68;-0.5;-0.5;3.373858;1;Adaptation;15;1;;;;;
23.7;-0.5;-0.5;2.374685;1;Adaptation;15;1;;;;;
23.72;0;-0.125;4.128074;1;Adaptation;15;1;;;;;
23.74;-0.5;-0.5;4.983945;1;Adaptation;15;1;;;;;
23.76;-0.5;-0.5;4.581255;1;Adaptation;15;1;;;;;
23.78;-0.5;-0.5;4.073209;1;Adaptation;15;1;;;;;
23.8;-0.5;-0.5;4.312681;1;Adaptation;15;1;;;;;
23.82;-0.5;-0.5;4.335878;1;Adaptation;15;1;;;;;
23.84;-0.5;-0.5;4.738971;1;Adaptation;15;1;;;;;
23.86;-0.5;-0.5;2.496588;1;Adaptation;15;1;;;;;
23.88;-0.5;-0.5;5.564713;1;Adaptation;15;1;;;;;
23.9;-0.5;-0.5;3.773221;1;Adaptation;15;1;;;;;
23.92;-0.5;-0.5;2.48095;1;Adaptation;15;1;;;;;
23.94;0;0.0625;5.975176;1;Adaptation;15;1;;;;;
23.96;-0.5;-0.5;3.25912;1;Adaptation;15;1;;;;;
23.98;-0.5;-0.5;4.676615;1;Adaptation;15;1;;;;;
24;-0.5;-0.5;5.324973;1;Adaptation;15;1;;;;;
24.02;-0.5;-0.5;4.95553;1;Adaptation;15;1;;;;;
24.04;-0.5;-0.5;5.286737;1;Adaptation;15;1;;;;;
24.06;-0.5;-0.5;3.146942;1;Adaptation;15;1;;;;;
24.08;-0.5;-0.5;3.675422;1;Adaptation;15;1;;;;;
24.1;0;-0.03125;5.887905;1;Adaptation;15;1;;;;;
24.12;-0.5;-0.5;3.164443;1;Adaptation;15;1;;;;;
24.14;-0.5;-0.5;5.88168;1;Adaptation;15;1;;;;;
24.16;-0.5;-0.5;3.885704;1;Adaptation;15;1;;;;;
24.18;-0.5;-0.5;5.274262;1;Adaptation;15;1;;;;;
24.2;-0.5;-0.5;5.97308;1;Adaptation;15;1;;;;;
24.22;-0.5;-0.5;2.824325;1;Adaptation;15;1;;;;;
24.24;0;0.0625;2.660717;1;Adaptation;15;1;;;;;
24.26;0;0.03125;4.211524;1;Adaptation;15;1;;;;;
24.28;-0.5;-0.5;5.768476;1;Adaptation;15;1;;;;;
24.3;-0.5;-0.5;3.391611;1;Adaptation;15;1;;;;;
24.32;-0.5;-0.5;5.95616;1;Adaptation;15;1;;;;;
24.34;-0.5;-0.5;4.426164;1;Adaptation;15;1;;;;;
24.36;-0.5;-0.5;2.278925;1;Adaptation;15;1;;;;;
24.38;-0.5;-0.5;2.451157;1;Adaptation;15;1;;;;;
24.4;-0.5;-0.5;5.121518;1;Adaptation;15;1;;;;;
24.42;-0.5;-0.5;4.959674;1;Adaptation;15;1;;;;;
24.44;-0.5;-0.5;4.650649;1;Adaptation;15;1;;;;;
24.46;-0.5;-0.5;3.948134;1;Adaptation;15;1;;;;;
24.48;-0.5;-0.5;3.307315;1;Adaptation;15;1;;;;;
24.5;-0.5;-0.5;5.917136;1;Adaptation;15;1;;;;;
24.52;-0.5;-0.5;5.835745;1;Adaptation;15;1;;;;;
24.54;-0.5;-0.5;5.96749;1;Adaptation;15;1;;;;;
24.56;0;-0.0625;5.206583;1;Adaptation;15;1;;;;;
24.58;-0.5;-0.5;3.996491;1;Adaptation;15;1;;;;;
24.6;0;0;5.984798;1;Adaptation;15;1;;;;;
24.62;-0.5;-0.5;3.129575;1;Adaptation;15;1;;;;;
24.64;-0.5;-0.5;3.081404;1;Adaptation;15;1;;;;;
24.66;-0.5;-0.5;4.832345;1;Adaptation;15;1;;;;;
24.68;-0.5;-0.5;2.28134;1;Adaptation;15;1;;;;;
24.7;-0.5;-0.5;3.330137;1;Adaptation;15;1;;;;;
24.72;-0.5;-0.5;3.117226;1;Adaptation;15;1;;;;;
24.74;-0.5;-0.5;5.776009;1;Adaptation;15;1;;;;;
24.76;-0.5;-0.5;4.10365;1;Adaptation;15;1;;;;;
24.78;-0.5;-0.5;2.079634;1;Adaptation;15;1;;;;;
24.8;-0.5;-0.5;2.618507;1;Adaptation;15;1;;;;;
24.82;-0.5;-0.5;4.16712;1;Adaptation;15;1;;;;;
24.84;-0.5;-0.5;3.350237;1;Adaptation;15;1;;;;;
24.86;0;-0.09375;5.505824;1;Adaptation;15;1;;;;;
24.88;-0.5;-0.5;2.38281;1;Adaptation;15;1;;;;;
24.9;-0.5;-0.5;3.1365;1;Adaptation;15;1;;;;;
24.92;-0.5;-0.5;3.838421;1;Adaptation;15;1;;;;;
24.94;-0.5;-0.5;3.463365;1;Adaptation;15;1;;;;;
24.96;-0.5;-0.5;3.728779;1;Adaptation;15;1;;;;;
24.98;-0.5;-0.5;2.997378;1;Adaptation;15;1;;;;;
25;-0.5;-0.5;4.104314;1;Adaptation;15;1;;;;;
25.02;-0.5;-0.5;3.882236;1;Adaptation;15;1;;;;;
25.04;-0.5;-0.5;4.242113;1;Adaptation;15;1;;;;;
25.06;-0.5;-0.5;4.428516;1;Adaptation;15;1;;;;;
25.08;-0.5;-0.5;3.719726;1;Adaptation;15;1;;;;;
25.1;-0.5;-0.5;2.510177;1;Adaptation;15;1;;;;;
25.12;-0.5;-0.5;4.519898;1;Adaptation;15;1;;;;;
25.14;-0.5;-0.5;2.095155;1;Adaptation;15;1;;;;;
25.16;-0.5;-0.5;4.867161;1;Adaptation;15;1;;;;;
25.18;0;-0.0625;2.267723;1;Adaptation;15;1;;;;;
25.2;-0.5;-0.5;4.769691;1;Adaptation;15;1;;;;;
25.22;-0.5;-0.5;2.287516;1;Adaptation;15;1;;;;;
25.24;-0.5;-0.5;4.942627;1;Adaptation;15;1;;;;;
25.26;-0.5;-0.5;2.071664;1;Adaptation;15;1;;;;;
25.28;-0.5;-0.5;3.522715;1;Adaptation;15;1;;;;;
25.3;-0.5;-0.5;3.034743;1;Adaptation;15;1;;;;;
25.32;-0.5;-0.5;3.450099;1;Adaptation;15;1;;;;;
25.34;-0.5;-0.5;5.201809;1;Adaptation;15;1;;;;;
25.36;-0.5;-0.5;4.83533;1;Adaptation;15;1;;;;;
25.38;-0.5;-0.5;4.724367;1;Adaptation;15;1;;;;;
25.4;-0.5;-0.5;3.075965;1;Adaptation;15;1;;;;;
25.42;-0.5;-0.5;2.881414;1;Adaptation;15;1;;;;;
25.44;0;0;4.337412;1;Adaptation;15;1;;;;;
25.46;0;0;2.493382;1;Adaptation;15;1;;;;;
25.48;-0.5;-0.5;5.449163;1;Adaptation;15;1;;;;;
25.5;-0.5;-0.5;3.936908;1;Adaptation;15;1;;;;;
25.52;-0.5;-0.5;5.224337;1;Adaptation;15;1;;;;;
25.54;-0.5;-0.5;2.190655;1;Adaptation;15;1;;;;;
25.56;-0.5;-0.5;4.169333;1;Adaptation;15;1;;;;;
25.58;-0.5;-0.5;3.966884;1;Adaptation;15;1;;;;;
25.6;-0.5;-0.5;3.183557;1;Adaptation;15;1;;;;;
25.62;-0.5;-0.5;5.625415;1;Adaptation;15;1;;;;;
25.64;1;0;3.261611;1;Adaptation;15;1;;;;;
25.66;-0.5;-0.5;3.597183;1;Adaptation;15;1;;;;;
25.68;-0.5;-0.5;2.498724;1;Adaptation;15;1;;;;;
25.7;-0.5;-0.5;4.248417;1;Adaptation;15;1;;;;;
25.72;-0.5;-0.5;4.853219;1;Adaptation;15;1;;;;;
25.74;-0.5;-0.5;4.034075;1;Adaptation;15;1;;;;;
25.76;0;0.125;4.588907;1;Adaptation;15;1;;;;;
25.78;-0.5;-0.5;5.484797;1;Adaptation;15;1;;;;;
25.8;-0.5;-0.5;2.352211;1;Adaptation;15;1;;;;;
25.82;-0.5;-0.5;3.190036;1;Adaptation;15;1;;;;;
25.84;-0.5;-0.5;4.55869;1;Adaptation;15;1;;;;;
25.86;-0.5;-0.5;4.516901;1;Adaptation;15;1;;;;;
25.88;-0.5;-0.5;2.923421;1;Adaptation;15;1;;;;;
25.9;-0.5;-0.5;2.944098;1;Adaptation;15;1;;;;;
25.92;-0.5;-0.5;2.558178;1;Adaptation;15;1;;;;;
25.94;-0.5;-0.5;3.497573;1;Adaptation;15;1;;;;;
25.96;-0.5;-0.5;2.747352;1;Adaptation;15;1;;;;;
25.98;-0.5;-0.5;2.783817;1;Adaptation;15;1;;;;;
26;-0.5;-0.5;2.247321;1;Adaptation;15;1;;;;;
26.02;-0.5;-0.5;2.967927;1;Adaptation;15;1;;;;;
26.04;-0.5;-0.5;4.474414;1;Adaptation;15;1;;;;;
26.06;-0.5;-0.5;4.199078;1;Adaptation;15;1;;;;;
26.08;-0.5;-0.5;2.020644;1;Adaptation;15;1;;;;;
26.1;-0.5;-0.5;2.034807;1;Adaptation;15;1;;;;;
26.12;-1;-0.03125;4.459632;1;Adaptation;15;1;;;;;
26.14;-0.5;-0.5;2.553285;1;Adaptation;15;1;;;;;
26.16;-0.5;-0.5;3.634924;1;Adaptation;15;1;;;;;
26.18;0;-0.03125;3.975866;1;Adaptation;15;1;;;;;
26.2;-0.5;-0.5;3.124148;1;Adaptation;15;1;;;;;
26.22;-0.5;-0.5;2.745747;1;Adaptation;15;1;;;;;
26.24;-0.5;-0.5;4.887806;1;Adaptation;15;1;;;;;
26.26;1;0.03125;4.471357;1;Adaptation;15;1;;;;;
26.28;-0.5;-0.5;2.232594;1;Adaptation;15;1;;;;;
26.3;-0.5;-0.5;5.071987;1;Adaptation;15;1;;;;;
26.32;-0.5;-0.5;2.504089;1;Adaptation;15;1;;;;;
26.34;-0.5;-0.5;4.860361;1;Adaptation;15;1;;;;;
;;;;;;;;;;;;
