time;pos_x_right;pos_y_right;dil_right;pos_x_left;pos_y_left;dil_left;brightness;state;fov;trial;;
0;0;-0.125;5.931366;1;Adaptation;15;1;;;;;
0.02;0;-0.125;3.162676;1;Adaptation;15;1;;;;;
0.04;-0.5;-0.5;5.563291;1;Adaptation;15;1;;;;;
0.06;-0.5;-0.5;2.493036;1;Adaptation;15;1;;;;;
0.08;-0.5;-0.5;4.449741;1;Adaptation;15;1;;;;;
0.09999999;-0.5;-0.5;4.913911;1;Adaptation;15;1;;;;;
0.12;-0.5;-0.5;5.687707;1;Adaptation;15;1;;;;;
0.14;-0.5;-0.5;3.005885;1;Adaptation;15;1;;;;;
0.16;-0.5;-0.5;3.280024;1;Adaptation;15;1;;;;;
0.18;-0.5;-0.5;5.226993;1;Adaptation;15;1;;;;;
0.2;-0.5;-0.5;5.385033;1;Adaptation;15;1;;;;;
0.22;-0.5;-0.5;3.686641;1;Adaptation;15;1;;;;;
0.24;-0.5;-0.5;3.761815;1;Adaptation;15;1;;;;;
0.26;-0.5;-0.5;4.10878;1;Adaptation;15;1;;;;;
0.28;-0.5;-0.5;2.77577;1;Adaptation;15;1;;;;;
0.3;-0.5;-0.5;5.183843;1;Adaptation;15;1;;;;;
0.32;-0.5;-0.5;4.439248;1;Adaptation;15;1;;;;;
0.34;-0.5;-0.5;3.578984;1;Adaptation;15;1;;;;;
0.36;2;-0.125;5.557609;1;Adaptation;15;1;;;;;
0.38;2;-0.125;4.952393;1;Adaptation;15;1;;;;;
0.4;2;-0.125;2.518842;1;Adaptation;15;1;;;;;
0.42;-2;0;5.817008;1;Adaptation;15;1;;;;;
0.44;-0.5;-0.5;2.380286;1;Adaptation;15;1;;;;;
0.46;-0.5;-0.5;5.926683;1;Adaptation;15;1;;;;;
0.48;-0.5;-0.5;2.985569;1;Adaptation;15;1;;;;;
0.5;2;0;3.906767;1;Adaptation;15;1;;;;;
0.52;-0.5;-0.5;2.434174;1;Adaptation;15;1;;;;;
0.54;0;0.25;2.640188;1;Adaptation;15;1;;;;;
0.56;-0.5;-0.5;4.25811;1;Adaptation;15;1;;;;;
0.58;-0.5;-0.5;5.545649;1;Adaptation;15;1;;;;;
0.6;-0.5;-0.5;4.903829;1;Adaptation;15;1;;;;;
0.62;-0.5;-0.5;4.375059;1;Adaptation;15;1;;;;;
0.64;2;0;3.345902;1;Adaptation;15;1;;;;;
0.66;-0.5;-0.5;3.087964;1;Adaptation;15;1;;;;;
0.68;-0.5;-0.5;5.109644;1;Adaptation;15;1;;;;;
0.7;-0.5;-0.5;3.187953;1;Adaptation;15;1;;;;;
0.72;2;0.125;4.705419;1;Adaptation;15;1;;;;;
0.74;-2;-0.125;3.740908;1;Adaptation;15;1;;;;;
0.76;-0.5;-0.5;3.288359;1;Adaptation;15;1;;;;;
0.78;2;0;3.869546;1;Adaptation;15;1;;;;;
0.8;-2;0;2.913315;1;Adaptation;15;1;;;;;
0.82;-0.5;-0.5;5.900419;1;Adaptation;15;1;;;;;
0.84;-0.5;-0.5;4.826943;1;Adaptation;15;1;;;;;
0.86;-0.5;-0.5;4.363101;1;Adaptation;15;1;;;;;
0.88;-0.5;-0.5;3.00158;1;Adaptation;15;1;;;;;
0.9;-0.5;-0.5;3.111243;1;Adaptation;15;1;;;;;
0.92;-0.5;-0.5;4.587688;1;Adaptation;15;1;;;;;
0.94;-0.5;-0.5;3.830299;1;Adaptation;15;1;;;;;
0.96;-0.5;-0.5;2.342546;1;Adaptation;15;1;;;;;
0.98;-0.5;-0.5;5.930633;1;Adaptation;15;1;;;;;
1;0;0;4.974275;1;Adaptation;15;1;;;;;
1.02;-0.5;-0.5;4.705535;1;Adaptation;15;1;;;;;
1.04;-0.5;-0.5;4.158327;1;Adaptation;15;1;;;;;
1.06;2;0.125;2.59024;1;Adaptation;15;1;;;;;
1.08;-0.5;-0.5;4.780836;1;Adaptation;15;1;;;;;
1.1;-0.5;-0.5;2.149427;1;Adaptation;15;1;;;;;
1.12;0;0;3.774152;1;Adaptation;15;1;;;;;
1.14;-2;0.125;3.729104;1;Adaptation;15;1;;;;;
1.16;-0.5;-0.5;4.393229;1;Adaptation;15;1;;;;;
1.18;-0.5;-0.5;4.671479;1;Adaptation;15;1;;;;;
1.2;-0.5;-0.5;4.990333;1;Adaptation;15;1;;;;;
1.22;0;0;4.466446;1;Adaptation;15;1;;;;;
1.24;0;0;3.247907;1;Adaptation;15;1;;;;;
1.26;0;0.125;5.765343;1;Adaptation;15;1;;;;;
1.28;-0.5;-0.5;4.458111;1;Adaptation;15;1;;;;;
1.3;-0.5;-0.5;4.200267;1;Adaptation;15;1;;;;;
1.32;0;0.125;2.993747;1;Adaptation;15;1;;;;;
1.34;-0.5;-0.5;2.270508;1;Adaptation;15;1;;;;;
1.36;-0.5;-0.5;4.104681;1;Adaptation;15;1;;;;;
1.38;0;0;2.352726;1;Adaptation;15;1;;;;;
1.4;-0.5;-0.5;5.076853;1;Adaptation;15;1;;;;;
1.42;0;0.125;4.328556;1;Adaptation;15;1;;;;;
1.44;-0.5;-0.5;2.584338;1;Adaptation;15;1;;;;;
1.46;-0.5;-0.5;4.018055;1;Adaptation;15;1;;;;;
1.48;-0.5;-0.5;2.543942;1;Adaptation;15;1;;;;;
1.5;0;0;5.452614;1;Adaptation;15;1;;;;;
1.52;-0.5;-0.5;2.198705;1;Adaptation;15;1;;;;;
1.54;-0.5;-0.5;4.455469;1;Adaptation;15;1;;;;;
1.56;2;0;3.747841;1;Adaptation;15;1;;;;;
1.58;-0.5;-0.5;4.352583;1;Adaptation;15;1;;;;;
1.6;-2;0.375;5.055183;1;Adaptation;15;1;;;;;
1.62;-0.5;-0.5;5.697894;1;Adaptation;15;1;;;;;
1.64;-0.5;-0.5;4.858898;1;Adaptation;15;1;;;;;
1.66;-0.5;-0.5;3.559503;1;Adaptation;15;1;;;;;
1.68;-0.5;-0.5;4.257813;1;Adaptation;15;1;;;;;
1.7;-0.5;-0.5;2.449228;1;Adaptation;15;1;;;;;
1.72;-0.5;-0.5;5.083095;1;Adaptation;15;1;;;;;
1.74;-0.5;-0.5;4.397078;1;Adaptation;15;1;;;;;
1.76;-0.5;-0.5;2.251023;1;Adaptation;15;1;;;;;
1.78;-0.5;-0.5;2.140448;1;Adaptation;15;1;;;;;
1.8;0;0.125;4.903661;1;Adaptation;15;1;;;;;
1.82;2;-0.25;5.335534;1;Adaptation;15;1;;;;;
1.84;-0.5;-0.5;3.309174;1;Adaptation;15;1;;;;;
1.86;-0.5;-0.5;5.964296;1;Adaptation;15;1;;;;;
1.88;-0.5;-0.5;4.096392;1;Adaptation;15;1;;;;;
1.9;2;-0.125;3.51236;1;Adaptation;15;1;;;;;
1.92;-0.5;-0.5;5.083983;1;Adaptation;15;1;;;;;
1.94;-0.5;-0.5;5.3326;1;Adaptation;15;1;;;;;
1.96;-0.5;-0.5;3.403065;1;Adaptation;15;1;;;;;
1.98;-0.5;-0.5;3.303946;1;Adaptation;15;1;;;;;
2;-2;-0.125;4.423016;1;Adaptation;15;1;;;;;
2.02;-0.5;-0.5;4.506057;1;Adaptation;15;1;;;;;
2.04;-0.5;-0.5;4.641237;1;Adaptation;15;1;;;;;
2.06;0;0;4.648003;1;Adaptation;15;1;;;;;
2.08;-0.5;-0.5;2.005648;1;Adaptation;15;1;;;;;
2.1;-0.5;-0.5;4.825634;1;Adaptation;15;1;;;;;
2.12;2;-0.125;5.60414;1;Adaptation;15;1;;;;;
2.14;-0.5;-0.5;2.671165;1;Adaptation;15;1;;;;;
2.16;-0.5;-0.5;2.438947;1;Adaptation;15;1;;;;;
2.18;2;0;2.875438;1;Adaptation;15;1;;;;;
2.2;0;-0.125;5.149028;1;Adaptation;15;1;;;;;
2.22;-0.5;-0.5;4.354293;1;Adaptation;15;1;;;;;
2.24;2;0.125;5.947791;1;Adaptation;15;1;;;;;
2.26;0;0;3.529396;1;Adaptation;15;1;;;;;
2.28;-0.5;-0.5;3.528778;1;Adaptation;15;1;;;;;
2.3;-0.5;-0.5;4.008056;1;Adaptation;15;1;;;;;
2.32;-0.5;-0.5;5.791004;1;Adaptation;15;1;;;;;
2.34;-0.5;-0.5;5.102729;1;Adaptation;15;1;;;;;
2.36;2;-0.25;2.350865;1;Adaptation;15;1;;;;;
2.38;-0.5;-0.5;5.186146;1;Adaptation;15;1;;;;;
2.4;-2;0.125;4.559254;1;Adaptation;15;1;;;;;
2.42;-0.5;-0.5;5.684852;1;Adaptation;15;1;;;;;
2.44;-0.5;-0.5;5.014623;1;Adaptation;15;1;;;;;
2.46;0;0;4.580507;1;Adaptation;15;1;;;;;
2.48;-0.5;-0.5;3.972993;1;Adaptation;15;1;;;;;
2.5;-0.5;-0.5;5.8318;1;Adaptation;15;1;;;;;
2.52;-0.5;-0.5;2.656725;1;Adaptation;15;1;;;;;
2.54;-0.5;-0.5;3.055227;1;Adaptation;15;1;;;;;
2.56;-0.5;-0.5;5.861174;1;Adaptation;15;1;;;;;
2.58;0;0.375;5.59462;1;Adaptation;15;1;;;;;
2.6;-0.5;-0.5;2.886846;1;Adaptation;15;1;;;;;
2.62;-0.5;-0.5;5.335245;1;Adaptation;15;1;;;;;
2.64;-0.5;-0.5;3.264555;1;Adaptation;15;1;;;;;
2.66;2;-0.125;3.445704;1;Adaptation;15;1;;;;;
2.68;0;0.25;3.404634;1;Adaptation;15;1;;;;;
2.7;2;0;4.71412;1;Adaptation;15;1;;;;;
2.72;2;0.125;5.213075;1;Adaptation;15;1;;;;;
2.74;-0.5;-0.5;2.969504;1;Adaptation;15;1;;;;;
2.76;2;0.125;5.85849;1;Adaptation;15;1;;;;;
2.78;0;-0.125;2.994879;1;Adaptation;15;1;;;;;
2.8;-0.5;-0.5;2.096998;1;Adaptation;15;1;;;;;
2.82;-0.5;-0.5;3.839054;1;Adaptation;15;1;;;;;
2.84;0;0;2.016323;1;Adaptation;15;1;;;;;
2.86;-0.5;-0.5;4.68247;1;Adaptation;15;1;;;;;
2.88;0;-0.125;4.370131;1;Adaptation;15;1;;;;;
2.9;-0.5;-0.5;2.100782;1;Adaptation;15;1;;;;;
2.92;-0.5;-0.5;5.649561;1;Adaptation;15;1;;;;;
2.94;0;0;5.271345;1;Adaptation;15;1;;;;;
2.96;-0.5;-0.5;3.828145;1;Adaptation;15;1;;;;;
2.98;2;0;5.610796;1;Adaptation;15;1;;;;;
3;-0.5;-0.5;3.444647;1;Adaptation;15;1;;;;;
3.02;-0.5;-0.5;3.602571;1;Adaptation;15;1;;;;;
3.04;2;0.25;2.036442;1;Adaptation;15;1;;;;;
3.06;-0.5;-0.5;5.44453;1;Adaptation;15;1;;;;;
3.08;-0.5;-0.5;3.811999;1;Adaptation;15;1;;;;;
3.1;-0.5;-0.5;2.319566;1;Adaptation;15;1;;;;;
3.12;-0.5;-0.5;2.169867;1;Adaptation;15;1;;;;;
3.14;-0.5;-0.5;3.969349;1;Adaptation;15;1;;;;;
3.16;-0.5;-0.5;4.499664;1;Adaptation;15;1;;;;;
3.18;0;0.125;4.846272;1;Adaptation;15;1;;;;;
3.2;0;0;2.0034;1;Adaptation;15;1;;;;;
3.22;0;0;4.680374;1;Adaptation;15;1;;;;;
3.24;-0.5;-0.5;3.3471;1;Adaptation;15;1;;;;;
3.26;-2;0.125;5.410388;1;Adaptation;15;1;;;;;
3.28;-0.5;-0.5;3.966329;1;Adaptation;15;1;;;;;
3.3;-0.5;-0.5;3.022061;1;Adaptation;15;1;;;;;
3.32;-0.5;-0.5;5.161012;1;Adaptation;15;1;;;;;
3.34;-0.5;-0.5;3.96239;1;Adaptation;15;1;;;;;
3.36;-2;0;5.971502;1;Adaptation;15;1;;;;;
3.38;-0.5;-0.5;5.562015;1;Adaptation;15;1;;;;;
3.4;-0.5;-0.5;2.783802;1;Adaptation;15;1;;;;;
3.42;-2;0;3.827246;1;Adaptation;15;1;;;;;
3.44;0;0;3.627951;1;Adaptation;15;1;;;;;
3.46;-0.5;-0.5;4.295537;1;Adaptation;15;1;;;;;
3.48;-0.5;-0.5;3.212842;1;Adaptation;15;1;;;;;
3.5;-0.5;-0.5;2.169774;1;Adaptation;15;1;;;;;
3.52;-0.5;-0.5;5.610497;1;Adaptation;15;1;;;;;
3.54;-0.5;-0.5;3.786197;1;Adaptation;15;1;;;;;
3.56;-0.5;-0.5;5.384546;1;Adaptation;15;1;;;;;
3.58;-0.5;-0.5;2.918058;1;Adaptation;15;1;;;;;
3.6;-0.5;-0.5;3.066158;1;Adaptation;15;1;;;;;
3.62;-0.5;-0.5;2.891348;1;Adaptation;15;1;;;;;
3.64;-0.5;-0.5;5.070649;1;Adaptation;15;1;;;;;
3.66;0;0;2.295205;1;Adaptation;15;1;;;;;
3.68;-0.5;-0.5;2.574576;1;Adaptation;15;1;;;;;
3.7;-0.5;-0.5;2.37017;1;Adaptation;15;1;;;;;
3.72;-0.5;-0.5;2.784901;1;Adaptation;15;1;;;;;
3.74;-0.5;-0.5;4.153663;1;Adaptation;15;1;;;;;
3.76;-0.5;-0.5;2.695133;1;Adaptation;15;1;;;;;
3.78;-0.5;-0.5;4.775055;1;Adaptation;15;1;;;;;
3.8;-0.5;-0.5;2.963928;1;Adaptation;15;1;;;;;
3.82;-0.5;-0.5;4.706359;1;Adaptation;15;1;;;;;
3.84;-0.5;-0.5;3.964097;1;Adaptation;15;1;;;;;
3.86;0;0;5.854711;1;Adaptation;15;1;;;;;
3.88;0;-0.125;2.49745;1;Adaptation;15;1;;;;;
3.9;-0.5;-0.5;4.984721;1;Adaptation;15;1;;;;;
3.92;-0.5;-0.5;5.233993;1;Adaptation;15;1;;;;;
3.94;-0.5;-0.5;3.683047;1;Adaptation;15;1;;;;;
3.96;0;0;4.098501;1;Adaptation;15;1;;;;;
3.98;0;-0.125;4.391641;1;Adaptation;15;1;;;;;
4;2;0.125;4.15375;1;Adaptation;15;1;;;;;
4.02;2;-0.25;5.275818;1;Adaptation;15;1;;;;;
4.04;-0.5;-0.5;3.290486;1;Adaptation;15;1;;;;;
4.06;-0.5;-0.5;3.514606;1;Adaptation;15;1;;;;;
4.08;-0.5;-0.5;4.329215;1;Adaptation;15;1;;;;;
4.1;-0.5;-0.5;5.317419;1;Adaptation;15;1;;;;;
4.12;-0.5;-0.5;3.925822;1;Adaptation;15;1;;;;;
4.14;-0.5;-0.5;2.974448;1;Adaptation;15;1;;;;;
4.16;0;0.125;3.158558;1;Adaptation;15;1;;;;;
4.18;-0.5;-0.5;2.806317;1;Adaptation;15;1;;;;;
4.2;-0.5;-0.5;2.55951;1;Adaptation;15;1;;;;;
4.22;0;0.125;4.73696;1;Adaptation;15;1;;;;;
4.24;-0.5;-0.5;4.659081;1;Adaptation;15;1;;;;;
4.26;-0.5;-0.5;2.344467;1;Adaptation;15;1;;;;;
4.28;-0.5;-0.5;4.849113;1;Adaptation;15;1;;;;;
4.3;0;-0.25;2.034352;1;Adaptation;15;1;;;;;
4.32;-0.5;-0.5;3.693175;1;Adaptation;15;1;;;;;
4.34;-0.5;-0.5;3.547219;1;Adaptation;15;1;;;;;
4.36;-0.5;-0.5;2.18966;1;Adaptation;15;1;;;;;
4.38;-0.5;-0.5;2.248882;1;Adaptation;15;1;;;;;
4.4;-0.5;-0.5;2.042956;1;Adaptation;15;1;;;;;
4.42;-0.5;-0.5;2.711203;1;Adaptation;15;1;;;;;
4.44;-0.5;-0.5;2.972877;1;Adaptation;15;1;;;;;
4.46;2;-0.125;2.945019;1;Adaptation;15;1;;;;;
4.48;-0.5;-0.5;5.045672;1;Adaptation;15;1;;;;;
4.5;-0.5;-0.5;2.859862;1;Adaptation;15;1;;;;;
4.52;-2;-0.125;2.601806;1;Adaptation;15;1;;;;;
4.54;-0.5;-0.5;2.331776;1;Adaptation;15;1;;;;;
4.56;-2;0.25;4.00995;1;Adaptation;15;1;;;;;
4.58;-0.5;-0.5;2.585638;1;Adaptation;15;1;;;;;
4.6;-0.5;-0.5;4.57398;1;Adaptation;15;1;;;;;
4.62;-0.5;-0.5;3.821478;1;Adaptation;15;1;;;;;
4.64;-0.5;-0.5;2.381689;1;Adaptation;15;1;;;;;
4.66;-0.5;-0.5;5.794961;1;Adaptation;15;1;;;;;
4.68;-0.5;-0.5;4.23427;1;Adaptation;15;1;;;;;
4.7;-0.5;-0.5;5.70882;1;Adaptation;15;1;;;;;
4.72;-0.5;-0.5;5.688459;1;Adaptation;15;1;;;;;
4.74;-0.5;-0.5;2.460759;1;Adaptation;15;1;;;;;
4.76;-0.5;-0.5;2.480764;1;Adaptation;15;1;;;;;
4.78;-0.5;-0.5;5.577899;1;Adaptation;15;1;;;;;
4.8;-0.5;-0.5;3.901662;1;Adaptation;15;1;;;;;
4.82;-0.5;-0.5;2.979846;1;Adaptation;15;1;;;;;
4.84;-0.5;-0.5;3.413556;1;Adaptation;15;1;;;;;
4.86;-0.5;-0.5;5.264606;1;Adaptation;15;1;;;;;
4.88;-0.5;-0.5;5.585474;1;Adaptation;15;1;;;;;
4.9;-0.5;-0.5;4.451009;1;Adaptation;15;1;;;;;
4.92;-0.5;-0.5;4.733854;1;Adaptation;15;1;;;;;
4.94;-0.5;-0.5;4.191298;1;Adaptation;15;1;;;;;
4.96;-0.5;-0.5;5.521728;1;Adaptation;15;1;;;;;
4.98;-0.5;-0.5;4.532562;1;Adaptation;15;1;;;;;
5;-0.5;-0.5;4.804418;1;Adaptation;15;1;;;;;
5.02;-0.5;-0.5;4.26251;1;Adaptation;15;1;;;;;
5.04;-0.5;-0.5;3.750621;1;Adaptation;15;1;;;;;
5.06;2;-0.125;5.947379;1;Adaptation;15;1;;;;;
5.08;-0.5;-0.5;4.411063;1;Adaptation;15;1;;;;;
5.1;-0.5;-0.5;2.084479;1;Adaptation;15;1;;;;;
5.12;-0.5;-0.5;3.219481;1;Adaptation;15;1;;;;;
5.14;-0.5;-0.5;4.718945;1;Adaptation;15;1;;;;;
5.16;0;0;4.872669;1;Adaptation;15;1;;;;;
5.18;-0.5;-0.5;4.593007;1;Adaptation;15;1;;;;;
5.2;-0.5;-0.5;2.351686;1;Adaptation;15;1;;;;;
5.22;-0.5;-0.5;5.722321;1;Adaptation;15;1;;;;;
5.24;-0.5;-0.5;2.899024;1;Adaptation;15;1;;;;;
5.26;-0.5;-0.5;2.799934;1;Adaptation;15;1;;;;;
5.28;-0.5;-0.5;5.579347;1;Adaptation;15;1;;;;;
5.3;-0.5;-0.5;2.505962;1;Adaptation;15;1;;;;;
5.32;-0.5;-0.5;3.399107;1;Adaptation;15;1;;;;;
5.34;-0.5;-0.5;5.634009;1;Adaptation;15;1;;;;;
5.36;-0.5;-0.5;3.273521;1;Adaptation;15;1;;;;;
5.38;2;-0.125;3.980015;1;Adaptation;15;1;;;;;
5.4;-0.5;-0.5;2.319438;1;Adaptation;15;1;;;;;
5.42;0;0;5.440276;1;Adaptation;15;1;;;;;
5.44;-0.5;-0.5;5.636532;1;Adaptation;15;1;;;;;
5.46;0;0.125;5.648952;1;Adaptation;15;1;;;;;
5.48;-0.5;-0.5;3.741303;1;Adaptation;15;1;;;;;
5.5;-0.5;-0.5;2.849832;1;Adaptation;15;1;;;;;
5.52;2;0;3.444688;1;Adaptation;15;1;;;;;
5.54;-0.5;-0.5;5.019388;1;Adaptation;15;1;;;;;
5.56;-0.5;-0.5;2.801274;1;Adaptation;15;1;;;;;
5.58;-0.5;-0.5;4.738469;1;Adaptation;15;1;;;;;
5.6;-0.5;-0.5;2.469551;1;Adaptation;15;1;;;;;
5.62;-0.5;-0.5;4.488911;1;Adaptation;15;1;;;;;
5.64;0;0.125;3.127396;1;Adaptation;15;1;;;;;
5.66;-0.5;-0.5;4.567781;1;Adaptation;15;1;;;;;
5.68;-0.5;-0.5;4.050701;1;Adaptation;15;1;;;;;
5.7;-2;0;2.365543;1;Adaptation;15;1;;;;;
5.72;-0.5;-0.5;5.116015;1;Adaptation;15;1;;;;;
5.74;-0.5;-0.5;4.277064;1;Adaptation;15;1;;;;;
5.76;-2;-0.125;3.14132;1;Adaptation;15;1;;;;;
5.78;0;-0.125;5.648469;1;Adaptation;15;1;;;;;
5.8;-0.5;-0.5;5.189152;1;Adaptation;15;1;;;;;
5.82;-0.5;-0.5;4.781884;1;Adaptation;15;1;;;;;
5.84;-0.5;-0.5;5.823105;1;Adaptation;15;1;;;;;
5.86;-0.5;-0.5;4.2817;1;Adaptation;15;1;;;;;
5.88;-0.5;-0.5;3.439957;1;Adaptation;15;1;;;;;
;;;;;;;;;;;;
