time;pos_x_right;pos_y_right;dil_right;pos_x_left;pos_y_left;dil_left;brightness;state;fov;trial;;
0;-0.5;-0.5;3.86434;1;Adaptation;15;1;;;;;
0.02;-0.5;-0.5;5.797359;1;Adaptation;15;1;;;;;
0.04;-0.5;-0.5;2.170697;1;Adaptation;15;1;;;;;
0.06;-0.5;-0.5;5.110013;1;Adaptation;15;1;;;;;
0.08;-0.5;-0.5;2.494923;1;Adaptation;15;1;;;;;
0.09999999;-0.5;-0.5;4.562104;1;Adaptation;15;1;;;;;
0.12;-0.5;-0.5;4.618557;1;Adaptation;15;1;;;;;
0.14;-0.5;-0.5;5.616046;1;Adaptation;15;1;;;;;
0.16;-0.5;-0.5;2.466428;1;Adaptation;15;1;;;;;
0.18;-0.5;-0.5;4.999759;1;Adaptation;15;1;;;;;
0.2;-0.5;-0.5;3.386018;1;Adaptation;15;1;;;;;
0.22;-0.5;-0.5;4.031809;1;Adaptation;15;1;;;;;
0.24;-0.5;-0.5;2.98217;1;Adaptation;15;1;;;;;
0.26;-0.5;-0.5;3.88041;1;Adaptation;15;1;;;;;
0.28;-0.5;-0.5;5.591548;1;Adaptation;15;1;;;;;
0.3;-0.5;-0.5;5.191586;1;Adaptation;15;1;;;;;
0.32;-0.5;-0.5;5.777295;1;Adaptation;15;1;;;;;
0.34;-0.5;-0.5;2.785804;1;Adaptation;15;1;;;;;
0.36;-0.5;-0.5;2.662666;1;Adaptation;15;1;;;;;
0.38;-0.5;-0.5;2.298823;1;Adaptation;15;1;;;;;
0.4;-0.5;-0.5;3.293163;1;Adaptation;15;1;;;;;
0.42;-0.5;-0.5;5.408443;1;Adaptation;15;1;;;;;
0.44;0;0;2.156169;1;Adaptation;15;1;;;;;
0.46;-0.5;-0.5;5.714188;1;Adaptation;15;1;;;;;
0.48;2;-0.375;5.288278;1;Adaptation;15;1;;;;;
0.5;-2;0;3.79719;1;Adaptation;15;1;;;;;
0.52;-0.5;-0.5;3.062625;1;Adaptation;15;1;;;;;
0.54;-0.5;-0.5;2.619383;1;Adaptation;15;1;;;;;
0.56;-0.5;-0.5;4.592512;1;Adaptation;15;1;;;;;
0.58;-0.5;-0.5;5.281856;1;Adaptation;15;1;;;;;
0.6;0;-0.125;5.918567;1;Adaptation;15;1;;;;;
0.62;-0.5;-0.5;4.805316;1;Adaptation;15;1;;;;;
0.64;-0.5;-0.5;2.912733;1;Adaptation;15;1;;;;;
0.66;-0.5;-0.5;3.512332;1;Adaptation;15;1;;;;;
0.68;-0.5;-0.5;5.827181;1;Adaptation;15;1;;;;;
0.7;-0.5;-0.5;5.040112;1;Adaptation;15;1;;;;;
0.72;-0.5;-0.5;2.820219;1;Adaptation;15;1;;;;;
0.74;-0.5;-0.5;3.630281;1;Adaptation;15;1;;;;;
0.76;-2;-0.25;2.901716;1;Adaptation;15;1;;;;;
0.78;-0.5;-0.5;2.521419;1;Adaptation;15;1;;;;;
0.8;-0.5;-0.5;5.719134;1;Adaptation;15;1;;;;;
0.82;-0.5;-0.5;5.460541;1;Adaptation;15;1;;;;;
0.84;2;0;4.026902;1;Adaptation;15;1;;;;;
0.86;0;-0.125;4.225326;1;Adaptation;15;1;;;;;
0.88;-0.5;-0.5;4.426851;1;Adaptation;15;1;;;;;
0.9;0;-0.125;3.1843;1;Adaptation;15;1;;;;;
0.92;-0.5;-0.5;4.661841;1;Adaptation;15;1;;;;;
0.94;-0.5;-0.5;2.992137;1;Adaptation;15;1;;;;;
0.96;0;0;3.667145;1;Adaptation;15;1;;;;;
0.98;-0.5;-0.5;2.261682;1;Adaptation;15;1;;;;;
1;-2;0.125;5.505261;1;Adaptation;15;1;;;;;
1.02;-0.5;-0.5;3.181437;1;Adaptation;15;1;;;;;
1.04;-0.5;-0.5;5.208002;1;Adaptation;15;1;;;;;
1.06;-0.5;-0.5;5.484059;1;Adaptation;15;1;;;;;
1.08;-0.5;-0.5;5.604043;1;Adaptation;15;1;;;;;
1.1;-2;0;2.443019;1;Adaptation;15;1;;;;;
1.12;0;0.25;3.02572;1;Adaptation;15;1;;;;;
1.14;-0.5;-0.5;5.640584;1;Adaptation;15;1;;;;;
1.16;-0.5;-0.5;4.687024;1;Adaptation;15;1;;;;;
1.18;-0.5;-0.5;5.352878;1;Adaptation;15;1;;;;;
1.2;-0.5;-0.5;3.720801;1;Adaptation;15;1;;;;;
1.22;-0.5;-0.5;5.042632;1;Adaptation;15;1;;;;;
1.24;0;0;3.584879;1;Adaptation;15;1;;;;;
1.26;-0.5;-0.5;5.606755;1;Adaptation;15;1;;;;;
1.28;-0.5;-0.5;5.567459;1;Adaptation;15;1;;;;;
1.3;0;-0.125;3.41462;1;Adaptation;15;1;;;;;
1.32;-0.5;-0.5;5.18222;1;Adaptation;15;1;;;;;
1.34;-0.5;-0.5;4.519542;1;Adaptation;15;1;;;;;
1.36;-0.5;-0.5;2.416541;1;Adaptation;15;1;;;;;
1.38;-0.5;-0.5;5.611248;1;Adaptation;15;1;;;;;
1.4;-0.5;-0.5;2.394084;1;Adaptation;15;1;;;;;
1.42;-0.5;-0.5;4.785152;1;Adaptation;15;1;;;;;
1.44;-0.5;-0.5;5.890882;1;Adaptation;15;1;;;;;
1.46;-0.5;-0.5;4.912472;1;Adaptation;15;1;;;;;
1.48;-0.5;-0.5;5.833841;1;Adaptation;15;1;;;;;
1.5;-0.5;-0.5;3.629441;1;Adaptation;15;1;;;;;
1.52;-0.5;-0.5;4.445182;1;Adaptation;15;1;;;;;
1.54;-0.5;-0.5;5.888528;1;Adaptation;15;1;;;;;
1.56;0;-0.125;5.878592;1;Adaptation;15;1;;;;;
1.58;-0.5;-0.5;2.221099;1;Adaptation;15;1;;;;;
1.6;-0.5;-0.5;2.352124;1;Adaptation;15;1;;;;;
1.62;2;0;2.762112;1;Adaptation;15;1;;;;;
1.64;-0.5;-0.5;3.76426;1;Adaptation;15;1;;;;;
1.66;2;0.125;2.993706;1;Adaptation;15;1;;;;;
1.68;-0.5;-0.5;3.904106;1;Adaptation;15;1;;;;;
1.7;-0.5;-0.5;5.962415;1;Adaptation;15;1;;;;;
1.72;-0.5;-0.5;3.942688;1;Adaptation;15;1;;;;;
1.74;-0.5;-0.5;4.535873;1;Adaptation;15;1;;;;;
1.76;2;0.125;3.537762;1;Adaptation;15;1;;;;;
1.78;0;-0.25;4.055305;1;Adaptation;15;1;;;;;
1.8;-0.5;-0.5;4.728259;1;Adaptation;15;1;;;;;
1.82;-0.5;-0.5;5.525832;1;Adaptation;15;1;;;;;
1.84;-0.5;-0.5;5.14117;1;Adaptation;15;1;;;;;
1.86;-0.5;-0.5;2.976655;1;Adaptation;15;1;;;;;
1.88;-0.5;-0.5;3.577652;1;Adaptation;15;1;;;;;
1.9;-0.5;-0.5;5.5706;1;Adaptation;15;1;;;;;
1.92;-0.5;-0.5;5.8599;1;Adaptation;15;1;;;;;
1.94;-0.5;-0.5;4.051479;1;Adaptation;15;1;;;;;
1.96;2;0;4.70034;1;Adaptation;15;1;;;;;
1.98;-0.5;-0.5;5.621681;1;Adaptation;15;1;;;;;
2;-0.5;-0.5;5.993592;1;Adaptation;15;1;;;;;
2.02;-0.5;-0.5;4.081016;1;Adaptation;15;1;;;;;
2.04;0;0.125;5.073104;1;Adaptation;15;1;;;;;
2.06;-0.5;-0.5;3.234094;1;Adaptation;15;1;;;;;
2.08;0;0;5.569047;1;Adaptation;15;1;;;;;
2.1;0;-0.125;2.962016;1;Adaptation;15;1;;;;;
2.12;-0.5;-0.5;4.687026;1;Adaptation;15;1;;;;;
2.14;-0.5;-0.5;3.759681;1;Adaptation;15;1;;;;;
2.16;-0.5;-0.5;2.547624;1;Adaptation;15;1;;;;;
2.18;-0.5;-0.5;5.029239;1;Adaptation;15;1;;;;;
2.2;-0.5;-0.5;3.325236;1;Adaptation;15;1;;;;;
2.22;-0.5;-0.5;3.3862;1;Adaptation;15;1;;;;;
2.24;-0.5;-0.5;2.026451;1;Adaptation;15;1;;;;;
2.26;-0.5;-0.5;4.381999;1;Adaptation;15;1;;;;;
2.28;-0.5;-0.5;4.981009;1;Adaptation;15;1;;;;;
2.3;-0.5;-0.5;4.105054;1;Adaptation;15;1;;;;;
2.32;0;0.125;2.340035;1;Adaptation;15;1;;;;;
2.34;-0.5;-0.5;5.081881;1;Adaptation;15;1;;;;;
2.36;-2;0.25;2.282931;1;Adaptation;15;1;;;;;
2.38;-0.5;-0.5;2.588328;1;Adaptation;15;1;;;;;
2.4;-2;0.125;2.208703;1;Adaptation;15;1;;;;;
2.42;-0.5;-0.5;2.631707;1;Adaptation;15;1;;;;;
2.44;-0.5;-0.5;5.529372;1;Adaptation;15;1;;;;;
2.46;-0.5;-0.5;3.701288;1;Adaptation;15;1;;;;;
2.48;-0.5;-0.5;2.172239;1;Adaptation;15;1;;;;;
2.5;-2;0;4.92781;1;Adaptation;15;1;;;;;
2.52;0;-0.125;5.230601;1;Adaptation;15;1;;;;;
2.54;0;0.125;5.544187;1;Adaptation;15;1;;;;;
2.56;-0.5;-0.5;4.125345;1;Adaptation;15;1;;;;;
2.58;-0.5;-0.5;4.639413;1;Adaptation;15;1;;;;;
2.6;0;0.125;3.132836;1;Adaptation;15;1;;;;;
2.62;-0.5;-0.5;2.415882;1;Adaptation;15;1;;;;;
2.64;0;-0.125;2.785425;1;Adaptation;15;1;;;;;
2.66;-0.5;-0.5;3.398181;1;Adaptation;15;1;;;;;
2.68;0;0.125;5.628788;1;Adaptation;15;1;;;;;
2.7;-0.5;-0.5;3.592796;1;Adaptation;15;1;;;;;
2.72;-0.5;-0.5;3.578358;1;Adaptation;15;1;;;;;
2.74;-0.5;-0.5;3.969028;1;Adaptation;15;1;;;;;
2.76;-0.5;-0.5;3.326189;1;Adaptation;15;1;;;;;
2.78;-0.5;-0.5;5.884688;1;Adaptation;15;1;;;;;
2.8;2;0.125;2.660385;1;Adaptation;15;1;;;;;
2.82;0;0;4.605126;1;Adaptation;15;1;;;;;
2.84;-0.5;-0.5;2.192588;1;Adaptation;15;1;;;;;
2.86;-0.5;-0.5;4.965318;1;Adaptation;15;1;;;;;
2.88;0;0.125;2.071033;1;Adaptation;15;1;;;;;
2.9;-0.5;-0.5;2.944842;1;Adaptation;15;1;;;;;
2.92;-0.5;-0.5;2.071244;1;Adaptation;15;1;;;;;
2.94;-0.5;-0.5;2.495799;1;Adaptation;15;1;;;;;
2.96;-0.5;-0.5;5.962096;1;Adaptation;15;1;;;;;
2.98;-0.5;-0.5;2.933317;1;Adaptation;15;1;;;;;
3;-0.5;-0.5;5.717525;1;Adaptation;15;1;;;;;
3.02;-0.5;-0.5;5.840791;1;Adaptation;15;1;;;;;
3.04;0;0.125;2.587799;1;Adaptation;15;1;;;;;
3.06;-0.5;-0.5;4.826117;1;Adaptation;15;1;;;;;
3.08;-0.5;-0.5;3.018496;1;Adaptation;15;1;;;;;
3.1;2;0.125;2.249251;1;Adaptation;15;1;;;;;
3.12;-0.5;-0.5;4.600554;1;Adaptation;15;1;;;;;
3.14;-2;0.25;2.184533;1;Adaptation;15;1;;;;;
3.16;-0.5;-0.5;2.575202;1;Adaptation;15;1;;;;;
3.18;2;0;5.287838;1;Adaptation;15;1;;;;;
3.2;0;0.125;5.237815;1;Adaptation;15;1;;;;;
3.22;0;-0.125;4.651404;1;Adaptation;15;1;;;;;
3.24;-0.5;-0.5;4.531289;1;Adaptation;15;1;;;;;
3.26;0;-0.125;5.101958;1;Adaptation;15;1;;;;;
3.28;-0.5;-0.5;3.355807;1;Adaptation;15;1;;;;;
3.3;-0.5;-0.5;2.536386;1;Adaptation;15;1;;;;;
3.32;-0.5;-0.5;3.142017;1;Adaptation;15;1;;;;;
3.34;-0.5;-0.5;5.740362;1;Adaptation;15;1;;;;;
3.36;-0.5;-0.5;5.175015;1;Adaptation;15;1;;;;;
3.38;0;0;2.017067;1;Adaptation;15;1;;;;;
3.4;-0.5;-0.5;5.187725;1;Adaptation;15;1;;;;;
3.42;-0.5;-0.5;5.446884;1;Adaptation;15;1;;;;;
3.44;-0.5;-0.5;5.777761;1;Adaptation;15;1;;;;;
3.46;-0.5;-0.5;2.858705;1;Adaptation;15;1;;;;;
3.48;-0.5;-0.5;3.331898;1;Adaptation;15;1;;;;;
3.5;0;0;5.466768;1;Adaptation;15;1;;;;;
3.52;-2;-0.25;4.524465;1;Adaptation;15;1;;;;;
3.54;-2;0.125;4.549567;1;Adaptation;15;1;;;;;
3.56;-0.5;-0.5;5.659652;1;Adaptation;15;1;;;;;
3.58;-0.5;-0.5;5.276129;1;Adaptation;15;1;;;;;
3.6;-2;0;5.493083;1;Adaptation;15;1;;;;;
3.62;-0.5;-0.5;5.263887;1;Adaptation;15;1;;;;;
3.64;-0.5;-0.5;5.498643;1;Adaptation;15;1;;;;;
3.66;-0.5;-0.5;3.884381;1;Adaptation;15;1;;;;;
3.68;-0.5;-0.5;5.846307;1;Adaptation;15;1;;;;;
3.7;-0.5;-0.5;4.703905;1;Adaptation;15;1;;;;;
3.72;-0.5;-0.5;2.671935;1;Adaptation;15;1;;;;;
3.74;-0.5;-0.5;5.881251;1;Adaptation;15;1;;;;;
3.76;-2;0;5.158582;1;Adaptation;15;1;;;;;
3.78;-0.5;-0.5;5.350987;1;Adaptation;15;1;;;;;
3.8;-0.5;-0.5;5.553199;1;Adaptation;15;1;;;;;
3.82;-0.5;-0.5;5.981121;1;Adaptation;15;1;;;;;
3.84;2;0;5.857129;1;Adaptation;15;1;;;;;
3.86;-0.5;-0.5;4.994963;1;Adaptation;15;1;;;;;
3.88;-0.5;-0.5;2.009396;1;Adaptation;15;1;;;;;
3.9;-0.5;-0.5;3.668127;1;Adaptation;15;1;;;;;
3.92;-2;0.25;3.565331;1;Adaptation;15;1;;;;;
3.94;-0.5;-0.5;4.105445;1;Adaptation;15;1;;;;;
3.96;-0.5;-0.5;2.91976;1;Adaptation;15;1;;;;;
3.98;-0.5;-0.5;4.16813;1;Adaptation;15;1;;;;;
4;-0.5;-0.5;3.72884;1;Adaptation;15;1;;;;;
4.02;-0.5;-0.5;4.925055;1;Adaptation;15;1;;;;;
4.04;-0.5;-0.5;3.085524;1;Adaptation;15;1;;;;;
4.06;-0.5;-0.5;2.795781;1;Adaptation;15;1;;;;;
4.08;2;0.125;4.226227;1;Adaptation;15;1;;;;;
4.1;-0.5;-0.5;4.802601;1;Adaptation;15;1;;;;;
4.12;-0.5;-0.5;5.565835;1;Adaptation;15;1;;;;;
4.14;-0.5;-0.5;5.596747;1;Adaptation;15;1;;;;;
4.16;0;-0.125;5.631138;1;Adaptation;15;1;;;;;
4.18;-0.5;-0.5;5.850083;1;Adaptation;15;1;;;;;
4.2;-0.5;-0.5;4.26769;1;Adaptation;15;1;;;;;
4.22;2;-0.375;3.269463;1;Adaptation;15;1;;;;;
4.24;0;0.375;2.625328;1;Adaptation;15;1;;;;;
4.26;-0.5;-0.5;4.807626;1;Adaptation;15;1;;;;;
4.28;0;0;4.02573;1;Adaptation;15;1;;;;;
4.3;0;-0.125;3.633466;1;Adaptation;15;1;;;;;
4.32;-0.5;-0.5;2.095048;1;Adaptation;15;1;;;;;
4.34;-0.5;-0.5;5.144855;1;Adaptation;15;1;;;;;
4.36;-0.5;-0.5;3.042329;1;Adaptation;15;1;;;;;
4.38;-0.5;-0.5;2.600028;1;Adaptation;15;1;;;;;
4.4;-2;-0.125;2.349862;1;Adaptation;15;1;;;;;
4.42;-0.5;-0.5;2.297159;1;Adaptation;15;1;;;;;
4.44;-0.5;-0.5;5.309147;1;Adaptation;15;1;;;;;
4.46;-0.5;-0.5;4.970866;1;Adaptation;15;1;;;;;
4.48;-0.5;-0.5;5.983514;1;Adaptation;15;1;;;;;
4.5;-0.5;-0.5;2.4277;1;Adaptation;15;1;;;;;
4.52;-0.5;-0.5;2.280258;1;Adaptation;15;1;;;;;
4.54;2;0.125;4.36175;1;Adaptation;15;1;;;;;
4.56;-0.5;-0.5;3.255623;1;Adaptation;15;1;;;;;
4.58;-0.5;-0.5;4.090804;1;Adaptation;15;1;;;;;
4.6;-0.5;-0.5;2.18384;1;Adaptation;15;1;;;;;
4.62;-0.5;-0.5;3.704689;1;Adaptation;15;1;;;;;
4.64;-0.5;-0.5;4.308389;1;Adaptation;15;1;;;;;
4.66;-0.5;-0.5;5.452096;1;Adaptation;15;1;;;;;
4.68;-0.5;-0.5;3.252409;1;Adaptation;15;1;;;;;
4.7;-0.5;-0.5;5.937121;1;Adaptation;15;1;;;;;
4.72;2;-0.125;2.480129;1;Adaptation;15;1;;;;;
4.74;0;0;2.165468;1;Adaptation;15;1;;;;;
4.76;-0.5;-0.5;2.586212;1;Adaptation;15;1;;;;;
4.78;-0.5;-0.5;3.012105;1;Adaptation;15;1;;;;;
4.8;-0.5;-0.5;3.340028;1;Adaptation;15;1;;;;;
4.82;-0.5;-0.5;4.057236;1;Adaptation;15;1;;;;;
4.84;-0.5;-0.5;3.602902;1;Adaptation;15;1;;;;;
4.86;-0.5;-0.5;2.888694;1;Adaptation;15;1;;;;;
4.88;-0.5;-0.5;5.352796;1;Adaptation;15;1;;;;;
4.9;-0.5;-0.5;4.804;1;Adaptation;15;1;;;;;
4.92;0;0;5.281802;1;Adaptation;15;1;;;;;
4.94;0;0.25;3.567879;1;Adaptation;15;1;;;;;
4.96;-0.5;-0.5;2.848706;1;Adaptation;15;1;;;;;
4.98;-0.5;-0.5;4.259079;1;Adaptation;15;1;;;;;
5;-0.5;-0.5;4.563877;1;Adaptation;15;1;;;;;
5.02;-0.5;-0.5;5.801739;1;Adaptation;15;1;;;;;
5.04;-0.5;-0.5;5.502375;1;Adaptation;15;1;;;;;
5.06;-0.5;-0.5;2.270049;1;Adaptation;15;1;;;;;
5.08;-0.5;-0.5;5.028892;1;Adaptation;15;1;;;;;
5.1;-0.5;-0.5;5.237902;1;Adaptation;15;1;;;;;
5.12;2;0;5.160394;1;Adaptation;15;1;;;;;
5.14;-0.5;-0.5;4.128683;1;Adaptation;15;1;;;;;
5.16;-0.5;-0.5;3.146729;1;Adaptation;15;1;;;;;
5.18;-0.5;-0.5;5.524523;1;Adaptation;15;1;;;;;
5.2;2;0.125;5.481357;1;Adaptation;15;1;;;;;
5.22;-2;0.125;4.649702;1;Adaptation;15;1;;;;;
5.24;-0.5;-0.5;3.101088;1;Adaptation;15;1;;;;;
5.26;-2;0.125;4.69066;1;Adaptation;15;1;;;;;
5.28;-0.5;-0.5;5.955667;1;Adaptation;15;1;;;;;
5.3;-0.5;-0.5;3.360472;1;Adaptation;15;1;;;;;
5.32;-0.5;-0.5;5.832694;1;Adaptation;15;1;;;;;
5.34;-0.5;-0.5;5.228879;1;Adaptation;15;1;;;;;
5.36;0;0;2.142099;1;Adaptation;15;1;;;;;
5.38;2;0;3.315583;1;Adaptation;15;1;;;;;
5.4;2;0.125;5.084439;1;Adaptation;15;1;;;;;
5.42;0;0;5.527386;1;Adaptation;15;1;;;;;
5.44;0;0;5.027453;1;Adaptation;15;1;;;;;
5.46;-0.5;-0.5;3.76531;1;Adaptation;15;1;;;;;
5.48;2;0;4.893867;1;Adaptation;15;1;;;;;
5.5;0;0.125;5.572737;1;Adaptation;15;1;;;;;
5.52;-0.5;-0.5;4.711513;1;Adaptation;15;1;;;;;
5.54;-0.5;-0.5;4.34001;1;Adaptation;15;1;;;;;
5.56;-0.5;-0.5;3.438474;1;Adaptation;15;1;;;;;
5.58;-0.5;-0.5;2.967807;1;Adaptation;15;1;;;;;
5.6;-0.5;-0.5;4.65243;1;Adaptation;15;1;;;;;
5.62;-2;0.125;4.243909;1;Adaptation;15;1;;;;;
5.64;-0.5;-0.5;5.311479;1;Adaptation;15;1;;;;;
5.66;-0.5;-0.5;2.261956;1;Adaptation;15;1;;;;;
5.68;0;0;2.151823;1;Adaptation;15;1;;;;;
5.7;-0.5;-0.5;3.83544;1;Adaptation;15;1;;;;;
5.72;-0.5;-0.5;4.724366;1;Adaptation;15;1;;;;;
5.74;-0.5;-0.5;2.927944;1;Adaptation;15;1;;;;;
5.76;-0.5;-0.5;3.815035;1;Adaptation;15;1;;;;;
5.78;-0.5;-0.5;4.096872;1;Adaptation;15;1;;;;;
5.8;-0.5;-0.5;4.718701;1;Adaptation;15;1;;;;;
5.82;-0.5;-0.5;2.170276;1;Adaptation;15;1;;;;;
5.84;-0.5;-0.5;5.950435;1;Adaptation;15;1;;;;;
5.86;-0.5;-0.5;5.559669;1;Adaptation;15;1;;;;;
5.88;-0.5;-0.5;2.582448;1;Adaptation;15;1;;;;;
5.9;-0.5;-0.5;2.490764;1;Adaptation;15;1;;;;;
5.92;-0.5;-0.5;4.863284;1;Adaptation;15;1;;;;;
5.94;-0.5;-0.5;2.864374;1;Adaptation;15;1;;;;;
5.96;-0.5;-0.5;5.040356;1;Adaptation;15;1;;;;;
5.98;-0.5;-0.5;5.695354;1;Adaptation;15;1;;;;;
6;-0.5;-0.5;5.400578;1;Adaptation;15;1;;;;;
6.02;-0.5;-0.5;2.330968;1;Adaptation;15;1;;;;;
6.04;-0.5;-0.5;2.416231;1;Adaptation;15;1;;;;;
6.06;-0.5;-0.5;3.237951;1;Adaptation;15;1;;;;;
6.08;-0.5;-0.5;3.52873;1;Adaptation;15;1;;;;;
6.1;-0.5;-0.5;4.470395;1;Adaptation;15;1;;;;;
6.12;-0.5;-0.5;3.451673;1;Adaptation;15;1;;;;;
6.14;-0.5;-0.5;4.515658;1;Adaptation;15;1;;;;;
6.16;2;0;3.260038;1;Adaptation;15;1;;;;;
6.18;-0.5;-0.5;5.317407;1;Adaptation;15;1;;;;;
6.2;-0.5;-0.5;5.528744;1;Adaptation;15;1;;;;;
6.22;-0.5;-0.5;5.487836;1;Adaptation;15;1;;;;;
6.24;-0.5;-0.5;4.00106;1;Adaptation;15;1;;;;;
6.26;-0.5;-0.5;3.402878;1;Adaptation;15;1;;;;;
6.28;0;0.125;2.07972;1;Adaptation;15;1;;;;;
6.3;-0.5;-0.5;2.788594;1;Adaptation;15;1;;;;;
6.32;-0.5;-0.5;5.604828;1;Adaptation;15;1;;;;;
6.34;-0.5;-0.5;2.705726;1;Adaptation;15;1;;;;;
6.36;0;0.25;2.601809;1;Adaptation;15;1;;;;;
6.38;-0.5;-0.5;2.244777;1;Adaptation;15;1;;;;;
6.4;-0.5;-0.5;3.886316;1;Adaptation;15;1;;;;;
6.42;0;0.125;4.3169;1;Adaptation;15;1;;;;;
6.44;-0.5;-0.5;2.874886;1;Adaptation;15;1;;;;;
6.46;-0.5;-0.5;3.258919;1;Adaptation;15;1;;;;;
6.48;-0.5;-0.5;5.579458;1;Adaptation;15;1;;;;;
6.5;-0.5;-0.5;4.855372;1;Adaptation;15;1;;;;;
6.52;-0.5;-0.5;4.394081;1;Adaptation;15;1;;;;;
6.54;-2;-0.25;4.650663;1;Adaptation;15;1;;;;;
6.56;-2;0;3.600688;1;Adaptation;15;1;;;;;
6.58;-2;0.25;4.710966;1;Adaptation;15;1;;;;;
6.6;-0.5;-0.5;2.487079;1;Adaptation;15;1;;;;;
6.62;-0.5;-0.5;2.71467;1;Adaptation;15;1;;;;;
6.64;-0.5;-0.5;3.554799;1;Adaptation;15;1;;;;;
6.66;-0.5;-0.5;2.88099;1;Adaptation;15;1;;;;;
6.68;-0.5;-0.5;5.432949;1;Adaptation;15;1;;;;;
6.7;-0.5;-0.5;3.253888;1;Adaptation;15;1;;;;;
6.72;-0.5;-0.5;2.630214;1;Adaptation;15;1;;;;;
6.74;-0.5;-0.5;2.416643;1;Adaptation;15;1;;;;;
6.76;0;0;5.78234;1;Adaptation;15;1;;;;;
6.78;-0.5;-0.5;5.85095;1;Adaptation;15;1;;;;;
6.8;2;0;3.857106;1;Adaptation;15;1;;;;;
6.82;0;0.125;5.734464;1;Adaptation;15;1;;;;;
6.84;-0.5;-0.5;2.178514;1;Adaptation;15;1;;;;;
6.86;-0.5;-0.5;2.101128;1;Adaptation;15;1;;;;;
6.88;-0.5;-0.5;3.978994;1;Adaptation;15;1;;;;;
6.9;-0.5;-0.5;5.057096;1;Adaptation;15;1;;;;;
6.92;-0.5;-0.5;4.544117;1;Adaptation;15;1;;;;;
6.94;-0.5;-0.5;4.140753;1;Adaptation;15;1;;;;;
6.96;-0.5;-0.5;3.756687;1;Adaptation;15;1;;;;;
6.98;-0.5;-0.5;5.944964;1;Adaptation;15;1;;;;;
7;-0.5;-0.5;5.697221;1;Adaptation;15;1;;;;;
7.02;-2;-0.125;2.043095;1;Adaptation;15;1;;;;;
7.04;-0.5;-0.5;2.911257;1;Adaptation;15;1;;;;;
7.06;-2;-0.125;2.043667;1;Adaptation;15;1;;;;;
7.08;2;-0.25;5.156105;1;Adaptation;15;1;;;;;
7.1;-0.5;-0.5;4.083169;1;Adaptation;15;1;;;;;
7.12;0;0;2.36908;1;Adaptation;15;1;;;;;
7.14;-0.5;-0.5;5.098005;1;Adaptation;15;1;;;;;
7.16;-0.5;-0.5;3.984524;1;Adaptation;15;1;;;;;
7.18;-0.5;-0.5;2.424929;1;Adaptation;15;1;;;;;
7.2;-0.5;-0.5;2.937697;1;Adaptation;15;1;;;;;
7.22;0;-0.25;4.101877;1;Adaptation;15;1;;;;;
7.24;-0.5;-0.5;2.039346;1;Adaptation;15;1;;;;;
7.26;-0.5;-0.5;2.067838;1;Adaptation;15;1;;;;;
7.28;-0.5;-0.5;5.547601;1;Adaptation;15;1;;;;;
7.3;-0.5;-0.5;4.348003;1;Adaptation;15;1;;;;;
7.32;-0.5;-0.5;4.078712;1;Adaptation;15;1;;;;;
7.34;-0.5;-0.5;2.591909;1;Adaptation;15;1;;;;;
7.36;-0.5;-0.5;3.634283;1;Adaptation;15;1;;;;;
7.38;-0.5;-0.5;4.045747;1;Adaptation;15;1;;;;;
7.4;-0.5;-0.5;5.445593;1;Adaptation;15;1;;;;;
7.42;0;0;2.9903;1;Adaptation;15;1;;;;;
7.44;-0.5;-0.5;2.079119;1;Adaptation;15;1;;;;;
7.46;0;-0.125;2.182817;1;Adaptation;15;1;;;;;
7.48;-0.5;-0.5;4.2898;1;Adaptation;15;1;;;;;
7.5;0;-0.125;4.152308;1;Adaptation;15;1;;;;;
7.52;-0.5;-0.5;3.398506;1;Adaptation;15;1;;;;;
7.54;-0.5;-0.5;4.815055;1;Adaptation;15;1;;;;;
7.56;-0.5;-0.5;2.918299;1;Adaptation;15;1;;;;;
7.58;-0.5;-0.5;5.514181;1;Adaptation;15;1;;;;;
7.6;0;-0.125;2.340288;1;Adaptation;15;1;;;;;
7.62;-0.5;-0.5;2.158869;1;Adaptation;15;1;;;;;
7.64;-0.5;-0.5;2.822224;1;Adaptation;15;1;;;;;
7.66;-0.5;-0.5;4.619911;1;Adaptation;15;1;;;;;
7.68;-0.5;-0.5;4.00293;1;Adaptation;15;1;;;;;
7.7;0;-0.25;3.169407;1;Adaptation;15;1;;;;;
7.72;-0.5;-0.5;5.854796;1;Adaptation;15;1;;;;;
7.74;-0.5;-0.5;4.415631;1;Adaptation;15;1;;;;;
7.76;-0.5;-0.5;2.223199;1;Adaptation;15;1;;;;;
7.78;-0.5;-0.5;2.062878;1;Adaptation;15;1;;;;;
7.8;-2;0.25;3.800115;1;Adaptation;15;1;;;;;
7.82;-0.5;-0.5;4.875122;1;Adaptation;15;1;;;;;
7.84;-0.5;-0.5;3.833265;1;Adaptation;15;1;;;;;
7.86;-0.5;-0.5;3.936352;1;Adaptation;15;1;;;;;
7.88;-0.5;-0.5;5.953277;1;Adaptation;15;1;;;;;
7.9;-0.5;-0.5;3.171372;1;Adaptation;15;1;;;;;
7.92;-0.5;-0.5;5.560507;1;Adaptation;15;1;;;;;
7.94;-0.5;-0.5;2.762939;1;Adaptation;15;1;;;;;
7.96;2;-0.125;2.119641;1;Adaptation;15;1;;;;;
7.98;-0.5;-0.5;2.769391;1;Adaptation;15;1;;;;;
8;0;0;3.896538;1;Adaptation;15;1;;;;;
8.02;-0.5;-0.5;4.602868;1;Adaptation;15;1;;;;;
8.04;0;0;5.1517;1;Adaptation;15;1;;;;;
8.059999;-0.5;-0.5;4.086641;1;Adaptation;15;1;;;;;
8.08;-0.5;-0.5;4.182076;1;Adaptation;15;1;;;;;
8.099999;0;0.125;2.091484;1;Adaptation;15;1;;;;;
8.12;0;-0.25;4.36085;1;Adaptation;15;1;;;;;
8.139999;-0.5;-0.5;2.909245;1;Adaptation;15;1;;;;;
8.16;-4;0;5.321046;1;Adaptation;15;1;;;;;
8.179999;-0.5;-0.5;5.021688;1;Adaptation;15;1;;;;;
8.2;-0.5;-0.5;4.961574;1;Adaptation;15;1;;;;;
8.22;2;-0.125;4.319166;1;Adaptation;15;1;;;;;
8.24;-0.5;-0.5;3.921962;1;Adaptation;15;1;;;;;
8.26;-0.5;-0.5;2.935882;1;Adaptation;15;1;;;;;
8.28;-0.5;-0.5;3.92834;1;Adaptation;15;1;;;;;
8.3;0;-0.125;5.80462;1;Adaptation;15;1;;;;;
8.32;0;-0.125;2.157824;1;Adaptation;15;1;;;;;
8.34;-0.5;-0.5;5.855613;1;Adaptation;15;1;;;;;
8.36;-0.5;-0.5;5.550425;1;Adaptation;15;1;;;;;
8.38;-0.5;-0.5;5.638947;1;Adaptation;15;1;;;;;
8.4;-0.5;-0.5;4.834362;1;Adaptation;15;1;;;;;
8.42;-0.5;-0.5;3.909439;1;Adaptation;15;1;;;;;
8.44;0;0;4.457964;1;Adaptation;15;1;;;;;
8.46;-0.5;-0.5;4.518899;1;Adaptation;15;1;;;;;
8.48;-0.5;-0.5;5.661599;1;Adaptation;15;1;;;;;
8.5;0;-0.125;3.784769;1;Adaptation;15;1;;;;;
8.52;0;0;4.306849;1;Adaptation;15;1;;;;;
8.54;-2;0;4.370419;1;Adaptation;15;1;;;;;
8.559999;-0.5;-0.5;4.266959;1;Adaptation;15;1;;;;;
8.58;-2;0.125;5.930395;1;Adaptation;15;1;;;;;
8.599999;4;-0.125;4.021156;1;Adaptation;15;1;;;;;
8.62;0;0;2.129139;1;Adaptation;15;1;;;;;
8.639999;0;-0.125;5.288486;1;Adaptation;15;1;;;;;
8.66;0;0.125;2.9811;1;Adaptation;15;1;;;;;
8.679999;-0.5;-0.5;4.07949;1;Adaptation;15;1;;;;;
8.7;2;0;2.324681;1;Adaptation;15;1;;;;;
8.72;-0.5;-0.5;5.517442;1;Adaptation;15;1;;;;;
8.74;-0.5;-0.5;4.764551;1;Adaptation;15;1;;;;;
8.76;-0.5;-0.5;3.555468;1;Adaptation;15;1;;;;;
8.78;-0.5;-0.5;3.04402;1;Adaptation;15;1;;;;;
8.8;0;0.125;3.192046;1;Adaptation;15;1;;;;;
8.82;2;0;5.186716;1;Adaptation;15;1;;;;;
8.84;-0.5;-0.5;5.252062;1;Adaptation;15;1;;;;;
8.86;-0.5;-0.5;2.745603;1;Adaptation;15;1;;;;;
8.88;-0.5;-0.5;5.494367;1;Adaptation;15;1;;;;;
8.9;-2;0;3.110001;1;Adaptation;15;1;;;;;
8.92;-0.5;-0.5;3.791232;1;Adaptation;15;1;;;;;
8.94;0;0;2.177789;1;Adaptation;15;1;;;;;
8.96;-0.5;-0.5;3.069178;1;Adaptation;15;1;;;;;
8.98;0;0;3.661411;1;Adaptation;15;1;;;;;
9;-0.5;-0.5;2.479491;1;Adaptation;15;1;;;;;
9.02;-0.5;-0.5;5.872867;1;Adaptation;15;1;;;;;
9.04;-0.5;-0.5;5.651789;1;Adaptation;15;1;;;;;
9.059999;-0.5;-0.5;5.840246;1;Adaptation;15;1;;;;;
9.08;-0.5;-0.5;3.832658;1;Adaptation;15;1;;;;;
9.099999;-0.5;-0.5;2.691442;1;Adaptation;15;1;;;;;
9.12;-0.5;-0.5;2.55679;1;Adaptation;15;1;;;;;
9.139999;-0.5;-0.5;5.856916;1;Adaptation;15;1;;;;;
9.16;-0.5;-0.5;2.623896;1;Adaptation;15;1;;;;;
9.179999;-0.5;-0.5;2.064542;1;Adaptation;15;1;;;;;
9.2;-0.5;-0.5;3.013484;1;Adaptation;15;1;;;;;
9.22;-0.5;-0.5;5.239725;1;Adaptation;15;1;;;;;
9.24;-0.5;-0.5;5.27098;1;Adaptation;15;1;;;;;
9.26;-0.5;-0.5;5.655779;1;Adaptation;15;1;;;;;
9.28;-0.5;-0.5;4.191157;1;Adaptation;15;1;;;;;
9.3;-0.5;-0.5;3.55982;1;Adaptation;15;1;;;;;
9.32;2;0;3.441179;1;Adaptation;15;1;;;;;
9.34;-0.5;-0.5;3.498549;1;Adaptation;15;1;;;;;
9.36;-0.5;-0.5;5.454214;1;Adaptation;15;1;;;;;
9.38;-0.5;-0.5;5.692171;1;Adaptation;15;1;;;;;
9.4;-0.5;-0.5;3.875495;1;Adaptation;15;1;;;;;
9.42;-0.5;-0.5;3.104944;1;Adaptation;15;1;;;;;
9.44;-0.5;-0.5;3.671171;1;Adaptation;15;1;;;;;
9.46;0;0;5.590746;1;Adaptation;15;1;;;;;
9.48;-0.5;-0.5;4.707999;1;Adaptation;15;1;;;;;
9.5;-0.5;-0.5;3.486178;1;Adaptation;15;1;;;;;
9.52;0;0.125;4.240331;1;Adaptation;15;1;;;;;
9.54;-0.5;-0.5;2.252793;1;Adaptation;15;1;;;;;
9.559999;-2;-0.125;5.824388;1;Adaptation;15;1;;;;;
9.58;-0.5;-0.5;3.531112;1;Adaptation;15;1;;;;;
9.599999;-0.5;-0.5;5.8493;1;Adaptation;15;1;;;;;
9.62;2;-0.125;2.746778;1;Adaptation;15;1;;;;;
9.639999;-0.5;-0.5;2.845141;1;Adaptation;15;1;;;;;
9.66;-0.5;-0.5;2.444712;1;Adaptation;15;1;;;;;
9.679999;0;-0.125;2.552982;1;Adaptation;15;1;;;;;
9.7;-0.5;-0.5;5.078217;1;Adaptation;15;1;;;;;
9.719999;-0.5;-0.5;4.797349;1;Adaptation;15;1;;;;;
9.74;-0.5;-0.5;4.924475;1;Adaptation;15;1;;;;;
9.76;0;0;4.605748;1;Adaptation;15;1;;;;;
9.78;-0.5;-0.5;3.458475;1;Adaptation;15;1;;;;;
9.8;-0.5;-0.5;5.690494;1;Adaptation;15;1;;;;;
9.82;-0.5;-0.5;3.105591;1;Adaptation;15;1;;;;;
9.84;0;-0.25;3.819446;1;Adaptation;15;1;;;;;
9.86;-0.5;-0.5;2.96298;1;Adaptation;15;1;;;;;
9.88;-0.5;-0.5;3.471695;1;Adaptation;15;1;;;;;
9.9;-2;0;4.454728;1;Adaptation;15;1;;;;;
9.92;-0.5;-0.5;4.551933;1;Adaptation;15;1;;;;;
9.94;2;-0.25;2.427138;1;Adaptation;15;1;;;;;
9.96;-0.5;-0.5;3.277048;1;Adaptation;15;1;;;;;
9.98;-0.5;-0.5;2.218266;1;Adaptation;15;1;;;;;
10;0;-0.125;3.652845;1;Adaptation;15;1;;;;;
10.02;-0.5;-0.5;5.596418;1;Adaptation;15;1;;;;;
10.04;-0.5;-0.5;4.684025;1;Adaptation;15;1;;;;;
10.06;-0.5;-0.5;4.403986;1;Adaptation;15;1;;;;;
10.08;-0.5;-0.5;5.215836;1;Adaptation;15;1;;;;;
10.1;-2;0;4.153484;1;Adaptation;15;1;;;;;
10.12;0;-0.125;3.632394;1;Adaptation;15;1;;;;;
10.14;-0.5;-0.5;5.306184;1;Adaptation;15;1;;;;;
10.16;-0.5;-0.5;5.928277;1;Adaptation;15;1;;;;;
10.18;0;0.125;2.296185;1;Adaptation;15;1;;;;;
10.2;-0.5;-0.5;4.873992;1;Adaptation;15;1;;;;;
10.22;-0.5;-0.5;3.414211;1;Adaptation;15;1;;;;;
10.24;-0.5;-0.5;2.572948;1;Adaptation;15;1;;;;;
10.26;-2;0;5.279861;1;Adaptation;15;1;;;;;
10.28;0;0;2.569757;1;Adaptation;15;1;;;;;
10.3;2;0.125;3.202456;1;Adaptation;15;1;;;;;
10.32;-0.5;-0.5;4.176639;1;Adaptation;15;1;;;;;
10.34;-0.5;-0.5;2.002241;1;Adaptation;15;1;;;;;
10.36;-0.5;-0.5;4.243407;1;Adaptation;15;1;;;;;
10.38;-0.5;-0.5;3.319409;1;Adaptation;15;1;;;;;
10.4;2;0;3.361653;1;Adaptation;15;1;;;;;
10.42;-0.5;-0.5;2.012544;1;Adaptation;15;1;;;;;
10.44;-0.5;-0.5;5.933285;1;Adaptation;15;1;;;;;
10.46;-0.5;-0.5;3.982232;1;Adaptation;15;1;;;;;
10.48;0;0.25;5.699552;1;Adaptation;15;1;;;;;
10.5;-0.5;-0.5;2.255659;1;Adaptation;15;1;;;;;
10.52;-0.5;-0.5;5.523826;1;Adaptation;15;1;;;;;
10.54;-0.5;-0.5;2.683471;1;Adaptation;15;1;;;;;
10.56;0;-0.125;2.811564;1;Adaptation;15;1;;;;;
10.58;-0.5;-0.5;4.905121;1;Adaptation;15;1;;;;;
10.6;-0.5;-0.5;2.002918;1;Adaptation;15;1;;;;;
10.62;-0.5;-0.5;4.468439;1;Adaptation;15;1;;;;;
10.64;-0.5;-0.5;4.574532;1;Adaptation;15;1;;;;;
10.66;-0.5;-0.5;2.929302;1;Adaptation;15;1;;;;;
10.68;-0.5;-0.5;5.0108;1;Adaptation;15;1;;;;;
10.7;-0.5;-0.5;3.284451;1;Adaptation;15;1;;;;;
10.72;2;0.125;3.701529;1;Adaptation;15;1;;;;;
10.74;-0.5;-0.5;4.294715;1;Adaptation;15;1;;;;;
10.76;-0.5;-0.5;4.127649;1;Adaptation;15;1;;;;;
10.78;-0.5;-0.5;4.714186;1;Adaptation;15;1;;;;;
10.8;0;0.125;2.10035;1;Adaptation;15;1;;;;;
10.82;-0.5;-0.5;4.938245;1;Adaptation;15;1;;;;;
10.84;-0.5;-0.5;3.415892;1;Adaptation;15;1;;;;;
10.86;-0.5;-0.5;4.704587;1;Adaptation;15;1;;;;;
10.88;-0.5;-0.5;3.935337;1;Adaptation;15;1;;;;;
10.9;0;0;4.450771;1;Adaptation;15;1;;;;;
10.92;-0.5;-0.5;5.370448;1;Adaptation;15;1;;;;;
10.94;-2;-0.25;4.914604;1;Adaptation;15;1;;;;;
10.96;-0.5;-0.5;5.097257;1;Adaptation;15;1;;;;;
10.98;-0.5;-0.5;2.551489;1;Adaptation;15;1;;;;;
11;0;-0.125;3.760246;1;Adaptation;15;1;;;;;
11.02;-0.5;-0.5;5.29588;1;Adaptation;15;1;;;;;
11.04;-0.5;-0.5;3.103503;1;Adaptation;15;1;;;;;
11.06;-0.5;-0.5;2.250056;1;Adaptation;15;1;;;;;
11.08;-0.5;-0.5;2.792412;1;Adaptation;15;1;;;;;
11.1;-0.5;-0.5;5.148593;1;Adaptation;15;1;;;;;
11.12;-0.5;-0.5;2.31302;1;Adaptation;15;1;;;;;
11.14;0;0;2.311131;1;Adaptation;15;1;;;;;
11.16;-0.5;-0.5;5.65921;1;Adaptation;15;1;;;;;
11.18;-0.5;-0.5;4.502346;1;Adaptation;15;1;;;;;
11.2;0;0;4.803092;1;Adaptation;15;1;;;;;
11.22;-2;-0.125;3.849985;1;Adaptation;15;1;;;;;
11.24;-2;0;5.214562;1;Adaptation;15;1;;;;;
11.26;0;0.125;4.380436;1;Adaptation;15;1;;;;;
11.28;0;-0.125;5.936371;1;Adaptation;15;1;;;;;
11.3;2;0;3.356625;1;Adaptation;15;1;;;;;
11.32;-0.5;-0.5;5.199555;1;Adaptation;15;1;;;;;
11.34;-0.5;-0.5;4.475789;1;Adaptation;15;1;;;;;
11.36;-0.5;-0.5;2.53059;1;Adaptation;15;1;;;;;
11.38;-0.5;-0.5;5.870714;1;Adaptation;15;1;;;;;
11.4;-0.5;-0.5;3.520982;1;Adaptation;15;1;;;;;
11.42;2;-0.125;5.152727;1;Adaptation;15;1;;;;;
11.44;0;0;2.683749;1;Adaptation;15;1;;;;;
11.46;-0.5;-0.5;5.938879;1;Adaptation;15;1;;;;;
11.48;-0.5;-0.5;2.580128;1;Adaptation;15;1;;;;;
11.5;-0.5;-0.5;5.426009;1;Adaptation;15;1;;;;;
11.52;-0.5;-0.5;3.644126;1;Adaptation;15;1;;;;;
11.54;0;0.125;4.746196;1;Adaptation;15;1;;;;;
11.56;-0.5;-0.5;4.381989;1;Adaptation;15;1;;;;;
11.58;0;0.25;4.00093;1;Adaptation;15;1;;;;;
11.6;0;0;3.654842;1;Adaptation;15;1;;;;;
11.62;-0.5;-0.5;4.357341;1;Adaptation;15;1;;;;;
11.64;-0.5;-0.5;3.490654;1;Adaptation;15;1;;;;;
11.66;-0.5;-0.5;5.084475;1;Adaptation;15;1;;;;;
11.68;-0.5;-0.5;4.908161;1;Adaptation;15;1;;;;;
11.7;2;0.125;4.852626;1;Adaptation;15;1;;;;;
11.72;-0.5;-0.5;4.085578;1;Adaptation;15;1;;;;;
11.74;-2;0.125;2.239141;1;Adaptation;15;1;;;;;
11.76;-0.5;-0.5;4.786551;1;Adaptation;15;1;;;;;
11.78;-0.5;-0.5;3.371065;1;Adaptation;15;1;;;;;
11.8;-0.5;-0.5;3.446162;1;Adaptation;15;1;;;;;
11.82;-0.5;-0.5;3.05041;1;Adaptation;15;1;;;;;
11.84;-0.5;-0.5;4.72604;1;Adaptation;15;1;;;;;
11.86;-0.5;-0.5;2.701227;1;Adaptation;15;1;;;;;
11.88;0;0;5.799048;1;Adaptation;15;1;;;;;
11.9;-0.5;-0.5;5.922107;1;Adaptation;15;1;;;;;
11.92;-0.5;-0.5;5.365356;1;Adaptation;15;1;;;;;
11.94;-0.5;-0.5;4.690963;1;Adaptation;15;1;;;;;
11.96;-0.5;-0.5;4.353236;1;Adaptation;15;1;;;;;
11.98;0;0;4.947047;1;Adaptation;15;1;;;;;
12;0;0;4.446362;1;Adaptation;15;1;;;;;
12.02;-0.5;-0.5;3.276613;1;Adaptation;15;1;;;;;
12.04;-0.5;-0.5;4.767817;1;Adaptation;15;1;;;;;
12.06;2;0;4.944785;1;Adaptation;15;1;;;;;
12.08;-0.5;-0.5;3.586292;1;Adaptation;15;1;;;;;
12.1;0;-0.125;5.305051;1;Adaptation;15;1;;;;;
12.12;-0.5;-0.5;3.34792;1;Adaptation;15;1;;;;;
12.14;0;0.125;4.720122;1;Adaptation;15;1;;;;;
12.16;-0.5;-0.5;2.918077;1;Adaptation;15;1;;;;;
12.18;-0.5;-0.5;5.853903;1;Adaptation;15;1;;;;;
12.2;0;0.125;5.510498;1;Adaptation;15;1;;;;;
12.22;0;-0.125;3.724294;1;Adaptation;15;1;;;;;
12.24;-0.5;-0.5;2.848275;1;Adaptation;15;1;;;;;
12.26;0;0.125;4.733236;1;Adaptation;15;1;;;;;
12.28;0;0.125;5.471185;1;Adaptation;15;1;;;;;
12.3;0;0.125;2.135599;1;Adaptation;15;1;;;;;
12.32;0;0;2.620235;1;Adaptation;15;1;;;;;
12.34;-0.5;-0.5;2.673263;1;Adaptation;15;1;;;;;
12.36;0;0.125;3.903566;1;Adaptation;15;1;;;;;
12.38;-0.5;-0.5;5.540077;1;Adaptation;15;1;;;;;
12.4;-0.5;-0.5;3.680727;1;Adaptation;15;1;;;;;
12.42;-0.5;-0.5;4.638199;1;Adaptation;15;1;;;;;
12.44;0;-0.125;4.151145;1;Adaptation;15;1;;;;;
12.46;-0.5;-0.5;2.967584;1;Adaptation;15;1;;;;;
12.48;-0.5;-0.5;5.852714;1;Adaptation;15;1;;;;;
12.5;-0.5;-0.5;4.756075;1;Adaptation;15;1;;;;;
12.52;-0.5;-0.5;5.243906;1;Adaptation;15;1;;;;;
12.54;-0.5;-0.5;2.807231;1;Adaptation;15;1;;;;;
12.56;-0.5;-0.5;3.394851;1;Adaptation;15;1;;;;;
12.58;-0.5;-0.5;3.440189;1;Adaptation;15;1;;;;;
12.6;-0.5;-0.5;5.035007;1;Adaptation;15;1;;;;;
12.62;-0.5;-0.5;5.601291;1;Adaptation;15;1;;;;;
12.64;-0.5;-0.5;4.772889;1;Adaptation;15;1;;;;;
12.66;-0.5;-0.5;3.971277;1;Adaptation;15;1;;;;;
12.68;-0.5;-0.5;4.375772;1;Adaptation;15;1;;;;;
12.7;-0.5;-0.5;4.324116;1;Adaptation;15;1;;;;;
12.72;-0.5;-0.5;4.553102;1;Adaptation;15;1;;;;;
12.74;-2;-0.125;5.388149;1;Adaptation;15;1;;;;;
12.76;-0.5;-0.5;2.753863;1;Adaptation;15;1;;;;;
12.78;-0.5;-0.5;4.109697;1;Adaptation;15;1;;;;;
12.8;-0.5;-0.5;3.083675;1;Adaptation;15;1;;;;;
12.82;-2;0.125;3.531465;1;Adaptation;15;1;;;;;
12.84;-0.5;-0.5;3.867373;1;Adaptation;15;1;;;;;
12.86;-2;0.25;5.987313;1;Adaptation;15;1;;;;;
12.88;-0.5;-0.5;3.392708;1;Adaptation;15;1;;;;;
12.9;-0.5;-0.5;5.663245;1;Adaptation;15;1;;;;;
12.92;-0.5;-0.5;5.984878;1;Adaptation;15;1;;;;;
12.94;-2;0;5.293063;1;Adaptation;15;1;;;;;
12.96;-0.5;-0.5;4.509229;1;Adaptation;15;1;;;;;
12.98;-0.5;-0.5;4.32616;1;Adaptation;15;1;;;;;
13;-0.5;-0.5;4.364801;1;Adaptation;15;1;;;;;
13.02;-0.5;-0.5;2.925419;1;Adaptation;15;1;;;;;
13.04;-2;0;4.554169;1;Adaptation;15;1;;;;;
13.06;-0.5;-0.5;3.080483;1;Adaptation;15;1;;;;;
13.08;-0.5;-0.5;2.624892;1;Adaptation;15;1;;;;;
13.1;-0.5;-0.5;3.746496;1;Adaptation;15;1;;;;;
13.12;-0.5;-0.5;2.548312;1;Adaptation;15;1;;;;;
13.14;-0.5;-0.5;2.597329;1;Adaptation;15;1;;;;;
13.16;-0.5;-0.5;5.864881;1;Adaptation;15;1;;;;;
13.18;-0.5;-0.5;4.495432;1;Adaptation;15;1;;;;;
13.2;0;-0.25;2.770661;1;Adaptation;15;1;;;;;
13.22;-0.5;-0.5;4.384235;1;Adaptation;15;1;;;;;
13.24;-0.5;-0.5;5.249126;1;Adaptation;15;1;;;;;
13.26;-0.5;-0.5;2.846408;1;Adaptation;15;1;;;;;
13.28;-0.5;-0.5;4.601402;1;Adaptation;15;1;;;;;
13.3;0;0;4.563632;1;Adaptation;15;1;;;;;
13.32;-2;0.125;4.052153;1;Adaptation;15;1;;;;;
13.34;-0.5;-0.5;5.253472;1;Adaptation;15;1;;;;;
13.36;-0.5;-0.5;5.588745;1;Adaptation;15;1;;;;;
13.38;-0.5;-0.5;5.954391;1;Adaptation;15;1;;;;;
13.4;0;0;4.55888;1;Adaptation;15;1;;;;;
13.42;-0.5;-0.5;4.668765;1;Adaptation;15;1;;;;;
13.44;-0.5;-0.5;5.550704;1;Adaptation;15;1;;;;;
13.46;-0.5;-0.5;3.165044;1;Adaptation;15;1;;;;;
13.48;0;-0.125;2.670395;1;Adaptation;15;1;;;;;
13.5;2;0;2.543472;1;Adaptation;15;1;;;;;
13.52;-0.5;-0.5;3.20182;1;Adaptation;15;1;;;;;
13.54;-0.5;-0.5;4.447633;1;Adaptation;15;1;;;;;
13.56;0;-0.125;3.554371;1;Adaptation;15;1;;;;;
13.58;-0.5;-0.5;4.576362;1;Adaptation;15;1;;;;;
13.6;0;0.25;4.658617;1;Adaptation;15;1;;;;;
13.62;-0.5;-0.5;3.568337;1;Adaptation;15;1;;;;;
13.64;-0.5;-0.5;3.658082;1;Adaptation;15;1;;;;;
13.66;-0.5;-0.5;2.373155;1;Adaptation;15;1;;;;;
13.68;-0.5;-0.5;4.895181;1;Adaptation;15;1;;;;;
13.7;-0.5;-0.5;4.535444;1;Adaptation;15;1;;;;;
13.72;2;0.125;2.761929;1;Adaptation;15;1;;;;;
13.74;-0.5;-0.5;5.755724;1;Adaptation;15;1;;;;;
13.76;-0.5;-0.5;3.990673;1;Adaptation;15;1;;;;;
13.78;-0.5;-0.5;5.922461;1;Adaptation;15;1;;;;;
13.8;0;-0.25;4.096589;1;Adaptation;15;1;;;;;
13.82;-0.5;-0.5;4.692745;1;Adaptation;15;1;;;;;
13.84;-0.5;-0.5;5.101301;1;Adaptation;15;1;;;;;
13.86;-0.5;-0.5;5.149096;1;Adaptation;15;1;;;;;
13.88;-0.5;-0.5;3.86543;1;Adaptation;15;1;;;;;
13.9;-0.5;-0.5;4.480465;1;Adaptation;15;1;;;;;
13.92;-0.5;-0.5;5.072031;1;Adaptation;15;1;;;;;
13.94;-0.5;-0.5;3.380743;1;Adaptation;15;1;;;;;
13.96;-0.5;-0.5;2.089469;1;Adaptation;15;1;;;;;
13.98;-0.5;-0.5;2.324315;1;Adaptation;15;1;;;;;
14;-2;0.25;3.94107;1;Adaptation;15;1;;;;;
14.02;-0.5;-0.5;5.608119;1;Adaptation;15;1;;;;;
14.04;0;0;3.655773;1;Adaptation;15;1;;;;;
14.06;-0.5;-0.5;3.828409;1;Adaptation;15;1;;;;;
14.08;-2;-0.125;5.939694;1;Adaptation;15;1;;;;;
14.1;-0.5;-0.5;3.084286;1;Adaptation;15;1;;;;;
14.12;0;0.125;2.799043;1;Adaptation;15;1;;;;;
14.14;0;0.25;2.646106;1;Adaptation;15;1;;;;;
14.16;-0.5;-0.5;2.337534;1;Adaptation;15;1;;;;;
14.18;-0.5;-0.5;5.701134;1;Adaptation;15;1;;;;;
14.2;-0.5;-0.5;2.473798;1;Adaptation;15;1;;;;;
14.22;-0.5;-0.5;3.578089;1;Adaptation;15;1;;;;;
14.24;-0.5;-0.5;3.97077;1;Adaptation;15;1;;;;;
14.26;-0.5;-0.5;2.677166;1;Adaptation;15;1;;;;;
14.28;0;0.125;4.230729;1;Adaptation;15;1;;;;;
14.3;0;0;2.475333;1;Adaptation;15;1;;;;;
14.32;-0.5;-0.5;2.71535;1;Adaptation;15;1;;;;;
14.34;-0.5;-0.5;2.092733;1;Adaptation;15;1;;;;;
14.36;-2;0.25;4.427623;1;Adaptation;15;1;;;;;
14.38;-0.5;-0.5;4.021012;1;Adaptation;15;1;;;;;
14.4;-0.5;-0.5;2.029735;1;Adaptation;15;1;;;;;
14.42;0;0.125;5.209564;1;Adaptation;15;1;;;;;
14.44;-0.5;-0.5;2.192052;1;Adaptation;15;1;;;;;
14.46;-0.5;-0.5;3.893592;1;Adaptation;15;1;;;;;
14.48;-0.5;-0.5;3.980638;1;Adaptation;15;1;;;;;
14.5;-0.5;-0.5;2.128624;1;Adaptation;15;1;;;;;
14.52;-0.5;-0.5;4.785788;1;Adaptation;15;1;;;;;
14.54;-0.5;-0.5;2.942298;1;Adaptation;15;1;;;;;
14.56;-0.5;-0.5;4.022316;1;Adaptation;15;1;;;;;
14.58;-0.5;-0.5;4.471668;1;Adaptation;15;1;;;;;
14.6;-0.5;-0.5;5.260685;1;Adaptation;15;1;;;;;
14.62;-0.5;-0.5;3.728027;1;Adaptation;15;1;;;;;
14.64;-0.5;-0.5;5.650685;1;Adaptation;15;1;;;;;
14.66;-0.5;-0.5;5.744247;1;Adaptation;15;1;;;;;
14.68;-0.5;-0.5;4.368736;1;Adaptation;15;1;;;;;
14.7;-0.5;-0.5;4.155678;1;Adaptation;15;1;;;;;
14.72;-0.5;-0.5;4.733836;1;Adaptation;15;1;;;;;
14.74;-0.5;-0.5;4.504679;1;Adaptation;15;1;;;;;
14.76;-0.5;-0.5;3.011049;1;Adaptation;15;1;;;;;
14.78;-0.5;-0.5;3.897036;1;Adaptation;15;1;;;;;
14.8;-0.5;-0.5;2.361239;1;Adaptation;15;1;;;;;
14.82;0;-0.25;2.180441;1;Adaptation;15;1;;;;;
14.84;-0.5;-0.5;4.587062;1;Adaptation;15;1;;;;;
14.86;-0.5;-0.5;5.038288;1;Adaptation;15;1;;;;;
14.88;-0.5;-0.5;3.340924;1;Adaptation;15;1;;;;;
14.9;-0.5;-0.5;4.723059;1;Adaptation;15;1;;;;;
14.92;-0.5;-0.5;5.344897;1;Adaptation;15;1;;;;;
14.94;-0.5;-0.5;3.32544;1;Adaptation;15;1;;;;;
14.96;-0.5;-0.5;4.209259;1;Adaptation;15;1;;;;;
14.98;-0.5;-0.5;3.010103;1;Adaptation;15;1;;;;;
15;0;0.125;4.52274;1;Adaptation;15;1;;;;;
15.02;-0.5;-0.5;2.666787;1;Adaptation;15;1;;;;;
15.04;-2;-0.125;4.809664;1;Adaptation;15;1;;;;;
15.06;-0.5;-0.5;5.87344;1;Adaptation;15;1;;;;;
15.08;-0.5;-0.5;5.83973;1;Adaptation;15;1;;;;;
15.1;-0.5;-0.5;4.680539;1;Adaptation;15;1;;;;;
15.12;-0.5;-0.5;2.763394;1;Adaptation;15;1;;;;;
15.14;-0.5;-0.5;4.521905;1;Adaptation;15;1;;;;;
15.16;-0.5;-0.5;5.699443;1;Adaptation;15;1;;;;;
15.18;-0.5;-0.5;4.606478;1;Adaptation;15;1;;;;;
15.2;0;0;3.026131;1;Adaptation;15;1;;;;;
15.22;0;0;2.554151;1;Adaptation;15;1;;;;;
15.24;-0.5;-0.5;5.258444;1;Adaptation;15;1;;;;;
15.26;0;0.125;5.167505;1;Adaptation;15;1;;;;;
15.28;-0.5;-0.5;4.87397;1;Adaptation;15;1;;;;;
15.3;-0.5;-0.5;2.577324;1;Adaptation;15;1;;;;;
15.32;-0.5;-0.5;2.177708;1;Adaptation;15;1;;;;;
15.34;-0.5;-0.5;4.27452;1;Adaptation;15;1;;;;;
15.36;0;0;2.372131;1;Adaptation;15;1;;;;;
15.38;-0.5;-0.5;3.284871;1;Adaptation;15;1;;;;;
15.4;-4;0.125;4.759853;1;Adaptation;15;1;;;;;
15.42;-0.5;-0.5;4.741994;1;Adaptation;15;1;;;;;
15.44;-0.5;-0.5;3.343234;1;Adaptation;15;1;;;;;
15.46;-0.5;-0.5;2.56891;1;Adaptation;15;1;;;;;
15.48;-0.5;-0.5;2.176952;1;Adaptation;15;1;;;;;
15.5;-2;0;2.494045;1;Adaptation;15;1;;;;;
15.52;-0.5;-0.5;3.29138;1;Adaptation;15;1;;;;;
15.54;-0.5;-0.5;4.623668;1;Adaptation;15;1;;;;;
15.56;-0.5;-0.5;4.633755;1;Adaptation;15;1;;;;;
15.58;-0.5;-0.5;3.204091;1;Adaptation;15;1;;;;;
15.6;-0.5;-0.5;2.023719;1;Adaptation;15;1;;;;;
15.62;-0.5;-0.5;2.814879;1;Adaptation;15;1;;;;;
15.64;-0.5;-0.5;2.927159;1;Adaptation;15;1;;;;;
15.66;0;0.25;3.774187;1;Adaptation;15;1;;;;;
15.68;-0.5;-0.5;3.743611;1;Adaptation;15;1;;;;;
15.7;0;-0.125;3.512082;1;Adaptation;15;1;;;;;
15.72;-0.5;-0.5;2.941948;1;Adaptation;15;1;;;;;
15.74;-0.5;-0.5;4.919841;1;Adaptation;15;1;;;;;
15.76;-0.5;-0.5;5.28274;1;Adaptation;15;1;;;;;
15.78;-0.5;-0.5;4.679443;1;Adaptation;15;1;;;;;
15.8;-0.5;-0.5;5.436592;1;Adaptation;15;1;;;;;
15.82;-0.5;-0.5;5.885993;1;Adaptation;15;1;;;;;
15.84;0;-0.125;4.600266;1;Adaptation;15;1;;;;;
15.86;-0.5;-0.5;2.331797;1;Adaptation;15;1;;;;;
15.88;-0.5;-0.5;4.967276;1;Adaptation;15;1;;;;;
15.9;-0.5;-0.5;3.968327;1;Adaptation;15;1;;;;;
15.92;-0.5;-0.5;4.670672;1;Adaptation;15;1;;;;;
15.94;0;0.125;2.178255;1;Adaptation;15;1;;;;;
15.96;-0.5;-0.5;5.205801;1;Adaptation;15;1;;;;;
15.98;-0.5;-0.5;3.255747;1;Adaptation;15;1;;;;;
16;-0.5;-0.5;5.539197;1;Adaptation;15;1;;;;;
16.02;-0.5;-0.5;5.877825;1;Adaptation;15;1;;;;;
16.04;-0.5;-0.5;2.352784;1;Adaptation;15;1;;;;;
16.06;-0.5;-0.5;5.648853;1;Adaptation;15;1;;;;;
16.08;-0.5;-0.5;4.095123;1;Adaptation;15;1;;;;;
16.1;-0.5;-0.5;3.111753;1;Adaptation;15;1;;;;;
16.12;-0.5;-0.5;5.026003;1;Adaptation;15;1;;;;;
16.14;-0.5;-0.5;2.390854;1;Adaptation;15;1;;;;;
16.16;0;0;4.176455;1;Adaptation;15;1;;;;;
16.18;-0.5;-0.5;4.566787;1;Adaptation;15;1;;;;;
16.2;-2;0.25;4.072097;1;Adaptation;15;1;;;;;
16.22;-0.5;-0.5;5.622713;1;Adaptation;15;1;;;;;
16.24;-0.5;-0.5;5.791156;1;Adaptation;15;1;;;;;
16.26;-0.5;-0.5;2.997775;1;Adaptation;15;1;;;;;
16.28;-0.5;-0.5;5.055468;1;Adaptation;15;1;;;;;
16.3;-0.5;-0.5;5.710219;1;Adaptation;15;1;;;;;
16.32;-0.5;-0.5;4.007096;1;Adaptation;15;1;;;;;
16.34;-0.5;-0.5;5.61448;1;Adaptation;15;1;;;;;
16.36;-0.5;-0.5;3.871036;1;Adaptation;15;1;;;;;
16.38;-0.5;-0.5;4.822736;1;Adaptation;15;1;;;;;
16.4;0;0.25;4.60281;1;Adaptation;15;1;;;;;
16.42;-0.5;-0.5;3.717603;1;Adaptation;15;1;;;;;
16.44;-0.5;-0.5;4.003857;1;Adaptation;15;1;;;;;
16.46;-0.5;-0.5;2.44648;1;Adaptation;15;1;;;;;
16.48;-0.5;-0.5;4.705069;1;Adaptation;15;1;;;;;
16.5;-0.5;-0.5;2.468845;1;Adaptation;15;1;;;;;
16.52;-0.5;-0.5;2.012886;1;Adaptation;15;1;;;;;
16.54;0;0;2.225444;1;Adaptation;15;1;;;;;
16.56;-0.5;-0.5;3.185513;1;Adaptation;15;1;;;;;
16.58;-0.5;-0.5;4.230829;1;Adaptation;15;1;;;;;
16.6;-0.5;-0.5;3.563831;1;Adaptation;15;1;;;;;
16.62;-0.5;-0.5;2.546328;1;Adaptation;15;1;;;;;
16.64;-0.5;-0.5;4.140249;1;Adaptation;15;1;;;;;
16.66;0;0.125;4.770057;1;Adaptation;15;1;;;;;
16.68;-0.5;-0.5;4.259389;1;Adaptation;15;1;;;;;
16.7;2;-0.25;3.149583;1;Adaptation;15;1;;;;;
16.72;0;0;4.8908;1;Adaptation;15;1;;;;;
16.74;-0.5;-0.5;5.115747;1;Adaptation;15;1;;;;;
16.76;0;-0.125;3.416396;1;Adaptation;15;1;;;;;
16.78;-0.5;-0.5;5.879329;1;Adaptation;15;1;;;;;
16.8;2;-0.125;5.793694;1;Adaptation;15;1;;;;;
16.82;-0.5;-0.5;4.35313;1;Adaptation;15;1;;;;;
16.84;-0.5;-0.5;3.95906;1;Adaptation;15;1;;;;;
16.86;-0.5;-0.5;3.678439;1;Adaptation;15;1;;;;;
16.88;-0.5;-0.5;2.900016;1;Adaptation;15;1;;;;;
16.9;-0.5;-0.5;3.464187;1;Adaptation;15;1;;;;;
16.92;2;-0.125;2.525963;1;Adaptation;15;1;;;;;
16.94;-0.5;-0.5;2.681027;1;Adaptation;15;1;;;;;
16.96;-0.5;-0.5;4.362102;1;Adaptation;15;1;;;;;
16.98;0;0.125;2.156615;1;Adaptation;15;1;;;;;
17;-0.5;-0.5;2.85472;1;Adaptation;15;1;;;;;
17.02;-0.5;-0.5;4.561488;1;Adaptation;15;1;;;;;
17.04;-2;-0.125;3.479249;1;Adaptation;15;1;;;;;
17.06;-0.5;-0.5;5.030953;1;Adaptation;15;1;;;;;
17.08;-2;-0.25;2.192541;1;Adaptation;15;1;;;;;
17.1;-0.5;-0.5;2.48104;1;Adaptation;15;1;;;;;
17.12;-0.5;-0.5;5.540562;1;Adaptation;15;1;;;;;
17.14;-0.5;-0.5;2.720435;1;Adaptation;15;1;;;;;
17.16;-0.5;-0.5;4.796393;1;Adaptation;15;1;;;;;
17.18;-0.5;-0.5;4.993533;1;Adaptation;15;1;;;;;
17.2;-0.5;-0.5;5.945084;1;Adaptation;15;1;;;;;
17.22;0;0;5.988024;1;Adaptation;15;1;;;;;
17.24;-0.5;-0.5;2.373313;1;Adaptation;15;1;;;;;
17.26;-0.5;-0.5;5.434703;1;Adaptation;15;1;;;;;
17.28;-0.5;-0.5;3.813269;1;Adaptation;15;1;;;;;
17.3;-0.5;-0.5;3.062604;1;Adaptation;15;1;;;;;
17.32;2;-0.125;3.038485;1;Adaptation;15;1;;;;;
17.34;-0.5;-0.5;5.154948;1;Adaptation;15;1;;;;;
17.36;0;0;2.041373;1;Adaptation;15;1;;;;;
17.38;-2;0.125;4.920114;1;Adaptation;15;1;;;;;
17.4;2;-0.25;3.216038;1;Adaptation;15;1;;;;;
17.42;-0.5;-0.5;5.379848;1;Adaptation;15;1;;;;;
17.44;-0.5;-0.5;5.005941;1;Adaptation;15;1;;;;;
17.46;-0.5;-0.5;3.979527;1;Adaptation;15;1;;;;;
17.48;-0.5;-0.5;3.33887;1;Adaptation;15;1;;;;;
17.5;-0.5;-0.5;5.940386;1;Adaptation;15;1;;;;;
17.52;-0.5;-0.5;3.192477;1;Adaptation;15;1;;;;;
17.54;-0.5;-0.5;5.399953;1;Adaptation;15;1;;;;;
17.56;-0.5;-0.5;5.294427;1;Adaptation;15;1;;;;;
17.58;0;0.125;5.538591;1;Adaptation;15;1;;;;;
17.6;0;0;4.608529;1;Adaptation;15;1;;;;;
17.62;-0.5;-0.5;2.383761;1;Adaptation;15;1;;;;;
17.64;-2;0;5.889536;1;Adaptation;15;1;;;;;
17.66;-0.5;-0.5;5.744401;1;Adaptation;15;1;;;;;
17.68;-0.5;-0.5;4.097937;1;Adaptation;15;1;;;;;
17.7;-0.5;-0.5;2.196916;1;Adaptation;15;1;;;;;
17.72;-0.5;-0.5;5.318054;1;Adaptation;15;1;;;;;
17.74;-0.5;-0.5;5.09677;1;Adaptation;15;1;;;;;
17.76;-0.5;-0.5;2.848842;1;Adaptation;15;1;;;;;
17.78;-0.5;-0.5;5.485595;1;Adaptation;15;1;;;;;
17.8;-0.5;-0.5;5.016012;1;Adaptation;15;1;;;;;
17.82;-0.5;-0.5;5.45664;1;Adaptation;15;1;;;;;
17.84;-0.5;-0.5;2.099196;1;Adaptation;15;1;;;;;
17.86;-0.5;-0.5;2.44982;1;Adaptation;15;1;;;;;
17.88;-0.5;-0.5;2.661896;1;Adaptation;15;1;;;;;
17.9;-0.5;-0.5;5.21726;1;Adaptation;15;1;;;;;
17.92;-0.5;-0.5;5.840331;1;Adaptation;15;1;;;;;
17.94;-0.5;-0.5;5.249748;1;Adaptation;15;1;;;;;
17.96;-0.5;-0.5;4.928554;1;Adaptation;15;1;;;;;
17.98;-0.5;-0.5;3.240889;1;Adaptation;15;1;;;;;
18;-0.5;-0.5;4.00779;1;Adaptation;15;1;;;;;
18.02;0;-0.125;3.52912;1;Adaptation;15;1;;;;;
18.04;-0.5;-0.5;4.937597;1;Adaptation;15;1;;;;;
18.06;-0.5;-0.5;5.18717;1;Adaptation;15;1;;;;;
18.08;0;-0.25;2.089693;1;Adaptation;15;1;;;;;
18.1;-0.5;-0.5;4.617618;1;Adaptation;15;1;;;;;
18.12;-0.5;-0.5;3.810483;1;Adaptation;15;1;;;;;
18.14;-0.5;-0.5;3.941835;1;Adaptation;15;1;;;;;
18.16;-0.5;-0.5;4.671989;1;Adaptation;15;1;;;;;
18.18;-0.5;-0.5;5.803667;1;Adaptation;15;1;;;;;
18.2;-0.5;-0.5;3.291412;1;Adaptation;15;1;;;;;
18.22;-0.5;-0.5;2.939469;1;Adaptation;15;1;;;;;
18.24;-0.5;-0.5;5.792367;1;Adaptation;15;1;;;;;
18.26;-0.5;-0.5;2.047863;1;Adaptation;15;1;;;;;
18.28;-0.5;-0.5;3.665954;1;Adaptation;15;1;;;;;
18.3;-0.5;-0.5;2.188449;1;Adaptation;15;1;;;;;
18.32;-0.5;-0.5;4.173257;1;Adaptation;15;1;;;;;
18.34;0;-0.125;2.913363;1;Adaptation;15;1;;;;;
18.36;-0.5;-0.5;3.354556;1;Adaptation;15;1;;;;;
18.38;-0.5;-0.5;3.436449;1;Adaptation;15;1;;;;;
18.4;0;0.25;2.840257;1;Adaptation;15;1;;;;;
18.42;-0.5;-0.5;2.108974;1;Adaptation;15;1;;;;;
18.44;-0.5;-0.5;5.951658;1;Adaptation;15;1;;;;;
18.46;-0.5;-0.5;3.012859;1;Adaptation;15;1;;;;;
18.48;-0.5;-0.5;5.583556;1;Adaptation;15;1;;;;;
18.5;-2;0;4.627854;1;Adaptation;15;1;;;;;
18.52;-0.5;-0.5;2.426671;1;Adaptation;15;1;;;;;
18.54;-0.5;-0.5;2.319952;1;Adaptation;15;1;;;;;
18.56;-0.5;-0.5;5.008659;1;Adaptation;15;1;;;;;
18.58;-0.5;-0.5;4.582931;1;Adaptation;15;1;;;;;
18.6;-0.5;-0.5;2.927152;1;Adaptation;15;1;;;;;
18.62;-0.5;-0.5;3.000256;1;Adaptation;15;1;;;;;
18.64;-0.5;-0.5;4.443284;1;Adaptation;15;1;;;;;
18.66;-0.5;-0.5;4.509715;1;Adaptation;15;1;;;;;
18.68;-0.5;-0.5;5.138992;1;Adaptation;15;1;;;;;
18.7;2;0.25;4.022695;1;Adaptation;15;1;;;;;
18.72;-0.5;-0.5;3.304502;1;Adaptation;15;1;;;;;
18.74;2;-0.125;5.267156;1;Adaptation;15;1;;;;;
18.76;-0.5;-0.5;5.938473;1;Adaptation;15;1;;;;;
18.78;-0.5;-0.5;4.444942;1;Adaptation;15;1;;;;;
18.8;0;-0.125;5.602833;1;Adaptation;15;1;;;;;
18.82;-0.5;-0.5;3.473976;1;Adaptation;15;1;;;;;
18.84;-0.5;-0.5;3.015141;1;Adaptation;15;1;;;;;
18.86;-0.5;-0.5;3.190686;1;Adaptation;15;1;;;;;
18.88;-0.5;-0.5;5.912372;1;Adaptation;15;1;;;;;
18.9;-2;-0.125;3.585414;1;Adaptation;15;1;;;;;
18.92;-0.5;-0.5;3.48164;1;Adaptation;15;1;;;;;
18.94;-0.5;-0.5;5.374428;1;Adaptation;15;1;;;;;
18.96;0;0;2.927002;1;Adaptation;15;1;;;;;
18.98;-0.5;-0.5;2.657571;1;Adaptation;15;1;;;;;
19;-0.5;-0.5;5.770432;1;Adaptation;15;1;;;;;
19.02;-0.5;-0.5;2.181543;1;Adaptation;15;1;;;;;
19.04;-0.5;-0.5;4.005037;1;Adaptation;15;1;;;;;
19.06;-0.5;-0.5;4.059431;1;Adaptation;15;1;;;;;
19.08;-0.5;-0.5;3.102888;1;Adaptation;15;1;;;;;
19.1;-0.5;-0.5;2.660256;1;Adaptation;15;1;;;;;
19.12;-2;-0.25;2.398521;1;Adaptation;15;1;;;;;
19.14;-0.5;-0.5;3.93696;1;Adaptation;15;1;;;;;
19.16;-0.5;-0.5;3.223835;1;Adaptation;15;1;;;;;
19.18;0;0.25;4.094131;1;Adaptation;15;1;;;;;
19.2;-0.5;-0.5;5.789255;1;Adaptation;15;1;;;;;
19.22;-0.5;-0.5;2.310485;1;Adaptation;15;1;;;;;
19.24;-2;0.125;3.562804;1;Adaptation;15;1;;;;;
19.26;-0.5;-0.5;4.603124;1;Adaptation;15;1;;;;;
19.28;-0.5;-0.5;3.450461;1;Adaptation;15;1;;;;;
19.3;-0.5;-0.5;5.745906;1;Adaptation;15;1;;;;;
19.32;-0.5;-0.5;3.314659;1;Adaptation;15;1;;;;;
19.34;-0.5;-0.5;3.404998;1;Adaptation;15;1;;;;;
19.36;-0.5;-0.5;2.589831;1;Adaptation;15;1;;;;;
19.38;-0.5;-0.5;3.976583;1;Adaptation;15;1;;;;;
19.4;-0.5;-0.5;5.794402;1;Adaptation;15;1;;;;;
19.42;2;0.25;5.562297;1;Adaptation;15;1;;;;;
19.44;-0.5;-0.5;3.744394;1;Adaptation;15;1;;;;;
19.46;0;0;3.711595;1;Adaptation;15;1;;;;;
19.48;-0.5;-0.5;2.229918;1;Adaptation;15;1;;;;;
19.5;-2;-0.125;2.339595;1;Adaptation;15;1;;;;;
19.52;-0.5;-0.5;3.502797;1;Adaptation;15;1;;;;;
19.54;0;0;3.627839;1;Adaptation;15;1;;;;;
19.56;-0.5;-0.5;3.191107;1;Adaptation;15;1;;;;;
19.58;-0.5;-0.5;2.947967;1;Adaptation;15;1;;;;;
19.6;0;0;4.801999;1;Adaptation;15;1;;;;;
19.62;-0.5;-0.5;5.792391;1;Adaptation;15;1;;;;;
19.64;-0.5;-0.5;4.945589;1;Adaptation;15;1;;;;;
19.66;-0.5;-0.5;3.679901;1;Adaptation;15;1;;;;;
19.68;2;0;3.740268;1;Adaptation;15;1;;;;;
19.7;0;0;2.631785;1;Adaptation;15;1;;;;;
19.72;-0.5;-0.5;3.611732;1;Adaptation;15;1;;;;;
19.74;-0.5;-0.5;4.49186;1;Adaptation;15;1;;;;;
19.76;-0.5;-0.5;4.54328;1;Adaptation;15;1;;;;;
19.78;-0.5;-0.5;3.407131;1;Adaptation;15;1;;;;;
19.8;2;0;5.602226;1;Adaptation;15;1;;;;;
19.82;0;0;5.954202;1;Adaptation;15;1;;;;;
19.84;-0.5;-0.5;3.462234;1;Adaptation;15;1;;;;;
19.86;-2;-0.25;5.981701;1;Adaptation;15;1;;;;;
19.88;-2;0.125;4.747736;1;Adaptation;15;1;;;;;
19.9;-0.5;-0.5;5.609387;1;Adaptation;15;1;;;;;
19.92;2;0.125;3.03632;1;Adaptation;15;1;;;;;
19.94;-0.5;-0.5;2.721302;1;Adaptation;15;1;;;;;
19.96;-0.5;-0.5;2.007062;1;Adaptation;15;1;;;;;
19.98;-0.5;-0.5;2.502988;1;Adaptation;15;1;;;;;
20;2;-0.125;5.163489;1;Adaptation;15;1;;;;;
20.02;-0.5;-0.5;4.160012;1;Adaptation;15;1;;;;;
20.04;2;0;5.556646;1;Adaptation;15;1;;;;;
20.06;-0.5;-0.5;3.905856;1;Adaptation;15;1;;;;;
20.08;-0.5;-0.5;2.830711;1;Adaptation;15;1;;;;;
20.1;-0.5;-0.5;3.387239;1;Adaptation;15;1;;;;;
20.12;-2;-0.125;3.950827;1;Adaptation;15;1;;;;;
20.14;-0.5;-0.5;5.033082;1;Adaptation;15;1;;;;;
20.16;2;0.375;2.573446;1;Adaptation;15;1;;;;;
20.18;-0.5;-0.5;2.058494;1;Adaptation;15;1;;;;;
20.2;-0.5;-0.5;4.16818;1;Adaptation;15;1;;;;;
20.22;-0.5;-0.5;3.731281;1;Adaptation;15;1;;;;;
20.24;-0.5;-0.5;2.800084;1;Adaptation;15;1;;;;;
20.26;-0.5;-0.5;5.049576;1;Adaptation;15;1;;;;;
20.28;0;0;3.601201;1;Adaptation;15;1;;;;;
20.3;-0.5;-0.5;2.278178;1;Adaptation;15;1;;;;;
20.32;-0.5;-0.5;3.502404;1;Adaptation;15;1;;;;;
20.34;-0.5;-0.5;4.387437;1;Adaptation;15;1;;;;;
20.36;-0.5;-0.5;2.615645;1;Adaptation;15;1;;;;;
20.38;-0.5;-0.5;4.520082;1;Adaptation;15;1;;;;;
20.4;-0.5;-0.5;5.585989;1;Adaptation;15;1;;;;;
20.42;-0.5;-0.5;4.908707;1;Adaptation;15;1;;;;;
20.44;-2;0;2.595542;1;Adaptation;15;1;;;;;
20.46;-2;-0.125;3.253168;1;Adaptation;15;1;;;;;
20.48;-0.5;-0.5;4.724103;1;Adaptation;15;1;;;;;
20.5;-0.5;-0.5;3.6809;1;Adaptation;15;1;;;;;
20.52;-0.5;-0.5;5.025549;1;Adaptation;15;1;;;;;
20.54;-0.5;-0.5;4.690965;1;Adaptation;15;1;;;;;
20.56;0;-0.125;5.137923;1;Adaptation;15;1;;;;;
20.58;-0.5;-0.5;4.863319;1;Adaptation;15;1;;;;;
20.6;-0.5;-0.5;4.196579;1;Adaptation;15;1;;;;;
20.62;-0.5;-0.5;5.170876;1;Adaptation;15;1;;;;;
20.64;0;0;2.03689;1;Adaptation;15;1;;;;;
20.66;0;0;4.942559;1;Adaptation;15;1;;;;;
20.68;-0.5;-0.5;5.9748;1;Adaptation;15;1;;;;;
20.7;-0.5;-0.5;5.117347;1;Adaptation;15;1;;;;;
20.72;-0.5;-0.5;5.057935;1;Adaptation;15;1;;;;;
20.74;-0.5;-0.5;3.634943;1;Adaptation;15;1;;;;;
20.76;0;-0.375;5.831533;1;Adaptation;15;1;;;;;
20.78;-0.5;-0.5;2.14868;1;Adaptation;15;1;;;;;
20.8;-2;0.25;4.24193;1;Adaptation;15;1;;;;;
20.82;-0.5;-0.5;3.011091;1;Adaptation;15;1;;;;;
20.84;0;0;4.624522;1;Adaptation;15;1;;;;;
20.86;-0.5;-0.5;4.110679;1;Adaptation;15;1;;;;;
20.88;-0.5;-0.5;4.795183;1;Adaptation;15;1;;;;;
20.9;-0.5;-0.5;5.975511;1;Adaptation;15;1;;;;;
20.92;-0.5;-0.5;5.69997;1;Adaptation;15;1;;;;;
20.94;-0.5;-0.5;3.600584;1;Adaptation;15;1;;;;;
20.96;-0.5;-0.5;3.259732;1;Adaptation;15;1;;;;;
20.98;-0.5;-0.5;2.852461;1;Adaptation;15;1;;;;;
21;2;0.125;4.247184;1;Adaptation;15;1;;;;;
21.02;-0.5;-0.5;2.477729;1;Adaptation;15;1;;;;;
21.04;-0.5;-0.5;3.162169;1;Adaptation;15;1;;;;;
21.06;-0.5;-0.5;3.786817;1;Adaptation;15;1;;;;;
21.08;-0.5;-0.5;4.764281;1;Adaptation;15;1;;;;;
21.1;-0.5;-0.5;4.403438;1;Adaptation;15;1;;;;;
21.12;-0.5;-0.5;4.14272;1;Adaptation;15;1;;;;;
21.14;-0.5;-0.5;4.601235;1;Adaptation;15;1;;;;;
21.16;-0.5;-0.5;3.967647;1;Adaptation;15;1;;;;;
21.18;0;0;3.896791;1;Adaptation;15;1;;;;;
21.2;-4;0.25;3.559574;1;Adaptation;15;1;;;;;
21.22;-0.5;-0.5;3.254386;1;Adaptation;15;1;;;;;
21.24;2;-0.25;5.356538;1;Adaptation;15;1;;;;;
21.26;-0.5;-0.5;3.466574;1;Adaptation;15;1;;;;;
21.28;2;-0.125;5.724093;1;Adaptation;15;1;;;;;
21.3;-0.5;-0.5;4.360823;1;Adaptation;15;1;;;;;
21.32;-0.5;-0.5;5.644531;1;Adaptation;15;1;;;;;
21.34;-0.5;-0.5;4.313358;1;Adaptation;15;1;;;;;
21.36;-0.5;-0.5;3.063836;1;Adaptation;15;1;;;;;
21.38;0;0;5.547098;1;Adaptation;15;1;;;;;
21.4;-0.5;-0.5;2.517473;1;Adaptation;15;1;;;;;
21.42;-0.5;-0.5;3.415239;1;Adaptation;15;1;;;;;
21.44;-0.5;-0.5;3.222902;1;Adaptation;15;1;;;;;
21.46;-0.5;-0.5;4.598667;1;Adaptation;15;1;;;;;
21.48;-0.5;-0.5;3.443738;1;Adaptation;15;1;;;;;
21.5;-0.5;-0.5;4.504644;1;Adaptation;15;1;;;;;
21.52;-0.5;-0.5;4.790137;1;Adaptation;15;1;;;;;
21.54;-0.5;-0.5;2.920173;1;Adaptation;15;1;;;;;
21.56;-0.5;-0.5;5.336795;1;Adaptation;15;1;;;;;
21.58;-2;0.125;5.37536;1;Adaptation;15;1;;;;;
21.6;-0.5;-0.5;4.258204;1;Adaptation;15;1;;;;;
21.62;-0.5;-0.5;4.782177;1;Adaptation;15;1;;;;;
21.64;0;-0.125;5.677174;1;Adaptation;15;1;;;;;
21.66;-0.5;-0.5;4.864307;1;Adaptation;15;1;;;;;
21.68;-0.5;-0.5;4.266736;1;Adaptation;15;1;;;;;
21.7;0;0;4.477781;1;Adaptation;15;1;;;;;
21.72;-0.5;-0.5;5.692726;1;Adaptation;15;1;;;;;
21.74;0;0.125;5.753675;1;Adaptation;15;1;;;;;
21.76;-0.5;-0.5;4.81475;1;Adaptation;15;1;;;;;
21.78;-0.5;-0.5;2.647531;1;Adaptation;15;1;;;;;
21.8;-0.5;-0.5;4.354355;1;Adaptation;15;1;;;;;
21.82;-0.5;-0.5;3.603947;1;Adaptation;15;1;;;;;
21.84;-0.5;-0.5;4.323334;1;Adaptation;15;1;;;;;
21.86;-0.5;-0.5;4.610694;1;Adaptation;15;1;;;;;
21.88;-0.5;-0.5;4.610662;1;Adaptation;15;1;;;;;
21.9;-0.5;-0.5;5.455842;1;Adaptation;15;1;;;;;
21.92;2;0;2.517395;1;Adaptation;15;1;;;;;
21.94;-0.5;-0.5;4.324444;1;Adaptation;15;1;;;;;
21.96;0;0;2.3224;1;Adaptation;15;1;;;;;
21.98;-0.5;-0.5;3.143269;1;Adaptation;15;1;;;;;
22;2;0;4.426521;1;Adaptation;15;1;;;;;
22.02;-0.5;-0.5;3.059557;1;Adaptation;15;1;;;;;
22.04;-0.5;-0.5;3.217659;1;Adaptation;15;1;;;;;
22.06;-0.5;-0.5;2.281404;1;Adaptation;15;1;;;;;
22.08;-0.5;-0.5;3.693293;1;Adaptation;15;1;;;;;
22.1;-0.5;-0.5;4.705324;1;Adaptation;15;1;;;;;
22.12;-0.5;-0.5;4.331089;1;Adaptation;15;1;;;;;
22.14;-0.5;-0.5;3.968621;1;Adaptation;15;1;;;;;
22.16;-0.5;-0.5;4.878655;1;Adaptation;15;1;;;;;
22.18;-0.5;-0.5;4.865227;1;Adaptation;15;1;;;;;
22.2;2;-0.25;4.354725;1;Adaptation;15;1;;;;;
22.22;-0.5;-0.5;3.537885;1;Adaptation;15;1;;;;;
22.24;-0.5;-0.5;5.065819;1;Adaptation;15;1;;;;;
22.26;-0.5;-0.5;5.107653;1;Adaptation;15;1;;;;;
22.28;0;0;4.259399;1;Adaptation;15;1;;;;;
22.3;-0.5;-0.5;2.903865;1;Adaptation;15;1;;;;;
22.32;0;-0.125;2.050167;1;Adaptation;15;1;;;;;
22.34;-0.5;-0.5;2.325607;1;Adaptation;15;1;;;;;
22.36;-0.5;-0.5;2.075163;1;Adaptation;15;1;;;;;
22.38;-0.5;-0.5;2.306021;1;Adaptation;15;1;;;;;
22.4;-0.5;-0.5;4.839887;1;Adaptation;15;1;;;;;
22.42;-0.5;-0.5;5.188252;1;Adaptation;15;1;;;;;
22.44;-0.5;-0.5;4.9525;1;Adaptation;15;1;;;;;
22.46;-0.5;-0.5;4.794827;1;Adaptation;15;1;;;;;
22.48;-2;0;3.774538;1;Adaptation;15;1;;;;;
22.5;-0.5;-0.5;5.673669;1;Adaptation;15;1;;;;;
22.52;-0.5;-0.5;2.282811;1;Adaptation;15;1;;;;;
22.54;-0.5;-0.5;5.236802;1;Adaptation;15;1;;;;;
22.56;-0.5;-0.5;4.371;1;Adaptation;15;1;;;;;
22.58;0;-0.125;3.411854;1;Adaptation;15;1;;;;;
22.6;-0.5;-0.5;2.325713;1;Adaptation;15;1;;;;;
22.62;-0.5;-0.5;4.783179;1;Adaptation;15;1;;;;;
22.64;-0.5;-0.5;4.998802;1;Adaptation;15;1;;;;;
22.66;-0.5;-0.5;5.186672;1;Adaptation;15;1;;;;;
22.68;-0.5;-0.5;5.703946;1;Adaptation;15;1;;;;;
22.7;2;-0.125;2.058748;1;Adaptation;15;1;;;;;
22.72;-0.5;-0.5;4.38397;1;Adaptation;15;1;;;;;
22.74;-2;0;4.285662;1;Adaptation;15;1;;;;;
22.76;-2;-0.25;3.48888;1;Adaptation;15;1;;;;;
22.78;0;-0.375;2.901294;1;Adaptation;15;1;;;;;
22.8;-0.5;-0.5;5.245416;1;Adaptation;15;1;;;;;
22.82;-0.5;-0.5;5.565344;1;Adaptation;15;1;;;;;
22.84;-0.5;-0.5;5.718588;1;Adaptation;15;1;;;;;
22.86;-0.5;-0.5;5.366879;1;Adaptation;15;1;;;;;
22.88;-0.5;-0.5;2.089758;1;Adaptation;15;1;;;;;
22.9;0;0.125;4.319511;1;Adaptation;15;1;;;;;
22.92;-0.5;-0.5;3.474339;1;Adaptation;15;1;;;;;
22.94;0;0.25;5.663426;1;Adaptation;15;1;;;;;
22.96;-0.5;-0.5;2.795123;1;Adaptation;15;1;;;;;
22.98;-0.5;-0.5;2.670413;1;Adaptation;15;1;;;;;
23;-0.5;-0.5;5.363507;1;Adaptation;15;1;;;;;
23.02;0;0.125;4.410506;1;Adaptation;15;1;;;;;
23.04;-0.5;-0.5;5.486614;1;Adaptation;15;1;;;;;
23.06;0;0.125;5.128012;1;Adaptation;15;1;;;;;
23.08;-0.5;-0.5;2.57149;1;Adaptation;15;1;;;;;
23.1;-0.5;-0.5;4.978023;1;Adaptation;15;1;;;;;
23.12;-0.5;-0.5;3.521769;1;Adaptation;15;1;;;;;
23.14;-0.5;-0.5;5.960963;1;Adaptation;15;1;;;;;
23.16;-0.5;-0.5;4.184366;1;Adaptation;15;1;;;;;
23.18;-0.5;-0.5;3.64182;1;Adaptation;15;1;;;;;
23.2;-0.5;-0.5;3.118404;1;Adaptation;15;1;;;;;
23.22;-0.5;-0.5;2.774756;1;Adaptation;15;1;;;;;
23.24;-0.5;-0.5;4.243746;1;Adaptation;15;1;;;;;
23.26;0;0;4.991963;1;Adaptation;15;1;;;;;
23.28;-2;0;2.383577;1;Adaptation;15;1;;;;;
23.3;-0.5;-0.5;2.42345;1;Adaptation;15;1;;;;;
23.32;-0.5;-0.5;2.91636;1;Adaptation;15;1;;;;;
23.34;0;-0.125;4.814361;1;Adaptation;15;1;;;;;
23.36;-0.5;-0.5;4.5313;1;Adaptation;15;1;;;;;
23.38;-0.5;-0.5;3.6084;1;Adaptation;15;1;;;;;
23.4;-0.5;-0.5;5.578543;1;Adaptation;15;1;;;;;
23.42;-0.5;-0.5;3.414684;1;Adaptation;15;1;;;;;
23.44;-0.5;-0.5;4.978845;1;Adaptation;15;1;;;;;
23.46;2;0;3.445329;1;Adaptation;15;1;;;;;
23.48;-0.5;-0.5;5.420537;1;Adaptation;15;1;;;;;
23.5;-2;0;3.395954;1;Adaptation;15;1;;;;;
23.52;-0.5;-0.5;5.018322;1;Adaptation;15;1;;;;;
23.54;-0.5;-0.5;3.015431;1;Adaptation;15;1;;;;;
23.56;0;0.125;4.734631;1;Adaptation;15;1;;;;;
23.58;-0.5;-0.5;4.622302;1;Adaptation;15;1;;;;;
23.6;-0.5;-0.5;3.795997;1;Adaptation;15;1;;;;;
23.62;-2;0;3.166211;1;Adaptation;15;1;;;;;
23.64;-2;0.125;3.549799;1;Adaptation;15;1;;;;;
23.66;-0.5;-0.5;2.988521;1;Adaptation;15;1;;;;;
23.68;-0.5;-0.5;2.818959;1;Adaptation;15;1;;;;;
23.7;-0.5;-0.5;2.236777;1;Adaptation;15;1;;;;;
23.72;0;0;3.305695;1;Adaptation;15;1;;;;;
23.74;0;0;5.654845;1;Adaptation;15;1;;;;;
23.76;-0.5;-0.5;4.563697;1;Adaptation;15;1;;;;;
23.78;-0.5;-0.5;3.748461;1;Adaptation;15;1;;;;;
23.8;-0.5;-0.5;4.552411;1;Adaptation;15;1;;;;;
23.82;-0.5;-0.5;4.272253;1;Adaptation;15;1;;;;;
23.84;-0.5;-0.5;2.15112;1;Adaptation;15;1;;;;;
23.86;2;0;5.233813;1;Adaptation;15;1;;;;;
23.88;0;0.125;2.090531;1;Adaptation;15;1;;;;;
23.9;-0.5;-0.5;3.910626;1;Adaptation;15;1;;;;;
23.92;-0.5;-0.5;5.10521;1;Adaptation;15;1;;;;;
23.94;0;0;5.563968;1;Adaptation;15;1;;;;;
23.96;-0.5;-0.5;4.86938;1;Adaptation;15;1;;;;;
23.98;-0.5;-0.5;3.862503;1;Adaptation;15;1;;;;;
24;0;-0.125;2.447341;1;Adaptation;15;1;;;;;
24.02;-0.5;-0.5;3.453948;1;Adaptation;15;1;;;;;
24.04;-0.5;-0.5;3.737698;1;Adaptation;15;1;;;;;
24.06;-0.5;-0.5;4.362938;1;Adaptation;15;1;;;;;
24.08;-0.5;-0.5;2.930769;1;Adaptation;15;1;;;;;
24.1;-0.5;-0.5;4.900536;1;Adaptation;15;1;;;;;
24.12;-0.5;-0.5;3.264928;1;Adaptation;15;1;;;;;
24.14;-0.5;-0.5;5.284237;1;Adaptation;15;1;;;;;
24.16;-0.5;-0.5;4.439287;1;Adaptation;15;1;;;;;
24.18;-0.5;-0.5;2.476748;1;Adaptation;15;1;;;;;
24.2;-0.5;-0.5;2.832932;1;Adaptation;15;1;;;;;
24.22;0;0.125;3.451407;1;Adaptation;15;1;;;;;
24.24;-0.5;-0.5;2.748717;1;Adaptation;15;1;;;;;
24.26;0;0;4.870072;1;Adaptation;15;1;;;;;
24.28;-0.5;-0.5;2.747293;1;Adaptation;15;1;;;;;
24.3;-0.5;-0.5;5.997554;1;Adaptation;15;1;;;;;
24.32;-0.5;-0.5;2.675173;1;Adaptation;15;1;;;;;
24.34;0;-0.125;2.431905;1;Adaptation;15;1;;;;;
24.36;-0.5;-0.5;2.535641;1;Adaptation;15;1;;;;;
24.38;-2;0.125;4.7674;1;Adaptation;15;1;;;;;
24.4;-0.5;-0.5;5.943941;1;Adaptation;15;1;;;;;
24.42;-0.5;-0.5;3.27815;1;Adaptation;15;1;;;;;
24.44;-0.5;-0.5;2.938291;1;Adaptation;15;1;;;;;
24.46;2;0;3.882006;1;Adaptation;15;1;;;;;
24.48;0;0;5.956269;1;Adaptation;15;1;;;;;
24.5;0;-0.375;5.525867;1;Adaptation;15;1;;;;;
24.52;-0.5;-0.5;2.435782;1;Adaptation;15;1;;;;;
24.54;-0.5;-0.5;4.159637;1;Adaptation;15;1;;;;;
24.56;-0.5;-0.5;3.164191;1;Adaptation;15;1;;;;;
24.58;-0.5;-0.5;3.706053;1;Adaptation;15;1;;;;;
24.6;-0.5;-0.5;2.465774;1;Adaptation;15;1;;;;;
24.62;-0.5;-0.5;4.272838;1;Adaptation;15;1;;;;;
24.64;-0.5;-0.5;3.150043;1;Adaptation;15;1;;;;;
24.66;-0.5;-0.5;4.829865;1;Adaptation;15;1;;;;;
24.68;-0.5;-0.5;5.130866;1;Adaptation;15;1;;;;;
24.7;-0.5;-0.5;5.703412;1;Adaptation;15;1;;;;;
24.72;2;0;5.265344;1;Adaptation;15;1;;;;;
24.74;-0.5;-0.5;4.162138;1;Adaptation;15;1;;;;;
24.76;-0.5;-0.5;2.132449;1;Adaptation;15;1;;;;;
24.78;-0.5;-0.5;5.953661;1;Adaptation;15;1;;;;;
24.8;-0.5;-0.5;3.585084;1;Adaptation;15;1;;;;;
24.82;-2;-0.25;3.808376;1;Adaptation;15;1;;;;;
24.84;0;0;4.102551;1;Adaptation;15;1;;;;;
24.86;0;0.125;3.591058;1;Adaptation;15;1;;;;;
24.88;-0.5;-0.5;2.544941;1;Adaptation;15;1;;;;;
24.9;-0.5;-0.5;4.49514;1;Adaptation;15;1;;;;;
24.92;-0.5;-0.5;4.991588;1;Adaptation;15;1;;;;;
24.94;-0.5;-0.5;2.802949;1;Adaptation;15;1;;;;;
24.96;0;-0.125;2.385918;1;Adaptation;15;1;;;;;
24.98;2;0;5.151206;1;Adaptation;15;1;;;;;
25;-0.5;-0.5;3.742025;1;Adaptation;15;1;;;;;
25.02;-0.5;-0.5;3.879369;1;Adaptation;15;1;;;;;
25.04;-0.5;-0.5;3.275056;1;Adaptation;15;1;;;;;
25.06;-0.5;-0.5;2.02605;1;Adaptation;15;1;;;;;
25.08;0;-0.25;2.23556;1;Adaptation;15;1;;;;;
25.1;-0.5;-0.5;4.427096;1;Adaptation;15;1;;;;;
25.12;-0.5;-0.5;2.960479;1;Adaptation;15;1;;;;;
25.14;0;0;5.683056;1;Adaptation;15;1;;;;;
25.16;2;-0.25;2.937743;1;Adaptation;15;1;;;;;
25.18;-0.5;-0.5;4.810465;1;Adaptation;15;1;;;;;
25.2;2;-0.375;2.4062;1;Adaptation;15;1;;;;;
25.22;-0.5;-0.5;5.505541;1;Adaptation;15;1;;;;;
25.24;-2;0;4.33356;1;Adaptation;15;1;;;;;
25.26;-2;0.125;3.312812;1;Adaptation;15;1;;;;;
25.28;-0.5;-0.5;4.900648;1;Adaptation;15;1;;;;;
25.3;-0.5;-0.5;5.57254;1;Adaptation;15;1;;;;;
25.32;-0.5;-0.5;2.143594;1;Adaptation;15;1;;;;;
25.34;-0.5;-0.5;5.59679;1;Adaptation;15;1;;;;;
25.36;-0.5;-0.5;3.634164;1;Adaptation;15;1;;;;;
25.38;-0.5;-0.5;2.284182;1;Adaptation;15;1;;;;;
25.4;-0.5;-0.5;3.639994;1;Adaptation;15;1;;;;;
25.42;-0.5;-0.5;3.01666;1;Adaptation;15;1;;;;;
25.44;-0.5;-0.5;5.738414;1;Adaptation;15;1;;;;;
25.46;-0.5;-0.5;3.524139;1;Adaptation;15;1;;;;;
25.48;-0.5;-0.5;2.965206;1;Adaptation;15;1;;;;;
25.5;-2;0.125;2.93674;1;Adaptation;15;1;;;;;
25.52;-0.5;-0.5;4.892123;1;Adaptation;15;1;;;;;
25.54;-0.5;-0.5;3.873237;1;Adaptation;15;1;;;;;
25.56;0;-0.125;2.604691;1;Adaptation;15;1;;;;;
25.58;0;0;5.091986;1;Adaptation;15;1;;;;;
25.6;-2;0;2.9665;1;Adaptation;15;1;;;;;
25.62;-0.5;-0.5;5.195501;1;Adaptation;15;1;;;;;
25.64;-0.5;-0.5;5.613667;1;Adaptation;15;1;;;;;
25.66;-0.5;-0.5;5.306871;1;Adaptation;15;1;;;;;
25.68;-0.5;-0.5;2.053797;1;Adaptation;15;1;;;;;
25.7;0;0;4.322026;1;Adaptation;15;1;;;;;
25.72;-0.5;-0.5;4.438432;1;Adaptation;15;1;;;;;
25.74;0;0;3.669801;1;Adaptation;15;1;;;;;
25.76;-0.5;-0.5;2.681726;1;Adaptation;15;1;;;;;
25.78;-0.5;-0.5;4.711593;1;Adaptation;15;1;;;;;
25.8;0;0.25;2.937406;1;Adaptation;15;1;;;;;
25.82;-0.5;-0.5;5.353309;1;Adaptation;15;1;;;;;
25.84;-0.5;-0.5;5.389086;1;Adaptation;15;1;;;;;
25.86;-0.5;-0.5;2.395102;1;Adaptation;15;1;;;;;
25.88;-0.5;-0.5;3.071056;1;Adaptation;15;1;;;;;
25.9;-0.5;-0.5;5.558392;1;Adaptation;15;1;;;;;
25.92;-0.5;-0.5;3.30442;1;Adaptation;15;1;;;;;
25.94;-0.5;-0.5;3.357512;1;Adaptation;15;1;;;;;
25.96;-0.5;-0.5;2.401634;1;Adaptation;15;1;;;;;
25.98;0;0;3.612693;1;Adaptation;15;1;;;;;
26;-2;0;4.298587;1;Adaptation;15;1;;;;;
26.02;-0.5;-0.5;3.094451;1;Adaptation;15;1;;;;;
26.04;0;-0.25;2.303418;1;Adaptation;15;1;;;;;
26.06;-0.5;-0.5;4.047585;1;Adaptation;15;1;;;;;
26.08;0;0;3.872298;1;Adaptation;15;1;;;;;
26.1;-0.5;-0.5;3.925574;1;Adaptation;15;1;;;;;
26.12;-0.5;-0.5;5.553911;1;Adaptation;15;1;;;;;
26.14;-0.5;-0.5;3.514065;1;Adaptation;15;1;;;;;
26.16;-0.5;-0.5;2.017505;1;Adaptation;15;1;;;;;
26.18;-0.5;-0.5;3.811593;1;Adaptation;15;1;;;;;
26.2;0;-0.125;3.848796;1;Adaptation;15;1;;;;;
26.22;-0.5;-0.5;4.531618;1;Adaptation;15;1;;;;;
26.24;-0.5;-0.5;3.498854;1;Adaptation;15;1;;;;;
26.26;0;-0.25;4.17126;1;Adaptation;15;1;;;;;
26.28;0;0;3.823002;1;Adaptation;15;1;;;;;
26.3;-0.5;-0.5;4.4235;1;Adaptation;15;1;;;;;
26.32;0;-0.125;3.582389;1;Adaptation;15;1;;;;;
26.34;-0.5;-0.5;3.646268;1;Adaptation;15;1;;;;;
26.36;2;0.125;4.862781;1;Adaptation;15;1;;;;;
26.38;-2;0;4.523789;1;Adaptation;15;1;;;;;
26.4;-0.5;-0.5;2.004767;1;Adaptation;15;1;;;;;
26.42;-0.5;-0.5;3.654215;1;Adaptation;15;1;;;;;
26.44;-0.5;-0.5;5.468957;1;Adaptation;15;1;;;;;
26.46;-0.5;-0.5;2.420009;1;Adaptation;15;1;;;;;
26.48;-2;0;4.301777;1;Adaptation;15;1;;;;;
26.5;-0.5;-0.5;4.264883;1;Adaptation;15;1;;;;;
26.52;-0.5;-0.5;5.430952;1;Adaptation;15;1;;;;;
26.54;-0.5;-0.5;5.382797;1;Adaptation;15;1;;;;;
26.56;-0.5;-0.5;5.901873;1;Adaptation;15;1;;;;;
26.58;-0.5;-0.5;2.487032;1;Adaptation;15;1;;;;;
26.6;-0.5;-0.5;4.412216;1;Adaptation;15;1;;;;;
26.62;-0.5;-0.5;5.759798;1;Adaptation;15;1;;;;;
26.64;-0.5;-0.5;2.490609;1;Adaptation;15;1;;;;;
26.66;-0.5;-0.5;5.225983;1;Adaptation;15;1;;;;;
26.68;-0.5;-0.5;2.392468;1;Adaptation;15;1;;;;;
26.7;-0.5;-0.5;5.266553;1;Adaptation;15;1;;;;;
26.72;-0.5;-0.5;5.082506;1;Adaptation;15;1;;;;;
26.74;-0.5;-0.5;3.090474;1;Adaptation;15;1;;;;;
26.76;-0.5;-0.5;3.550249;1;Adaptation;15;1;;;;;
26.78;-0.5;-0.5;3.00552;1;Adaptation;15;1;;;;;
26.8;-2;0.125;2.780036;1;Adaptation;15;1;;;;;
26.82;-0.5;-0.5;2.668527;1;Adaptation;15;1;;;;;
26.84;-0.5;-0.5;3.591472;1;Adaptation;15;1;;;;;
26.86;-0.5;-0.5;4.927466;1;Adaptation;15;1;;;;;
26.88;-0.5;-0.5;3.173589;1;Adaptation;15;1;;;;;
26.9;-2;-0.125;5.364747;1;Adaptation;15;1;;;;;
26.92;0;0.25;5.27873;1;Adaptation;15;1;;;;;
26.94;-0.5;-0.5;5.199562;1;Adaptation;15;1;;;;;
26.96;-0.5;-0.5;2.565763;1;Adaptation;15;1;;;;;
26.98;-0.5;-0.5;5.903464;1;Adaptation;15;1;;;;;
27;-0.5;-0.5;5.764005;1;Adaptation;15;1;;;;;
27.02;-0.5;-0.5;4.266948;1;Adaptation;15;1;;;;;
27.04;-0.5;-0.5;3.414366;1;Adaptation;15;1;;;;;
27.06;0;0;2.524924;1;Adaptation;15;1;;;;;
27.08;-0.5;-0.5;5.884036;1;Adaptation;15;1;;;;;
27.1;-0.5;-0.5;3.851571;1;Adaptation;15;1;;;;;
27.12;-0.5;-0.5;4.214276;1;Adaptation;15;1;;;;;
27.14;0;0;5.703763;1;Adaptation;15;1;;;;;
27.16;-0.5;-0.5;5.749494;1;Adaptation;15;1;;;;;
27.18;-2;-0.25;2.014359;1;Adaptation;15;1;;;;;
27.2;-0.5;-0.5;3.981843;1;Adaptation;15;1;;;;;
27.22;2;0.125;5.829423;1;Adaptation;15;1;;;;;
27.24;-0.5;-0.5;2.810799;1;Adaptation;15;1;;;;;
27.26;-0.5;-0.5;3.336543;1;Adaptation;15;1;;;;;
27.28;-0.5;-0.5;5.575218;1;Adaptation;15;1;;;;;
27.3;-0.5;-0.5;3.124949;1;Adaptation;15;1;;;;;
27.32;-0.5;-0.5;2.132846;1;Adaptation;15;1;;;;;
27.34;-0.5;-0.5;3.816418;1;Adaptation;15;1;;;;;
27.36;-0.5;-0.5;3.432876;1;Adaptation;15;1;;;;;
27.38;-0.5;-0.5;5.382666;1;Adaptation;15;1;;;;;
27.4;-0.5;-0.5;4.360338;1;Adaptation;15;1;;;;;
27.42;-0.5;-0.5;5.08882;1;Adaptation;15;1;;;;;
27.44;-2;0.125;2.509233;1;Adaptation;15;1;;;;;
27.46;-0.5;-0.5;2.020388;1;Adaptation;15;1;;;;;
27.48;-0.5;-0.5;5.932126;1;Adaptation;15;1;;;;;
27.5;-0.5;-0.5;4.389724;1;Adaptation;15;1;;;;;
27.52;-0.5;-0.5;5.803847;1;Adaptation;15;1;;;;;
27.54;-0.5;-0.5;2.581689;1;Adaptation;15;1;;;;;
27.56;-0.5;-0.5;5.066744;1;Adaptation;15;1;;;;;
27.58;-0.5;-0.5;5.602298;1;Adaptation;15;1;;;;;
27.6;-0.5;-0.5;3.297753;1;Adaptation;15;1;;;;;
27.62;2;-0.125;4.793158;1;Adaptation;15;1;;;;;
27.64;-0.5;-0.5;5.082068;1;Adaptation;15;1;;;;;
27.66;-0.5;-0.5;2.900226;1;Adaptation;15;1;;;;;
27.68;-0.5;-0.5;2.053658;1;Adaptation;15;1;;;;;
27.7;0;-0.125;4.024051;1;Adaptation;15;1;;;;;
27.72;-0.5;-0.5;5.61457;1;Adaptation;15;1;;;;;
27.74;-0.5;-0.5;2.882806;1;Adaptation;15;1;;;;;
27.76;-0.5;-0.5;4.370673;1;Adaptation;15;1;;;;;
27.78;0;0.25;4.715907;1;Adaptation;15;1;;;;;
27.8;-0.5;-0.5;4.57632;1;Adaptation;15;1;;;;;
27.82;-0.5;-0.5;3.706641;1;Adaptation;15;1;;;;;
27.84;-0.5;-0.5;4.380636;1;Adaptation;15;1;;;;;
27.86;0;0.125;4.885252;1;Adaptation;15;1;;;;;
27.88;-0.5;-0.5;4.367776;1;Adaptation;15;1;;;;;
27.9;0;0;5.677774;1;Adaptation;15;1;;;;;
27.92;-2;-0.125;3.205098;1;Adaptation;15;1;;;;;
27.94;0;0.125;3.783894;1;Adaptation;15;1;;;;;
27.96;-0.5;-0.5;4.164102;1;Adaptation;15;1;;;;;
27.98;-0.5;-0.5;2.881995;1;Adaptation;15;1;;;;;
28;-0.5;-0.5;3.606453;1;Adaptation;15;1;;;;;
28.02;-0.5;-0.5;2.975301;1;Adaptation;15;1;;;;;
28.04;-0.5;-0.5;3.410323;1;Adaptation;15;1;;;;;
28.06;-0.5;-0.5;4.351714;1;Adaptation;15;1;;;;;
28.08;0;0;2.44285;1;Adaptation;15;1;;;;;
28.1;0;-0.125;3.394576;1;Adaptation;15;1;;;;;
28.12;-0.5;-0.5;4.698129;1;Adaptation;15;1;;;;;
28.14;-4;0.25;5.723391;1;Adaptation;15;1;;;;;
28.16;0;0.125;5.55114;1;Adaptation;15;1;;;;;
28.18;-0.5;-0.5;5.939606;1;Adaptation;15;1;;;;;
28.2;-0.5;-0.5;4.835686;1;Adaptation;15;1;;;;;
28.22;-0.5;-0.5;3.418902;1;Adaptation;15;1;;;;;
28.24;2;-0.125;2.082237;1;Adaptation;15;1;;;;;
28.26;0;0;5.360783;1;Adaptation;15;1;;;;;
28.28;-0.5;-0.5;3.572839;1;Adaptation;15;1;;;;;
28.3;-0.5;-0.5;4.347409;1;Adaptation;15;1;;;;;
28.32;-0.5;-0.5;2.049252;1;Adaptation;15;1;;;;;
28.34;-0.5;-0.5;3.726067;1;Adaptation;15;1;;;;;
28.36;-0.5;-0.5;3.688102;1;Adaptation;15;1;;;;;
28.38;-0.5;-0.5;4.27501;1;Adaptation;15;1;;;;;
28.4;-0.5;-0.5;4.116637;1;Adaptation;15;1;;;;;
28.42;-0.5;-0.5;5.229831;1;Adaptation;15;1;;;;;
28.44;0;-0.125;5.196966;1;Adaptation;15;1;;;;;
28.46;-0.5;-0.5;2.973275;1;Adaptation;15;1;;;;;
28.48;-0.5;-0.5;3.427143;1;Adaptation;15;1;;;;;
28.5;0;0.25;4.086266;1;Adaptation;15;1;;;;;
28.52;2;0.125;2.824077;1;Adaptation;15;1;;;;;
28.54;-0.5;-0.5;3.988197;1;Adaptation;15;1;;;;;
28.56;-0.5;-0.5;3.983779;1;Adaptation;15;1;;;;;
28.58;-0.5;-0.5;2.963212;1;Adaptation;15;1;;;;;
28.6;-0.5;-0.5;2.613163;1;Adaptation;15;1;;;;;
28.62;-0.5;-0.5;4.241161;1;Adaptation;15;1;;;;;
28.64;-0.5;-0.5;4.733051;1;Adaptation;15;1;;;;;
28.66;-2;0;2.668867;1;Adaptation;15;1;;;;;
28.68;-0.5;-0.5;3.93506;1;Adaptation;15;1;;;;;
28.7;0;0;3.362331;1;Adaptation;15;1;;;;;
28.72;-2;0.125;2.136773;1;Adaptation;15;1;;;;;
28.74;-0.5;-0.5;3.870991;1;Adaptation;15;1;;;;;
28.76;-0.5;-0.5;5.530097;1;Adaptation;15;1;;;;;
28.78;-0.5;-0.5;3.606576;1;Adaptation;15;1;;;;;
28.8;-0.5;-0.5;2.920222;1;Adaptation;15;1;;;;;
28.82;-2;0;2.685429;1;Adaptation;15;1;;;;;
28.84;-0.5;-0.5;4.287925;1;Adaptation;15;1;;;;;
28.86;-0.5;-0.5;2.637066;1;Adaptation;15;1;;;;;
28.88;-0.5;-0.5;4.615923;1;Adaptation;15;1;;;;;
28.9;-0.5;-0.5;2.12898;1;Adaptation;15;1;;;;;
28.92;-0.5;-0.5;4.332978;1;Adaptation;15;1;;;;;
28.94;0;-0.125;3.009505;1;Adaptation;15;1;;;;;
28.96;-0.5;-0.5;4.448886;1;Adaptation;15;1;;;;;
28.98;0;-0.125;4.523964;1;Adaptation;15;1;;;;;
29;-0.5;-0.5;4.451816;1;Adaptation;15;1;;;;;
29.02;-0.5;-0.5;5.154139;1;Adaptation;15;1;;;;;
29.04;-0.5;-0.5;2.178295;1;Adaptation;15;1;;;;;
29.06;0;0.125;2.120681;1;Adaptation;15;1;;;;;
29.08;0;-0.25;2.109035;1;Adaptation;15;1;;;;;
29.1;0;-0.125;5.5349;1;Adaptation;15;1;;;;;
29.12;0;0;4.178771;1;Adaptation;15;1;;;;;
29.14;-0.5;-0.5;3.001541;1;Adaptation;15;1;;;;;
29.16;0;-0.25;4.327392;1;Adaptation;15;1;;;;;
29.18;-0.5;-0.5;4.92037;1;Adaptation;15;1;;;;;
29.2;-0.5;-0.5;5.064455;1;Adaptation;15;1;;;;;
29.22;-0.5;-0.5;4.69352;1;Adaptation;15;1;;;;;
29.24;-0.5;-0.5;2.239944;1;Adaptation;15;1;;;;;
29.26;-0.5;-0.5;3.628547;1;Adaptation;15;1;;;;;
29.28;2;0.25;3.756611;1;Adaptation;15;1;;;;;
29.3;0;0.25;5.839321;1;Adaptation;15;1;;;;;
29.32;-0.5;-0.5;3.850107;1;Adaptation;15;1;;;;;
29.34;-2;0.125;4.540698;1;Adaptation;15;1;;;;;
29.36;-0.5;-0.5;5.434048;1;Adaptation;15;1;;;;;
29.38;-0.5;-0.5;2.28784;1;Adaptation;15;1;;;;;
29.4;-0.5;-0.5;5.508236;1;Adaptation;15;1;;;;;
29.42;-0.5;-0.5;3.576105;1;Adaptation;15;1;;;;;
29.44;0;0.125;3.195827;1;Adaptation;15;1;;;;;
29.46;-0.5;-0.5;3.8493;1;Adaptation;15;1;;;;;
29.48;0;0;5.979891;1;Adaptation;15;1;;;;;
29.5;-0.5;-0.5;2.767895;1;Adaptation;15;1;;;;;
29.52;-0.5;-0.5;4.884329;1;Adaptation;15;1;;;;;
29.54;-0.5;-0.5;4.068354;1;Adaptation;15;1;;;;;
29.56;-0.5;-0.5;4.187608;1;Adaptation;15;1;;;;;
29.58;-0.5;-0.5;5.033277;1;Adaptation;15;1;;;;;
29.6;0;-0.125;5.936333;1;Adaptation;15;1;;;;;
29.62;-0.5;-0.5;4.619717;1;Adaptation;15;1;;;;;
29.64;0;0.125;2.973425;1;Adaptation;15;1;;;;;
29.66;-0.5;-0.5;3.456329;1;Adaptation;15;1;;;;;
29.68;-0.5;-0.5;4.536968;1;Adaptation;15;1;;;;;
29.7;2;-0.25;3.54766;1;Adaptation;15;1;;;;;
29.72;-0.5;-0.5;4.936062;1;Adaptation;15;1;;;;;
29.74;-0.5;-0.5;4.827401;1;Adaptation;15;1;;;;;
29.76;-0.5;-0.5;2.749958;1;Adaptation;15;1;;;;;
29.78;-0.5;-0.5;5.907341;1;Adaptation;15;1;;;;;
29.8;-0.5;-0.5;2.751872;1;Adaptation;15;1;;;;;
29.82;-0.5;-0.5;2.826262;1;Adaptation;15;1;;;;;
29.84;-0.5;-0.5;3.396628;1;Adaptation;15;1;;;;;
29.86;-0.5;-0.5;5.87997;1;Adaptation;15;1;;;;;
29.88;-0.5;-0.5;2.804001;1;Adaptation;15;1;;;;;
29.9;-0.5;-0.5;4.629292;1;Adaptation;15;1;;;;;
29.92;-0.5;-0.5;3.596003;1;Adaptation;15;1;;;;;
29.94;-0.5;-0.5;4.398629;1;Adaptation;15;1;;;;;
29.96;-0.5;-0.5;3.558335;1;Adaptation;15;1;;;;;
29.98;-0.5;-0.5;2.138937;1;Adaptation;15;1;;;;;
30;-0.5;-0.5;3.668244;1;Adaptation;15;1;;;;;
30.02;-0.5;-0.5;3.783807;1;Adaptation;15;1;;;;;
30.04;-0.5;-0.5;4.771844;1;Adaptation;15;1;;;;;
30.06;0;0;2.279354;1;Adaptation;15;1;;;;;
30.08;-0.5;-0.5;2.882115;1;Adaptation;15;1;;;;;
30.1;-0.5;-0.5;5.996463;1;Adaptation;15;1;;;;;
30.12;-0.5;-0.5;5.549229;1;Adaptation;15;1;;;;;
30.14;-0.5;-0.5;2.429326;1;Adaptation;15;1;;;;;
30.16;2;-0.25;2.429206;1;Adaptation;15;1;;;;;
30.18;0;-0.25;4.850093;1;Adaptation;15;1;;;;;
30.2;-0.5;-0.5;4.481357;1;Adaptation;15;1;;;;;
30.22;-0.5;-0.5;2.117166;1;Adaptation;15;1;;;;;
30.24;-0.5;-0.5;4.683301;1;Adaptation;15;1;;;;;
30.26;-0.5;-0.5;5.826239;1;Adaptation;15;1;;;;;
30.28;-0.5;-0.5;3.28047;1;Adaptation;15;1;;;;;
30.3;-0.5;-0.5;2.026743;1;Adaptation;15;1;;;;;
30.32;-0.5;-0.5;2.596677;1;Adaptation;15;1;;;;;
30.34;-0.5;-0.5;2.093744;1;Adaptation;15;1;;;;;
30.36;-0.5;-0.5;3.159841;1;Adaptation;15;1;;;;;
30.38;-0.5;-0.5;3.863947;1;Adaptation;15;1;;;;;
30.4;-0.5;-0.5;3.316852;1;Adaptation;15;1;;;;;
30.42;-0.5;-0.5;5.524302;1;Adaptation;15;1;;;;;
30.44;-0.5;-0.5;3.910242;1;Adaptation;15;1;;;;;
30.46;-0.5;-0.5;3.451945;1;Adaptation;15;1;;;;;
30.48;-0.5;-0.5;3.759091;1;Adaptation;15;1;;;;;
30.5;-0.5;-0.5;3.384866;1;Adaptation;15;1;;;;;
30.52;-0.5;-0.5;3.408003;1;Adaptation;15;1;;;;;
30.54;0;0.125;4.829573;1;Adaptation;15;1;;;;;
30.56;-0.5;-0.5;3.035176;1;Adaptation;15;1;;;;;
30.58;0;0;3.208097;1;Adaptation;15;1;;;;;
30.6;2;0.125;4.867657;1;Adaptation;15;1;;;;;
30.62;0;0;5.524269;1;Adaptation;15;1;;;;;
30.64;-0.5;-0.5;4.17942;1;Adaptation;15;1;;;;;
30.66;0;0.125;3.125799;1;Adaptation;15;1;;;;;
30.68;-0.5;-0.5;5.166605;1;Adaptation;15;1;;;;;
30.7;2;0;2.623196;1;Adaptation;15;1;;;;;
30.72;0;0;5.891942;1;Adaptation;15;1;;;;;
30.74;-0.5;-0.5;3.161891;1;Adaptation;15;1;;;;;
30.76;-0.5;-0.5;5.600771;1;Adaptation;15;1;;;;;
30.78;-0.5;-0.5;3.290455;1;Adaptation;15;1;;;;;
30.8;-0.5;-0.5;4.483479;1;Adaptation;15;1;;;;;
30.82;-0.5;-0.5;5.399728;1;Adaptation;15;1;;;;;
30.84;-0.5;-0.5;5.654212;1;Adaptation;15;1;;;;;
30.86;-0.5;-0.5;5.270873;1;Adaptation;15;1;;;;;
30.88;-0.5;-0.5;3.585413;1;Adaptation;15;1;;;;;
30.9;-0.5;-0.5;2.110364;1;Adaptation;15;1;;;;;
30.92;-0.5;-0.5;3.267862;1;Adaptation;15;1;;;;;
30.94;-0.5;-0.5;2.351476;1;Adaptation;15;1;;;;;
30.96;0;0.125;3.500616;1;Adaptation;15;1;;;;;
30.98;-2;0;5.221133;1;Adaptation;15;1;;;;;
31;-0.5;-0.5;5.775718;1;Adaptation;15;1;;;;;
31.02;-0.5;-0.5;2.111924;1;Adaptation;15;1;;;;;
31.04;-0.5;-0.5;2.67197;1;Adaptation;15;1;;;;;
31.06;-0.5;-0.5;4.314311;1;Adaptation;15;1;;;;;
31.08;-0.5;-0.5;5.829755;1;Adaptation;15;1;;;;;
31.1;-0.5;-0.5;5.897285;1;Adaptation;15;1;;;;;
31.12;-0.5;-0.5;5.698415;1;Adaptation;15;1;;;;;
31.14;-0.5;-0.5;3.925572;1;Adaptation;15;1;;;;;
31.16;-0.5;-0.5;3.907583;1;Adaptation;15;1;;;;;
31.18;0;0.25;5.879192;1;Adaptation;15;1;;;;;
31.2;0;-0.125;4.435035;1;Adaptation;15;1;;;;;
31.22;-0.5;-0.5;2.372524;1;Adaptation;15;1;;;;;
31.24;-2;-0.25;4.149411;1;Adaptation;15;1;;;;;
31.26;-2;0;3.339475;1;Adaptation;15;1;;;;;
31.28;-0.5;-0.5;4.954037;1;Adaptation;15;1;;;;;
31.3;0;0;2.399773;1;Adaptation;15;1;;;;;
31.32;-0.5;-0.5;5.731203;1;Adaptation;15;1;;;;;
31.34;-0.5;-0.5;2.302246;1;Adaptation;15;1;;;;;
31.36;0;0.125;4.694156;1;Adaptation;15;1;;;;;
31.38;-0.5;-0.5;2.012881;1;Adaptation;15;1;;;;;
31.4;-0.5;-0.5;4.638555;1;Adaptation;15;1;;;;;
31.42;-0.5;-0.5;5.559804;1;Adaptation;15;1;;;;;
31.44;-0.5;-0.5;5.670612;1;Adaptation;15;1;;;;;
31.46;0;0;4.849503;1;Adaptation;15;1;;;;;
31.48;-0.5;-0.5;2.309374;1;Adaptation;15;1;;;;;
31.5;-0.5;-0.5;3.083633;1;Adaptation;15;1;;;;;
31.52;-0.5;-0.5;4.633865;1;Adaptation;15;1;;;;;
31.54;2;0.125;5.145631;1;Adaptation;15;1;;;;;
31.56;-2;0.125;3.079155;1;Adaptation;15;1;;;;;
31.58;-0.5;-0.5;4.119976;1;Adaptation;15;1;;;;;
31.6;-0.5;-0.5;3.8394;1;Adaptation;15;1;;;;;
31.62;0;0;2.456164;1;Adaptation;15;1;;;;;
31.64;-0.5;-0.5;3.886008;1;Adaptation;15;1;;;;;
31.66;-0.5;-0.5;3.813763;1;Adaptation;15;1;;;;;
31.68;0;-0.125;3.632528;1;Adaptation;15;1;;;;;
31.7;2;0.125;4.363013;1;Adaptation;15;1;;;;;
31.72;-0.5;-0.5;3.63771;1;Adaptation;15;1;;;;;
31.74;-0.5;-0.5;4.88952;1;Adaptation;15;1;;;;;
31.76;0;0;5.010579;1;Adaptation;15;1;;;;;
31.78;-0.5;-0.5;2.140112;1;Adaptation;15;1;;;;;
31.8;-0.5;-0.5;3.318867;1;Adaptation;15;1;;;;;
31.82;-0.5;-0.5;5.966096;1;Adaptation;15;1;;;;;
31.84;-0.5;-0.5;4.776223;1;Adaptation;15;1;;;;;
31.86;-0.5;-0.5;3.035695;1;Adaptation;15;1;;;;;
31.88;4;0;5.787235;1;Adaptation;15;1;;;;;
31.9;-0.5;-0.5;3.791183;1;Adaptation;15;1;;;;;
31.92;-0.5;-0.5;4.763821;1;Adaptation;15;1;;;;;
31.94;0;0.375;2.770137;1;Adaptation;15;1;;;;;
31.96;-0.5;-0.5;2.983244;1;Adaptation;15;1;;;;;
31.98;-0.5;-0.5;3.751202;1;Adaptation;15;1;;;;;
32;-0.5;-0.5;5.635273;1;Adaptation;15;1;;;;;
32.02;-0.5;-0.5;5.493688;1;Adaptation;15;1;;;;;
32.04;-0.5;-0.5;3.275492;1;Adaptation;15;1;;;;;
32.06;-0.5;-0.5;5.399811;1;Adaptation;15;1;;;;;
32.08;-0.5;-0.5;5.997407;1;Adaptation;15;1;;;;;
32.1;-0.5;-0.5;3.329702;1;Adaptation;15;1;;;;;
32.12;-0.5;-0.5;4.663647;1;Adaptation;15;1;;;;;
32.14;0;0;3.184671;1;Adaptation;15;1;;;;;
32.16;-0.5;-0.5;2.771811;1;Adaptation;15;1;;;;;
32.18;-0.5;-0.5;5.370696;1;Adaptation;15;1;;;;;
32.2;-2;-0.125;2.897146;1;Adaptation;15;1;;;;;
32.22;-0.5;-0.5;5.769111;1;Adaptation;15;1;;;;;
32.24;0;-0.25;3.532367;1;Adaptation;15;1;;;;;
32.26;-0.5;-0.5;2.091285;1;Adaptation;15;1;;;;;
32.28;-0.5;-0.5;2.970052;1;Adaptation;15;1;;;;;
32.3;-0.5;-0.5;3.131587;1;Adaptation;15;1;;;;;
32.32;2;0;3.387887;1;Adaptation;15;1;;;;;
32.34;-0.5;-0.5;4.995511;1;Adaptation;15;1;;;;;
32.36;-0.5;-0.5;4.598672;1;Adaptation;15;1;;;;;
32.38;-0.5;-0.5;5.198212;1;Adaptation;15;1;;;;;
32.4;0;0;5.473832;1;Adaptation;15;1;;;;;
32.42;-0.5;-0.5;5.734204;1;Adaptation;15;1;;;;;
32.44;2;-0.125;2.437441;1;Adaptation;15;1;;;;;
32.46;2;-0.375;5.134942;1;Adaptation;15;1;;;;;
32.48;-2;0;3.50723;1;Adaptation;15;1;;;;;
32.5;-0.5;-0.5;5.569149;1;Adaptation;15;1;;;;;
32.52;-0.5;-0.5;3.795767;1;Adaptation;15;1;;;;;
32.54;-0.5;-0.5;5.382902;1;Adaptation;15;1;;;;;
32.56;-0.5;-0.5;3.301267;1;Adaptation;15;1;;;;;
32.58;-0.5;-0.5;5.229586;1;Adaptation;15;1;;;;;
32.6;-0.5;-0.5;2.89058;1;Adaptation;15;1;;;;;
32.62;-2;-0.125;5.936076;1;Adaptation;15;1;;;;;
32.64;-0.5;-0.5;3.783105;1;Adaptation;15;1;;;;;
32.66;2;-0.125;2.076746;1;Adaptation;15;1;;;;;
32.68;-0.5;-0.5;4.77345;1;Adaptation;15;1;;;;;
32.7;-0.5;-0.5;5.030924;1;Adaptation;15;1;;;;;
32.72;-0.5;-0.5;2.875968;1;Adaptation;15;1;;;;;
32.74;-0.5;-0.5;4.505713;1;Adaptation;15;1;;;;;
32.76;-0.5;-0.5;5.403497;1;Adaptation;15;1;;;;;
32.78;2;0;4.804468;1;Adaptation;15;1;;;;;
32.8;-0.5;-0.5;3.330756;1;Adaptation;15;1;;;;;
32.82;-0.5;-0.5;5.244153;1;Adaptation;15;1;;;;;
32.84;-0.5;-0.5;5.517836;1;Adaptation;15;1;;;;;
32.86;-0.5;-0.5;2.072948;1;Adaptation;15;1;;;;;
32.88;-0.5;-0.5;4.902436;1;Adaptation;15;1;;;;;
32.9;-0.5;-0.5;5.174346;1;Adaptation;15;1;;;;;
32.92;-0.5;-0.5;3.018495;1;Adaptation;15;1;;;;;
32.94;-0.5;-0.5;5.755002;1;Adaptation;15;1;;;;;
32.96;-0.5;-0.5;2.776778;1;Adaptation;15;1;;;;;
32.98;-0.5;-0.5;5.785689;1;Adaptation;15;1;;;;;
33;-2;0;4.923378;1;Adaptation;15;1;;;;;
33.02;-0.5;-0.5;2.090283;1;Adaptation;15;1;;;;;
33.04;0;0.125;3.424739;1;Adaptation;15;1;;;;;
33.06;-0.5;-0.5;4.517618;1;Adaptation;15;1;;;;;
33.08;-0.5;-0.5;3.6939;1;Adaptation;15;1;;;;;
33.1;0;0.125;3.840095;1;Adaptation;15;1;;;;;
33.12;-0.5;-0.5;2.0418;1;Adaptation;15;1;;;;;
33.14;-0.5;-0.5;3.701382;1;Adaptation;15;1;;;;;
33.16;-0.5;-0.5;5.643209;1;Adaptation;15;1;;;;;
33.18;-0.5;-0.5;5.390774;1;Adaptation;15;1;;;;;
33.2;-0.5;-0.5;4.262687;1;Adaptation;15;1;;;;;
33.22;-0.5;-0.5;5.261544;1;Adaptation;15;1;;;;;
33.24;-0.5;-0.5;2.152277;1;Adaptation;15;1;;;;;
33.26;-0.5;-0.5;3.910743;1;Adaptation;15;1;;;;;
33.28;2;0.125;2.542048;1;Adaptation;15;1;;;;;
33.3;-0.5;-0.5;2.894608;1;Adaptation;15;1;;;;;
33.32;-0.5;-0.5;2.810493;1;Adaptation;15;1;;;;;
33.34;-0.5;-0.5;4.824075;1;Adaptation;15;1;;;;;
33.36;-0.5;-0.5;2.337278;1;Adaptation;15;1;;;;;
33.38;-0.5;-0.5;2.811079;1;Adaptation;15;1;;;;;
33.4;0;0;2.439562;1;Adaptation;15;1;;;;;
33.42;-0.5;-0.5;5.534705;1;Adaptation;15;1;;;;;
33.44;0;0;4.161494;1;Adaptation;15;1;;;;;
33.46;-0.5;-0.5;4.861147;1;Adaptation;15;1;;;;;
33.48;-0.5;-0.5;3.239263;1;Adaptation;15;1;;;;;
33.5;-0.5;-0.5;2.14308;1;Adaptation;15;1;;;;;
33.52;-0.5;-0.5;2.239223;1;Adaptation;15;1;;;;;
33.54;0;0.125;4.54991;1;Adaptation;15;1;;;;;
33.56;-0.5;-0.5;5.675961;1;Adaptation;15;1;;;;;
33.58;0;0.125;3.873478;1;Adaptation;15;1;;;;;
33.6;0;-0.125;5.967746;1;Adaptation;15;1;;;;;
33.62;-0.5;-0.5;4.213568;1;Adaptation;15;1;;;;;
33.64;-0.5;-0.5;2.147854;1;Adaptation;15;1;;;;;
33.66;-0.5;-0.5;3.55649;1;Adaptation;15;1;;;;;
33.68;-0.5;-0.5;3.844315;1;Adaptation;15;1;;;;;
33.7;-0.5;-0.5;4.931965;1;Adaptation;15;1;;;;;
33.72;2;0.25;3.622394;1;Adaptation;15;1;;;;;
33.74;-0.5;-0.5;2.144943;1;Adaptation;15;1;;;;;
33.76;-2;0;5.683859;1;Adaptation;15;1;;;;;
33.78;-0.5;-0.5;2.318893;1;Adaptation;15;1;;;;;
33.8;-0.5;-0.5;3.807317;1;Adaptation;15;1;;;;;
33.82;-0.5;-0.5;2.144632;1;Adaptation;15;1;;;;;
33.84;-0.5;-0.5;4.056733;1;Adaptation;15;1;;;;;
33.86;0;0.125;4.83646;1;Adaptation;15;1;;;;;
33.88;-0.5;-0.5;2.341747;1;Adaptation;15;1;;;;;
33.9;-0.5;-0.5;2.739452;1;Adaptation;15;1;;;;;
33.92;-0.5;-0.5;4.628935;1;Adaptation;15;1;;;;;
33.94;-0.5;-0.5;2.80539;1;Adaptation;15;1;;;;;
33.96;-0.5;-0.5;5.023229;1;Adaptation;15;1;;;;;
33.98;0;-0.125;2.683864;1;Adaptation;15;1;;;;;
34;-0.5;-0.5;5.882061;1;Adaptation;15;1;;;;;
34.02;-0.5;-0.5;5.858946;1;Adaptation;15;1;;;;;
34.04;2;-0.125;5.822581;1;Adaptation;15;1;;;;;
34.06;2;0;2.273222;1;Adaptation;15;1;;;;;
34.08;-0.5;-0.5;5.633462;1;Adaptation;15;1;;;;;
34.1;-2;-0.125;5.459237;1;Adaptation;15;1;;;;;
34.12;-0.5;-0.5;4.335295;1;Adaptation;15;1;;;;;
34.14;-0.5;-0.5;2.95854;1;Adaptation;15;1;;;;;
34.16;0;0.125;5.346728;1;Adaptation;15;1;;;;;
34.18;-0.5;-0.5;4.966689;1;Adaptation;15;1;;;;;
34.2;0;0;2.463052;1;Adaptation;15;1;;;;;
34.22;-0.5;-0.5;3.638921;1;Adaptation;15;1;;;;;
34.24;-0.5;-0.5;5.551891;1;Adaptation;15;1;;;;;
34.26;-0.5;-0.5;5.285251;1;Adaptation;15;1;;;;;
34.28;-0.5;-0.5;5.535421;1;Adaptation;15;1;;;;;
34.3;-0.5;-0.5;4.780628;1;Adaptation;15;1;;;;;
34.32;-0.5;-0.5;5.366488;1;Adaptation;15;1;;;;;
34.34;-0.5;-0.5;3.183852;1;Adaptation;15;1;;;;;
34.36;-0.5;-0.5;2.490011;1;Adaptation;15;1;;;;;
34.38;-0.5;-0.5;4.364594;1;Adaptation;15;1;;;;;
34.4;-0.5;-0.5;3.096699;1;Adaptation;15;1;;;;;
34.42;0;-0.125;5.145568;1;Adaptation;15;1;;;;;
34.44;-0.5;-0.5;2.332335;1;Adaptation;15;1;;;;;
34.46;0;0;2.060012;1;Adaptation;15;1;;;;;
34.48;-0.5;-0.5;2.652797;1;Adaptation;15;1;;;;;
34.5;-2;0.125;2.436335;1;Adaptation;15;1;;;;;
34.52;-0.5;-0.5;4.200353;1;Adaptation;15;1;;;;;
34.54;-0.5;-0.5;3.042024;1;Adaptation;15;1;;;;;
34.56;-0.5;-0.5;4.85138;1;Adaptation;15;1;;;;;
34.58;0;-0.125;4.281096;1;Adaptation;15;1;;;;;
34.6;-0.5;-0.5;2.379653;1;Adaptation;15;1;;;;;
34.62;2;0.125;4.5697;1;Adaptation;15;1;;;;;
34.64;-0.5;-0.5;4.195003;1;Adaptation;15;1;;;;;
34.66;-0.5;-0.5;5.100209;1;Adaptation;15;1;;;;;
34.68;-0.5;-0.5;2.201047;1;Adaptation;15;1;;;;;
34.7;-0.5;-0.5;2.7631;1;Adaptation;15;1;;;;;
34.72;-0.5;-0.5;3.657957;1;Adaptation;15;1;;;;;
34.74;2;-0.125;3.97657;1;Adaptation;15;1;;;;;
34.76;-0.5;-0.5;4.525174;1;Adaptation;15;1;;;;;
34.78;-0.5;-0.5;2.090964;1;Adaptation;15;1;;;;;
34.8;-0.5;-0.5;4.58827;1;Adaptation;15;1;;;;;
34.82;2;0;4.571148;1;Adaptation;15;1;;;;;
34.84;-0.5;-0.5;3.149395;1;Adaptation;15;1;;;;;
34.86;-0.5;-0.5;3.249345;1;Adaptation;15;1;;;;;
34.88;-0.5;-0.5;4.836277;1;Adaptation;15;1;;;;;
34.9;-0.5;-0.5;3.400349;1;Adaptation;15;1;;;;;
34.92;-0.5;-0.5;4.558442;1;Adaptation;15;1;;;;;
34.94;-0.5;-0.5;3.322841;1;Adaptation;15;1;;;;;
34.96;-0.5;-0.5;4.418634;1;Adaptation;15;1;;;;;
34.98;-0.5;-0.5;2.330786;1;Adaptation;15;1;;;;;
35;-0.5;-0.5;5.375462;1;Adaptation;15;1;;;;;
35.02;-0.5;-0.5;3.25844;1;Adaptation;15;1;;;;;
35.04;-0.5;-0.5;3.034639;1;Adaptation;15;1;;;;;
35.06;2;0.125;2.953506;1;Adaptation;15;1;;;;;
35.08;0;-0.125;2.566535;1;Adaptation;15;1;;;;;
35.1;-0.5;-0.5;3.484131;1;Adaptation;15;1;;;;;
35.12;0;0;2.892369;1;Adaptation;15;1;;;;;
35.14;-0.5;-0.5;2.288688;1;Adaptation;15;1;;;;;
35.16;-0.5;-0.5;3.981531;1;Adaptation;15;1;;;;;
35.18;-0.5;-0.5;2.897;1;Adaptation;15;1;;;;;
35.2;-0.5;-0.5;4.653739;1;Adaptation;15;1;;;;;
35.22;-0.5;-0.5;2.235581;1;Adaptation;15;1;;;;;
35.24;-0.5;-0.5;4.950854;1;Adaptation;15;1;;;;;
35.26;-0.5;-0.5;5.487277;1;Adaptation;15;1;;;;;
35.28;-0.5;-0.5;2.516997;1;Adaptation;15;1;;;;;
35.3;-0.5;-0.5;3.44875;1;Adaptation;15;1;;;;;
35.32;0;-0.125;2.176236;1;Adaptation;15;1;;;;;
35.34;-0.5;-0.5;4.059442;1;Adaptation;15;1;;;;;
35.36;2;-0.125;2.298992;1;Adaptation;15;1;;;;;
35.38;-0.5;-0.5;3.785937;1;Adaptation;15;1;;;;;
35.4;-0.5;-0.5;5.326557;1;Adaptation;15;1;;;;;
35.42;-0.5;-0.5;2.311406;1;Adaptation;15;1;;;;;
35.44;-0.5;-0.5;5.472278;1;Adaptation;15;1;;;;;
35.46;0;0;4.050628;1;Adaptation;15;1;;;;;
35.48;-0.5;-0.5;5.525501;1;Adaptation;15;1;;;;;
35.5;-0.5;-0.5;3.950528;1;Adaptation;15;1;;;;;
35.52;-0.5;-0.5;4.482202;1;Adaptation;15;1;;;;;
35.54;0;-0.125;4.619349;1;Adaptation;15;1;;;;;
35.56;-0.5;-0.5;4.769219;1;Adaptation;15;1;;;;;
35.58;-0.5;-0.5;3.363065;1;Adaptation;15;1;;;;;
35.6;-0.5;-0.5;2.883905;1;Adaptation;15;1;;;;;
35.62;-0.5;-0.5;5.469011;1;Adaptation;15;1;;;;;
35.64;-2;-0.125;5.77414;1;Adaptation;15;1;;;;;
35.66;0;0.125;4.726444;1;Adaptation;15;1;;;;;
35.68;-0.5;-0.5;4.727703;1;Adaptation;15;1;;;;;
35.7;-0.5;-0.5;2.573452;1;Adaptation;15;1;;;;;
35.72;-0.5;-0.5;3.028586;1;Adaptation;15;1;;;;;
35.74;2;0.125;5.716357;1;Adaptation;15;1;;;;;
35.76;0;-0.125;3.327331;1;Adaptation;15;1;;;;;
35.78;-0.5;-0.5;2.358611;1;Adaptation;15;1;;;;;
35.8;-0.5;-0.5;5.12996;1;Adaptation;15;1;;;;;
35.82;-0.5;-0.5;4.12004;1;Adaptation;15;1;;;;;
35.84;0;-0.125;4.594525;1;Adaptation;15;1;;;;;
35.86;-0.5;-0.5;2.752877;1;Adaptation;15;1;;;;;
35.88;0;-0.125;2.285511;1;Adaptation;15;1;;;;;
35.9;-0.5;-0.5;2.73369;1;Adaptation;15;1;;;;;
35.92;-0.5;-0.5;2.19019;1;Adaptation;15;1;;;;;
35.94;-0.5;-0.5;5.635614;1;Adaptation;15;1;;;;;
35.96;-0.5;-0.5;5.730326;1;Adaptation;15;1;;;;;
35.98;-0.5;-0.5;4.195617;1;Adaptation;15;1;;;;;
36;-0.5;-0.5;3.040741;1;Adaptation;15;1;;;;;
36.02;-0.5;-0.5;2.139842;1;Adaptation;15;1;;;;;
36.04;-0.5;-0.5;4.179577;1;Adaptation;15;1;;;;;
36.06;2;0.125;4.267529;1;Adaptation;15;1;;;;;
36.08;-0.5;-0.5;5.725377;1;Adaptation;15;1;;;;;
36.1;0;0.125;3.290572;1;Adaptation;15;1;;;;;
36.12;-0.5;-0.5;2.121911;1;Adaptation;15;1;;;;;
36.14;-0.5;-0.5;3.813242;1;Adaptation;15;1;;;;;
36.16;-0.5;-0.5;2.91788;1;Adaptation;15;1;;;;;
36.18;-0.5;-0.5;4.013605;1;Adaptation;15;1;;;;;
36.2;0;0;4.708669;1;Adaptation;15;1;;;;;
36.22;-0.5;-0.5;2.770916;1;Adaptation;15;1;;;;;
36.24;-0.5;-0.5;2.068262;1;Adaptation;15;1;;;;;
36.26;-0.5;-0.5;2.696249;1;Adaptation;15;1;;;;;
36.28;-0.5;-0.5;3.155782;1;Adaptation;15;1;;;;;
36.3;-0.5;-0.5;5.798616;1;Adaptation;15;1;;;;;
36.32;-0.5;-0.5;2.127144;1;Adaptation;15;1;;;;;
36.34;-0.5;-0.5;3.828626;1;Adaptation;15;1;;;;;
36.36;-0.5;-0.5;5.710034;1;Adaptation;15;1;;;;;
36.38;-0.5;-0.5;3.55021;1;Adaptation;15;1;;;;;
36.4;2;0;4.496633;1;Adaptation;15;1;;;;;
36.42;0;0.25;5.348953;1;Adaptation;15;1;;;;;
36.44;0;0.125;2.84188;1;Adaptation;15;1;;;;;
36.46;-0.5;-0.5;3.505689;1;Adaptation;15;1;;;;;
36.48;-0.5;-0.5;4.924795;1;Adaptation;15;1;;;;;
36.5;-2;-0.125;3.132946;1;Adaptation;15;1;;;;;
36.52;-0.5;-0.5;4.478048;1;Adaptation;15;1;;;;;
36.54;-0.5;-0.5;2.100367;1;Adaptation;15;1;;;;;
36.56;-0.5;-0.5;4.26348;1;Adaptation;15;1;;;;;
36.58;-0.5;-0.5;4.766809;1;Adaptation;15;1;;;;;
36.6;-0.5;-0.5;5.510544;1;Adaptation;15;1;;;;;
36.62;-0.5;-0.5;5.419971;1;Adaptation;15;1;;;;;
36.64;-0.5;-0.5;5.252453;1;Adaptation;15;1;;;;;
36.66;2;0;5.368681;1;Adaptation;15;1;;;;;
36.68;-0.5;-0.5;2.960669;1;Adaptation;15;1;;;;;
36.7;-0.5;-0.5;3.640201;1;Adaptation;15;1;;;;;
36.72;-0.5;-0.5;5.892478;1;Adaptation;15;1;;;;;
36.74;-0.5;-0.5;4.506492;1;Adaptation;15;1;;;;;
36.76;0;0;2.729646;1;Adaptation;15;1;;;;;
36.78;-0.5;-0.5;2.669829;1;Adaptation;15;1;;;;;
36.8;-0.5;-0.5;4.120846;1;Adaptation;15;1;;;;;
36.82;0;0.125;5.713552;1;Adaptation;15;1;;;;;
36.84;-0.5;-0.5;2.356402;1;Adaptation;15;1;;;;;
36.86;0;0.125;5.278306;1;Adaptation;15;1;;;;;
36.88;-0.5;-0.5;3.839152;1;Adaptation;15;1;;;;;
36.9;-0.5;-0.5;2.796511;1;Adaptation;15;1;;;;;
36.92;-0.5;-0.5;4.375729;1;Adaptation;15;1;;;;;
36.94;0;-0.25;2.09612;1;Adaptation;15;1;;;;;
36.96;0;0;4.108688;1;Adaptation;15;1;;;;;
36.98;0;-0.125;2.989891;1;Adaptation;15;1;;;;;
37;2;0;4.081524;1;Adaptation;15;1;;;;;
37.02;-0.5;-0.5;4.313477;1;Adaptation;15;1;;;;;
37.04;-0.5;-0.5;4.917094;1;Adaptation;15;1;;;;;
37.06;-0.5;-0.5;5.602473;1;Adaptation;15;1;;;;;
37.08;0;0.125;5.528984;1;Adaptation;15;1;;;;;
37.1;0;0;2.931328;1;Adaptation;15;1;;;;;
37.12;0;0;2.957397;1;Adaptation;15;1;;;;;
37.14;-0.5;-0.5;5.359853;1;Adaptation;15;1;;;;;
37.16;-0.5;-0.5;4.043791;1;Adaptation;15;1;;;;;
37.18;0;0.125;2.665135;1;Adaptation;15;1;;;;;
37.2;-0.5;-0.5;2.324344;1;Adaptation;15;1;;;;;
37.22;-0.5;-0.5;3.800327;1;Adaptation;15;1;;;;;
37.24;2;0.125;3.230559;1;Adaptation;15;1;;;;;
37.26;0;-0.125;4.495349;1;Adaptation;15;1;;;;;
37.28;0;0;4.658831;1;Adaptation;15;1;;;;;
37.3;-0.5;-0.5;2.763658;1;Adaptation;15;1;;;;;
37.32;-2;-0.125;3.337418;1;Adaptation;15;1;;;;;
37.34;-0.5;-0.5;4.155725;1;Adaptation;15;1;;;;;
37.36;-0.5;-0.5;3.799136;1;Adaptation;15;1;;;;;
37.38;-0.5;-0.5;3.733582;1;Adaptation;15;1;;;;;
37.4;-0.5;-0.5;5.780003;1;Adaptation;15;1;;;;;
37.42;0;0.25;3.769221;1;Adaptation;15;1;;;;;
37.44;-0.5;-0.5;4.80441;1;Adaptation;15;1;;;;;
37.46;0;-0.25;2.627672;1;Adaptation;15;1;;;;;
37.48;-0.5;-0.5;5.402519;1;Adaptation;15;1;;;;;
37.5;-0.5;-0.5;4.876014;1;Adaptation;15;1;;;;;
37.52;2;-0.125;4.026658;1;Adaptation;15;1;;;;;
37.54;-0.5;-0.5;2.937705;1;Adaptation;15;1;;;;;
37.56;-0.5;-0.5;3.477446;1;Adaptation;15;1;;;;;
37.58;-0.5;-0.5;3.667831;1;Adaptation;15;1;;;;;
37.6;-0.5;-0.5;5.784908;1;Adaptation;15;1;;;;;
37.62;2;0;2.553269;1;Adaptation;15;1;;;;;
37.64;-0.5;-0.5;5.618396;1;Adaptation;15;1;;;;;
37.66;-0.5;-0.5;2.25643;1;Adaptation;15;1;;;;;
37.68;-0.5;-0.5;2.83623;1;Adaptation;15;1;;;;;
37.7;-0.5;-0.5;4.703036;1;Adaptation;15;1;;;;;
37.72;-0.5;-0.5;4.328345;1;Adaptation;15;1;;;;;
37.74;-0.5;-0.5;5.743606;1;Adaptation;15;1;;;;;
37.76;-0.5;-0.5;3.44124;1;Adaptation;15;1;;;;;
37.78;-0.5;-0.5;2.245377;1;Adaptation;15;1;;;;;
37.8;0;0.25;4.973283;1;Adaptation;15;1;;;;;
37.82;-2;-0.125;4.306587;1;Adaptation;15;1;;;;;
37.84;-0.5;-0.5;2.17779;1;Adaptation;15;1;;;;;
37.86;0;0.125;2.891362;1;Adaptation;15;1;;;;;
37.88;-0.5;-0.5;4.619972;1;Adaptation;15;1;;;;;
37.9;-0.5;-0.5;5.462134;1;Adaptation;15;1;;;;;
37.92;-0.5;-0.5;5.90407;1;Adaptation;15;1;;;;;
37.94;-0.5;-0.5;5.502048;1;Adaptation;15;1;;;;;
37.96;-0.5;-0.5;3.878367;1;Adaptation;15;1;;;;;
37.98;-0.5;-0.5;3.826072;1;Adaptation;15;1;;;;;
38;0;0;3.473922;1;Adaptation;15;1;;;;;
38.02;-0.5;-0.5;4.545298;1;Adaptation;15;1;;;;;
;;;;;;;;;;;;
