time;pos_x_right;pos_y_right;dil_right;pos_x_left;pos_y_left;dil_left;brightness;fov;trial;;
0;-0.5;-0.5;0;1;15;1;;;;;
0.02;-0.5;-0.5;0;1;15;1;;;;;
0.04;-0.5;-0.5;0;1;15;1;;;;;
0.06;-0.5;-0.5;0;1;15;1;;;;;
0.08;-0.5;-0.5;0;1;15;1;;;;;
0.09999999;-0.5;-0.5;0;1;15;1;;;;;
0.12;-0.5;-0.5;0;1;15;1;;;;;
0.14;-0.5;-0.5;0;1;15;1;;;;;
0.16;-0.5;-0.5;0;1;15;1;;;;;
0.18;-0.5;-0.5;0;1;15;1;;;;;
0.2;-0.5;-0.5;0;1;15;1;;;;;
0.22;-0.5;-0.5;0;1;15;1;;;;;
0.24;-0.5;-0.5;0;1;15;1;;;;;
0.26;-0.5;-0.5;0;1;15;1;;;;;
0.28;-0.5;-0.5;0;1;15;1;;;;;
0.3;-0.5;-0.5;0;1;15;1;;;;;
0.32;-0.5;-0.5;0;1;15;1;;;;;
0.34;-0.5;-0.5;0;1;15;1;;;;;
;;;;;;;;;;;
