time;pos_x_right;pos_y_right;dil_right;pos_x_left;pos_y_left;dil_left;brightness;fov;trial;;
0;-0.5;-0.5;5.717473;1;15;1;;;;;
0.02;-0.5;-0.5;3.759211;1;15;1;;;;;
0.04;-0.5;-0.5;4.476738;1;15;1;;;;;
0.06;-0.5;-0.5;2.032248;1;15;1;;;;;
0.08;-0.5;-0.5;5.85186;1;15;1;;;;;
0.09999999;-0.5;-0.5;3.736611;1;15;1;;;;;
0.12;-0.5;-0.5;5.75454;1;15;1;;;;;
0.14;-0.5;-0.5;4.626613;1;15;1;;;;;
0.16;-0.5;-0.5;4.367968;1;15;1;;;;;
0.18;-0.5;-0.5;2.684353;1;15;1;;;;;
0.2;-0.5;-0.5;2.623133;1;15;1;;;;;
0.22;-0.5;-0.5;2.379697;1;15;1;;;;;
0.24;-0.5;-0.5;5.529395;1;15;1;;;;;
0.26;-0.5;-0.5;3.431592;1;15;1;;;;;
0.28;-0.5;-0.5;4.676768;1;15;1;;;;;
0.3;-0.5;-0.5;4.637662;1;15;1;;;;;
0.32;-0.5;-0.5;2.657579;1;15;1;;;;;
0.34;-0.5;-0.5;5.033016;1;15;1;;;;;
0.36;-0.5;-0.5;5.710849;1;15;1;;;;;
0.38;-0.5;-0.5;3.923876;1;15;1;;;;;
0.4;-0.5;-0.5;5.058055;1;15;1;;;;;
0.42;-0.5;-0.5;2.730574;1;15;1;;;;;
0.44;-0.5;-0.5;2.905891;1;15;1;;;;;
0.46;-0.5;-0.5;5.563956;1;15;1;;;;;
0.48;-0.5;-0.5;3.889807;1;15;1;;;;;
0.5;-0.5;-0.5;2.294221;1;15;1;;;;;
0.52;-0.5;-0.5;4.918446;1;15;1;;;;;
0.54;-0.5;-0.5;2.547302;1;15;1;;;;;
0.56;-0.5;-0.5;3.277599;1;15;1;;;;;
0.58;-0.5;-0.5;3.692339;1;15;1;;;;;
0.6;-0.5;-0.5;5.838868;1;15;1;;;;;
0.62;-0.5;-0.5;4.611142;1;15;1;;;;;
0.64;-0.5;-0.5;4.891839;1;15;1;;;;;
0.66;-0.5;-0.5;5.801856;1;15;1;;;;;
0.68;-0.5;-0.5;4.746539;1;15;1;;;;;
0.7;-0.5;-0.5;4.608552;1;15;1;;;;;
0.72;-0.5;-0.5;3.100205;1;15;1;;;;;
0.74;-0.5;-0.5;4.677447;1;15;1;;;;;
0.76;-0.5;-0.5;2.316258;1;15;1;;;;;
0.78;-0.5;-0.5;3.781553;1;15;1;;;;;
0.8;-0.5;-0.5;3.408449;1;15;1;;;;;
0.82;-0.5;-0.5;4.0225;1;15;1;;;;;
0.84;-0.5;-0.5;2.300748;1;15;1;;;;;
0.86;-0.5;-0.5;5.184216;1;15;1;;;;;
0.88;-0.5;-0.5;5.975062;1;15;1;;;;;
0.9;-0.5;-0.5;5.311762;1;15;1;;;;;
0.92;-0.5;-0.5;4.180148;1;15;1;;;;;
0.94;-0.5;-0.5;4.395001;1;15;1;;;;;
0.96;-0.5;-0.5;2.538941;1;15;1;;;;;
0.98;-0.5;-0.5;5.296795;1;15;1;;;;;
1;-0.5;-0.5;5.149774;1;15;1;;;;;
1.02;-0.5;-0.5;5.525928;1;15;1;;;;;
1.04;-0.5;-0.5;5.537491;1;15;1;;;;;
1.06;-0.5;-0.5;4.611864;1;15;1;;;;;
1.08;-0.5;-0.5;5.417366;1;15;1;;;;;
1.1;-0.5;-0.5;2.726107;1;15;1;;;;;
1.12;-0.5;-0.5;5.503534;1;15;1;;;;;
1.14;-0.5;-0.5;4.599234;1;15;1;;;;;
1.16;-0.5;-0.5;3.740125;1;15;1;;;;;
1.18;-0.5;-0.5;5.863824;1;15;1;;;;;
1.2;-0.5;-0.5;4.248883;1;15;1;;;;;
1.22;-0.5;-0.5;3.621387;1;15;1;;;;;
1.24;-0.5;-0.5;5.328175;1;15;1;;;;;
1.26;-0.5;-0.5;2.908339;1;15;1;;;;;
1.28;-0.5;-0.5;3.2763;1;15;1;;;;;
1.3;-0.5;-0.5;4.999968;1;15;1;;;;;
1.32;-0.5;-0.5;2.222305;1;15;1;;;;;
1.34;-0.5;-0.5;5.870234;1;15;1;;;;;
1.36;-0.5;-0.5;3.044621;1;15;1;;;;;
1.38;-0.5;-0.5;2.325735;1;15;1;;;;;
1.4;-0.5;-0.5;3.860953;1;15;1;;;;;
1.42;-0.5;-0.5;4.747882;1;15;1;;;;;
1.44;-0.5;-0.5;3.686949;1;15;1;;;;;
1.46;-0.5;-0.5;2.738039;1;15;1;;;;;
1.48;-0.5;-0.5;4.969073;1;15;1;;;;;
1.5;-0.5;-0.5;3.392932;1;15;1;;;;;
1.52;-0.5;-0.5;3.061478;1;15;1;;;;;
1.54;-0.5;-0.5;5.845025;1;15;1;;;;;
1.56;-0.5;-0.5;2.267212;1;15;1;;;;;
1.58;-0.5;-0.5;3.851084;1;15;1;;;;;
1.6;-0.5;-0.5;2.878916;1;15;1;;;;;
1.62;-0.5;-0.5;5.14688;1;15;1;;;;;
1.64;-0.5;-0.5;5.537386;1;15;1;;;;;
1.66;-0.5;-0.5;5.169755;1;15;1;;;;;
1.68;-0.5;-0.5;4.722619;1;15;1;;;;;
1.7;-0.5;-0.5;2.532254;1;15;1;;;;;
1.72;-0.5;-0.5;4.455939;1;15;1;;;;;
1.74;-0.5;-0.5;3.842043;1;15;1;;;;;
1.76;-0.5;-0.5;5.001405;1;15;1;;;;;
1.78;-0.5;-0.5;5.760427;1;15;1;;;;;
1.8;-0.5;-0.5;2.049018;1;15;1;;;;;
1.82;-0.5;-0.5;5.086876;1;15;1;;;;;
1.84;-0.5;-0.5;4.254899;1;15;1;;;;;
1.86;-0.5;-0.5;2.738686;1;15;1;;;;;
1.88;-0.5;-0.5;5.668801;1;15;1;;;;;
1.9;-0.5;-0.5;3.670341;1;15;1;;;;;
1.92;-0.5;-0.5;2.356215;1;15;1;;;;;
1.94;-0.5;-0.5;3.112383;1;15;1;;;;;
1.96;-0.5;-0.5;2.314558;1;15;1;;;;;
1.98;-0.5;-0.5;2.459711;1;15;1;;;;;
2;-0.5;-0.5;5.773305;1;15;1;;;;;
2.02;-0.5;-0.5;4.035053;1;15;1;;;;;
2.04;-0.5;-0.5;2.662754;1;15;1;;;;;
2.06;-0.5;-0.5;5.342135;1;15;1;;;;;
2.08;-0.5;-0.5;4.819227;1;15;1;;;;;
2.1;-0.5;-0.5;4.557831;1;15;1;;;;;
2.12;-0.5;-0.5;2.833428;1;15;1;;;;;
2.14;-0.5;-0.5;2.816701;1;15;1;;;;;
2.16;-0.5;-0.5;3.463274;1;15;1;;;;;
2.18;-0.5;-0.5;4.483736;1;15;1;;;;;
2.2;-0.5;-0.5;2.001995;1;15;1;;;;;
2.22;-0.5;-0.5;5.752995;1;15;1;;;;;
2.24;-0.5;-0.5;3.968592;1;15;1;;;;;
2.26;-0.5;-0.5;3.977444;1;15;1;;;;;
2.28;-0.5;-0.5;2.767807;1;15;1;;;;;
2.3;-0.5;-0.5;2.183138;1;15;1;;;;;
2.32;-0.5;-0.5;3.774996;1;15;1;;;;;
2.34;-0.5;-0.5;4.645641;1;15;1;;;;;
2.36;-0.5;-0.5;5.209514;1;15;1;;;;;
2.38;-0.5;-0.5;2.064131;1;15;1;;;;;
2.4;-0.5;-0.5;2.413999;1;15;1;;;;;
2.42;-0.5;-0.5;2.883178;1;15;1;;;;;
2.44;-0.5;-0.5;4.002992;1;15;1;;;;;
2.46;-0.5;-0.5;2.838886;1;15;1;;;;;
2.48;-0.5;-0.5;2.411536;1;15;1;;;;;
2.5;-0.5;-0.5;3.571385;1;15;1;;;;;
2.52;-0.5;-0.5;2.64698;1;15;1;;;;;
2.54;-0.5;-0.5;5.743177;1;15;1;;;;;
2.56;-0.5;-0.5;4.543756;1;15;1;;;;;
2.58;-0.5;-0.5;2.021468;1;15;1;;;;;
2.6;-0.5;-0.5;5.063023;1;15;1;;;;;
2.62;-0.5;-0.5;3.143885;1;15;1;;;;;
2.64;-0.5;-0.5;3.663152;1;15;1;;;;;
2.66;-0.5;-0.5;2.471777;1;15;1;;;;;
2.68;-0.5;-0.5;3.091458;1;15;1;;;;;
2.7;-0.5;-0.5;5.033825;1;15;1;;;;;
2.72;-0.5;-0.5;5.662782;1;15;1;;;;;
2.74;-0.5;-0.5;2.722944;1;15;1;;;;;
2.76;-0.5;-0.5;2.18715;1;15;1;;;;;
2.78;-0.5;-0.5;3.901696;1;15;1;;;;;
2.8;-0.5;-0.5;2.382239;1;15;1;;;;;
2.82;-0.5;-0.5;3.592289;1;15;1;;;;;
2.84;-0.5;-0.5;3.803286;1;15;1;;;;;
2.86;-0.5;-0.5;2.799296;1;15;1;;;;;
2.88;-0.5;-0.5;3.893739;1;15;1;;;;;
2.9;-0.5;-0.5;5.881137;1;15;1;;;;;
2.92;-0.5;-0.5;5.952235;1;15;1;;;;;
2.94;-0.5;-0.5;4.605823;1;15;1;;;;;
2.96;-0.5;-0.5;2.447698;1;15;1;;;;;
2.98;-0.5;-0.5;5.825299;1;15;1;;;;;
3;-0.5;-0.5;5.584034;1;15;1;;;;;
3.02;-0.5;-0.5;4.494369;1;15;1;;;;;
3.04;-0.5;-0.5;4.442967;1;15;1;;;;;
3.06;-0.5;-0.5;5.94262;1;15;1;;;;;
3.08;-0.5;-0.5;2.753487;1;15;1;;;;;
3.1;-0.5;-0.5;4.35084;1;15;1;;;;;
3.12;-0.5;-0.5;5.433905;1;15;1;;;;;
3.14;-0.5;-0.5;2.169628;1;15;1;;;;;
3.16;-0.5;-0.5;5.320428;1;15;1;;;;;
3.18;-0.5;-0.5;5.863106;1;15;1;;;;;
3.2;-0.5;-0.5;4.368116;1;15;1;;;;;
3.22;-0.5;-0.5;4.954302;1;15;1;;;;;
3.24;-0.5;-0.5;3.430562;1;15;1;;;;;
3.26;-0.5;-0.5;5.774477;1;15;1;;;;;
3.28;-0.5;-0.5;5.596447;1;15;1;;;;;
3.3;-0.5;-0.5;2.190019;1;15;1;;;;;
3.32;-0.5;-0.5;4.191132;1;15;1;;;;;
3.34;-0.5;-0.5;3.848438;1;15;1;;;;;
3.36;-0.5;-0.5;2.882686;1;15;1;;;;;
3.38;-0.5;-0.5;2.046463;1;15;1;;;;;
3.4;-0.5;-0.5;3.775474;1;15;1;;;;;
3.42;-0.5;-0.5;4.034424;1;15;1;;;;;
3.44;-0.5;-0.5;3.883321;1;15;1;;;;;
3.46;-0.5;-0.5;3.213735;1;15;1;;;;;
3.48;-0.5;-0.5;3.044897;1;15;1;;;;;
3.5;-0.5;-0.5;4.305573;1;15;1;;;;;
3.52;-0.5;-0.5;2.280949;1;15;1;;;;;
3.54;-0.5;-0.5;4.940065;1;15;1;;;;;
3.56;-0.5;-0.5;4.983727;1;15;1;;;;;
3.58;-0.5;-0.5;4.761349;1;15;1;;;;;
3.6;-0.5;-0.5;3.306451;1;15;1;;;;;
3.62;-0.5;-0.5;5.551883;1;15;1;;;;;
3.64;-0.5;-0.5;3.941076;1;15;1;;;;;
3.66;-0.5;-0.5;4.279044;1;15;1;;;;;
3.68;-0.5;-0.5;5.68522;1;15;1;;;;;
3.7;-0.5;-0.5;4.492606;1;15;1;;;;;
3.72;-0.5;-0.5;5.660513;1;15;1;;;;;
3.74;-0.5;-0.5;4.657935;1;15;1;;;;;
3.76;-0.5;-0.5;3.189077;1;15;1;;;;;
3.78;-0.5;-0.5;3.202316;1;15;1;;;;;
3.8;-0.5;-0.5;3.113539;1;15;1;;;;;
3.82;-0.5;-0.5;5.931821;1;15;1;;;;;
3.84;-0.5;-0.5;2.311601;1;15;1;;;;;
3.86;-0.5;-0.5;5.171633;1;15;1;;;;;
3.88;-0.5;-0.5;2.662782;1;15;1;;;;;
3.9;-0.5;-0.5;5.735393;1;15;1;;;;;
3.92;-0.5;-0.5;5.806718;1;15;1;;;;;
3.94;-0.5;-0.5;3.983443;1;15;1;;;;;
3.96;-0.5;-0.5;3.785691;1;15;1;;;;;
3.98;-0.5;-0.5;4.268218;1;15;1;;;;;
4;-0.5;-0.5;3.5566;1;15;1;;;;;
4.02;-0.5;-0.5;5.857866;1;15;1;;;;;
4.04;-0.5;-0.5;4.363;1;15;1;;;;;
4.06;-0.5;-0.5;2.252837;1;15;1;;;;;
4.08;-0.5;-0.5;2.394162;1;15;1;;;;;
4.1;-0.5;-0.5;5.990909;1;15;1;;;;;
4.12;-0.5;-0.5;2.642805;1;15;1;;;;;
4.14;-0.5;-0.5;2.273114;1;15;1;;;;;
4.16;-0.5;-0.5;2.607456;1;15;1;;;;;
4.18;-0.5;-0.5;3.725102;1;15;1;;;;;
4.2;-0.5;-0.5;2.897919;1;15;1;;;;;
4.22;-0.5;-0.5;3.531132;1;15;1;;;;;
4.24;-0.5;-0.5;4.46005;1;15;1;;;;;
4.26;-0.5;-0.5;3.296815;1;15;1;;;;;
4.28;-0.5;-0.5;3.53626;1;15;1;;;;;
4.3;-0.5;-0.5;5.21905;1;15;1;;;;;
4.32;-0.5;-0.5;4.999722;1;15;1;;;;;
4.34;-0.5;-0.5;5.729937;1;15;1;;;;;
4.36;-0.5;-0.5;4.796808;1;15;1;;;;;
4.38;-0.5;-0.5;5.932177;1;15;1;;;;;
4.4;-0.5;-0.5;5.082317;1;15;1;;;;;
4.42;-0.5;-0.5;4.208054;1;15;1;;;;;
4.44;-0.5;-0.5;4.665851;1;15;1;;;;;
4.46;-0.5;-0.5;4.973446;1;15;1;;;;;
4.48;-0.5;-0.5;5.755626;1;15;1;;;;;
4.5;-0.5;-0.5;4.677358;1;15;1;;;;;
4.52;-0.5;-0.5;5.215718;1;15;1;;;;;
4.54;-0.5;-0.5;2.150517;1;15;1;;;;;
4.56;-0.5;-0.5;2.218908;1;15;1;;;;;
4.58;-0.5;-0.5;5.858144;1;15;1;;;;;
4.6;-0.5;-0.5;5.984351;1;15;1;;;;;
4.62;-0.5;-0.5;4.672944;1;15;1;;;;;
4.64;-0.5;-0.5;5.290455;1;15;1;;;;;
4.66;-0.5;-0.5;4.759336;1;15;1;;;;;
4.68;-0.5;-0.5;2.383549;1;15;1;;;;;
4.7;-0.5;-0.5;2.358069;1;15;1;;;;;
4.72;-0.5;-0.5;5.69233;1;15;1;;;;;
4.74;-0.5;-0.5;5.539034;1;15;1;;;;;
4.76;-0.5;-0.5;2.717655;1;15;1;;;;;
4.78;-0.5;-0.5;4.667046;1;15;1;;;;;
4.8;-0.5;-0.5;5.822717;1;15;1;;;;;
4.82;-0.5;-0.5;2.198235;1;15;1;;;;;
4.84;-0.5;-0.5;3.890612;1;15;1;;;;;
4.86;-0.5;-0.5;3.771341;1;15;1;;;;;
4.88;-0.5;-0.5;3.861738;1;15;1;;;;;
4.9;-0.5;-0.5;3.737802;1;15;1;;;;;
4.92;-0.5;-0.5;2.153755;1;15;1;;;;;
4.94;-0.5;-0.5;5.929326;1;15;1;;;;;
4.96;-0.5;-0.5;2.561538;1;15;1;;;;;
4.98;-0.5;-0.5;3.389969;1;15;1;;;;;
5;-0.5;-0.5;5.435901;1;15;1;;;;;
5.02;-0.5;-0.5;2.295655;1;15;1;;;;;
5.04;-0.5;-0.5;3.333332;1;15;1;;;;;
5.06;-0.5;-0.5;4.26139;1;15;1;;;;;
5.08;-0.5;-0.5;5.551828;1;15;1;;;;;
5.1;-0.5;-0.5;4.901531;1;15;1;;;;;
5.12;-0.5;-0.5;3.432547;1;15;1;;;;;
5.14;-0.5;-0.5;4.165077;1;15;1;;;;;
5.16;-0.5;-0.5;5.167943;1;15;1;;;;;
5.18;-0.5;-0.5;3.122697;1;15;1;;;;;
5.2;-0.5;-0.5;2.110818;1;15;1;;;;;
5.22;-0.5;-0.5;2.809834;1;15;1;;;;;
5.24;-0.5;-0.5;5.517476;1;15;1;;;;;
5.26;-0.5;-0.5;5.375024;1;15;1;;;;;
5.28;-0.5;-0.5;5.740798;1;15;1;;;;;
5.3;-0.5;-0.5;3.635219;1;15;1;;;;;
5.32;-0.5;-0.5;4.278241;1;15;1;;;;;
5.34;-0.5;-0.5;5.461987;1;15;1;;;;;
5.36;-0.5;-0.5;5.510641;1;15;1;;;;;
5.38;-0.5;-0.5;3.225554;1;15;1;;;;;
5.4;-0.5;-0.5;5.006573;1;15;1;;;;;
5.42;-0.5;-0.5;2.055606;1;15;1;;;;;
5.44;-0.5;-0.5;3.262355;1;15;1;;;;;
5.46;-0.5;-0.5;5.240424;1;15;1;;;;;
5.48;-0.5;-0.5;4.620827;1;15;1;;;;;
5.5;-0.5;-0.5;5.231622;1;15;1;;;;;
5.52;-0.5;-0.5;5.907951;1;15;1;;;;;
5.54;-0.5;-0.5;2.863841;1;15;1;;;;;
5.56;-0.5;-0.5;3.055708;1;15;1;;;;;
5.58;-0.5;-0.5;5.419166;1;15;1;;;;;
5.6;-0.5;-0.5;2.250372;1;15;1;;;;;
5.62;-0.5;-0.5;5.918806;1;15;1;;;;;
5.64;-0.5;-0.5;2.791451;1;15;1;;;;;
5.66;-0.5;-0.5;2.386493;1;15;1;;;;;
5.68;-0.5;-0.5;3.389432;1;15;1;;;;;
5.7;-0.5;-0.5;5.504958;1;15;1;;;;;
5.72;-0.5;-0.5;2.33244;1;15;1;;;;;
5.74;-0.5;-0.5;4.489051;1;15;1;;;;;
5.76;-0.5;-0.5;2.787855;1;15;1;;;;;
5.78;-0.5;-0.5;3.974242;1;15;1;;;;;
5.8;-0.5;-0.5;2.806122;1;15;1;;;;;
5.82;-0.5;-0.5;4.242634;1;15;1;;;;;
5.84;-0.5;-0.5;2.866722;1;15;1;;;;;
5.86;-0.5;-0.5;2.53256;1;15;1;;;;;
5.88;-0.5;-0.5;2.240511;1;15;1;;;;;
5.9;-0.5;-0.5;2.959687;1;15;1;;;;;
5.92;-0.5;-0.5;3.545695;1;15;1;;;;;
5.94;-0.5;-0.5;4.700654;1;15;1;;;;;
5.96;-0.5;-0.5;3.335023;1;15;1;;;;;
5.98;-0.5;-0.5;4.411133;1;15;1;;;;;
6;-0.5;-0.5;5.930079;1;15;1;;;;;
6.02;-0.5;-0.5;5.212348;1;15;1;;;;;
6.04;-0.5;-0.5;3.335383;1;15;1;;;;;
6.06;-0.5;-0.5;3.370926;1;15;1;;;;;
6.08;-0.5;-0.5;5.667994;1;15;1;;;;;
6.1;-0.5;-0.5;4.233845;1;15;1;;;;;
6.12;-0.5;-0.5;2.748688;1;15;1;;;;;
6.14;-0.5;-0.5;2.177216;1;15;1;;;;;
6.16;-0.5;-0.5;3.896394;1;15;1;;;;;
6.18;-0.5;-0.5;5.156879;1;15;1;;;;;
6.2;-0.5;-0.5;4.855743;1;15;1;;;;;
6.22;-0.5;-0.5;5.405146;1;15;1;;;;;
6.24;-0.5;-0.5;4.304594;1;15;1;;;;;
6.26;-0.5;-0.5;5.116786;1;15;1;;;;;
6.28;-0.5;-0.5;3.874891;1;15;1;;;;;
6.3;-0.5;-0.5;5.630313;1;15;1;;;;;
6.32;-0.5;-0.5;4.17923;1;15;1;;;;;
6.34;-0.5;-0.5;5.074374;1;15;1;;;;;
6.36;-0.5;-0.5;2.995128;1;15;1;;;;;
6.38;-0.5;-0.5;4.598052;1;15;1;;;;;
6.4;-0.5;-0.5;2.653192;1;15;1;;;;;
6.42;-0.5;-0.5;3.295591;1;15;1;;;;;
6.44;-0.5;-0.5;3.192059;1;15;1;;;;;
6.46;-0.5;-0.5;2.886236;1;15;1;;;;;
6.48;-0.5;-0.5;2.629201;1;15;1;;;;;
6.5;-0.5;-0.5;2.659766;1;15;1;;;;;
6.52;-0.5;-0.5;2.426622;1;15;1;;;;;
6.54;-0.5;-0.5;3.389601;1;15;1;;;;;
6.56;-0.5;-0.5;5.797355;1;15;1;;;;;
6.58;-0.5;-0.5;2.819845;1;15;1;;;;;
6.6;-0.5;-0.5;5.607409;1;15;1;;;;;
6.62;-0.5;-0.5;3.299939;1;15;1;;;;;
6.64;-0.5;-0.5;2.702044;1;15;1;;;;;
6.66;-0.5;-0.5;5.144349;1;15;1;;;;;
6.68;-0.5;-0.5;3.550822;1;15;1;;;;;
6.7;-0.5;-0.5;2.562861;1;15;1;;;;;
6.72;-0.5;-0.5;3.351526;1;15;1;;;;;
6.74;-0.5;-0.5;5.179812;1;15;1;;;;;
6.76;-0.5;-0.5;5.959539;1;15;1;;;;;
6.78;-0.5;-0.5;2.247556;1;15;1;;;;;
6.8;-0.5;-0.5;3.491292;1;15;1;;;;;
6.82;-0.5;-0.5;3.308984;1;15;1;;;;;
6.84;-0.5;-0.5;4.593307;1;15;1;;;;;
6.86;-0.5;-0.5;2.676268;1;15;1;;;;;
6.88;-0.5;-0.5;4.054899;1;15;1;;;;;
6.9;-0.5;-0.5;3.212923;1;15;1;;;;;
6.92;-0.5;-0.5;4.654442;1;15;1;;;;;
6.94;-0.5;-0.5;5.040461;1;15;1;;;;;
6.96;-0.5;-0.5;5.012527;1;15;1;;;;;
6.98;-0.5;-0.5;4.133858;1;15;1;;;;;
7;-0.5;-0.5;5.10531;1;15;1;;;;;
7.02;-0.5;-0.5;3.010008;1;15;1;;;;;
7.04;-0.5;-0.5;5.780118;1;15;1;;;;;
7.06;-0.5;-0.5;3.5195;1;15;1;;;;;
7.08;-0.5;-0.5;5.950815;1;15;1;;;;;
7.1;-0.5;-0.5;2.419078;1;15;1;;;;;
7.12;-0.5;-0.5;3.545045;1;15;1;;;;;
7.14;-0.5;-0.5;5.040822;1;15;1;;;;;
7.16;-0.5;-0.5;5.823918;1;15;1;;;;;
7.18;-0.5;-0.5;2.611444;1;15;1;;;;;
7.2;-0.5;-0.5;4.334634;1;15;1;;;;;
7.22;-0.5;-0.5;4.690342;1;15;1;;;;;
7.24;-0.5;-0.5;5.313942;1;15;1;;;;;
7.26;-0.5;-0.5;2.150854;1;15;1;;;;;
7.28;-0.5;-0.5;5.221208;1;15;1;;;;;
7.3;-0.5;-0.5;5.943809;1;15;1;;;;;
7.32;-0.5;-0.5;3.519419;1;15;1;;;;;
7.34;-0.5;-0.5;2.785657;1;15;1;;;;;
7.36;-0.5;-0.5;5.874807;1;15;1;;;;;
7.38;-0.5;-0.5;5.343351;1;15;1;;;;;
7.4;-0.5;-0.5;2.456059;1;15;1;;;;;
7.42;-0.5;-0.5;5.20443;1;15;1;;;;;
7.44;-0.5;-0.5;4.331925;1;15;1;;;;;
7.46;-0.5;-0.5;3.12456;1;15;1;;;;;
7.48;-0.5;-0.5;2.240096;1;15;1;;;;;
7.5;-0.5;-0.5;4.322361;1;15;1;;;;;
7.52;-0.5;-0.5;4.097997;1;15;1;;;;;
7.54;-0.5;-0.5;5.844374;1;15;1;;;;;
7.56;-0.5;-0.5;4.338913;1;15;1;;;;;
7.58;-0.5;-0.5;4.897335;1;15;1;;;;;
7.6;-0.5;-0.5;4.217535;1;15;1;;;;;
7.62;-0.5;-0.5;2.684151;1;15;1;;;;;
7.64;-0.5;-0.5;4.348625;1;15;1;;;;;
7.66;-0.5;-0.5;5.777406;1;15;1;;;;;
7.68;-0.5;-0.5;4.57325;1;15;1;;;;;
7.7;-0.5;-0.5;5.52419;1;15;1;;;;;
7.72;-0.5;-0.5;5.090717;1;15;1;;;;;
7.74;-0.5;-0.5;5.670161;1;15;1;;;;;
7.76;-0.5;-0.5;2.317383;1;15;1;;;;;
7.78;-0.5;-0.5;2.812184;1;15;1;;;;;
7.8;-0.5;-0.5;4.820701;1;15;1;;;;;
7.82;-0.5;-0.5;4.622559;1;15;1;;;;;
7.84;-0.5;-0.5;2.540419;1;15;1;;;;;
7.86;-0.5;-0.5;5.670929;1;15;1;;;;;
7.88;-0.5;-0.5;4.082423;1;15;1;;;;;
7.9;-0.5;-0.5;4.98222;1;15;1;;;;;
7.92;-0.5;-0.5;4.231201;1;15;1;;;;;
7.94;-0.5;-0.5;3.42923;1;15;1;;;;;
7.96;-0.5;-0.5;3.946921;1;15;1;;;;;
7.98;-0.5;-0.5;4.072653;1;15;1;;;;;
8;-0.5;-0.5;3.894023;1;15;1;;;;;
8.02;-0.5;-0.5;3.329075;1;15;1;;;;;
8.04;-0.5;-0.5;4.127858;1;15;1;;;;;
8.059999;-0.5;-0.5;4.22467;1;15;1;;;;;
8.08;-0.5;-0.5;5.665737;1;15;1;;;;;
8.099999;-0.5;-0.5;3.358118;1;15;1;;;;;
8.12;-0.5;-0.5;5.985696;1;15;1;;;;;
8.139999;-0.5;-0.5;5.740584;1;15;1;;;;;
8.16;-0.5;-0.5;5.95249;1;15;1;;;;;
8.179999;-0.5;-0.5;4.162819;1;15;1;;;;;
8.2;-0.5;-0.5;4.988801;1;15;1;;;;;
8.22;-0.5;-0.5;4.453467;1;15;1;;;;;
8.24;-0.5;-0.5;4.415546;1;15;1;;;;;
8.26;-0.5;-0.5;3.904364;1;15;1;;;;;
8.28;-0.5;-0.5;2.733992;1;15;1;;;;;
8.3;-0.5;-0.5;5.401558;1;15;1;;;;;
8.32;-0.5;-0.5;4.00574;1;15;1;;;;;
8.34;-0.5;-0.5;2.459677;1;15;1;;;;;
8.36;-0.5;-0.5;5.064199;1;15;1;;;;;
8.38;-0.5;-0.5;5.760923;1;15;1;;;;;
8.4;-0.5;-0.5;4.729516;1;15;1;;;;;
8.42;-0.5;-0.5;3.341309;1;15;1;;;;;
8.44;-0.5;-0.5;2.656163;1;15;1;;;;;
8.46;-0.5;-0.5;4.86819;1;15;1;;;;;
8.48;-0.5;-0.5;4.095462;1;15;1;;;;;
8.5;-0.5;-0.5;2.183244;1;15;1;;;;;
8.52;-0.5;-0.5;5.939359;1;15;1;;;;;
8.54;-0.5;-0.5;3.042783;1;15;1;;;;;
8.559999;-0.5;-0.5;4.298099;1;15;1;;;;;
8.58;-0.5;-0.5;3.572548;1;15;1;;;;;
8.599999;-0.5;-0.5;4.431412;1;15;1;;;;;
8.62;-0.5;-0.5;5.280467;1;15;1;;;;;
8.639999;-0.5;-0.5;4.887453;1;15;1;;;;;
8.66;-0.5;-0.5;5.149352;1;15;1;;;;;
8.679999;-0.5;-0.5;2.817348;1;15;1;;;;;
8.7;-0.5;-0.5;4.678228;1;15;1;;;;;
8.72;-0.5;-0.5;4.663006;1;15;1;;;;;
8.74;-0.5;-0.5;4.627888;1;15;1;;;;;
8.76;-0.5;-0.5;2.490067;1;15;1;;;;;
8.78;-0.5;-0.5;3.604851;1;15;1;;;;;
8.8;-0.5;-0.5;3.294843;1;15;1;;;;;
8.82;-0.5;-0.5;3.539656;1;15;1;;;;;
8.84;-0.5;-0.5;2.948318;1;15;1;;;;;
8.86;-0.5;-0.5;3.755099;1;15;1;;;;;
8.88;-0.5;-0.5;5.110394;1;15;1;;;;;
8.9;-0.5;-0.5;5.851353;1;15;1;;;;;
8.92;-0.5;-0.5;3.924577;1;15;1;;;;;
8.94;-0.5;-0.5;3.223749;1;15;1;;;;;
8.96;-0.5;-0.5;4.137206;1;15;1;;;;;
8.98;-0.5;-0.5;2.841787;1;15;1;;;;;
9;-0.5;-0.5;5.551142;1;15;1;;;;;
9.02;-0.5;-0.5;4.088097;1;15;1;;;;;
9.04;-0.5;-0.5;3.633033;1;15;1;;;;;
9.059999;-0.5;-0.5;2.723083;1;15;1;;;;;
9.08;-0.5;-0.5;5.046791;1;15;1;;;;;
9.099999;-0.5;-0.5;2.558359;1;15;1;;;;;
9.12;-0.5;-0.5;3.378477;1;15;1;;;;;
9.139999;-0.5;-0.5;2.241655;1;15;1;;;;;
9.16;-0.5;-0.5;5.049541;1;15;1;;;;;
9.179999;-0.5;-0.5;5.829853;1;15;1;;;;;
9.2;-0.5;-0.5;2.245951;1;15;1;;;;;
9.22;-0.5;-0.5;3.277375;1;15;1;;;;;
9.24;-0.5;-0.5;2.01301;1;15;1;;;;;
9.26;-0.5;-0.5;4.287966;1;15;1;;;;;
9.28;-0.5;-0.5;2.295919;1;15;1;;;;;
9.3;-0.5;-0.5;2.240746;1;15;1;;;;;
9.32;-0.5;-0.5;3.214349;1;15;1;;;;;
9.34;-0.5;-0.5;2.664943;1;15;1;;;;;
9.36;-0.5;-0.5;2.679488;1;15;1;;;;;
9.38;-0.5;-0.5;3.008381;1;15;1;;;;;
9.4;-0.5;-0.5;2.359319;1;15;1;;;;;
9.42;-0.5;-0.5;2.99704;1;15;1;;;;;
9.44;-0.5;-0.5;2.335376;1;15;1;;;;;
9.46;-0.5;-0.5;2.200655;1;15;1;;;;;
9.48;-0.5;-0.5;3.678221;1;15;1;;;;;
9.5;-0.5;-0.5;4.471373;1;15;1;;;;;
9.52;-0.5;-0.5;4.994169;1;15;1;;;;;
9.54;-0.5;-0.5;4.005007;1;15;1;;;;;
9.559999;-0.5;-0.5;3.121195;1;15;1;;;;;
9.58;-0.5;-0.5;2.891088;1;15;1;;;;;
9.599999;-0.5;-0.5;2.437764;1;15;1;;;;;
9.62;-0.5;-0.5;3.155014;1;15;1;;;;;
9.639999;-0.5;-0.5;4.470602;1;15;1;;;;;
9.66;-0.5;-0.5;2.933636;1;15;1;;;;;
9.679999;-0.5;-0.5;3.817634;1;15;1;;;;;
9.7;-0.5;-0.5;4.026212;1;15;1;;;;;
9.719999;-0.5;-0.5;2.121631;1;15;1;;;;;
9.74;-0.5;-0.5;3.391047;1;15;1;;;;;
9.76;-0.5;-0.5;5.215772;1;15;1;;;;;
9.78;-0.5;-0.5;5.35077;1;15;1;;;;;
9.8;-0.5;-0.5;4.800054;1;15;1;;;;;
9.82;-0.5;-0.5;5.16483;1;15;1;;;;;
9.84;-0.5;-0.5;2.814172;1;15;1;;;;;
9.86;-0.5;-0.5;5.992678;1;15;1;;;;;
9.88;-0.5;-0.5;5.933092;1;15;1;;;;;
9.9;-0.5;-0.5;4.557324;1;15;1;;;;;
9.92;-0.5;-0.5;4.719342;1;15;1;;;;;
9.94;-0.5;-0.5;4.744713;1;15;1;;;;;
9.96;-0.5;-0.5;5.839707;1;15;1;;;;;
9.98;-0.5;-0.5;4.361756;1;15;1;;;;;
10;-0.5;-0.5;5.537563;1;15;1;;;;;
10.02;-0.5;-0.5;2.442143;1;15;1;;;;;
10.04;-0.5;-0.5;3.702985;1;15;1;;;;;
10.06;-0.5;-0.5;4.906542;1;15;1;;;;;
10.08;-0.5;-0.5;5.846171;1;15;1;;;;;
10.1;-0.5;-0.5;2.76791;1;15;1;;;;;
10.12;-0.5;-0.5;2.114236;1;15;1;;;;;
10.14;-0.5;-0.5;4.369663;1;15;1;;;;;
10.16;-0.5;-0.5;4.941234;1;15;1;;;;;
10.18;-0.5;-0.5;5.619232;1;15;1;;;;;
10.2;-0.5;-0.5;5.460545;1;15;1;;;;;
10.22;-0.5;-0.5;2.025452;1;15;1;;;;;
10.24;-0.5;-0.5;5.82307;1;15;1;;;;;
10.26;-0.5;-0.5;5.450188;1;15;1;;;;;
10.28;-0.5;-0.5;5.280753;1;15;1;;;;;
10.3;-0.5;-0.5;5.860961;1;15;1;;;;;
10.32;-0.5;-0.5;3.444789;1;15;1;;;;;
10.34;-0.5;-0.5;3.609392;1;15;1;;;;;
10.36;-0.5;-0.5;2.668416;1;15;1;;;;;
10.38;-0.5;-0.5;5.583606;1;15;1;;;;;
10.4;-0.5;-0.5;5.438972;1;15;1;;;;;
10.42;-0.5;-0.5;3.064049;1;15;1;;;;;
10.44;-0.5;-0.5;5.86517;1;15;1;;;;;
10.46;-0.5;-0.5;5.443213;1;15;1;;;;;
10.48;-0.5;-0.5;2.725524;1;15;1;;;;;
10.5;-0.5;-0.5;4.58789;1;15;1;;;;;
10.52;-0.5;-0.5;3.24923;1;15;1;;;;;
10.54;-0.5;-0.5;3.351101;1;15;1;;;;;
10.56;-0.5;-0.5;4.1302;1;15;1;;;;;
10.58;-0.5;-0.5;5.016581;1;15;1;;;;;
10.6;-0.5;-0.5;4.204106;1;15;1;;;;;
10.62;-0.5;-0.5;5.798225;1;15;1;;;;;
10.64;-0.5;-0.5;5.076258;1;15;1;;;;;
10.66;-0.5;-0.5;4.069679;1;15;1;;;;;
10.68;-0.5;-0.5;4.548972;1;15;1;;;;;
10.7;-0.5;-0.5;2.803876;1;15;1;;;;;
10.72;-0.5;-0.5;3.691228;1;15;1;;;;;
10.74;-0.5;-0.5;5.099837;1;15;1;;;;;
10.76;-0.5;-0.5;4.372101;1;15;1;;;;;
10.78;-0.5;-0.5;2.928025;1;15;1;;;;;
10.8;-0.5;-0.5;3.166726;1;15;1;;;;;
10.82;-0.5;-0.5;4.139097;1;15;1;;;;;
10.84;-0.5;-0.5;3.338172;1;15;1;;;;;
10.86;-0.5;-0.5;4.566988;1;15;1;;;;;
10.88;-0.5;-0.5;4.061581;1;15;1;;;;;
10.9;-0.5;-0.5;3.982851;1;15;1;;;;;
10.92;-0.5;-0.5;4.518383;1;15;1;;;;;
10.94;-0.5;-0.5;3.791283;1;15;1;;;;;
10.96;-0.5;-0.5;4.843955;1;15;1;;;;;
10.98;-0.5;-0.5;5.898895;1;15;1;;;;;
11;-0.5;-0.5;2.757244;1;15;1;;;;;
11.02;-0.5;-0.5;2.477033;1;15;1;;;;;
11.04;-0.5;-0.5;2.195488;1;15;1;;;;;
11.06;-0.5;-0.5;4.120076;1;15;1;;;;;
11.08;-0.5;-0.5;4.109714;1;15;1;;;;;
11.1;-0.5;-0.5;5.576813;1;15;1;;;;;
11.12;-0.5;-0.5;4.503613;1;15;1;;;;;
11.14;-0.5;-0.5;2.199656;1;15;1;;;;;
11.16;-0.5;-0.5;2.931323;1;15;1;;;;;
11.18;-0.5;-0.5;3.862094;1;15;1;;;;;
11.2;-0.5;-0.5;4.313737;1;15;1;;;;;
11.22;-0.5;-0.5;3.108565;1;15;1;;;;;
11.24;-0.5;-0.5;2.273124;1;15;1;;;;;
11.26;-0.5;-0.5;2.630761;1;15;1;;;;;
11.28;-0.5;-0.5;4.788479;1;15;1;;;;;
11.3;-0.5;-0.5;2.900261;1;15;1;;;;;
11.32;-0.5;-0.5;3.512587;1;15;1;;;;;
11.34;-0.5;-0.5;3.972443;1;15;1;;;;;
11.36;-0.5;-0.5;5.88686;1;15;1;;;;;
11.38;-0.5;-0.5;2.672081;1;15;1;;;;;
11.4;-0.5;-0.5;3.549313;1;15;1;;;;;
11.42;-0.5;-0.5;3.537974;1;15;1;;;;;
11.44;-0.5;-0.5;3.464044;1;15;1;;;;;
11.46;-0.5;-0.5;3.985881;1;15;1;;;;;
11.48;-0.5;-0.5;5.244455;1;15;1;;;;;
11.5;-0.5;-0.5;2.178282;1;15;1;;;;;
11.52;-0.5;-0.5;5.751181;1;15;1;;;;;
11.54;-0.5;-0.5;5.610828;1;15;1;;;;;
11.56;-0.5;-0.5;3.140492;1;15;1;;;;;
11.58;-0.5;-0.5;2.280188;1;15;1;;;;;
11.6;-0.5;-0.5;2.05202;1;15;1;;;;;
11.62;-0.5;-0.5;3.955252;1;15;1;;;;;
11.64;-0.5;-0.5;5.157917;1;15;1;;;;;
11.66;-0.5;-0.5;2.934701;1;15;1;;;;;
11.68;-0.5;-0.5;4.389824;1;15;1;;;;;
11.7;-0.5;-0.5;5.600557;1;15;1;;;;;
11.72;-0.5;-0.5;2.888651;1;15;1;;;;;
11.74;-0.5;-0.5;4.020944;1;15;1;;;;;
11.76;-0.5;-0.5;5.203151;1;15;1;;;;;
11.78;-0.5;-0.5;5.573423;1;15;1;;;;;
11.8;-0.5;-0.5;4.100137;1;15;1;;;;;
11.82;-0.5;-0.5;2.376036;1;15;1;;;;;
11.84;-0.5;-0.5;5.065448;1;15;1;;;;;
11.86;-0.5;-0.5;5.375981;1;15;1;;;;;
11.88;-0.5;-0.5;5.639862;1;15;1;;;;;
11.9;-0.5;-0.5;4.063493;1;15;1;;;;;
11.92;-0.5;-0.5;3.968307;1;15;1;;;;;
11.94;-0.5;-0.5;2.465006;1;15;1;;;;;
11.96;-0.5;-0.5;3.38556;1;15;1;;;;;
11.98;-0.5;-0.5;4.370881;1;15;1;;;;;
12;-0.5;-0.5;4.823571;1;15;1;;;;;
12.02;-0.5;-0.5;2.804407;1;15;1;;;;;
12.04;-0.5;-0.5;4.038858;1;15;1;;;;;
12.06;-0.5;-0.5;2.776021;1;15;1;;;;;
12.08;-0.5;-0.5;5.610956;1;15;1;;;;;
12.1;-0.5;-0.5;5.875243;1;15;1;;;;;
12.12;-0.5;-0.5;5.025106;1;15;1;;;;;
12.14;-0.5;-0.5;4.353333;1;15;1;;;;;
12.16;-0.5;-0.5;5.945748;1;15;1;;;;;
12.18;-0.5;-0.5;4.453484;1;15;1;;;;;
12.2;-0.5;-0.5;2.188419;1;15;1;;;;;
12.22;-0.5;-0.5;5.52407;1;15;1;;;;;
12.24;-0.5;-0.5;5.515144;1;15;1;;;;;
12.26;-0.5;-0.5;4.732206;1;15;1;;;;;
12.28;-0.5;-0.5;5.542852;1;15;1;;;;;
12.3;-0.5;-0.5;5.793617;1;15;1;;;;;
12.32;-0.5;-0.5;5.53173;1;15;1;;;;;
12.34;-0.5;-0.5;4.671105;1;15;1;;;;;
12.36;-0.5;-0.5;5.232531;1;15;1;;;;;
12.38;-0.5;-0.5;3.003886;1;15;1;;;;;
12.4;-0.5;-0.5;3.668919;1;15;1;;;;;
12.42;-0.5;-0.5;2.323668;1;15;1;;;;;
12.44;-0.5;-0.5;5.992413;1;15;1;;;;;
12.46;-0.5;-0.5;4.441147;1;15;1;;;;;
12.48;-0.5;-0.5;3.842292;1;15;1;;;;;
12.5;-0.5;-0.5;2.008148;1;15;1;;;;;
12.52;-0.5;-0.5;2.70695;1;15;1;;;;;
12.54;-0.5;-0.5;2.102411;1;15;1;;;;;
12.56;-0.5;-0.5;3.247122;1;15;1;;;;;
12.58;-0.5;-0.5;2.85985;1;15;1;;;;;
12.6;-0.5;-0.5;2.078642;1;15;1;;;;;
12.62;-0.5;-0.5;3.938908;1;15;1;;;;;
12.64;-0.5;-0.5;5.869527;1;15;1;;;;;
12.66;-0.5;-0.5;3.499513;1;15;1;;;;;
12.68;-0.5;-0.5;4.360011;1;15;1;;;;;
12.7;-0.5;-0.5;3.163507;1;15;1;;;;;
12.72;-0.5;-0.5;4.111838;1;15;1;;;;;
12.74;-0.5;-0.5;3.856907;1;15;1;;;;;
12.76;-0.5;-0.5;2.027884;1;15;1;;;;;
12.78;-0.5;-0.5;5.269515;1;15;1;;;;;
12.8;-0.5;-0.5;2.525189;1;15;1;;;;;
12.82;-0.5;-0.5;2.043968;1;15;1;;;;;
12.84;-0.5;-0.5;5.541825;1;15;1;;;;;
12.86;-0.5;-0.5;3.251505;1;15;1;;;;;
12.88;-0.5;-0.5;2.728848;1;15;1;;;;;
12.9;-0.5;-0.5;2.872318;1;15;1;;;;;
12.92;-0.5;-0.5;2.661641;1;15;1;;;;;
12.94;-0.5;-0.5;4.997663;1;15;1;;;;;
12.96;-0.5;-0.5;4.287869;1;15;1;;;;;
12.98;-0.5;-0.5;4.866103;1;15;1;;;;;
13;-0.5;-0.5;5.968486;1;15;1;;;;;
13.02;-0.5;-0.5;2.954607;1;15;1;;;;;
13.04;-0.5;-0.5;4.052331;1;15;1;;;;;
13.06;-0.5;-0.5;4.393484;1;15;1;;;;;
13.08;-0.5;-0.5;5.267601;1;15;1;;;;;
13.1;-0.5;-0.5;3.168221;1;15;1;;;;;
13.12;-0.5;-0.5;4.205853;1;15;1;;;;;
13.14;-0.5;-0.5;2.752162;1;15;1;;;;;
13.16;-0.5;-0.5;4.46347;1;15;1;;;;;
13.18;-0.5;-0.5;2.333795;1;15;1;;;;;
13.2;-0.5;-0.5;5.391701;1;15;1;;;;;
13.22;-0.5;-0.5;3.290915;1;15;1;;;;;
13.24;-0.5;-0.5;5.732584;1;15;1;;;;;
13.26;-0.5;-0.5;2.17978;1;15;1;;;;;
13.28;-0.5;-0.5;5.073078;1;15;1;;;;;
13.3;-0.5;-0.5;5.321175;1;15;1;;;;;
13.32;-0.5;-0.5;4.921881;1;15;1;;;;;
13.34;-0.5;-0.5;5.259576;1;15;1;;;;;
13.36;-0.5;-0.5;2.545588;1;15;1;;;;;
13.38;-0.5;-0.5;3.136658;1;15;1;;;;;
13.4;-0.5;-0.5;3.723875;1;15;1;;;;;
13.42;-0.5;-0.5;3.980495;1;15;1;;;;;
13.44;-0.5;-0.5;5.412308;1;15;1;;;;;
13.46;-0.5;-0.5;2.054472;1;15;1;;;;;
13.48;-0.5;-0.5;2.389141;1;15;1;;;;;
13.5;-0.5;-0.5;2.914205;1;15;1;;;;;
13.52;-0.5;-0.5;2.936163;1;15;1;;;;;
13.54;-0.5;-0.5;4.552305;1;15;1;;;;;
13.56;-0.5;-0.5;4.370947;1;15;1;;;;;
13.58;-0.5;-0.5;5.155628;1;15;1;;;;;
13.6;-0.5;-0.5;3.17693;1;15;1;;;;;
13.62;-0.5;-0.5;4.385758;1;15;1;;;;;
13.64;-0.5;-0.5;3.236834;1;15;1;;;;;
13.66;-0.5;-0.5;5.167264;1;15;1;;;;;
13.68;-0.5;-0.5;2.139517;1;15;1;;;;;
13.7;-0.5;-0.5;3.191812;1;15;1;;;;;
13.72;-0.5;-0.5;5.651692;1;15;1;;;;;
13.74;-0.5;-0.5;3.681557;1;15;1;;;;;
13.76;-0.5;-0.5;5.279397;1;15;1;;;;;
13.78;-0.5;-0.5;4.805661;1;15;1;;;;;
13.8;-0.5;-0.5;3.646341;1;15;1;;;;;
13.82;-0.5;-0.5;3.322933;1;15;1;;;;;
13.84;-0.5;-0.5;3.09584;1;15;1;;;;;
13.86;-0.5;-0.5;3.939673;1;15;1;;;;;
13.88;-0.5;-0.5;2.341455;1;15;1;;;;;
13.9;-0.5;-0.5;3.551018;1;15;1;;;;;
13.92;-0.5;-0.5;5.275864;1;15;1;;;;;
13.94;-0.5;-0.5;3.315538;1;15;1;;;;;
13.96;-0.5;-0.5;3.172039;1;15;1;;;;;
13.98;-0.5;-0.5;4.652132;1;15;1;;;;;
14;-0.5;-0.5;2.990779;1;15;1;;;;;
14.02;-0.5;-0.5;3.732916;1;15;1;;;;;
14.04;-0.5;-0.5;5.456161;1;15;1;;;;;
14.06;-0.5;-0.5;3.959369;1;15;1;;;;;
14.08;-0.5;-0.5;3.438895;1;15;1;;;;;
14.1;-0.5;-0.5;3.810282;1;15;1;;;;;
14.12;-0.5;-0.5;3.075435;1;15;1;;;;;
14.14;-0.5;-0.5;5.344771;1;15;1;;;;;
14.16;-0.5;-0.5;3.431901;1;15;1;;;;;
14.18;-0.5;-0.5;5.058681;1;15;1;;;;;
14.2;-0.5;-0.5;4.312925;1;15;1;;;;;
14.22;-0.5;-0.5;2.062239;1;15;1;;;;;
14.24;-0.5;-0.5;4.142547;1;15;1;;;;;
14.26;-0.5;-0.5;5.011395;1;15;1;;;;;
14.28;-0.5;-0.5;3.158035;1;15;1;;;;;
14.3;-0.5;-0.5;5.75824;1;15;1;;;;;
14.32;-0.5;-0.5;4.092362;1;15;1;;;;;
14.34;-0.5;-0.5;3.450976;1;15;1;;;;;
14.36;-0.5;-0.5;3.560609;1;15;1;;;;;
14.38;-0.5;-0.5;2.519174;1;15;1;;;;;
14.4;-0.5;-0.5;5.585337;1;15;1;;;;;
14.42;-0.5;-0.5;3.762984;1;15;1;;;;;
14.44;-0.5;-0.5;3.158829;1;15;1;;;;;
14.46;-0.5;-0.5;3.051787;1;15;1;;;;;
14.48;-0.5;-0.5;3.892936;1;15;1;;;;;
14.5;-0.5;-0.5;5.594491;1;15;1;;;;;
14.52;-0.5;-0.5;3.706961;1;15;1;;;;;
14.54;-0.5;-0.5;4.853661;1;15;1;;;;;
14.56;-0.5;-0.5;5.703846;1;15;1;;;;;
14.58;-0.5;-0.5;4.190456;1;15;1;;;;;
14.6;-0.5;-0.5;4.869373;1;15;1;;;;;
14.62;-0.5;-0.5;4.547936;1;15;1;;;;;
14.64;-0.5;-0.5;5.847716;1;15;1;;;;;
14.66;-0.5;-0.5;4.864628;1;15;1;;;;;
14.68;-0.5;-0.5;5.071725;1;15;1;;;;;
14.7;-0.5;-0.5;4.202165;1;15;1;;;;;
14.72;-0.5;-0.5;3.468169;1;15;1;;;;;
14.74;-0.5;-0.5;3.232809;1;15;1;;;;;
14.76;-0.5;-0.5;3.983499;1;15;1;;;;;
14.78;-0.5;-0.5;3.073244;1;15;1;;;;;
14.8;-0.5;-0.5;4.233958;1;15;1;;;;;
14.82;-0.5;-0.5;5.232922;1;15;1;;;;;
14.84;-0.5;-0.5;3.153609;1;15;1;;;;;
14.86;-0.5;-0.5;4.40967;1;15;1;;;;;
14.88;-0.5;-0.5;2.398085;1;15;1;;;;;
14.9;-0.5;-0.5;3.239586;1;15;1;;;;;
14.92;-0.5;-0.5;2.333018;1;15;1;;;;;
14.94;-0.5;-0.5;5.020913;1;15;1;;;;;
14.96;-0.5;-0.5;2.584485;1;15;1;;;;;
14.98;-0.5;-0.5;3.965658;1;15;1;;;;;
15;-0.5;-0.5;2.395422;1;15;1;;;;;
15.02;-0.5;-0.5;5.277989;1;15;1;;;;;
15.04;-0.5;-0.5;5.981987;1;15;1;;;;;
15.06;-0.5;-0.5;2.094048;1;15;1;;;;;
15.08;-0.5;-0.5;2.702798;1;15;1;;;;;
15.1;-0.5;-0.5;5.950274;1;15;1;;;;;
15.12;-0.5;-0.5;3.804636;1;15;1;;;;;
15.14;-0.5;-0.5;3.16506;1;15;1;;;;;
15.16;-0.5;-0.5;2.055437;1;15;1;;;;;
15.18;-0.5;-0.5;5.08964;1;15;1;;;;;
15.2;-0.5;-0.5;4.885834;1;15;1;;;;;
15.22;-0.5;-0.5;5.783789;1;15;1;;;;;
15.24;-0.5;-0.5;2.347166;1;15;1;;;;;
15.26;-0.5;-0.5;5.987398;1;15;1;;;;;
15.28;-0.5;-0.5;4.989549;1;15;1;;;;;
15.3;-0.5;-0.5;4.394917;1;15;1;;;;;
15.32;-0.5;-0.5;3.841099;1;15;1;;;;;
15.34;-0.5;-0.5;3.915796;1;15;1;;;;;
15.36;-0.5;-0.5;4.638393;1;15;1;;;;;
15.38;-0.5;-0.5;2.168517;1;15;1;;;;;
15.4;-0.5;-0.5;3.323492;1;15;1;;;;;
15.42;-0.5;-0.5;4.943945;1;15;1;;;;;
15.44;-0.5;-0.5;3.618472;1;15;1;;;;;
15.46;-0.5;-0.5;4.293762;1;15;1;;;;;
15.48;-0.5;-0.5;3.123563;1;15;1;;;;;
15.5;-0.5;-0.5;2.179294;1;15;1;;;;;
15.52;-0.5;-0.5;5.105775;1;15;1;;;;;
15.54;-0.5;-0.5;3.247722;1;15;1;;;;;
15.56;-0.5;-0.5;4.813824;1;15;1;;;;;
15.58;-0.5;-0.5;5.499794;1;15;1;;;;;
15.6;-0.5;-0.5;2.626595;1;15;1;;;;;
15.62;-0.5;-0.5;5.28616;1;15;1;;;;;
15.64;-0.5;-0.5;4.206956;1;15;1;;;;;
15.66;-0.5;-0.5;3.968965;1;15;1;;;;;
15.68;-0.5;-0.5;2.23512;1;15;1;;;;;
15.7;-0.5;-0.5;3.721656;1;15;1;;;;;
15.72;-0.5;-0.5;3.527195;1;15;1;;;;;
15.74;-0.5;-0.5;4.246439;1;15;1;;;;;
15.76;-0.5;-0.5;3.104667;1;15;1;;;;;
15.78;-0.5;-0.5;3.984581;1;15;1;;;;;
15.8;-0.5;-0.5;2.915308;1;15;1;;;;;
15.82;-0.5;-0.5;3.349398;1;15;1;;;;;
15.84;-0.5;-0.5;4.024439;1;15;1;;;;;
15.86;-0.5;-0.5;5.575812;1;15;1;;;;;
15.88;-0.5;-0.5;5.996872;1;15;1;;;;;
15.9;-0.5;-0.5;4.572658;1;15;1;;;;;
15.92;-0.5;-0.5;2.352546;1;15;1;;;;;
15.94;-0.5;-0.5;5.163378;1;15;1;;;;;
15.96;-0.5;-0.5;3.026627;1;15;1;;;;;
15.98;-0.5;-0.5;5.270089;1;15;1;;;;;
16;-0.5;-0.5;3.022471;1;15;1;;;;;
16.02;-0.5;-0.5;5.231867;1;15;1;;;;;
16.04;-0.5;-0.5;3.854808;1;15;1;;;;;
16.06;-0.5;-0.5;4.458764;1;15;1;;;;;
16.08;-0.5;-0.5;3.78316;1;15;1;;;;;
16.1;-0.5;-0.5;5.198518;1;15;1;;;;;
16.12;-0.5;-0.5;2.532074;1;15;1;;;;;
16.14;-0.5;-0.5;4.001384;1;15;1;;;;;
16.16;-0.5;-0.5;4.876063;1;15;1;;;;;
16.18;-0.5;-0.5;2.942522;1;15;1;;;;;
16.2;-0.5;-0.5;2.898646;1;15;1;;;;;
16.22;-0.5;-0.5;2.827954;1;15;1;;;;;
16.24;-0.5;-0.5;3.188426;1;15;1;;;;;
16.26;-0.5;-0.5;2.64668;1;15;1;;;;;
16.28;-0.5;-0.5;3.665499;1;15;1;;;;;
16.3;-0.5;-0.5;3.085288;1;15;1;;;;;
16.32;-0.5;-0.5;4.40136;1;15;1;;;;;
16.34;-0.5;-0.5;5.391984;1;15;1;;;;;
16.36;-0.5;-0.5;5.632086;1;15;1;;;;;
16.38;-0.5;-0.5;2.895687;1;15;1;;;;;
16.4;-0.5;-0.5;4.284045;1;15;1;;;;;
16.42;-0.5;-0.5;4.71886;1;15;1;;;;;
16.44;-0.5;-0.5;5.301812;1;15;1;;;;;
16.46;-0.5;-0.5;5.508919;1;15;1;;;;;
16.48;-0.5;-0.5;3.940554;1;15;1;;;;;
16.5;-0.5;-0.5;5.074156;1;15;1;;;;;
16.52;-0.5;-0.5;4.62667;1;15;1;;;;;
16.54;-0.5;-0.5;3.531873;1;15;1;;;;;
16.56;-0.5;-0.5;4.165413;1;15;1;;;;;
16.58;-0.5;-0.5;3.888452;1;15;1;;;;;
16.6;-0.5;-0.5;5.005609;1;15;1;;;;;
16.62;-0.5;-0.5;2.146189;1;15;1;;;;;
16.64;-0.5;-0.5;4.70069;1;15;1;;;;;
16.66;-0.5;-0.5;4.576976;1;15;1;;;;;
16.68;-0.5;-0.5;3.753234;1;15;1;;;;;
16.7;-0.5;-0.5;2.748413;1;15;1;;;;;
16.72;-0.5;-0.5;5.325328;1;15;1;;;;;
16.74;-0.5;-0.5;3.941081;1;15;1;;;;;
16.76;-0.5;-0.5;2.2718;1;15;1;;;;;
16.78;-0.5;-0.5;3.543382;1;15;1;;;;;
16.8;-0.5;-0.5;3.542745;1;15;1;;;;;
16.82;-0.5;-0.5;5.408836;1;15;1;;;;;
16.84;-0.5;-0.5;4.414805;1;15;1;;;;;
16.86;-0.5;-0.5;2.477149;1;15;1;;;;;
16.88;-0.5;-0.5;4.096051;1;15;1;;;;;
16.9;-0.5;-0.5;5.029021;1;15;1;;;;;
16.92;-0.5;-0.5;4.552423;1;15;1;;;;;
16.94;-0.5;-0.5;2.416833;1;15;1;;;;;
16.96;-0.5;-0.5;3.038427;1;15;1;;;;;
16.98;-0.5;-0.5;5.750965;1;15;1;;;;;
17;-0.5;-0.5;5.28852;1;15;1;;;;;
17.02;-0.5;-0.5;5.250744;1;15;1;;;;;
17.04;-0.5;-0.5;4.06606;1;15;1;;;;;
17.06;-0.5;-0.5;4.967332;1;15;1;;;;;
17.08;-0.5;-0.5;5.63984;1;15;1;;;;;
17.1;-0.5;-0.5;5.316146;1;15;1;;;;;
17.12;-0.5;-0.5;3.671279;1;15;1;;;;;
17.14;-0.5;-0.5;3.136971;1;15;1;;;;;
17.16;-0.5;-0.5;3.371554;1;15;1;;;;;
17.18;-0.5;-0.5;3.71842;1;15;1;;;;;
17.2;-0.5;-0.5;5.183536;1;15;1;;;;;
17.22;-0.5;-0.5;4.299649;1;15;1;;;;;
17.24;-0.5;-0.5;2.306426;1;15;1;;;;;
17.26;-0.5;-0.5;3.541046;1;15;1;;;;;
17.28;-0.5;-0.5;2.026026;1;15;1;;;;;
17.3;-0.5;-0.5;2.711936;1;15;1;;;;;
17.32;-0.5;-0.5;2.666862;1;15;1;;;;;
17.34;-0.5;-0.5;3.27711;1;15;1;;;;;
17.36;-0.5;-0.5;2.307272;1;15;1;;;;;
17.38;-0.5;-0.5;2.89261;1;15;1;;;;;
17.4;-0.5;-0.5;3.501925;1;15;1;;;;;
17.42;-0.5;-0.5;4.967266;1;15;1;;;;;
17.44;-0.5;-0.5;3.262115;1;15;1;;;;;
17.46;-0.5;-0.5;3.592517;1;15;1;;;;;
17.48;-0.5;-0.5;3.444683;1;15;1;;;;;
17.5;-0.5;-0.5;5.030912;1;15;1;;;;;
17.52;-0.5;-0.5;4.476979;1;15;1;;;;;
17.54;-0.5;-0.5;5.074269;1;15;1;;;;;
17.56;-0.5;-0.5;2.823162;1;15;1;;;;;
17.58;-0.5;-0.5;5.693608;1;15;1;;;;;
17.6;-0.5;-0.5;3.689481;1;15;1;;;;;
17.62;-0.5;-0.5;4.801446;1;15;1;;;;;
17.64;-0.5;-0.5;2.615591;1;15;1;;;;;
17.66;-0.5;-0.5;3.619505;1;15;1;;;;;
17.68;-0.5;-0.5;4.817542;1;15;1;;;;;
17.7;-0.5;-0.5;2.781282;1;15;1;;;;;
17.72;-0.5;-0.5;5.651437;1;15;1;;;;;
17.74;-0.5;-0.5;4.950119;1;15;1;;;;;
17.76;-0.5;-0.5;4.626084;1;15;1;;;;;
17.78;-0.5;-0.5;5.456448;1;15;1;;;;;
17.8;-0.5;-0.5;3.036604;1;15;1;;;;;
17.82;-0.5;-0.5;3.826445;1;15;1;;;;;
17.84;-0.5;-0.5;4.536359;1;15;1;;;;;
17.86;-0.5;-0.5;2.028494;1;15;1;;;;;
17.88;-0.5;-0.5;3.417681;1;15;1;;;;;
17.9;-0.5;-0.5;2.55342;1;15;1;;;;;
17.92;-0.5;-0.5;3.285537;1;15;1;;;;;
17.94;-0.5;-0.5;2.324429;1;15;1;;;;;
17.96;-0.5;-0.5;5.343949;1;15;1;;;;;
17.98;-0.5;-0.5;5.834949;1;15;1;;;;;
18;-0.5;-0.5;2.556462;1;15;1;;;;;
18.02;-0.5;-0.5;2.297345;1;15;1;;;;;
18.04;-0.5;-0.5;4.971528;1;15;1;;;;;
18.06;-0.5;-0.5;2.084466;1;15;1;;;;;
18.08;-0.5;-0.5;3.521256;1;15;1;;;;;
18.1;-0.5;-0.5;2.154804;1;15;1;;;;;
18.12;-0.5;-0.5;3.675382;1;15;1;;;;;
18.14;-0.5;-0.5;2.781202;1;15;1;;;;;
18.16;-0.5;-0.5;3.007373;1;15;1;;;;;
18.18;-0.5;-0.5;5.246773;1;15;1;;;;;
18.2;-0.5;-0.5;2.980096;1;15;1;;;;;
18.22;-0.5;-0.5;3.215785;1;15;1;;;;;
18.24;-0.5;-0.5;3.043959;1;15;1;;;;;
18.26;-0.5;-0.5;4.087979;1;15;1;;;;;
18.28;-0.5;-0.5;5.254253;1;15;1;;;;;
18.3;-0.5;-0.5;5.575347;1;15;1;;;;;
18.32;-0.5;-0.5;4.36509;1;15;1;;;;;
18.34;-0.5;-0.5;3.911603;1;15;1;;;;;
18.36;-0.5;-0.5;5.388734;1;15;1;;;;;
18.38;-0.5;-0.5;2.35336;1;15;1;;;;;
18.4;-0.5;-0.5;2.31679;1;15;1;;;;;
18.42;-0.5;-0.5;5.37262;1;15;1;;;;;
18.44;-0.5;-0.5;4.840858;1;15;1;;;;;
18.46;-0.5;-0.5;2.006516;1;15;1;;;;;
18.48;-0.5;-0.5;4.426147;1;15;1;;;;;
18.5;-0.5;-0.5;3.166848;1;15;1;;;;;
18.52;-0.5;-0.5;3.334081;1;15;1;;;;;
18.54;-0.5;-0.5;4.301242;1;15;1;;;;;
18.56;-0.5;-0.5;2.811372;1;15;1;;;;;
18.58;-0.5;-0.5;3.370443;1;15;1;;;;;
18.6;-0.5;-0.5;4.136049;1;15;1;;;;;
18.62;-0.5;-0.5;2.255693;1;15;1;;;;;
18.64;-0.5;-0.5;2.62876;1;15;1;;;;;
18.66;-0.5;-0.5;4.567557;1;15;1;;;;;
18.68;-0.5;-0.5;2.735033;1;15;1;;;;;
18.7;-0.5;-0.5;2.865157;1;15;1;;;;;
18.72;-0.5;-0.5;3.77402;1;15;1;;;;;
18.74;-0.5;-0.5;3.322433;1;15;1;;;;;
18.76;-0.5;-0.5;4.269317;1;15;1;;;;;
18.78;-0.5;-0.5;2.586683;1;15;1;;;;;
18.8;-0.5;-0.5;2.51664;1;15;1;;;;;
18.82;-0.5;-0.5;3.756206;1;15;1;;;;;
18.84;-0.5;-0.5;5.378022;1;15;1;;;;;
18.86;-0.5;-0.5;2.527749;1;15;1;;;;;
18.88;-0.5;-0.5;4.480671;1;15;1;;;;;
18.9;-0.5;-0.5;3.926004;1;15;1;;;;;
18.92;-0.5;-0.5;2.214128;1;15;1;;;;;
18.94;-0.5;-0.5;3.937259;1;15;1;;;;;
18.96;-0.5;-0.5;2.00005;1;15;1;;;;;
18.98;-0.5;-0.5;5.708179;1;15;1;;;;;
19;-0.5;-0.5;3.851235;1;15;1;;;;;
19.02;-0.5;-0.5;4.191011;1;15;1;;;;;
19.04;-0.5;-0.5;5.552934;1;15;1;;;;;
19.06;-0.5;-0.5;3.169026;1;15;1;;;;;
19.08;-0.5;-0.5;5.489574;1;15;1;;;;;
19.1;-0.5;-0.5;4.846632;1;15;1;;;;;
19.12;-0.5;-0.5;4.83392;1;15;1;;;;;
19.14;-0.5;-0.5;4.818757;1;15;1;;;;;
19.16;-0.5;-0.5;3.450924;1;15;1;;;;;
19.18;-0.5;-0.5;5.29804;1;15;1;;;;;
19.2;-0.5;-0.5;4.372343;1;15;1;;;;;
19.22;-0.5;-0.5;3.941957;1;15;1;;;;;
19.24;-0.5;-0.5;2.41677;1;15;1;;;;;
19.26;-0.5;-0.5;4.017021;1;15;1;;;;;
19.28;-0.5;-0.5;5.73627;1;15;1;;;;;
19.3;-0.5;-0.5;3.223169;1;15;1;;;;;
19.32;-0.5;-0.5;3.623464;1;15;1;;;;;
19.34;-0.5;-0.5;5.238704;1;15;1;;;;;
19.36;-0.5;-0.5;5.28366;1;15;1;;;;;
19.38;-0.5;-0.5;3.372809;1;15;1;;;;;
19.4;-0.5;-0.5;4.427712;1;15;1;;;;;
19.42;-0.5;-0.5;5.385561;1;15;1;;;;;
19.44;-0.5;-0.5;4.747592;1;15;1;;;;;
19.46;-0.5;-0.5;2.83416;1;15;1;;;;;
19.48;-0.5;-0.5;4.398823;1;15;1;;;;;
19.5;-0.5;-0.5;4.350964;1;15;1;;;;;
19.52;-0.5;-0.5;3.654167;1;15;1;;;;;
19.54;-0.5;-0.5;5.91115;1;15;1;;;;;
19.56;-0.5;-0.5;3.070653;1;15;1;;;;;
19.58;-0.5;-0.5;4.056612;1;15;1;;;;;
19.6;-0.5;-0.5;4.496848;1;15;1;;;;;
19.62;-0.5;-0.5;3.029135;1;15;1;;;;;
19.64;-0.5;-0.5;5.473272;1;15;1;;;;;
19.66;-0.5;-0.5;5.997087;1;15;1;;;;;
19.68;-0.5;-0.5;4.397017;1;15;1;;;;;
19.7;-0.5;-0.5;3.842326;1;15;1;;;;;
19.72;-0.5;-0.5;5.59792;1;15;1;;;;;
19.74;-0.5;-0.5;5.917002;1;15;1;;;;;
19.76;-0.5;-0.5;3.570595;1;15;1;;;;;
19.78;-0.5;-0.5;3.38512;1;15;1;;;;;
19.8;-0.5;-0.5;3.232812;1;15;1;;;;;
19.82;-0.5;-0.5;4.510938;1;15;1;;;;;
19.84;-0.5;-0.5;2.261845;1;15;1;;;;;
19.86;-0.5;-0.5;3.209869;1;15;1;;;;;
19.88;-0.5;-0.5;2.697805;1;15;1;;;;;
19.9;-0.5;-0.5;4.365512;1;15;1;;;;;
19.92;-0.5;-0.5;5.600209;1;15;1;;;;;
19.94;-0.5;-0.5;2.78637;1;15;1;;;;;
19.96;-0.5;-0.5;4.280914;1;15;1;;;;;
19.98;-0.5;-0.5;3.333364;1;15;1;;;;;
20;-0.5;-0.5;2.462736;1;15;1;;;;;
20.02;-0.5;-0.5;2.026715;1;15;1;;;;;
20.04;-0.5;-0.5;5.840516;1;15;1;;;;;
20.06;-0.5;-0.5;3.477586;1;15;1;;;;;
20.08;-0.5;-0.5;3.464687;1;15;1;;;;;
20.1;-0.5;-0.5;5.323442;1;15;1;;;;;
20.12;-0.5;-0.5;2.730895;1;15;1;;;;;
20.14;-0.5;-0.5;2.161277;1;15;1;;;;;
20.16;-0.5;-0.5;2.336905;1;15;1;;;;;
20.18;-0.5;-0.5;4.578403;1;15;1;;;;;
20.2;-0.5;-0.5;3.674814;1;15;1;;;;;
20.22;-0.5;-0.5;5.697619;1;15;1;;;;;
20.24;-0.5;-0.5;2.947433;1;15;1;;;;;
20.26;-0.5;-0.5;5.263971;1;15;1;;;;;
20.28;-0.5;-0.5;3.32268;1;15;1;;;;;
20.3;-0.5;-0.5;4.999928;1;15;1;;;;;
20.32;-0.5;-0.5;2.975473;1;15;1;;;;;
20.34;-0.5;-0.5;5.994361;1;15;1;;;;;
20.36;-0.5;-0.5;2.654334;1;15;1;;;;;
20.38;-0.5;-0.5;3.116096;1;15;1;;;;;
20.4;-0.5;-0.5;3.376825;1;15;1;;;;;
20.42;-0.5;-0.5;2.105958;1;15;1;;;;;
20.44;-0.5;-0.5;4.057331;1;15;1;;;;;
20.46;-0.5;-0.5;2.5904;1;15;1;;;;;
20.48;-0.5;-0.5;3.090966;1;15;1;;;;;
20.5;-0.5;-0.5;4.307054;1;15;1;;;;;
20.52;-0.5;-0.5;3.403867;1;15;1;;;;;
20.54;-0.5;-0.5;4.227497;1;15;1;;;;;
20.56;-0.5;-0.5;4.26499;1;15;1;;;;;
20.58;-0.5;-0.5;2.579577;1;15;1;;;;;
20.6;-0.5;-0.5;3.229297;1;15;1;;;;;
20.62;-0.5;-0.5;2.959229;1;15;1;;;;;
20.64;-0.5;-0.5;2.946297;1;15;1;;;;;
20.66;-0.5;-0.5;2.962592;1;15;1;;;;;
20.68;-0.5;-0.5;4.449324;1;15;1;;;;;
20.7;-0.5;-0.5;4.390347;1;15;1;;;;;
20.72;-0.5;-0.5;4.252211;1;15;1;;;;;
20.74;-0.5;-0.5;2.824205;1;15;1;;;;;
20.76;-0.5;-0.5;4.95685;1;15;1;;;;;
20.78;-0.5;-0.5;2.285982;1;15;1;;;;;
20.8;-0.5;-0.5;4.297451;1;15;1;;;;;
20.82;-0.5;-0.5;5.948201;1;15;1;;;;;
20.84;-0.5;-0.5;4.605938;1;15;1;;;;;
20.86;-0.5;-0.5;3.065366;1;15;1;;;;;
20.88;-0.5;-0.5;4.303922;1;15;1;;;;;
20.9;-0.5;-0.5;2.031833;1;15;1;;;;;
20.92;-0.5;-0.5;4.842511;1;15;1;;;;;
20.94;-0.5;-0.5;2.860703;1;15;1;;;;;
20.96;-0.5;-0.5;5.977464;1;15;1;;;;;
20.98;-0.5;-0.5;3.52391;1;15;1;;;;;
21;-0.5;-0.5;5.721461;1;15;1;;;;;
21.02;-0.5;-0.5;5.535804;1;15;1;;;;;
21.04;-0.5;-0.5;2.693465;1;15;1;;;;;
21.06;-0.5;-0.5;3.082404;1;15;1;;;;;
21.08;-0.5;-0.5;4.761447;1;15;1;;;;;
21.1;-0.5;-0.5;2.160887;1;15;1;;;;;
21.12;-0.5;-0.5;3.092361;1;15;1;;;;;
21.14;-0.5;-0.5;4.76836;1;15;1;;;;;
21.16;-0.5;-0.5;2.08485;1;15;1;;;;;
21.18;-0.5;-0.5;5.820292;1;15;1;;;;;
21.2;-0.5;-0.5;5.01903;1;15;1;;;;;
21.22;-0.5;-0.5;5.306091;1;15;1;;;;;
21.24;-0.5;-0.5;3.445025;1;15;1;;;;;
21.26;-0.5;-0.5;2.737572;1;15;1;;;;;
21.28;-0.5;-0.5;2.124454;1;15;1;;;;;
21.3;-0.5;-0.5;2.543715;1;15;1;;;;;
21.32;-0.5;-0.5;3.412053;1;15;1;;;;;
21.34;-0.5;-0.5;2.649151;1;15;1;;;;;
21.36;-0.5;-0.5;5.246848;1;15;1;;;;;
21.38;-0.5;-0.5;4.573875;1;15;1;;;;;
21.4;-0.5;-0.5;5.479715;1;15;1;;;;;
21.42;-0.5;-0.5;4.694555;1;15;1;;;;;
21.44;-0.5;-0.5;5.733886;1;15;1;;;;;
21.46;-0.5;-0.5;3.989959;1;15;1;;;;;
21.48;-0.5;-0.5;2.415798;1;15;1;;;;;
21.5;-0.5;-0.5;5.49714;1;15;1;;;;;
21.52;-0.5;-0.5;4.815849;1;15;1;;;;;
21.54;-0.5;-0.5;4.054002;1;15;1;;;;;
21.56;-0.5;-0.5;5.593373;1;15;1;;;;;
21.58;-0.5;-0.5;2.486968;1;15;1;;;;;
21.6;-0.5;-0.5;3.612764;1;15;1;;;;;
21.62;-0.5;-0.5;3.081291;1;15;1;;;;;
21.64;-0.5;-0.5;2.524675;1;15;1;;;;;
21.66;-0.5;-0.5;3.241134;1;15;1;;;;;
21.68;-0.5;-0.5;2.813446;1;15;1;;;;;
21.7;-0.5;-0.5;3.893283;1;15;1;;;;;
21.72;-0.5;-0.5;2.54565;1;15;1;;;;;
21.74;-0.5;-0.5;4.333109;1;15;1;;;;;
21.76;-0.5;-0.5;2.11006;1;15;1;;;;;
21.78;-0.5;-0.5;5.900171;1;15;1;;;;;
21.8;-0.5;-0.5;4.080688;1;15;1;;;;;
21.82;-0.5;-0.5;4.463154;1;15;1;;;;;
21.84;-0.5;-0.5;5.384391;1;15;1;;;;;
21.86;-0.5;-0.5;4.392814;1;15;1;;;;;
21.88;-0.5;-0.5;2.970354;1;15;1;;;;;
21.9;-0.5;-0.5;5.058953;1;15;1;;;;;
21.92;-0.5;-0.5;2.26071;1;15;1;;;;;
21.94;-0.5;-0.5;2.810889;1;15;1;;;;;
21.96;-0.5;-0.5;5.957905;1;15;1;;;;;
21.98;-0.5;-0.5;5.315529;1;15;1;;;;;
22;-0.5;-0.5;4.261933;1;15;1;;;;;
22.02;-0.5;-0.5;5.26716;1;15;1;;;;;
22.04;-0.5;-0.5;5.228641;1;15;1;;;;;
22.06;-0.5;-0.5;4.470714;1;15;1;;;;;
22.08;-0.5;-0.5;3.120393;1;15;1;;;;;
22.1;-0.5;-0.5;3.141644;1;15;1;;;;;
22.12;-0.5;-0.5;5.775039;1;15;1;;;;;
22.14;-0.5;-0.5;3.519393;1;15;1;;;;;
22.16;-0.5;-0.5;4.834506;1;15;1;;;;;
22.18;-0.5;-0.5;3.841062;1;15;1;;;;;
22.2;-0.5;-0.5;4.46783;1;15;1;;;;;
22.22;-0.5;-0.5;4.794906;1;15;1;;;;;
22.24;-0.5;-0.5;4.212481;1;15;1;;;;;
22.26;-0.5;-0.5;2.197405;1;15;1;;;;;
22.28;-0.5;-0.5;3.88305;1;15;1;;;;;
22.3;-0.5;-0.5;2.038711;1;15;1;;;;;
22.32;-0.5;-0.5;2.941743;1;15;1;;;;;
22.34;-0.5;-0.5;4.061538;1;15;1;;;;;
22.36;-0.5;-0.5;4.801332;1;15;1;;;;;
22.38;-0.5;-0.5;3.778529;1;15;1;;;;;
22.4;-0.5;-0.5;2.93402;1;15;1;;;;;
22.42;-0.5;-0.5;2.548016;1;15;1;;;;;
22.44;-0.5;-0.5;4.533287;1;15;1;;;;;
22.46;-0.5;-0.5;3.058902;1;15;1;;;;;
22.48;-0.5;-0.5;3.746515;1;15;1;;;;;
22.5;-0.5;-0.5;4.161713;1;15;1;;;;;
22.52;-0.5;-0.5;2.010122;1;15;1;;;;;
22.54;-0.5;-0.5;2.976084;1;15;1;;;;;
22.56;-0.5;-0.5;5.703337;1;15;1;;;;;
22.58;-0.5;-0.5;3.403405;1;15;1;;;;;
22.6;-0.5;-0.5;5.875688;1;15;1;;;;;
22.62;-0.5;-0.5;2.666073;1;15;1;;;;;
22.64;-0.5;-0.5;4.072565;1;15;1;;;;;
22.66;-0.5;-0.5;2.597303;1;15;1;;;;;
22.68;-0.5;-0.5;4.700056;1;15;1;;;;;
22.7;-0.5;-0.5;2.732872;1;15;1;;;;;
22.72;-0.5;-0.5;5.267142;1;15;1;;;;;
22.74;-0.5;-0.5;2.097888;1;15;1;;;;;
22.76;-0.5;-0.5;3.239565;1;15;1;;;;;
22.78;-0.5;-0.5;3.370485;1;15;1;;;;;
22.8;-0.5;-0.5;5.074878;1;15;1;;;;;
22.82;-0.5;-0.5;3.282701;1;15;1;;;;;
22.84;-0.5;-0.5;2.896966;1;15;1;;;;;
22.86;-0.5;-0.5;5.469903;1;15;1;;;;;
22.88;-0.5;-0.5;4.136583;1;15;1;;;;;
22.9;-0.5;-0.5;4.810094;1;15;1;;;;;
22.92;-0.5;-0.5;4.849265;1;15;1;;;;;
22.94;-0.5;-0.5;2.447767;1;15;1;;;;;
22.96;-0.5;-0.5;3.438073;1;15;1;;;;;
22.98;-0.5;-0.5;3.947986;1;15;1;;;;;
23;-0.5;-0.5;2.199141;1;15;1;;;;;
23.02;-0.5;-0.5;5.108587;1;15;1;;;;;
23.04;-0.5;-0.5;2.431519;1;15;1;;;;;
23.06;-0.5;-0.5;3.745929;1;15;1;;;;;
23.08;-0.5;-0.5;5.678592;1;15;1;;;;;
23.1;-0.5;-0.5;3.365322;1;15;1;;;;;
23.12;-0.5;-0.5;3.220867;1;15;1;;;;;
23.14;-0.5;-0.5;5.01662;1;15;1;;;;;
23.16;-0.5;-0.5;3.933069;1;15;1;;;;;
23.18;-0.5;-0.5;4.143832;1;15;1;;;;;
23.2;-0.5;-0.5;2.991745;1;15;1;;;;;
23.22;-0.5;-0.5;3.845558;1;15;1;;;;;
23.24;-0.5;-0.5;4.38107;1;15;1;;;;;
23.26;-0.5;-0.5;2.888101;1;15;1;;;;;
23.28;-0.5;-0.5;2.617872;1;15;1;;;;;
23.3;-0.5;-0.5;3.836415;1;15;1;;;;;
23.32;-0.5;-0.5;5.56596;1;15;1;;;;;
23.34;-0.5;-0.5;5.440423;1;15;1;;;;;
23.36;-0.5;-0.5;4.679822;1;15;1;;;;;
23.38;-0.5;-0.5;5.577658;1;15;1;;;;;
23.4;-0.5;-0.5;2.6334;1;15;1;;;;;
23.42;-0.5;-0.5;5.795373;1;15;1;;;;;
23.44;-0.5;-0.5;3.075767;1;15;1;;;;;
23.46;-0.5;-0.5;3.961611;1;15;1;;;;;
23.48;-0.5;-0.5;3.687486;1;15;1;;;;;
23.5;-0.5;-0.5;5.355584;1;15;1;;;;;
23.52;-0.5;-0.5;4.50068;1;15;1;;;;;
23.54;-0.5;-0.5;5.675662;1;15;1;;;;;
23.56;-0.5;-0.5;5.255785;1;15;1;;;;;
23.58;-0.5;-0.5;3.604429;1;15;1;;;;;
23.6;-0.5;-0.5;4.708198;1;15;1;;;;;
23.62;-0.5;-0.5;5.869752;1;15;1;;;;;
23.64;-0.5;-0.5;4.86167;1;15;1;;;;;
23.66;-0.5;-0.5;2.45482;1;15;1;;;;;
23.68;-0.5;-0.5;5.609207;1;15;1;;;;;
23.7;-0.5;-0.5;5.599555;1;15;1;;;;;
23.72;-0.5;-0.5;2.322665;1;15;1;;;;;
23.74;-0.5;-0.5;3.993583;1;15;1;;;;;
23.76;-0.5;-0.5;5.722594;1;15;1;;;;;
23.78;-0.5;-0.5;3.708784;1;15;1;;;;;
23.8;-0.5;-0.5;4.281441;1;15;1;;;;;
23.82;-0.5;-0.5;3.843435;1;15;1;;;;;
23.84;-0.5;-0.5;3.529636;1;15;1;;;;;
23.86;-0.5;-0.5;3.695329;1;15;1;;;;;
23.88;-0.5;-0.5;4.360125;1;15;1;;;;;
23.9;-0.5;-0.5;2.738796;1;15;1;;;;;
23.92;-0.5;-0.5;4.343435;1;15;1;;;;;
23.94;-0.5;-0.5;3.510161;1;15;1;;;;;
23.96;-0.5;-0.5;3.696965;1;15;1;;;;;
23.98;-0.5;-0.5;3.31095;1;15;1;;;;;
24;-0.5;-0.5;2.216407;1;15;1;;;;;
24.02;-0.5;-0.5;4.459036;1;15;1;;;;;
24.04;-0.5;-0.5;3.905635;1;15;1;;;;;
24.06;-0.5;-0.5;5.244626;1;15;1;;;;;
24.08;-0.5;-0.5;4.835145;1;15;1;;;;;
24.1;-0.5;-0.5;5.209955;1;15;1;;;;;
24.12;-0.5;-0.5;3.138903;1;15;1;;;;;
24.14;-0.5;-0.5;3.998035;1;15;1;;;;;
24.16;-0.5;-0.5;3.889517;1;15;1;;;;;
24.18;-0.5;-0.5;4.004289;1;15;1;;;;;
24.2;-0.5;-0.5;2.993531;1;15;1;;;;;
24.22;-0.5;-0.5;4.146158;1;15;1;;;;;
24.24;-0.5;-0.5;3.869981;1;15;1;;;;;
24.26;-0.5;-0.5;4.804329;1;15;1;;;;;
24.28;-0.5;-0.5;5.14179;1;15;1;;;;;
24.3;-0.5;-0.5;5.976117;1;15;1;;;;;
24.32;-0.5;-0.5;3.19123;1;15;1;;;;;
24.34;-0.5;-0.5;2.110093;1;15;1;;;;;
24.36;-0.5;-0.5;2.964128;1;15;1;;;;;
24.38;-0.5;-0.5;4.919706;1;15;1;;;;;
24.4;-0.5;-0.5;4.648971;1;15;1;;;;;
24.42;-0.5;-0.5;4.434839;1;15;1;;;;;
24.44;-0.5;-0.5;3.876422;1;15;1;;;;;
24.46;-0.5;-0.5;4.894911;1;15;1;;;;;
24.48;-0.5;-0.5;3.274605;1;15;1;;;;;
24.5;-0.5;-0.5;5.886547;1;15;1;;;;;
24.52;-0.5;-0.5;2.10419;1;15;1;;;;;
24.54;-0.5;-0.5;2.579207;1;15;1;;;;;
24.56;-0.5;-0.5;4.203104;1;15;1;;;;;
24.58;-0.5;-0.5;3.479668;1;15;1;;;;;
24.6;-0.5;-0.5;3.648638;1;15;1;;;;;
24.62;-0.5;-0.5;5.230893;1;15;1;;;;;
24.64;-0.5;-0.5;2.406189;1;15;1;;;;;
24.66;-0.5;-0.5;2.623217;1;15;1;;;;;
24.68;-0.5;-0.5;3.89885;1;15;1;;;;;
24.7;-0.5;-0.5;5.494519;1;15;1;;;;;
24.72;-0.5;-0.5;4.14383;1;15;1;;;;;
24.74;-0.5;-0.5;2.471673;1;15;1;;;;;
24.76;-0.5;-0.5;4.975178;1;15;1;;;;;
24.78;-0.5;-0.5;2.023254;1;15;1;;;;;
24.8;-0.5;-0.5;3.294207;1;15;1;;;;;
24.82;-0.5;-0.5;2.858187;1;15;1;;;;;
24.84;-0.5;-0.5;3.809642;1;15;1;;;;;
24.86;-0.5;-0.5;3.972495;1;15;1;;;;;
24.88;-0.5;-0.5;3.640733;1;15;1;;;;;
24.9;-0.5;-0.5;4.490941;1;15;1;;;;;
24.92;-0.5;-0.5;2.180575;1;15;1;;;;;
24.94;-0.5;-0.5;4.857882;1;15;1;;;;;
24.96;-0.5;-0.5;4.052145;1;15;1;;;;;
24.98;-0.5;-0.5;2.755461;1;15;1;;;;;
25;-0.5;-0.5;5.387292;1;15;1;;;;;
25.02;-0.5;-0.5;5.548197;1;15;1;;;;;
25.04;-0.5;-0.5;3.003037;1;15;1;;;;;
25.06;-0.5;-0.5;2.295746;1;15;1;;;;;
25.08;-0.5;-0.5;5.723596;1;15;1;;;;;
25.1;-0.5;-0.5;3.396383;1;15;1;;;;;
25.12;-0.5;-0.5;4.257998;1;15;1;;;;;
25.14;-0.5;-0.5;2.11962;1;15;1;;;;;
25.16;-0.5;-0.5;2.143739;1;15;1;;;;;
25.18;-0.5;-0.5;5.802835;1;15;1;;;;;
25.2;-0.5;-0.5;2.091412;1;15;1;;;;;
25.22;-0.5;-0.5;4.716264;1;15;1;;;;;
25.24;-0.5;-0.5;5.229583;1;15;1;;;;;
25.26;-0.5;-0.5;5.112419;1;15;1;;;;;
25.28;-0.5;-0.5;2.939717;1;15;1;;;;;
25.3;-0.5;-0.5;2.127483;1;15;1;;;;;
25.32;-0.5;-0.5;2.445604;1;15;1;;;;;
25.34;-0.5;-0.5;3.685479;1;15;1;;;;;
25.36;-0.5;-0.5;2.47297;1;15;1;;;;;
25.38;-0.5;-0.5;3.66736;1;15;1;;;;;
25.4;-0.5;-0.5;5.603037;1;15;1;;;;;
25.42;-0.5;-0.5;2.535228;1;15;1;;;;;
25.44;-0.5;-0.5;5.460621;1;15;1;;;;;
25.46;-0.5;-0.5;4.216686;1;15;1;;;;;
25.48;-0.5;-0.5;4.144859;1;15;1;;;;;
25.5;-0.5;-0.5;3.271253;1;15;1;;;;;
25.52;-0.5;-0.5;4.868193;1;15;1;;;;;
25.54;-0.5;-0.5;3.715861;1;15;1;;;;;
25.56;-0.5;-0.5;5.215465;1;15;1;;;;;
25.58;-0.5;-0.5;5.487888;1;15;1;;;;;
25.6;-0.5;-0.5;4.056412;1;15;1;;;;;
25.62;-0.5;-0.5;4.773056;1;15;1;;;;;
25.64;-0.5;-0.5;4.56957;1;15;1;;;;;
25.66;-0.5;-0.5;3.528958;1;15;1;;;;;
25.68;-0.5;-0.5;5.688126;1;15;1;;;;;
25.7;-0.5;-0.5;2.785684;1;15;1;;;;;
25.72;-0.5;-0.5;4.532156;1;15;1;;;;;
25.74;-0.5;-0.5;5.07857;1;15;1;;;;;
25.76;-0.5;-0.5;2.079481;1;15;1;;;;;
25.78;-0.5;-0.5;2.262358;1;15;1;;;;;
25.8;-0.5;-0.5;2.588;1;15;1;;;;;
25.82;-0.5;-0.5;2.026487;1;15;1;;;;;
25.84;-0.5;-0.5;2.001459;1;15;1;;;;;
25.86;-0.5;-0.5;5.594678;1;15;1;;;;;
25.88;-0.5;-0.5;5.565342;1;15;1;;;;;
25.9;-0.5;-0.5;2.680032;1;15;1;;;;;
25.92;-0.5;-0.5;5.259271;1;15;1;;;;;
25.94;-0.5;-0.5;5.658199;1;15;1;;;;;
25.96;-0.5;-0.5;2.387281;1;15;1;;;;;
25.98;-0.5;-0.5;5.95022;1;15;1;;;;;
26;-0.5;-0.5;2.820926;1;15;1;;;;;
26.02;-0.5;-0.5;2.970984;1;15;1;;;;;
26.04;-0.5;-0.5;5.314445;1;15;1;;;;;
26.06;-0.5;-0.5;3.431026;1;15;1;;;;;
26.08;-0.5;-0.5;2.611819;1;15;1;;;;;
26.1;-0.5;-0.5;3.351772;1;15;1;;;;;
26.12;-0.5;-0.5;4.744902;1;15;1;;;;;
26.14;-0.5;-0.5;4.5863;1;15;1;;;;;
26.16;-0.5;-0.5;5.778666;1;15;1;;;;;
26.18;-0.5;-0.5;4.48828;1;15;1;;;;;
26.2;-0.5;-0.5;2.958755;1;15;1;;;;;
26.22;-0.5;-0.5;3.126318;1;15;1;;;;;
26.24;-0.5;-0.5;4.46865;1;15;1;;;;;
26.26;-0.5;-0.5;2.555929;1;15;1;;;;;
26.28;-0.5;-0.5;5.11563;1;15;1;;;;;
26.3;-0.5;-0.5;4.305363;1;15;1;;;;;
26.32;-0.5;-0.5;2.395452;1;15;1;;;;;
26.34;-0.5;-0.5;2.251275;1;15;1;;;;;
26.36;-0.5;-0.5;4.063832;1;15;1;;;;;
26.38;-0.5;-0.5;2.505784;1;15;1;;;;;
26.4;-0.5;-0.5;2.225489;1;15;1;;;;;
26.42;-0.5;-0.5;2.353758;1;15;1;;;;;
26.44;-0.5;-0.5;2.274102;1;15;1;;;;;
26.46;-0.5;-0.5;5.298785;1;15;1;;;;;
26.48;-0.5;-0.5;3.893602;1;15;1;;;;;
26.5;-0.5;-0.5;4.31645;1;15;1;;;;;
26.52;-0.5;-0.5;5.997727;1;15;1;;;;;
26.54;-0.5;-0.5;3.980525;1;15;1;;;;;
26.56;-0.5;-0.5;3.519909;1;15;1;;;;;
26.58;-0.5;-0.5;2.591087;1;15;1;;;;;
26.6;-0.5;-0.5;4.167607;1;15;1;;;;;
26.62;-0.5;-0.5;4.218697;1;15;1;;;;;
26.64;-0.5;-0.5;5.253508;1;15;1;;;;;
26.66;-0.5;-0.5;2.710303;1;15;1;;;;;
26.68;-0.5;-0.5;3.248318;1;15;1;;;;;
26.7;-0.5;-0.5;5.760653;1;15;1;;;;;
26.72;-0.5;-0.5;3.559407;1;15;1;;;;;
26.74;-0.5;-0.5;2.802433;1;15;1;;;;;
26.76;-0.5;-0.5;4.635476;1;15;1;;;;;
26.78;-0.5;-0.5;3.688308;1;15;1;;;;;
26.8;-0.5;-0.5;3.516899;1;15;1;;;;;
26.82;-0.5;-0.5;4.953513;1;15;1;;;;;
26.84;-0.5;-0.5;2.144478;1;15;1;;;;;
26.86;-0.5;-0.5;5.571092;1;15;1;;;;;
26.88;-0.5;-0.5;3.993234;1;15;1;;;;;
26.9;-0.5;-0.5;5.531339;1;15;1;;;;;
26.92;-0.5;-0.5;4.494665;1;15;1;;;;;
26.94;-0.5;-0.5;4.570012;1;15;1;;;;;
26.96;-0.5;-0.5;3.912371;1;15;1;;;;;
26.98;-0.5;-0.5;5.320227;1;15;1;;;;;
27;-0.5;-0.5;3.6517;1;15;1;;;;;
27.02;-0.5;-0.5;4.084521;1;15;1;;;;;
27.04;-0.5;-0.5;2.85694;1;15;1;;;;;
27.06;-0.5;-0.5;5.119229;1;15;1;;;;;
27.08;-0.5;-0.5;2.932622;1;15;1;;;;;
27.1;-0.5;-0.5;4.825593;1;15;1;;;;;
27.12;-0.5;-0.5;3.831192;1;15;1;;;;;
27.14;-0.5;-0.5;4.766642;1;15;1;;;;;
27.16;-0.5;-0.5;4.526657;1;15;1;;;;;
27.18;-0.5;-0.5;5.227374;1;15;1;;;;;
27.2;-0.5;-0.5;3.718168;1;15;1;;;;;
27.22;-0.5;-0.5;4.443209;1;15;1;;;;;
27.24;-0.5;-0.5;5.086936;1;15;1;;;;;
27.26;-0.5;-0.5;3.448827;1;15;1;;;;;
27.28;-0.5;-0.5;4.88421;1;15;1;;;;;
27.3;-0.5;-0.5;2.742253;1;15;1;;;;;
27.32;-0.5;-0.5;2.70841;1;15;1;;;;;
27.34;-0.5;-0.5;3.914573;1;15;1;;;;;
27.36;-0.5;-0.5;4.575103;1;15;1;;;;;
27.38;-0.5;-0.5;4.025217;1;15;1;;;;;
27.4;-0.5;-0.5;4.229848;1;15;1;;;;;
27.42;-0.5;-0.5;5.715803;1;15;1;;;;;
27.44;-0.5;-0.5;3.770958;1;15;1;;;;;
27.46;-0.5;-0.5;4.280739;1;15;1;;;;;
27.48;-0.5;-0.5;3.873219;1;15;1;;;;;
27.5;-0.5;-0.5;3.297511;1;15;1;;;;;
27.52;-0.5;-0.5;5.12164;1;15;1;;;;;
27.54;-0.5;-0.5;2.046404;1;15;1;;;;;
27.56;-0.5;-0.5;3.921529;1;15;1;;;;;
27.58;-0.5;-0.5;4.966558;1;15;1;;;;;
27.6;-0.5;-0.5;3.542142;1;15;1;;;;;
27.62;-0.5;-0.5;2.400733;1;15;1;;;;;
27.64;-0.5;-0.5;3.089407;1;15;1;;;;;
27.66;-0.5;-0.5;2.179276;1;15;1;;;;;
27.68;-0.5;-0.5;3.675598;1;15;1;;;;;
27.7;-0.5;-0.5;4.417912;1;15;1;;;;;
27.72;-0.5;-0.5;3.471633;1;15;1;;;;;
27.74;-0.5;-0.5;2.384284;1;15;1;;;;;
27.76;-0.5;-0.5;3.578491;1;15;1;;;;;
27.78;-0.5;-0.5;5.946854;1;15;1;;;;;
27.8;-0.5;-0.5;3.440207;1;15;1;;;;;
27.82;-0.5;-0.5;3.644306;1;15;1;;;;;
27.84;-0.5;-0.5;2.446142;1;15;1;;;;;
27.86;-0.5;-0.5;5.08625;1;15;1;;;;;
27.88;-0.5;-0.5;4.547283;1;15;1;;;;;
27.9;-0.5;-0.5;2.802448;1;15;1;;;;;
27.92;-0.5;-0.5;2.350115;1;15;1;;;;;
27.94;-0.5;-0.5;3.243972;1;15;1;;;;;
27.96;-0.5;-0.5;3.185887;1;15;1;;;;;
27.98;-0.5;-0.5;5.46148;1;15;1;;;;;
28;-0.5;-0.5;5.698038;1;15;1;;;;;
28.02;-0.5;-0.5;4.27845;1;15;1;;;;;
28.04;-0.5;-0.5;3.04065;1;15;1;;;;;
28.06;-0.5;-0.5;3.938677;1;15;1;;;;;
28.08;-0.5;-0.5;4.03995;1;15;1;;;;;
28.1;-0.5;-0.5;2.665633;1;15;1;;;;;
28.12;-0.5;-0.5;4.173174;1;15;1;;;;;
28.14;-0.5;-0.5;5.234869;1;15;1;;;;;
28.16;-0.5;-0.5;4.641451;1;15;1;;;;;
28.18;-0.5;-0.5;4.138586;1;15;1;;;;;
28.2;-0.5;-0.5;3.592708;1;15;1;;;;;
28.22;-0.5;-0.5;5.475174;1;15;1;;;;;
28.24;-0.5;-0.5;4.943306;1;15;1;;;;;
28.26;-0.5;-0.5;3.32128;1;15;1;;;;;
28.28;-0.5;-0.5;3.244696;1;15;1;;;;;
28.3;-0.5;-0.5;3.51188;1;15;1;;;;;
28.32;-0.5;-0.5;3.086205;1;15;1;;;;;
28.34;-0.5;-0.5;5.408229;1;15;1;;;;;
28.36;-0.5;-0.5;2.226696;1;15;1;;;;;
28.38;-0.5;-0.5;3.374573;1;15;1;;;;;
28.4;-0.5;-0.5;2.921462;1;15;1;;;;;
28.42;-0.5;-0.5;2.810756;1;15;1;;;;;
28.44;-0.5;-0.5;2.585849;1;15;1;;;;;
28.46;-0.5;-0.5;5.007996;1;15;1;;;;;
28.48;-0.5;-0.5;4.231424;1;15;1;;;;;
28.5;-0.5;-0.5;2.257235;1;15;1;;;;;
28.52;-0.5;-0.5;2.752228;1;15;1;;;;;
28.54;-0.5;-0.5;4.951923;1;15;1;;;;;
28.56;-0.5;-0.5;3.530391;1;15;1;;;;;
28.58;-0.5;-0.5;3.47828;1;15;1;;;;;
28.6;-0.5;-0.5;5.657284;1;15;1;;;;;
28.62;-0.5;-0.5;2.719213;1;15;1;;;;;
28.64;-0.5;-0.5;5.13261;1;15;1;;;;;
28.66;-0.5;-0.5;4.883749;1;15;1;;;;;
28.68;-0.5;-0.5;3.397193;1;15;1;;;;;
28.7;-0.5;-0.5;2.41217;1;15;1;;;;;
28.72;-0.5;-0.5;5.510981;1;15;1;;;;;
28.74;-0.5;-0.5;4.431169;1;15;1;;;;;
28.76;-0.5;-0.5;3.919726;1;15;1;;;;;
28.78;-0.5;-0.5;3.6099;1;15;1;;;;;
28.8;-0.5;-0.5;5.750254;1;15;1;;;;;
28.82;-0.5;-0.5;4.186171;1;15;1;;;;;
28.84;-0.5;-0.5;5.385556;1;15;1;;;;;
28.86;-0.5;-0.5;3.240057;1;15;1;;;;;
28.88;-0.5;-0.5;3.0937;1;15;1;;;;;
28.9;-0.5;-0.5;3.828411;1;15;1;;;;;
28.92;-0.5;-0.5;4.996858;1;15;1;;;;;
28.94;-0.5;-0.5;2.407553;1;15;1;;;;;
28.96;-0.5;-0.5;3.907483;1;15;1;;;;;
28.98;-0.5;-0.5;5.023881;1;15;1;;;;;
29;-0.5;-0.5;5.736913;1;15;1;;;;;
29.02;-0.5;-0.5;2.543068;1;15;1;;;;;
29.04;-0.5;-0.5;2.378232;1;15;1;;;;;
29.06;-0.5;-0.5;2.415679;1;15;1;;;;;
29.08;-0.5;-0.5;4.2788;1;15;1;;;;;
29.1;-0.5;-0.5;2.04198;1;15;1;;;;;
29.12;-0.5;-0.5;5.801923;1;15;1;;;;;
29.14;-0.5;-0.5;5.022961;1;15;1;;;;;
29.16;-0.5;-0.5;3.505223;1;15;1;;;;;
29.18;-0.5;-0.5;4.595186;1;15;1;;;;;
29.2;-0.5;-0.5;5.18155;1;15;1;;;;;
29.22;-0.5;-0.5;5.433052;1;15;1;;;;;
29.24;-0.5;-0.5;2.016035;1;15;1;;;;;
29.26;-0.5;-0.5;4.756314;1;15;1;;;;;
29.28;-0.5;-0.5;2.913542;1;15;1;;;;;
29.3;-0.5;-0.5;3.259774;1;15;1;;;;;
29.32;-0.5;-0.5;2.024279;1;15;1;;;;;
29.34;-0.5;-0.5;5.713158;1;15;1;;;;;
29.36;-0.5;-0.5;5.755496;1;15;1;;;;;
29.38;-0.5;-0.5;5.780166;1;15;1;;;;;
29.4;-0.5;-0.5;4.864761;1;15;1;;;;;
29.42;-0.5;-0.5;4.487521;1;15;1;;;;;
29.44;-0.5;-0.5;5.591898;1;15;1;;;;;
29.46;-0.5;-0.5;4.610547;1;15;1;;;;;
29.48;-0.5;-0.5;4.742563;1;15;1;;;;;
29.5;-0.5;-0.5;4.982672;1;15;1;;;;;
29.52;-0.5;-0.5;3.381006;1;15;1;;;;;
29.54;-0.5;-0.5;4.717357;1;15;1;;;;;
29.56;-0.5;-0.5;3.839461;1;15;1;;;;;
29.58;-0.5;-0.5;2.469675;1;15;1;;;;;
29.6;-0.5;-0.5;2.522641;1;15;1;;;;;
29.62;-0.5;-0.5;2.55215;1;15;1;;;;;
29.64;-0.5;-0.5;2.812595;1;15;1;;;;;
29.66;-0.5;-0.5;4.042856;1;15;1;;;;;
29.68;-0.5;-0.5;5.942268;1;15;1;;;;;
29.7;-0.5;-0.5;4.055736;1;15;1;;;;;
29.72;-0.5;-0.5;3.325709;1;15;1;;;;;
29.74;-0.5;-0.5;5.722755;1;15;1;;;;;
29.76;-0.5;-0.5;3.379143;1;15;1;;;;;
29.78;-0.5;-0.5;4.279303;1;15;1;;;;;
29.8;-0.5;-0.5;5.567927;1;15;1;;;;;
29.82;-0.5;-0.5;3.147329;1;15;1;;;;;
29.84;-0.5;-0.5;3.970906;1;15;1;;;;;
29.86;-0.5;-0.5;3.527616;1;15;1;;;;;
29.88;-0.5;-0.5;5.625809;1;15;1;;;;;
29.9;-0.5;-0.5;3.339028;1;15;1;;;;;
29.92;-0.5;-0.5;5.724376;1;15;1;;;;;
29.94;-0.5;-0.5;2.065827;1;15;1;;;;;
29.96;-0.5;-0.5;2.926041;1;15;1;;;;;
29.98;-0.5;-0.5;2.233675;1;15;1;;;;;
30;-0.5;-0.5;2.236419;1;15;1;;;;;
30.02;-0.5;-0.5;5.677561;1;15;1;;;;;
30.04;-0.5;-0.5;3.461689;1;15;1;;;;;
30.06;-0.5;-0.5;5.629395;1;15;1;;;;;
30.08;-0.5;-0.5;5.295024;1;15;1;;;;;
30.1;-0.5;-0.5;5.170669;1;15;1;;;;;
30.12;-0.5;-0.5;2.273959;1;15;1;;;;;
30.14;-0.5;-0.5;4.266216;1;15;1;;;;;
30.16;-0.5;-0.5;5.035616;1;15;1;;;;;
30.18;-0.5;-0.5;5.216588;1;15;1;;;;;
30.2;-0.5;-0.5;3.595723;1;15;1;;;;;
30.22;-0.5;-0.5;3.15423;1;15;1;;;;;
30.24;-0.5;-0.5;2.377038;1;15;1;;;;;
30.26;-0.5;-0.5;2.219857;1;15;1;;;;;
30.28;-0.5;-0.5;4.949921;1;15;1;;;;;
30.3;-0.5;-0.5;4.468338;1;15;1;;;;;
30.32;-0.5;-0.5;5.920622;1;15;1;;;;;
30.34;-0.5;-0.5;5.922587;1;15;1;;;;;
30.36;-0.5;-0.5;5.111799;1;15;1;;;;;
30.38;-0.5;-0.5;5.41686;1;15;1;;;;;
30.4;-0.5;-0.5;5.485826;1;15;1;;;;;
30.42;-0.5;-0.5;4.44819;1;15;1;;;;;
30.44;-0.5;-0.5;4.864896;1;15;1;;;;;
30.46;-0.5;-0.5;5.617837;1;15;1;;;;;
30.48;-0.5;-0.5;5.977365;1;15;1;;;;;
30.5;-0.5;-0.5;5.45434;1;15;1;;;;;
30.52;-0.5;-0.5;3.773448;1;15;1;;;;;
30.54;-0.5;-0.5;5.458709;1;15;1;;;;;
30.56;-0.5;-0.5;2.1324;1;15;1;;;;;
30.58;-0.5;-0.5;2.713656;1;15;1;;;;;
30.6;-0.5;-0.5;4.360513;1;15;1;;;;;
30.62;-0.5;-0.5;4.470627;1;15;1;;;;;
30.64;-0.5;-0.5;3.045774;1;15;1;;;;;
30.66;-0.5;-0.5;5.050093;1;15;1;;;;;
30.68;-0.5;-0.5;2.555895;1;15;1;;;;;
30.7;-0.5;-0.5;2.288423;1;15;1;;;;;
30.72;-0.5;-0.5;3.291662;1;15;1;;;;;
30.74;-0.5;-0.5;2.390761;1;15;1;;;;;
30.76;-0.5;-0.5;4.488585;1;15;1;;;;;
30.78;-0.5;-0.5;2.319162;1;15;1;;;;;
30.8;-0.5;-0.5;2.482584;1;15;1;;;;;
30.82;-0.5;-0.5;5.210711;1;15;1;;;;;
30.84;-0.5;-0.5;2.181921;1;15;1;;;;;
30.86;-0.5;-0.5;3.062428;1;15;1;;;;;
30.88;-0.5;-0.5;4.091941;1;15;1;;;;;
30.9;-0.5;-0.5;5.141932;1;15;1;;;;;
30.92;-0.5;-0.5;5.586722;1;15;1;;;;;
30.94;-0.5;-0.5;5.655687;1;15;1;;;;;
30.96;-0.5;-0.5;4.765139;1;15;1;;;;;
30.98;-0.5;-0.5;4.583497;1;15;1;;;;;
31;-0.5;-0.5;2.648757;1;15;1;;;;;
31.02;-0.5;-0.5;4.620039;1;15;1;;;;;
31.04;-0.5;-0.5;4.805058;1;15;1;;;;;
31.06;-0.5;-0.5;4.9314;1;15;1;;;;;
31.08;-0.5;-0.5;5.111554;1;15;1;;;;;
31.1;-0.5;-0.5;3.64122;1;15;1;;;;;
31.12;-0.5;-0.5;4.36564;1;15;1;;;;;
31.14;-0.5;-0.5;2.737116;1;15;1;;;;;
31.16;-0.5;-0.5;3.834135;1;15;1;;;;;
31.18;-0.5;-0.5;3.622936;1;15;1;;;;;
31.2;-0.5;-0.5;5.407255;1;15;1;;;;;
31.22;-0.5;-0.5;3.129726;1;15;1;;;;;
31.24;-0.5;-0.5;2.270381;1;15;1;;;;;
31.26;-0.5;-0.5;5.083447;1;15;1;;;;;
31.28;-0.5;-0.5;4.715012;1;15;1;;;;;
31.3;-0.5;-0.5;2.565106;1;15;1;;;;;
31.32;-0.5;-0.5;4.488322;1;15;1;;;;;
31.34;-0.5;-0.5;5.755715;1;15;1;;;;;
31.36;-0.5;-0.5;2.089184;1;15;1;;;;;
31.38;-0.5;-0.5;5.403069;1;15;1;;;;;
31.4;-0.5;-0.5;5.819598;1;15;1;;;;;
31.42;-0.5;-0.5;5.184944;1;15;1;;;;;
31.44;-0.5;-0.5;3.932487;1;15;1;;;;;
31.46;-0.5;-0.5;5.031751;1;15;1;;;;;
31.48;-0.5;-0.5;4.584332;1;15;1;;;;;
31.5;-0.5;-0.5;2.642911;1;15;1;;;;;
31.52;-0.5;-0.5;5.869198;1;15;1;;;;;
31.54;-0.5;-0.5;3.67995;1;15;1;;;;;
31.56;-0.5;-0.5;5.08132;1;15;1;;;;;
31.58;-0.5;-0.5;2.555195;1;15;1;;;;;
31.6;-0.5;-0.5;4.410282;1;15;1;;;;;
31.62;-0.5;-0.5;4.601733;1;15;1;;;;;
31.64;-0.5;-0.5;2.784414;1;15;1;;;;;
31.66;-0.5;-0.5;5.294943;1;15;1;;;;;
31.68;-0.5;-0.5;4.07984;1;15;1;;;;;
31.7;-0.5;-0.5;5.665007;1;15;1;;;;;
31.72;-0.5;-0.5;3.446414;1;15;1;;;;;
31.74;-0.5;-0.5;2.84963;1;15;1;;;;;
31.76;-0.5;-0.5;3.640872;1;15;1;;;;;
31.78;-0.5;-0.5;5.686615;1;15;1;;;;;
31.8;-0.5;-0.5;2.410683;1;15;1;;;;;
31.82;-0.5;-0.5;5.620102;1;15;1;;;;;
31.84;-0.5;-0.5;3.803056;1;15;1;;;;;
31.86;-0.5;-0.5;3.583853;1;15;1;;;;;
31.88;-0.5;-0.5;5.072672;1;15;1;;;;;
31.9;-0.5;-0.5;2.61303;1;15;1;;;;;
31.92;-0.5;-0.5;4.520933;1;15;1;;;;;
31.94;-0.5;-0.5;3.805808;1;15;1;;;;;
31.96;-0.5;-0.5;4.177956;1;15;1;;;;;
31.98;-0.5;-0.5;5.511907;1;15;1;;;;;
32;-0.5;-0.5;3.378709;1;15;1;;;;;
32.02;-0.5;-0.5;3.650148;1;15;1;;;;;
32.04;-0.5;-0.5;4.665748;1;15;1;;;;;
32.06;-0.5;-0.5;5.388855;1;15;1;;;;;
32.08;-0.5;-0.5;3.956083;1;15;1;;;;;
32.1;-0.5;-0.5;3.265628;1;15;1;;;;;
32.12;-0.5;-0.5;2.533786;1;15;1;;;;;
32.14;-0.5;-0.5;5.294021;1;15;1;;;;;
32.16;-0.5;-0.5;4.252051;1;15;1;;;;;
32.18;-0.5;-0.5;2.181577;1;15;1;;;;;
32.2;-0.5;-0.5;3.056984;1;15;1;;;;;
32.22;-0.5;-0.5;4.557976;1;15;1;;;;;
32.24;-0.5;-0.5;2.260941;1;15;1;;;;;
32.26;-0.5;-0.5;4.736202;1;15;1;;;;;
32.28;-0.5;-0.5;3.918112;1;15;1;;;;;
32.3;-0.5;-0.5;3.447411;1;15;1;;;;;
32.32;-0.5;-0.5;3.791151;1;15;1;;;;;
32.34;-0.5;-0.5;5.732183;1;15;1;;;;;
32.36;-0.5;-0.5;4.01712;1;15;1;;;;;
32.38;-0.5;-0.5;2.57337;1;15;1;;;;;
32.4;-0.5;-0.5;3.131238;1;15;1;;;;;
32.42;-0.5;-0.5;4.731325;1;15;1;;;;;
32.44;-0.5;-0.5;3.344942;1;15;1;;;;;
32.46;-0.5;-0.5;3.831967;1;15;1;;;;;
32.48;-0.5;-0.5;3.582495;1;15;1;;;;;
32.5;-0.5;-0.5;5.91395;1;15;1;;;;;
32.52;-0.5;-0.5;2.582527;1;15;1;;;;;
32.54;-0.5;-0.5;5.521588;1;15;1;;;;;
32.56;-0.5;-0.5;2.160488;1;15;1;;;;;
32.58;-0.5;-0.5;4.820811;1;15;1;;;;;
32.6;-0.5;-0.5;5.346337;1;15;1;;;;;
32.62;-0.5;-0.5;2.159825;1;15;1;;;;;
32.64;-0.5;-0.5;2.223312;1;15;1;;;;;
32.66;-0.5;-0.5;3.144547;1;15;1;;;;;
32.68;-0.5;-0.5;4.359517;1;15;1;;;;;
32.7;-0.5;-0.5;3.298533;1;15;1;;;;;
32.72;-0.5;-0.5;2.962023;1;15;1;;;;;
32.74;-0.5;-0.5;2.288331;1;15;1;;;;;
32.76;-0.5;-0.5;2.267401;1;15;1;;;;;
32.78;-0.5;-0.5;3.401546;1;15;1;;;;;
32.8;-0.5;-0.5;5.54774;1;15;1;;;;;
32.82;-0.5;-0.5;4.822012;1;15;1;;;;;
32.84;-0.5;-0.5;5.358125;1;15;1;;;;;
32.86;-0.5;-0.5;3.572458;1;15;1;;;;;
32.88;-0.5;-0.5;5.209857;1;15;1;;;;;
32.9;-0.5;-0.5;5.033893;1;15;1;;;;;
32.92;-0.5;-0.5;3.248985;1;15;1;;;;;
;;;;;;;;;;;
