time;pos_x_right;pos_y_right;dil_right;pos_x_left;pos_y_left;dil_left;brightness;state;fov;trial;;
0;-0.5;-0.5;5.561618;1;Adaptation;15;1;;;;;
0.02;-0.5;-0.5;4.150452;1;Adaptation;15;1;;;;;
0.04;-0.5;-0.5;2.522526;1;Adaptation;15;1;;;;;
0.06;-0.5;-0.5;4.057522;1;Adaptation;15;1;;;;;
0.08;-0.5;-0.5;3.857292;1;Adaptation;15;1;;;;;
0.09999999;-0.5;-0.5;5.355142;1;Adaptation;15;1;;;;;
0.12;-0.5;-0.5;4.039296;1;Adaptation;15;1;;;;;
0.14;-0.5;-0.5;5.640058;1;Adaptation;15;1;;;;;
0.16;-0.5;-0.5;2.060385;1;Adaptation;15;1;;;;;
0.18;-0.5;-0.5;2.821105;1;Adaptation;15;1;;;;;
0.2;-0.5;-0.5;3.090841;1;Adaptation;15;1;;;;;
0.22;-0.5;-0.5;4.735065;1;Adaptation;15;1;;;;;
0.24;-0.5;-0.5;2.583936;1;Adaptation;15;1;;;;;
0.26;-0.5;-0.5;5.041713;1;Adaptation;15;1;;;;;
0.28;-0.5;-0.5;4.930527;1;Adaptation;15;1;;;;;
0.3;-0.5;-0.5;5.155163;1;Adaptation;15;1;;;;;
0.32;-0.5;-0.5;2.86434;1;Adaptation;15;1;;;;;
0.34;-0.5;-0.5;2.734539;1;Adaptation;15;1;;;;;
0.36;-0.5;-0.5;5.776153;1;Adaptation;15;1;;;;;
0.38;-0.5;-0.5;3.649342;1;Adaptation;15;1;;;;;
0.4;-0.5;-0.5;2.277569;1;Adaptation;15;1;;;;;
0.42;-0.5;-0.5;5.822814;1;Adaptation;15;1;;;;;
0.44;-0.5;-0.5;4.369893;1;Adaptation;15;1;;;;;
0.46;-0.5;-0.5;3.527595;1;Adaptation;15;1;;;;;
0.48;-0.5;-0.5;5.106806;1;Adaptation;15;1;;;;;
0.5;-0.5;-0.5;2.124702;1;Adaptation;15;1;;;;;
0.52;-0.5;-0.5;2.399277;1;Adaptation;15;1;;;;;
0.54;-0.5;-0.5;2.223588;1;Adaptation;15;1;;;;;
0.56;-0.5;-0.5;3.095821;1;Adaptation;15;1;;;;;
0.58;-0.5;-0.5;2.595966;1;Adaptation;15;1;;;;;
0.6;-0.5;-0.5;4.616391;1;Adaptation;15;1;;;;;
0.62;2;0;4.184214;1;Adaptation;15;1;;;;;
0.64;-0.5;-0.5;3.189292;1;Adaptation;15;1;;;;;
0.66;-0.5;-0.5;4.490108;1;Adaptation;15;1;;;;;
0.68;4;0;5.308875;1;Adaptation;15;1;;;;;
0.7;-0.5;-0.5;5.108525;1;Adaptation;15;1;;;;;
0.72;-0.5;-0.5;3.389544;1;Adaptation;15;1;;;;;
0.74;-0.5;-0.5;5.019859;1;Adaptation;15;1;;;;;
0.76;-2;0.125;4.297067;1;Adaptation;15;1;;;;;
0.78;-0.5;-0.5;5.725882;1;Adaptation;15;1;;;;;
0.8;-0.5;-0.5;5.127205;1;Adaptation;15;1;;;;;
0.82;2;0;4.089323;1;Adaptation;15;1;;;;;
0.84;-0.5;-0.5;4.615259;1;Adaptation;15;1;;;;;
0.86;-0.5;-0.5;3.232152;1;Adaptation;15;1;;;;;
0.88;0;0.25;4.791939;1;Adaptation;15;1;;;;;
0.9;2;0.25;2.865379;1;Adaptation;15;1;;;;;
0.92;-0.5;-0.5;2.827184;1;Adaptation;15;1;;;;;
0.94;-2;0;5.033343;1;Adaptation;15;1;;;;;
0.96;-0.5;-0.5;4.293036;1;Adaptation;15;1;;;;;
0.98;-0.5;-0.5;4.699858;1;Adaptation;15;1;;;;;
1;-0.5;-0.5;5.998344;1;Adaptation;15;1;;;;;
1.02;-0.5;-0.5;3.465585;1;Adaptation;15;1;;;;;
1.04;-0.5;-0.5;2.615001;1;Adaptation;15;1;;;;;
1.06;-0.5;-0.5;3.198674;1;Adaptation;15;1;;;;;
1.08;0;0;3.854048;1;Adaptation;15;1;;;;;
1.1;-0.5;-0.5;5.969406;1;Adaptation;15;1;;;;;
1.12;-0.5;-0.5;3.986386;1;Adaptation;15;1;;;;;
1.14;-0.5;-0.5;5.31772;1;Adaptation;15;1;;;;;
1.16;-0.5;-0.5;5.198921;1;Adaptation;15;1;;;;;
1.18;-0.5;-0.5;4.184315;1;Adaptation;15;1;;;;;
1.2;-2;0.125;4.832561;1;Adaptation;15;1;;;;;
1.22;-0.5;-0.5;2.590213;1;Adaptation;15;1;;;;;
1.24;-0.5;-0.5;3.975651;1;Adaptation;15;1;;;;;
1.26;-0.5;-0.5;3.862025;1;Adaptation;15;1;;;;;
1.28;-0.5;-0.5;2.951772;1;Adaptation;15;1;;;;;
1.3;2;0;3.752846;1;Adaptation;15;1;;;;;
1.32;-0.5;-0.5;3.09653;1;Adaptation;15;1;;;;;
1.34;0;0;3.276475;1;Adaptation;15;1;;;;;
1.36;0;0;4.18525;1;Adaptation;15;1;;;;;
1.38;-0.5;-0.5;2.307044;1;Adaptation;15;1;;;;;
1.4;-0.5;-0.5;3.83841;1;Adaptation;15;1;;;;;
1.42;-0.5;-0.5;2.536979;1;Adaptation;15;1;;;;;
1.44;-0.5;-0.5;5.893442;1;Adaptation;15;1;;;;;
1.46;-0.5;-0.5;3.816065;1;Adaptation;15;1;;;;;
1.48;-0.5;-0.5;2.684556;1;Adaptation;15;1;;;;;
1.5;-0.5;-0.5;4.514933;1;Adaptation;15;1;;;;;
1.52;-0.5;-0.5;4.240531;1;Adaptation;15;1;;;;;
1.54;-0.5;-0.5;3.552418;1;Adaptation;15;1;;;;;
1.56;-0.5;-0.5;5.379275;1;Adaptation;15;1;;;;;
1.58;-0.5;-0.5;4.417583;1;Adaptation;15;1;;;;;
1.6;-2;0;2.414847;1;Adaptation;15;1;;;;;
1.62;-0.5;-0.5;5.326787;1;Adaptation;15;1;;;;;
1.64;2;0;4.618709;1;Adaptation;15;1;;;;;
1.66;0;0;2.623121;1;Adaptation;15;1;;;;;
1.68;-0.5;-0.5;2.644568;1;Adaptation;15;1;;;;;
1.7;-0.5;-0.5;3.367316;1;Adaptation;15;1;;;;;
1.72;-0.5;-0.5;5.723142;1;Adaptation;15;1;;;;;
1.74;0;0;2.548014;1;Adaptation;15;1;;;;;
1.76;-0.5;-0.5;4.354174;1;Adaptation;15;1;;;;;
1.78;-0.5;-0.5;3.847973;1;Adaptation;15;1;;;;;
1.8;-0.5;-0.5;3.238521;1;Adaptation;15;1;;;;;
1.82;-0.5;-0.5;4.152245;1;Adaptation;15;1;;;;;
1.84;-0.5;-0.5;3.960125;1;Adaptation;15;1;;;;;
1.86;-0.5;-0.5;4.924174;1;Adaptation;15;1;;;;;
1.88;2;0;5.578103;1;Adaptation;15;1;;;;;
1.9;-0.5;-0.5;2.886678;1;Adaptation;15;1;;;;;
1.92;-0.5;-0.5;5.390897;1;Adaptation;15;1;;;;;
1.94;-0.5;-0.5;5.68906;1;Adaptation;15;1;;;;;
1.96;-0.5;-0.5;5.229273;1;Adaptation;15;1;;;;;
1.98;-0.5;-0.5;2.893996;1;Adaptation;15;1;;;;;
2;-0.5;-0.5;3.746394;1;Adaptation;15;1;;;;;
2.02;-0.5;-0.5;3.787174;1;Adaptation;15;1;;;;;
2.04;-0.5;-0.5;5.584938;1;Adaptation;15;1;;;;;
2.06;-0.5;-0.5;5.478887;1;Adaptation;15;1;;;;;
2.08;-0.5;-0.5;4.300434;1;Adaptation;15;1;;;;;
2.1;-0.5;-0.5;5.129708;1;Adaptation;15;1;;;;;
2.12;-0.5;-0.5;2.752393;1;Adaptation;15;1;;;;;
2.14;-0.5;-0.5;5.55173;1;Adaptation;15;1;;;;;
2.16;-0.5;-0.5;4.021172;1;Adaptation;15;1;;;;;
2.18;-0.5;-0.5;3.272192;1;Adaptation;15;1;;;;;
2.2;-0.5;-0.5;2.637444;1;Adaptation;15;1;;;;;
2.22;-0.5;-0.5;2.603537;1;Adaptation;15;1;;;;;
2.24;-0.5;-0.5;3.391863;1;Adaptation;15;1;;;;;
2.26;-0.5;-0.5;2.343284;1;Adaptation;15;1;;;;;
2.28;0;0.25;3.070994;1;Adaptation;15;1;;;;;
2.3;0;0;3.849561;1;Adaptation;15;1;;;;;
2.32;-0.5;-0.5;4.512123;1;Adaptation;15;1;;;;;
2.34;-0.5;-0.5;3.224445;1;Adaptation;15;1;;;;;
2.36;-2;0;3.723464;1;Adaptation;15;1;;;;;
2.38;-0.5;-0.5;5.94799;1;Adaptation;15;1;;;;;
2.4;-0.5;-0.5;2.896618;1;Adaptation;15;1;;;;;
2.42;-0.5;-0.5;4.612865;1;Adaptation;15;1;;;;;
2.44;-0.5;-0.5;4.649654;1;Adaptation;15;1;;;;;
2.46;-0.5;-0.5;2.110854;1;Adaptation;15;1;;;;;
2.48;-0.5;-0.5;3.926274;1;Adaptation;15;1;;;;;
2.5;-0.5;-0.5;4.899378;1;Adaptation;15;1;;;;;
2.52;-0.5;-0.5;3.903634;1;Adaptation;15;1;;;;;
2.54;-0.5;-0.5;4.720249;1;Adaptation;15;1;;;;;
2.56;-0.5;-0.5;4.006152;1;Adaptation;15;1;;;;;
2.58;-2;0.25;4.659604;1;Adaptation;15;1;;;;;
2.6;-0.5;-0.5;2.214263;1;Adaptation;15;1;;;;;
2.62;-0.5;-0.5;3.973202;1;Adaptation;15;1;;;;;
2.64;-0.5;-0.5;3.305514;1;Adaptation;15;1;;;;;
2.66;-0.5;-0.5;3.515369;1;Adaptation;15;1;;;;;
2.68;0;0;4.185434;1;Adaptation;15;1;;;;;
2.7;-2;0;3.243462;1;Adaptation;15;1;;;;;
2.72;-0.5;-0.5;3.598301;1;Adaptation;15;1;;;;;
2.74;0;0;2.696258;1;Adaptation;15;1;;;;;
2.76;0;0;5.098369;1;Adaptation;15;1;;;;;
2.78;2;0.125;2.029635;1;Adaptation;15;1;;;;;
2.8;-0.5;-0.5;2.419795;1;Adaptation;15;1;;;;;
2.82;0;0.125;5.823933;1;Adaptation;15;1;;;;;
2.84;-0.5;-0.5;5.485322;1;Adaptation;15;1;;;;;
2.86;-0.5;-0.5;4.273002;1;Adaptation;15;1;;;;;
2.88;-0.5;-0.5;4.029025;1;Adaptation;15;1;;;;;
2.9;0;-0.25;3.631988;1;Adaptation;15;1;;;;;
2.92;-0.5;-0.5;2.01631;1;Adaptation;15;1;;;;;
2.94;-0.5;-0.5;3.759476;1;Adaptation;15;1;;;;;
2.96;0;0.125;2.445442;1;Adaptation;15;1;;;;;
2.98;-0.5;-0.5;2.302088;1;Adaptation;15;1;;;;;
3;-0.5;-0.5;5.227662;1;Adaptation;15;1;;;;;
3.02;-0.5;-0.5;4.103213;1;Adaptation;15;1;;;;;
3.04;-0.5;-0.5;2.097306;1;Adaptation;15;1;;;;;
3.06;2;-0.125;3.814127;1;Adaptation;15;1;;;;;
3.08;-0.5;-0.5;5.670145;1;Adaptation;15;1;;;;;
3.1;-0.5;-0.5;3.877582;1;Adaptation;15;1;;;;;
3.12;-0.5;-0.5;2.91763;1;Adaptation;15;1;;;;;
3.14;-0.5;-0.5;3.862332;1;Adaptation;15;1;;;;;
3.16;-2;0.125;3.130859;1;Adaptation;15;1;;;;;
3.18;-0.5;-0.5;4.240916;1;Adaptation;15;1;;;;;
3.2;0;0;3.734496;1;Adaptation;15;1;;;;;
3.22;-0.5;-0.5;2.996848;1;Adaptation;15;1;;;;;
3.24;-2;0.125;4.148485;1;Adaptation;15;1;;;;;
3.26;0;0.125;2.292833;1;Adaptation;15;1;;;;;
3.28;0;0.125;2.097495;1;Adaptation;15;1;;;;;
3.3;-0.5;-0.5;4.288872;1;Adaptation;15;1;;;;;
3.32;-0.5;-0.5;4.93255;1;Adaptation;15;1;;;;;
3.34;-0.5;-0.5;4.735795;1;Adaptation;15;1;;;;;
3.36;0;-0.125;2.451319;1;Adaptation;15;1;;;;;
3.38;-0.5;-0.5;5.054686;1;Adaptation;15;1;;;;;
3.4;-0.5;-0.5;2.078258;1;Adaptation;15;1;;;;;
3.42;-0.5;-0.5;4.606353;1;Adaptation;15;1;;;;;
3.44;-0.5;-0.5;4.305245;1;Adaptation;15;1;;;;;
3.46;2;0;3.515591;1;Adaptation;15;1;;;;;
3.48;-0.5;-0.5;4.354068;1;Adaptation;15;1;;;;;
3.5;-0.5;-0.5;4.908938;1;Adaptation;15;1;;;;;
3.52;-0.5;-0.5;4.376355;1;Adaptation;15;1;;;;;
3.54;0;0.125;2.504962;1;Adaptation;15;1;;;;;
3.56;-0.5;-0.5;3.081739;1;Adaptation;15;1;;;;;
3.58;-0.5;-0.5;3.179873;1;Adaptation;15;1;;;;;
3.6;-0.5;-0.5;4.486536;1;Adaptation;15;1;;;;;
3.62;-0.5;-0.5;3.733275;1;Adaptation;15;1;;;;;
3.64;-0.5;-0.5;4.191697;1;Adaptation;15;1;;;;;
3.66;2;-0.125;3.165619;1;Adaptation;15;1;;;;;
3.68;-0.5;-0.5;2.567157;1;Adaptation;15;1;;;;;
3.7;-2;0;4.968157;1;Adaptation;15;1;;;;;
3.72;-0.5;-0.5;4.365522;1;Adaptation;15;1;;;;;
3.74;0;0.25;3.618809;1;Adaptation;15;1;;;;;
3.76;-0.5;-0.5;3.40788;1;Adaptation;15;1;;;;;
3.78;0;0;3.788405;1;Adaptation;15;1;;;;;
3.8;-0.5;-0.5;4.596172;1;Adaptation;15;1;;;;;
3.82;-0.5;-0.5;4.245237;1;Adaptation;15;1;;;;;
3.84;-0.5;-0.5;2.69607;1;Adaptation;15;1;;;;;
3.86;-0.5;-0.5;4.756324;1;Adaptation;15;1;;;;;
3.88;-0.5;-0.5;5.237428;1;Adaptation;15;1;;;;;
3.9;-0.5;-0.5;3.832321;1;Adaptation;15;1;;;;;
3.92;-0.5;-0.5;2.378319;1;Adaptation;15;1;;;;;
3.94;-0.5;-0.5;5.544509;1;Adaptation;15;1;;;;;
3.96;-0.5;-0.5;5.344529;1;Adaptation;15;1;;;;;
3.98;-0.5;-0.5;3.685914;1;Adaptation;15;1;;;;;
4;-0.5;-0.5;3.950078;1;Adaptation;15;1;;;;;
4.02;-0.5;-0.5;3.860313;1;Adaptation;15;1;;;;;
4.04;-0.5;-0.5;3.466033;1;Adaptation;15;1;;;;;
4.06;-0.5;-0.5;5.799513;1;Adaptation;15;1;;;;;
4.08;-0.5;-0.5;5.661408;1;Adaptation;15;1;;;;;
4.1;2;-0.25;2.94183;1;Adaptation;15;1;;;;;
4.12;0;-0.125;4.189419;1;Adaptation;15;1;;;;;
4.14;-0.5;-0.5;2.641956;1;Adaptation;15;1;;;;;
4.16;-2;-0.125;2.778584;1;Adaptation;15;1;;;;;
4.18;-0.5;-0.5;5.380224;1;Adaptation;15;1;;;;;
4.2;-0.5;-0.5;5.549435;1;Adaptation;15;1;;;;;
4.22;-0.5;-0.5;5.842127;1;Adaptation;15;1;;;;;
4.24;0;0;3.404237;1;Adaptation;15;1;;;;;
4.26;-0.5;-0.5;4.338038;1;Adaptation;15;1;;;;;
4.28;-0.5;-0.5;4.27118;1;Adaptation;15;1;;;;;
4.3;-0.5;-0.5;3.114314;1;Adaptation;15;1;;;;;
4.32;-0.5;-0.5;2.459315;1;Adaptation;15;1;;;;;
4.34;-0.5;-0.5;3.247489;1;Adaptation;15;1;;;;;
4.36;-2;0;4.937646;1;Adaptation;15;1;;;;;
4.38;-0.5;-0.5;2.338148;1;Adaptation;15;1;;;;;
4.4;-0.5;-0.5;2.83392;1;Adaptation;15;1;;;;;
4.42;-0.5;-0.5;5.570536;1;Adaptation;15;1;;;;;
4.44;-0.5;-0.5;2.963616;1;Adaptation;15;1;;;;;
4.46;-0.5;-0.5;3.180916;1;Adaptation;15;1;;;;;
4.48;0;0.125;5.430117;1;Adaptation;15;1;;;;;
4.5;-2;0.125;5.395975;1;Adaptation;15;1;;;;;
4.52;-0.5;-0.5;5.748843;1;Adaptation;15;1;;;;;
4.54;2;0.125;3.388521;1;Adaptation;15;1;;;;;
4.56;-0.5;-0.5;2.324068;1;Adaptation;15;1;;;;;
4.58;2;0;5.611936;1;Adaptation;15;1;;;;;
4.6;-0.5;-0.5;4.532315;1;Adaptation;15;1;;;;;
4.62;-0.5;-0.5;4.040812;1;Adaptation;15;1;;;;;
4.64;-0.5;-0.5;4.375452;1;Adaptation;15;1;;;;;
4.66;0;-0.125;4.030721;1;Adaptation;15;1;;;;;
4.68;2;0;2.788406;1;Adaptation;15;1;;;;;
4.7;-0.5;-0.5;4.555984;1;Adaptation;15;1;;;;;
4.72;-0.5;-0.5;5.281871;1;Adaptation;15;1;;;;;
4.74;-0.5;-0.5;2.203641;1;Adaptation;15;1;;;;;
4.76;-0.5;-0.5;3.403623;1;Adaptation;15;1;;;;;
4.78;0;-0.125;2.074577;1;Adaptation;15;1;;;;;
4.8;-0.5;-0.5;2.951987;1;Adaptation;15;1;;;;;
4.82;-0.5;-0.5;3.483432;1;Adaptation;15;1;;;;;
4.84;-0.5;-0.5;2.138522;1;Adaptation;15;1;;;;;
4.86;-0.5;-0.5;2.6919;1;Adaptation;15;1;;;;;
4.88;-0.5;-0.5;3.480336;1;Adaptation;15;1;;;;;
4.9;-0.5;-0.5;5.461362;1;Adaptation;15;1;;;;;
4.92;-0.5;-0.5;5.985467;1;Adaptation;15;1;;;;;
4.94;-0.5;-0.5;4.209909;1;Adaptation;15;1;;;;;
4.96;0;-0.125;5.195293;1;Adaptation;15;1;;;;;
4.98;-2;0;2.241088;1;Adaptation;15;1;;;;;
5;-0.5;-0.5;4.399406;1;Adaptation;15;1;;;;;
5.02;2;0.125;4.576413;1;Adaptation;15;1;;;;;
5.04;0;-0.125;3.995197;1;Adaptation;15;1;;;;;
5.06;-0.5;-0.5;4.128956;1;Adaptation;15;1;;;;;
5.08;-0.5;-0.5;3.301771;1;Adaptation;15;1;;;;;
5.1;-0.5;-0.5;3.426501;1;Adaptation;15;1;;;;;
5.12;-0.5;-0.5;3.682175;1;Adaptation;15;1;;;;;
5.14;-0.5;-0.5;4.552347;1;Adaptation;15;1;;;;;
5.16;-0.5;-0.5;5.522015;1;Adaptation;15;1;;;;;
5.18;-0.5;-0.5;4.048468;1;Adaptation;15;1;;;;;
5.2;-0.5;-0.5;5.767875;1;Adaptation;15;1;;;;;
5.22;2;0.125;5.367553;1;Adaptation;15;1;;;;;
5.24;-0.5;-0.5;2.959431;1;Adaptation;15;1;;;;;
5.26;-0.5;-0.5;2.366407;1;Adaptation;15;1;;;;;
5.28;-0.5;-0.5;5.818874;1;Adaptation;15;1;;;;;
5.3;0;-0.125;5.544444;1;Adaptation;15;1;;;;;
5.32;-0.5;-0.5;5.428536;1;Adaptation;15;1;;;;;
5.34;-0.5;-0.5;4.413776;1;Adaptation;15;1;;;;;
5.36;0;0.25;2.713143;1;Adaptation;15;1;;;;;
5.38;-2;-0.125;3.88468;1;Adaptation;15;1;;;;;
5.4;-0.5;-0.5;4.512595;1;Adaptation;15;1;;;;;
5.42;-0.5;-0.5;3.422336;1;Adaptation;15;1;;;;;
5.44;-0.5;-0.5;3.829949;1;Adaptation;15;1;;;;;
5.46;-0.5;-0.5;2.627017;1;Adaptation;15;1;;;;;
5.48;0;0;4.156097;1;Adaptation;15;1;;;;;
5.5;0;0;4.742026;1;Adaptation;15;1;;;;;
5.52;-0.5;-0.5;4.232381;1;Adaptation;15;1;;;;;
5.54;2;0;2.415901;1;Adaptation;15;1;;;;;
5.56;-0.5;-0.5;4.064556;1;Adaptation;15;1;;;;;
5.58;-0.5;-0.5;3.834036;1;Adaptation;15;1;;;;;
5.6;-0.5;-0.5;3.057348;1;Adaptation;15;1;;;;;
5.62;-0.5;-0.5;4.480458;1;Adaptation;15;1;;;;;
5.64;-0.5;-0.5;5.693507;1;Adaptation;15;1;;;;;
5.66;-0.5;-0.5;2.530879;1;Adaptation;15;1;;;;;
5.68;-0.5;-0.5;3.648868;1;Adaptation;15;1;;;;;
5.7;-2;0.125;4.627514;1;Adaptation;15;1;;;;;
5.72;0;0.25;3.443131;1;Adaptation;15;1;;;;;
5.74;0;0;2.492341;1;Adaptation;15;1;;;;;
5.76;0;0;5.335559;1;Adaptation;15;1;;;;;
5.78;-0.5;-0.5;3.793401;1;Adaptation;15;1;;;;;
5.8;-0.5;-0.5;4.565034;1;Adaptation;15;1;;;;;
5.82;-0.5;-0.5;2.116374;1;Adaptation;15;1;;;;;
5.84;-0.5;-0.5;4.998755;1;Adaptation;15;1;;;;;
5.86;-0.5;-0.5;3.68712;1;Adaptation;15;1;;;;;
5.88;-0.5;-0.5;3.284908;1;Adaptation;15;1;;;;;
5.9;-0.5;-0.5;4.124592;1;Adaptation;15;1;;;;;
5.92;-0.5;-0.5;3.517209;1;Adaptation;15;1;;;;;
5.94;-0.5;-0.5;4.023026;1;Adaptation;15;1;;;;;
5.96;-0.5;-0.5;5.65094;1;Adaptation;15;1;;;;;
5.98;-0.5;-0.5;2.937863;1;Adaptation;15;1;;;;;
6;-2;0.125;5.573869;1;Adaptation;15;1;;;;;
6.02;-0.5;-0.5;4.716449;1;Adaptation;15;1;;;;;
6.04;-0.5;-0.5;3.732949;1;Adaptation;15;1;;;;;
6.06;-0.5;-0.5;4.145393;1;Adaptation;15;1;;;;;
6.08;-0.5;-0.5;5.176814;1;Adaptation;15;1;;;;;
6.1;-0.5;-0.5;2.240445;1;Adaptation;15;1;;;;;
6.12;-0.5;-0.5;2.047336;1;Adaptation;15;1;;;;;
6.14;0;-0.25;3.40163;1;Adaptation;15;1;;;;;
6.16;-0.5;-0.5;3.728808;1;Adaptation;15;1;;;;;
6.18;-0.5;-0.5;3.595761;1;Adaptation;15;1;;;;;
6.2;-0.5;-0.5;4.184402;1;Adaptation;15;1;;;;;
6.22;0;0.25;2.225025;1;Adaptation;15;1;;;;;
6.24;-0.5;-0.5;3.394604;1;Adaptation;15;1;;;;;
6.26;-0.5;-0.5;3.719599;1;Adaptation;15;1;;;;;
6.28;-0.5;-0.5;5.237135;1;Adaptation;15;1;;;;;
6.3;-0.5;-0.5;4.074635;1;Adaptation;15;1;;;;;
6.32;2;0.25;5.533916;1;Adaptation;15;1;;;;;
6.34;-0.5;-0.5;4.027305;1;Adaptation;15;1;;;;;
6.36;-0.5;-0.5;2.145025;1;Adaptation;15;1;;;;;
6.38;-0.5;-0.5;2.515628;1;Adaptation;15;1;;;;;
6.4;-0.5;-0.5;4.37915;1;Adaptation;15;1;;;;;
6.42;-0.5;-0.5;4.368898;1;Adaptation;15;1;;;;;
6.44;-0.5;-0.5;3.017519;1;Adaptation;15;1;;;;;
6.46;-0.5;-0.5;5.338631;1;Adaptation;15;1;;;;;
6.48;0;-0.25;3.231752;1;Adaptation;15;1;;;;;
6.5;-0.5;-0.5;5.342489;1;Adaptation;15;1;;;;;
6.52;0;0;4.205741;1;Adaptation;15;1;;;;;
6.54;-0.5;-0.5;3.937457;1;Adaptation;15;1;;;;;
6.56;0;0;5.627019;1;Adaptation;15;1;;;;;
6.58;-0.5;-0.5;5.317337;1;Adaptation;15;1;;;;;
6.6;-0.5;-0.5;2.486034;1;Adaptation;15;1;;;;;
6.62;0;0.25;5.515543;1;Adaptation;15;1;;;;;
6.64;-0.5;-0.5;4.568328;1;Adaptation;15;1;;;;;
6.66;-0.5;-0.5;2.702435;1;Adaptation;15;1;;;;;
6.68;-0.5;-0.5;2.590768;1;Adaptation;15;1;;;;;
6.7;-0.5;-0.5;5.133389;1;Adaptation;15;1;;;;;
6.72;-0.5;-0.5;2.345195;1;Adaptation;15;1;;;;;
6.74;-0.5;-0.5;5.354102;1;Adaptation;15;1;;;;;
6.76;-0.5;-0.5;5.383762;1;Adaptation;15;1;;;;;
6.78;-0.5;-0.5;4.881443;1;Adaptation;15;1;;;;;
6.8;-0.5;-0.5;3.554196;1;Adaptation;15;1;;;;;
6.82;2;-0.375;3.453231;1;Adaptation;15;1;;;;;
6.84;-0.5;-0.5;3.34929;1;Adaptation;15;1;;;;;
6.86;-2;-0.25;4.947271;1;Adaptation;15;1;;;;;
6.88;2;0.125;4.152385;1;Adaptation;15;1;;;;;
6.9;-0.5;-0.5;2.589839;1;Adaptation;15;1;;;;;
6.92;-0.5;-0.5;4.857205;1;Adaptation;15;1;;;;;
6.94;-0.5;-0.5;2.985744;1;Adaptation;15;1;;;;;
6.96;0;0.125;5.638368;1;Adaptation;15;1;;;;;
6.98;-0.5;-0.5;3.654034;1;Adaptation;15;1;;;;;
7;-0.5;-0.5;3.680149;1;Adaptation;15;1;;;;;
7.02;-0.5;-0.5;2.880585;1;Adaptation;15;1;;;;;
7.04;-0.5;-0.5;3.032145;1;Adaptation;15;1;;;;;
7.06;-0.5;-0.5;2.59745;1;Adaptation;15;1;;;;;
7.08;0;0.25;5.236578;1;Adaptation;15;1;;;;;
7.1;-0.5;-0.5;2.675222;1;Adaptation;15;1;;;;;
7.12;-0.5;-0.5;5.404655;1;Adaptation;15;1;;;;;
7.14;-0.5;-0.5;5.539624;1;Adaptation;15;1;;;;;
7.16;-0.5;-0.5;2.005066;1;Adaptation;15;1;;;;;
7.18;-0.5;-0.5;3.042518;1;Adaptation;15;1;;;;;
7.2;-0.5;-0.5;3.737805;1;Adaptation;15;1;;;;;
7.22;2;-0.125;5.186937;1;Adaptation;15;1;;;;;
7.24;-0.5;-0.5;4.185409;1;Adaptation;15;1;;;;;
7.26;-0.5;-0.5;4.792109;1;Adaptation;15;1;;;;;
7.28;-0.5;-0.5;5.545062;1;Adaptation;15;1;;;;;
7.3;0;-0.125;3.992493;1;Adaptation;15;1;;;;;
7.32;-0.5;-0.5;4.385857;1;Adaptation;15;1;;;;;
7.34;-0.5;-0.5;3.775939;1;Adaptation;15;1;;;;;
7.36;-0.5;-0.5;5.336425;1;Adaptation;15;1;;;;;
7.38;-0.5;-0.5;5.589769;1;Adaptation;15;1;;;;;
7.4;2;0.125;2.655572;1;Adaptation;15;1;;;;;
7.42;0;0.25;3.660702;1;Adaptation;15;1;;;;;
7.44;-0.5;-0.5;4.323812;1;Adaptation;15;1;;;;;
7.46;-0.5;-0.5;4.412947;1;Adaptation;15;1;;;;;
7.48;-0.5;-0.5;5.71368;1;Adaptation;15;1;;;;;
7.5;-0.5;-0.5;3.241879;1;Adaptation;15;1;;;;;
7.52;-0.5;-0.5;2.018826;1;Adaptation;15;1;;;;;
7.54;-2;0;4.261109;1;Adaptation;15;1;;;;;
7.56;-0.5;-0.5;5.169298;1;Adaptation;15;1;;;;;
7.58;-0.5;-0.5;3.544966;1;Adaptation;15;1;;;;;
7.6;-0.5;-0.5;3.770441;1;Adaptation;15;1;;;;;
7.62;-0.5;-0.5;2.46761;1;Adaptation;15;1;;;;;
7.64;-0.5;-0.5;3.224592;1;Adaptation;15;1;;;;;
7.66;-2;0.125;3.76711;1;Adaptation;15;1;;;;;
7.68;-0.5;-0.5;2.003046;1;Adaptation;15;1;;;;;
7.7;-0.5;-0.5;3.017987;1;Adaptation;15;1;;;;;
7.72;-0.5;-0.5;5.422852;1;Adaptation;15;1;;;;;
7.74;0;-0.125;5.848172;1;Adaptation;15;1;;;;;
7.76;-0.5;-0.5;2.552393;1;Adaptation;15;1;;;;;
7.78;-0.5;-0.5;3.640712;1;Adaptation;15;1;;;;;
7.8;-0.5;-0.5;5.014105;1;Adaptation;15;1;;;;;
7.82;-0.5;-0.5;3.419347;1;Adaptation;15;1;;;;;
7.84;0;0.25;5.736433;1;Adaptation;15;1;;;;;
7.86;-0.5;-0.5;2.79077;1;Adaptation;15;1;;;;;
7.88;-0.5;-0.5;4.644255;1;Adaptation;15;1;;;;;
7.9;-0.5;-0.5;4.636416;1;Adaptation;15;1;;;;;
7.92;-2;0.125;4.080848;1;Adaptation;15;1;;;;;
7.94;-0.5;-0.5;2.721239;1;Adaptation;15;1;;;;;
7.96;0;0.25;2.065552;1;Adaptation;15;1;;;;;
7.98;-0.5;-0.5;5.664853;1;Adaptation;15;1;;;;;
8;-0.5;-0.5;2.533941;1;Adaptation;15;1;;;;;
8.02;-2;0;4.962127;1;Adaptation;15;1;;;;;
8.04;-0.5;-0.5;2.518582;1;Adaptation;15;1;;;;;
8.059999;-0.5;-0.5;2.90402;1;Adaptation;15;1;;;;;
8.08;-0.5;-0.5;4.495717;1;Adaptation;15;1;;;;;
8.099999;0;0;5.546665;1;Adaptation;15;1;;;;;
8.12;-0.5;-0.5;5.002232;1;Adaptation;15;1;;;;;
8.139999;-0.5;-0.5;5.637167;1;Adaptation;15;1;;;;;
8.16;0;-0.375;4.076567;1;Adaptation;15;1;;;;;
8.179999;0;-0.125;3.617818;1;Adaptation;15;1;;;;;
8.2;-0.5;-0.5;4.784074;1;Adaptation;15;1;;;;;
8.22;0;0.125;3.480558;1;Adaptation;15;1;;;;;
8.24;-0.5;-0.5;4.417984;1;Adaptation;15;1;;;;;
8.26;-0.5;-0.5;4.726478;1;Adaptation;15;1;;;;;
8.28;-0.5;-0.5;2.827695;1;Adaptation;15;1;;;;;
8.3;-0.5;-0.5;4.675743;1;Adaptation;15;1;;;;;
8.32;-0.5;-0.5;2.482808;1;Adaptation;15;1;;;;;
8.34;-0.5;-0.5;5.850047;1;Adaptation;15;1;;;;;
8.36;-0.5;-0.5;4.224796;1;Adaptation;15;1;;;;;
8.38;0;0;3.79457;1;Adaptation;15;1;;;;;
8.4;-0.5;-0.5;5.734303;1;Adaptation;15;1;;;;;
8.42;-0.5;-0.5;4.117974;1;Adaptation;15;1;;;;;
8.44;-0.5;-0.5;2.340216;1;Adaptation;15;1;;;;;
8.46;-0.5;-0.5;2.164451;1;Adaptation;15;1;;;;;
8.48;-0.5;-0.5;2.428666;1;Adaptation;15;1;;;;;
8.5;-0.5;-0.5;2.551269;1;Adaptation;15;1;;;;;
8.52;0;0;3.559584;1;Adaptation;15;1;;;;;
8.54;-0.5;-0.5;2.661586;1;Adaptation;15;1;;;;;
8.559999;0;0.25;2.472013;1;Adaptation;15;1;;;;;
8.58;-0.5;-0.5;4.116929;1;Adaptation;15;1;;;;;
8.599999;0;0.125;5.287953;1;Adaptation;15;1;;;;;
8.62;-0.5;-0.5;3.913187;1;Adaptation;15;1;;;;;
8.639999;-0.5;-0.5;3.640841;1;Adaptation;15;1;;;;;
8.66;-0.5;-0.5;5.37675;1;Adaptation;15;1;;;;;
8.679999;-0.5;-0.5;4.289057;1;Adaptation;15;1;;;;;
8.7;-0.5;-0.5;3.716265;1;Adaptation;15;1;;;;;
8.72;-0.5;-0.5;3.535763;1;Adaptation;15;1;;;;;
8.74;-0.5;-0.5;2.851187;1;Adaptation;15;1;;;;;
8.76;-0.5;-0.5;4.621503;1;Adaptation;15;1;;;;;
8.78;-0.5;-0.5;2.179951;1;Adaptation;15;1;;;;;
8.8;-0.5;-0.5;3.962675;1;Adaptation;15;1;;;;;
8.82;-0.5;-0.5;3.38365;1;Adaptation;15;1;;;;;
8.84;-0.5;-0.5;4.909144;1;Adaptation;15;1;;;;;
8.86;-0.5;-0.5;2.689073;1;Adaptation;15;1;;;;;
8.88;-0.5;-0.5;3.568588;1;Adaptation;15;1;;;;;
8.9;-0.5;-0.5;3.471847;1;Adaptation;15;1;;;;;
8.92;0;-0.125;2.680803;1;Adaptation;15;1;;;;;
8.94;0;0;4.581052;1;Adaptation;15;1;;;;;
8.96;-0.5;-0.5;4.45545;1;Adaptation;15;1;;;;;
8.98;0;0.125;3.847049;1;Adaptation;15;1;;;;;
9;-0.5;-0.5;2.310867;1;Adaptation;15;1;;;;;
9.02;0;-0.125;2.161824;1;Adaptation;15;1;;;;;
9.04;-2;0;4.023836;1;Adaptation;15;1;;;;;
9.059999;-0.5;-0.5;5.330638;1;Adaptation;15;1;;;;;
9.08;-0.5;-0.5;2.110814;1;Adaptation;15;1;;;;;
9.099999;0;0.125;4.061816;1;Adaptation;15;1;;;;;
9.12;-0.5;-0.5;5.662975;1;Adaptation;15;1;;;;;
9.139999;-0.5;-0.5;3.750893;1;Adaptation;15;1;;;;;
9.16;-0.5;-0.5;4.828021;1;Adaptation;15;1;;;;;
9.179999;-2;0;5.499702;1;Adaptation;15;1;;;;;
9.2;-2;0.25;2.364704;1;Adaptation;15;1;;;;;
9.22;-0.5;-0.5;3.976749;1;Adaptation;15;1;;;;;
9.24;-0.5;-0.5;3.056248;1;Adaptation;15;1;;;;;
9.26;-2;0;5.951862;1;Adaptation;15;1;;;;;
9.28;-0.5;-0.5;2.422816;1;Adaptation;15;1;;;;;
9.3;-0.5;-0.5;5.622479;1;Adaptation;15;1;;;;;
9.32;0;0;5.902966;1;Adaptation;15;1;;;;;
9.34;-2;0.125;2.534308;1;Adaptation;15;1;;;;;
9.36;-0.5;-0.5;3.852252;1;Adaptation;15;1;;;;;
9.38;-0.5;-0.5;5.917794;1;Adaptation;15;1;;;;;
9.4;-0.5;-0.5;4.668168;1;Adaptation;15;1;;;;;
9.42;0;-0.25;4.129234;1;Adaptation;15;1;;;;;
9.44;-0.5;-0.5;4.040624;1;Adaptation;15;1;;;;;
9.46;0;0;4.457856;1;Adaptation;15;1;;;;;
9.48;-0.5;-0.5;2.221919;1;Adaptation;15;1;;;;;
9.5;-0.5;-0.5;2.742534;1;Adaptation;15;1;;;;;
9.52;-0.5;-0.5;5.354085;1;Adaptation;15;1;;;;;
9.54;-0.5;-0.5;5.392064;1;Adaptation;15;1;;;;;
9.559999;-0.5;-0.5;2.788213;1;Adaptation;15;1;;;;;
9.58;0;-0.25;3.963815;1;Adaptation;15;1;;;;;
9.599999;-0.5;-0.5;2.107822;1;Adaptation;15;1;;;;;
9.62;0;0;3.676726;1;Adaptation;15;1;;;;;
9.639999;-0.5;-0.5;3.361575;1;Adaptation;15;1;;;;;
9.66;-0.5;-0.5;5.702832;1;Adaptation;15;1;;;;;
9.679999;-0.5;-0.5;2.957544;1;Adaptation;15;1;;;;;
9.7;-0.5;-0.5;5.279033;1;Adaptation;15;1;;;;;
9.719999;-0.5;-0.5;3.310596;1;Adaptation;15;1;;;;;
9.74;-0.5;-0.5;4.700807;1;Adaptation;15;1;;;;;
9.76;0;0.125;4.803135;1;Adaptation;15;1;;;;;
9.78;-0.5;-0.5;3.116495;1;Adaptation;15;1;;;;;
9.8;-0.5;-0.5;4.17933;1;Adaptation;15;1;;;;;
9.82;-0.5;-0.5;2.423822;1;Adaptation;15;1;;;;;
9.84;-0.5;-0.5;2.17159;1;Adaptation;15;1;;;;;
9.86;-0.5;-0.5;4.173141;1;Adaptation;15;1;;;;;
9.88;0;0.125;3.796949;1;Adaptation;15;1;;;;;
9.9;-0.5;-0.5;5.077491;1;Adaptation;15;1;;;;;
9.92;-0.5;-0.5;4.674051;1;Adaptation;15;1;;;;;
9.94;-0.5;-0.5;4.472651;1;Adaptation;15;1;;;;;
9.96;-0.5;-0.5;3.0204;1;Adaptation;15;1;;;;;
9.98;-0.5;-0.5;4.224653;1;Adaptation;15;1;;;;;
10;-0.5;-0.5;3.083244;1;Adaptation;15;1;;;;;
10.02;2;0;2.620317;1;Adaptation;15;1;;;;;
10.04;-0.5;-0.5;4.969899;1;Adaptation;15;1;;;;;
10.06;-0.5;-0.5;4.83211;1;Adaptation;15;1;;;;;
10.08;-0.5;-0.5;5.887687;1;Adaptation;15;1;;;;;
10.1;-0.5;-0.5;3.304307;1;Adaptation;15;1;;;;;
10.12;-0.5;-0.5;2.411392;1;Adaptation;15;1;;;;;
10.14;0;0.125;3.134848;1;Adaptation;15;1;;;;;
10.16;-0.5;-0.5;3.436191;1;Adaptation;15;1;;;;;
10.18;-0.5;-0.5;2.143392;1;Adaptation;15;1;;;;;
10.2;-0.5;-0.5;3.792886;1;Adaptation;15;1;;;;;
10.22;-2;0;3.048856;1;Adaptation;15;1;;;;;
10.24;-2;0.125;4.904342;1;Adaptation;15;1;;;;;
10.26;-0.5;-0.5;4.212035;1;Adaptation;15;1;;;;;
10.28;-0.5;-0.5;4.158122;1;Adaptation;15;1;;;;;
10.3;-2;0.125;4.741199;1;Adaptation;15;1;;;;;
10.32;-0.5;-0.5;4.396022;1;Adaptation;15;1;;;;;
10.34;0;0.25;3.065574;1;Adaptation;15;1;;;;;
10.36;-0.5;-0.5;5.806482;1;Adaptation;15;1;;;;;
10.38;-0.5;-0.5;3.806988;1;Adaptation;15;1;;;;;
10.4;-0.5;-0.5;2.951321;1;Adaptation;15;1;;;;;
10.42;-0.5;-0.5;5.717335;1;Adaptation;15;1;;;;;
10.44;-2;0.125;2.934663;1;Adaptation;15;1;;;;;
10.46;-0.5;-0.5;2.552191;1;Adaptation;15;1;;;;;
10.48;-0.5;-0.5;2.012919;1;Adaptation;15;1;;;;;
10.5;0;-0.125;2.101079;1;Adaptation;15;1;;;;;
10.52;2;0.125;3.963033;1;Adaptation;15;1;;;;;
10.54;-0.5;-0.5;5.287008;1;Adaptation;15;1;;;;;
10.56;-0.5;-0.5;4.387791;1;Adaptation;15;1;;;;;
10.58;0;0.125;3.730806;1;Adaptation;15;1;;;;;
10.6;0;0.125;2.267428;1;Adaptation;15;1;;;;;
10.62;-0.5;-0.5;2.714837;1;Adaptation;15;1;;;;;
10.64;-0.5;-0.5;3.39798;1;Adaptation;15;1;;;;;
10.66;2;-0.125;3.63155;1;Adaptation;15;1;;;;;
10.68;-0.5;-0.5;2.363324;1;Adaptation;15;1;;;;;
10.7;-0.5;-0.5;3.773916;1;Adaptation;15;1;;;;;
10.72;-0.5;-0.5;4.459599;1;Adaptation;15;1;;;;;
10.74;-0.5;-0.5;2.691545;1;Adaptation;15;1;;;;;
10.76;-0.5;-0.5;3.165656;1;Adaptation;15;1;;;;;
10.78;-2;0.125;2.346365;1;Adaptation;15;1;;;;;
10.8;0;0;5.62639;1;Adaptation;15;1;;;;;
10.82;0;0;5.374651;1;Adaptation;15;1;;;;;
10.84;0;-0.125;2.427058;1;Adaptation;15;1;;;;;
10.86;-0.5;-0.5;5.865159;1;Adaptation;15;1;;;;;
10.88;-0.5;-0.5;3.440377;1;Adaptation;15;1;;;;;
10.9;0;0;4.483276;1;Adaptation;15;1;;;;;
10.92;-2;0;2.195095;1;Adaptation;15;1;;;;;
10.94;-0.5;-0.5;2.456311;1;Adaptation;15;1;;;;;
10.96;-0.5;-0.5;3.348504;1;Adaptation;15;1;;;;;
10.98;-0.5;-0.5;5.162109;1;Adaptation;15;1;;;;;
11;-0.5;-0.5;3.767986;1;Adaptation;15;1;;;;;
11.02;0;0;4.883853;1;Adaptation;15;1;;;;;
11.04;2;0.25;3.895174;1;Adaptation;15;1;;;;;
11.06;0;-0.125;4.799255;1;Adaptation;15;1;;;;;
11.08;-0.5;-0.5;3.145541;1;Adaptation;15;1;;;;;
11.1;-0.5;-0.5;4.457324;1;Adaptation;15;1;;;;;
11.12;2;0;3.214901;1;Adaptation;15;1;;;;;
11.14;0;-0.25;2.800065;1;Adaptation;15;1;;;;;
11.16;0;-0.125;4.437761;1;Adaptation;15;1;;;;;
11.18;-0.5;-0.5;5.714937;1;Adaptation;15;1;;;;;
11.2;0;-0.125;5.629047;1;Adaptation;15;1;;;;;
11.22;-0.5;-0.5;2.088319;1;Adaptation;15;1;;;;;
11.24;-0.5;-0.5;2.489688;1;Adaptation;15;1;;;;;
11.26;-0.5;-0.5;3.376749;1;Adaptation;15;1;;;;;
11.28;-2;-0.125;3.110851;1;Adaptation;15;1;;;;;
11.3;-0.5;-0.5;5.339333;1;Adaptation;15;1;;;;;
11.32;-0.5;-0.5;4.873707;1;Adaptation;15;1;;;;;
11.34;-0.5;-0.5;5.460001;1;Adaptation;15;1;;;;;
11.36;-0.5;-0.5;2.951701;1;Adaptation;15;1;;;;;
11.38;0;-0.125;2.283711;1;Adaptation;15;1;;;;;
11.4;-0.5;-0.5;4.386858;1;Adaptation;15;1;;;;;
11.42;-0.5;-0.5;4.24007;1;Adaptation;15;1;;;;;
11.44;-0.5;-0.5;5.01219;1;Adaptation;15;1;;;;;
11.46;-0.5;-0.5;3.39501;1;Adaptation;15;1;;;;;
11.48;2;-0.125;2.722305;1;Adaptation;15;1;;;;;
11.5;2;0;5.476151;1;Adaptation;15;1;;;;;
11.52;0;0;4.796543;1;Adaptation;15;1;;;;;
11.54;-2;0.125;2.182673;1;Adaptation;15;1;;;;;
11.56;-0.5;-0.5;5.875337;1;Adaptation;15;1;;;;;
11.58;-0.5;-0.5;5.727267;1;Adaptation;15;1;;;;;
11.6;0;-0.25;5.601905;1;Adaptation;15;1;;;;;
11.62;-0.5;-0.5;3.12275;1;Adaptation;15;1;;;;;
11.64;-0.5;-0.5;5.509436;1;Adaptation;15;1;;;;;
11.66;-0.5;-0.5;3.512121;1;Adaptation;15;1;;;;;
11.68;-0.5;-0.5;4.360373;1;Adaptation;15;1;;;;;
11.7;-0.5;-0.5;3.228574;1;Adaptation;15;1;;;;;
11.72;-0.5;-0.5;3.527262;1;Adaptation;15;1;;;;;
11.74;-0.5;-0.5;4.428746;1;Adaptation;15;1;;;;;
11.76;-0.5;-0.5;2.348362;1;Adaptation;15;1;;;;;
11.78;-0.5;-0.5;4.970986;1;Adaptation;15;1;;;;;
11.8;-0.5;-0.5;2.834319;1;Adaptation;15;1;;;;;
11.82;-0.5;-0.5;3.419645;1;Adaptation;15;1;;;;;
11.84;0;0;3.486783;1;Adaptation;15;1;;;;;
11.86;-0.5;-0.5;2.801513;1;Adaptation;15;1;;;;;
11.88;-0.5;-0.5;3.875327;1;Adaptation;15;1;;;;;
11.9;-0.5;-0.5;3.90337;1;Adaptation;15;1;;;;;
11.92;-0.5;-0.5;3.796845;1;Adaptation;15;1;;;;;
11.94;-2;0.125;5.920147;1;Adaptation;15;1;;;;;
11.96;-0.5;-0.5;4.867081;1;Adaptation;15;1;;;;;
11.98;-0.5;-0.5;4.157923;1;Adaptation;15;1;;;;;
12;-0.5;-0.5;3.665453;1;Adaptation;15;1;;;;;
12.02;-0.5;-0.5;2.170812;1;Adaptation;15;1;;;;;
12.04;-0.5;-0.5;2.621109;1;Adaptation;15;1;;;;;
12.06;-0.5;-0.5;5.57468;1;Adaptation;15;1;;;;;
12.08;-0.5;-0.5;2.682552;1;Adaptation;15;1;;;;;
12.1;-0.5;-0.5;2.942691;1;Adaptation;15;1;;;;;
12.12;-0.5;-0.5;2.877832;1;Adaptation;15;1;;;;;
12.14;-0.5;-0.5;4.995643;1;Adaptation;15;1;;;;;
12.16;-0.5;-0.5;3.443556;1;Adaptation;15;1;;;;;
12.18;-0.5;-0.5;5.09423;1;Adaptation;15;1;;;;;
12.2;-0.5;-0.5;3.373762;1;Adaptation;15;1;;;;;
12.22;-0.5;-0.5;5.969194;1;Adaptation;15;1;;;;;
12.24;-0.5;-0.5;5.692033;1;Adaptation;15;1;;;;;
12.26;-0.5;-0.5;2.720781;1;Adaptation;15;1;;;;;
12.28;-0.5;-0.5;2.020055;1;Adaptation;15;1;;;;;
12.3;-0.5;-0.5;3.624466;1;Adaptation;15;1;;;;;
12.32;-0.5;-0.5;2.380598;1;Adaptation;15;1;;;;;
12.34;-0.5;-0.5;4.259851;1;Adaptation;15;1;;;;;
12.36;-0.5;-0.5;2.457154;1;Adaptation;15;1;;;;;
12.38;-0.5;-0.5;3.911896;1;Adaptation;15;1;;;;;
12.4;-0.5;-0.5;4.810114;1;Adaptation;15;1;;;;;
12.42;-0.5;-0.5;5.149373;1;Adaptation;15;1;;;;;
12.44;-0.5;-0.5;3.835245;1;Adaptation;15;1;;;;;
12.46;-0.5;-0.5;4.472172;1;Adaptation;15;1;;;;;
12.48;-0.5;-0.5;2.647914;1;Adaptation;15;1;;;;;
12.5;0;0.25;2.768958;1;Adaptation;15;1;;;;;
12.52;-0.5;-0.5;3.197994;1;Adaptation;15;1;;;;;
12.54;0;0;5.731167;1;Adaptation;15;1;;;;;
12.56;-0.5;-0.5;4.293328;1;Adaptation;15;1;;;;;
12.58;-0.5;-0.5;3.644132;1;Adaptation;15;1;;;;;
12.6;-0.5;-0.5;4.695442;1;Adaptation;15;1;;;;;
12.62;0;-0.125;5.975018;1;Adaptation;15;1;;;;;
12.64;-0.5;-0.5;3.771752;1;Adaptation;15;1;;;;;
12.66;-0.5;-0.5;4.637312;1;Adaptation;15;1;;;;;
12.68;-0.5;-0.5;4.340942;1;Adaptation;15;1;;;;;
12.7;-0.5;-0.5;2.52038;1;Adaptation;15;1;;;;;
12.72;0;0;3.370905;1;Adaptation;15;1;;;;;
12.74;-0.5;-0.5;5.123337;1;Adaptation;15;1;;;;;
12.76;0;-0.125;2.416478;1;Adaptation;15;1;;;;;
12.78;2;-0.125;5.88613;1;Adaptation;15;1;;;;;
12.8;-0.5;-0.5;4.198598;1;Adaptation;15;1;;;;;
12.82;-0.5;-0.5;3.647906;1;Adaptation;15;1;;;;;
12.84;2;0;2.109824;1;Adaptation;15;1;;;;;
12.86;-0.5;-0.5;3.280893;1;Adaptation;15;1;;;;;
12.88;-0.5;-0.5;3.975517;1;Adaptation;15;1;;;;;
12.9;-0.5;-0.5;5.428433;1;Adaptation;15;1;;;;;
12.92;-0.5;-0.5;2.500119;1;Adaptation;15;1;;;;;
12.94;-0.5;-0.5;3.937486;1;Adaptation;15;1;;;;;
12.96;-0.5;-0.5;5.390627;1;Adaptation;15;1;;;;;
12.98;-0.5;-0.5;4.118924;1;Adaptation;15;1;;;;;
13;-0.5;-0.5;4.989853;1;Adaptation;15;1;;;;;
13.02;2;0;3.796565;1;Adaptation;15;1;;;;;
13.04;0;0.125;5.310794;1;Adaptation;15;1;;;;;
13.06;-0.5;-0.5;4.131936;1;Adaptation;15;1;;;;;
13.08;-0.5;-0.5;4.999392;1;Adaptation;15;1;;;;;
13.1;-0.5;-0.5;2.241653;1;Adaptation;15;1;;;;;
13.12;-0.5;-0.5;5.473129;1;Adaptation;15;1;;;;;
13.14;-0.5;-0.5;5.619563;1;Adaptation;15;1;;;;;
13.16;-0.5;-0.5;4.332686;1;Adaptation;15;1;;;;;
13.18;-0.5;-0.5;2.976275;1;Adaptation;15;1;;;;;
13.2;-0.5;-0.5;2.063845;1;Adaptation;15;1;;;;;
13.22;-2;0;5.958982;1;Adaptation;15;1;;;;;
13.24;-0.5;-0.5;5.904925;1;Adaptation;15;1;;;;;
13.26;-0.5;-0.5;4.951227;1;Adaptation;15;1;;;;;
13.28;-0.5;-0.5;4.252461;1;Adaptation;15;1;;;;;
13.3;-0.5;-0.5;4.630535;1;Adaptation;15;1;;;;;
13.32;0;0.125;5.370478;1;Adaptation;15;1;;;;;
13.34;-0.5;-0.5;2.049273;1;Adaptation;15;1;;;;;
13.36;-0.5;-0.5;5.401333;1;Adaptation;15;1;;;;;
13.38;-0.5;-0.5;5.373454;1;Adaptation;15;1;;;;;
13.4;0;-0.125;5.210625;1;Adaptation;15;1;;;;;
13.42;-0.5;-0.5;5.576556;1;Adaptation;15;1;;;;;
13.44;-0.5;-0.5;2.657289;1;Adaptation;15;1;;;;;
13.46;-0.5;-0.5;3.630115;1;Adaptation;15;1;;;;;
13.48;2;-0.125;3.415771;1;Adaptation;15;1;;;;;
13.5;-0.5;-0.5;2.764861;1;Adaptation;15;1;;;;;
13.52;4;-0.25;3.412669;1;Adaptation;15;1;;;;;
13.54;-0.5;-0.5;4.496646;1;Adaptation;15;1;;;;;
13.56;-0.5;-0.5;4.569415;1;Adaptation;15;1;;;;;
13.58;-0.5;-0.5;3.025918;1;Adaptation;15;1;;;;;
13.6;-0.5;-0.5;5.551444;1;Adaptation;15;1;;;;;
13.62;-0.5;-0.5;5.352001;1;Adaptation;15;1;;;;;
13.64;-0.5;-0.5;3.739251;1;Adaptation;15;1;;;;;
13.66;2;-0.25;4.430337;1;Adaptation;15;1;;;;;
13.68;-0.5;-0.5;5.967943;1;Adaptation;15;1;;;;;
13.7;-0.5;-0.5;4.390018;1;Adaptation;15;1;;;;;
13.72;0;-0.25;2.602772;1;Adaptation;15;1;;;;;
13.74;2;0.25;3.818063;1;Adaptation;15;1;;;;;
13.76;-0.5;-0.5;4.07252;1;Adaptation;15;1;;;;;
13.78;2;-0.125;4.344723;1;Adaptation;15;1;;;;;
13.8;-0.5;-0.5;5.143925;1;Adaptation;15;1;;;;;
13.82;-0.5;-0.5;4.736738;1;Adaptation;15;1;;;;;
13.84;-0.5;-0.5;4.198265;1;Adaptation;15;1;;;;;
13.86;-2;0.125;4.6691;1;Adaptation;15;1;;;;;
13.88;-0.5;-0.5;4.187404;1;Adaptation;15;1;;;;;
13.9;-0.5;-0.5;3.423437;1;Adaptation;15;1;;;;;
13.92;-0.5;-0.5;3.645832;1;Adaptation;15;1;;;;;
13.94;-0.5;-0.5;4.572564;1;Adaptation;15;1;;;;;
13.96;-0.5;-0.5;4.319153;1;Adaptation;15;1;;;;;
13.98;-0.5;-0.5;5.336941;1;Adaptation;15;1;;;;;
14;-0.5;-0.5;3.607535;1;Adaptation;15;1;;;;;
14.02;-0.5;-0.5;5.572968;1;Adaptation;15;1;;;;;
14.04;-0.5;-0.5;3.024078;1;Adaptation;15;1;;;;;
14.06;0;-0.25;3.147885;1;Adaptation;15;1;;;;;
14.08;-0.5;-0.5;3.523665;1;Adaptation;15;1;;;;;
14.1;-0.5;-0.5;4.534842;1;Adaptation;15;1;;;;;
14.12;-0.5;-0.5;5.29287;1;Adaptation;15;1;;;;;
14.14;-0.5;-0.5;3.384023;1;Adaptation;15;1;;;;;
14.16;-0.5;-0.5;4.79573;1;Adaptation;15;1;;;;;
14.18;-0.5;-0.5;4.883878;1;Adaptation;15;1;;;;;
14.2;-0.5;-0.5;3.730046;1;Adaptation;15;1;;;;;
14.22;-0.5;-0.5;4.231114;1;Adaptation;15;1;;;;;
14.24;-0.5;-0.5;2.361942;1;Adaptation;15;1;;;;;
14.26;-0.5;-0.5;4.342453;1;Adaptation;15;1;;;;;
14.28;-0.5;-0.5;4.04797;1;Adaptation;15;1;;;;;
14.3;-0.5;-0.5;4.792947;1;Adaptation;15;1;;;;;
14.32;0;0.125;5.703577;1;Adaptation;15;1;;;;;
14.34;-0.5;-0.5;3.286177;1;Adaptation;15;1;;;;;
14.36;-0.5;-0.5;3.253817;1;Adaptation;15;1;;;;;
14.38;-0.5;-0.5;4.0026;1;Adaptation;15;1;;;;;
14.4;-2;0;3.06964;1;Adaptation;15;1;;;;;
14.42;0;0.25;3.397202;1;Adaptation;15;1;;;;;
14.44;-0.5;-0.5;4.465134;1;Adaptation;15;1;;;;;
14.46;0;0.375;4.598763;1;Adaptation;15;1;;;;;
14.48;0;0.375;2.35543;1;Adaptation;15;1;;;;;
14.5;0;0.375;5.235433;1;Adaptation;15;1;;;;;
14.52;0;0.375;5.055924;1;Adaptation;15;1;;;;;
14.54;0;0.375;5.835822;1;Adaptation;15;1;;;;;
14.56;0;0.375;5.112268;1;Adaptation;15;1;;;;;
14.58;0;0.375;5.366004;1;Adaptation;15;1;;;;;
14.6;0;0.375;4.161613;1;Adaptation;15;1;;;;;
14.62;0;0.375;3.875823;1;Adaptation;15;1;;;;;
14.64;0;0.375;2.574971;1;Adaptation;15;1;;;;;
14.66;0;0.375;3.874165;1;Adaptation;15;1;;;;;
14.68;0;0.375;2.129922;1;Adaptation;15;1;;;;;
14.7;0;0.375;2.646173;1;Adaptation;15;1;;;;;
14.72;0;0.375;4.469509;1;Adaptation;15;1;;;;;
14.74;0;0.375;3.386154;1;Adaptation;15;1;;;;;
14.76;0;0.375;5.490366;1;Adaptation;15;1;;;;;
14.78;0;0.375;3.103254;1;Adaptation;15;1;;;;;
14.8;-0.5;-0.5;3.063799;1;Adaptation;15;1;;;;;
14.82;-0.5;-0.5;5.807322;1;Adaptation;15;1;;;;;
14.84;-0.5;-0.5;4.551925;1;Adaptation;15;1;;;;;
14.86;-0.5;-0.5;4.328345;1;Adaptation;15;1;;;;;
14.88;-0.5;-0.5;2.046804;1;Adaptation;15;1;;;;;
14.9;0;0.125;2.268594;1;Adaptation;15;1;;;;;
14.92;-0.5;-0.5;4.295107;1;Adaptation;15;1;;;;;
14.94;-0.5;-0.5;2.480986;1;Adaptation;15;1;;;;;
14.96;0;0;2.198283;1;Adaptation;15;1;;;;;
14.98;-0.5;-0.5;4.870368;1;Adaptation;15;1;;;;;
15;-0.5;-0.5;3.893964;1;Adaptation;15;1;;;;;
15.02;-0.5;-0.5;5.134697;1;Adaptation;15;1;;;;;
15.04;0;0.125;5.207316;1;Adaptation;15;1;;;;;
15.06;-0.5;-0.5;3.304907;1;Adaptation;15;1;;;;;
15.08;0;0.125;4.71032;1;Adaptation;15;1;;;;;
15.1;-0.5;-0.5;4.786878;1;Adaptation;15;1;;;;;
15.12;-0.5;-0.5;5.266493;1;Adaptation;15;1;;;;;
15.14;-0.5;-0.5;4.820805;1;Adaptation;15;1;;;;;
15.16;-0.5;-0.5;4.079;1;Adaptation;15;1;;;;;
15.18;-2;0.25;3.955551;1;Adaptation;15;1;;;;;
15.2;0;0.125;4.135181;1;Adaptation;15;1;;;;;
15.22;-0.5;-0.5;2.291745;1;Adaptation;15;1;;;;;
15.24;-0.5;-0.5;3.91794;1;Adaptation;15;1;;;;;
15.26;-0.5;-0.5;4.714844;1;Adaptation;15;1;;;;;
15.28;-0.5;-0.5;3.485851;1;Adaptation;15;1;;;;;
15.3;-0.5;-0.5;4.021919;1;Adaptation;15;1;;;;;
15.32;0;0.125;3.837251;1;Adaptation;15;1;;;;;
15.34;-0.5;-0.5;4.434927;1;Adaptation;15;1;;;;;
15.36;-0.5;-0.5;2.054278;1;Adaptation;15;1;;;;;
15.38;-2;0.125;3.852686;1;Adaptation;15;1;;;;;
15.4;-0.5;-0.5;3.104922;1;Adaptation;15;1;;;;;
15.42;-0.5;-0.5;3.761554;1;Adaptation;15;1;;;;;
15.44;-0.5;-0.5;4.59424;1;Adaptation;15;1;;;;;
15.46;0;0;3.180505;1;Adaptation;15;1;;;;;
15.48;-0.5;-0.5;2.045816;1;Adaptation;15;1;;;;;
15.5;-0.5;-0.5;3.732868;1;Adaptation;15;1;;;;;
15.52;0;0.125;5.207189;1;Adaptation;15;1;;;;;
15.54;-0.5;-0.5;4.986744;1;Adaptation;15;1;;;;;
15.56;-0.5;-0.5;4.086303;1;Adaptation;15;1;;;;;
15.58;0;-0.25;2.823848;1;Adaptation;15;1;;;;;
15.6;-0.5;-0.5;2.72947;1;Adaptation;15;1;;;;;
15.62;2;-0.25;3.170552;1;Adaptation;15;1;;;;;
15.64;-0.5;-0.5;2.689018;1;Adaptation;15;1;;;;;
15.66;-2;-0.125;4.999567;1;Adaptation;15;1;;;;;
15.68;-0.5;-0.5;5.170691;1;Adaptation;15;1;;;;;
15.7;-0.5;-0.5;4.085815;1;Adaptation;15;1;;;;;
15.72;0;-0.125;2.549646;1;Adaptation;15;1;;;;;
15.74;-0.5;-0.5;2.166531;1;Adaptation;15;1;;;;;
15.76;-0.5;-0.5;5.302169;1;Adaptation;15;1;;;;;
15.78;-0.5;-0.5;2.472385;1;Adaptation;15;1;;;;;
15.8;-0.5;-0.5;4.266211;1;Adaptation;15;1;;;;;
15.82;-0.5;-0.5;2.191458;1;Adaptation;15;1;;;;;
15.84;0;0.125;5.637047;1;Adaptation;15;1;;;;;
15.86;-0.5;-0.5;3.627239;1;Adaptation;15;1;;;;;
15.88;-0.5;-0.5;2.239644;1;Adaptation;15;1;;;;;
15.9;-0.5;-0.5;3.795183;1;Adaptation;15;1;;;;;
15.92;-0.5;-0.5;5.838854;1;Adaptation;15;1;;;;;
15.94;-0.5;-0.5;2.780271;1;Adaptation;15;1;;;;;
15.96;-0.5;-0.5;2.347093;1;Adaptation;15;1;;;;;
15.98;0;0;5.658121;1;Adaptation;15;1;;;;;
16;0;0.125;5.445337;1;Adaptation;15;1;;;;;
16.02;0;0.125;2.056579;1;Adaptation;15;1;;;;;
16.04;0;0.125;2.15165;1;Adaptation;15;1;;;;;
16.06;0;0.125;5.786386;1;Adaptation;15;1;;;;;
16.08;0;0.125;3.982538;1;Adaptation;15;1;;;;;
16.1;0;0.125;3.379189;1;Adaptation;15;1;;;;;
16.12;0;0.125;2.992045;1;Adaptation;15;1;;;;;
16.14;0;0.125;4.967449;1;Adaptation;15;1;;;;;
16.16;0;0.125;4.099504;1;Adaptation;15;1;;;;;
16.18;0;0.125;5.918595;1;Adaptation;15;1;;;;;
16.2;0;0.125;3.188404;1;Adaptation;15;1;;;;;
16.22;0;0.125;5.518297;1;Adaptation;15;1;;;;;
16.24;0;0.125;4.01297;1;Adaptation;15;1;;;;;
16.26;0;0.125;3.712798;1;Adaptation;15;1;;;;;
16.28;0;0.125;2.406305;1;Adaptation;15;1;;;;;
16.3;0;0.125;3.450946;1;Adaptation;15;1;;;;;
16.32;0;0.125;2.238938;1;Adaptation;15;1;;;;;
16.34;-0.5;-0.5;4.718095;1;Adaptation;15;1;;;;;
16.36;-2;0;5.139747;1;Adaptation;15;1;;;;;
16.38;-0.5;-0.5;2.761311;1;Adaptation;15;1;;;;;
16.4;-0.5;-0.5;2.625755;1;Adaptation;15;1;;;;;
16.42;-0.5;-0.5;5.781009;1;Adaptation;15;1;;;;;
16.44;-2;-0.125;3.270494;1;Adaptation;15;1;;;;;
16.46;0;0;5.116062;1;Adaptation;15;1;;;;;
16.48;-2;0;5.55497;1;Adaptation;15;1;;;;;
16.5;-0.5;-0.5;4.634647;1;Adaptation;15;1;;;;;
16.52;-0.5;-0.5;4.3182;1;Adaptation;15;1;;;;;
16.54;0;0;5.529856;1;Adaptation;15;1;;;;;
16.56;0;0;3.645575;1;Adaptation;15;1;;;;;
16.58;-0.5;-0.5;4.946582;1;Adaptation;15;1;;;;;
16.6;-0.5;-0.5;3.598168;1;Adaptation;15;1;;;;;
16.62;-0.5;-0.5;4.488832;1;Adaptation;15;1;;;;;
16.64;-0.5;-0.5;3.477132;1;Adaptation;15;1;;;;;
16.66;0;0;2.23939;1;Adaptation;15;1;;;;;
16.68;-0.5;-0.5;5.410172;1;Adaptation;15;1;;;;;
16.7;-0.5;-0.5;2.147875;1;Adaptation;15;1;;;;;
16.72;-0.5;-0.5;2.286242;1;Adaptation;15;1;;;;;
16.74;-0.5;-0.5;3.06151;1;Adaptation;15;1;;;;;
16.76;-0.5;-0.5;3.297556;1;Adaptation;15;1;;;;;
16.78;0;-0.125;3.863723;1;Adaptation;15;1;;;;;
16.8;0;0.125;3.897002;1;Adaptation;15;1;;;;;
16.82;-0.5;-0.5;2.12851;1;Adaptation;15;1;;;;;
16.84;-0.5;-0.5;3.684794;1;Adaptation;15;1;;;;;
16.86;-0.5;-0.5;5.325762;1;Adaptation;15;1;;;;;
16.88;-0.5;-0.5;5.450414;1;Adaptation;15;1;;;;;
16.9;-0.5;-0.5;5.69128;1;Adaptation;15;1;;;;;
16.92;-0.5;-0.5;5.963517;1;Adaptation;15;1;;;;;
16.94;-0.5;-0.5;2.962103;1;Adaptation;15;1;;;;;
16.96;0;0.125;2.516098;1;Adaptation;15;1;;;;;
16.98;-0.5;-0.5;3.347921;1;Adaptation;15;1;;;;;
17;-0.5;-0.5;3.710547;1;Adaptation;15;1;;;;;
17.02;-0.5;-0.5;4.002722;1;Adaptation;15;1;;;;;
17.04;-0.5;-0.5;3.77025;1;Adaptation;15;1;;;;;
17.06;-0.5;-0.5;4.718591;1;Adaptation;15;1;;;;;
17.08;-2;0;4.404683;1;Adaptation;15;1;;;;;
17.1;-0.5;-0.5;3.355818;1;Adaptation;15;1;;;;;
17.12;-0.5;-0.5;2.998531;1;Adaptation;15;1;;;;;
17.14;-0.5;-0.5;2.112274;1;Adaptation;15;1;;;;;
17.16;-0.5;-0.5;4.235883;1;Adaptation;15;1;;;;;
17.18;-0.5;-0.5;2.084359;1;Adaptation;15;1;;;;;
17.2;-0.5;-0.5;4.78626;1;Adaptation;15;1;;;;;
17.22;-0.5;-0.5;3.196751;1;Adaptation;15;1;;;;;
17.24;-0.5;-0.5;4.762166;1;Adaptation;15;1;;;;;
17.26;0;0;5.856888;1;Adaptation;15;1;;;;;
17.28;-0.5;-0.5;3.706523;1;Adaptation;15;1;;;;;
17.3;-0.5;-0.5;4.132241;1;Adaptation;15;1;;;;;
17.32;2;-0.125;4.775642;1;Adaptation;15;1;;;;;
17.34;-0.5;-0.5;2.230203;1;Adaptation;15;1;;;;;
17.36;-0.5;-0.5;2.367899;1;Adaptation;15;1;;;;;
17.38;-0.5;-0.5;4.960116;1;Adaptation;15;1;;;;;
17.4;-2;0;5.243203;1;Adaptation;15;1;;;;;
17.42;0;0.125;3.778048;1;Adaptation;15;1;;;;;
17.44;0;0;2.201442;1;Adaptation;15;1;;;;;
17.46;-0.5;-0.5;5.589951;1;Adaptation;15;1;;;;;
17.48;-0.5;-0.5;4.880886;1;Adaptation;15;1;;;;;
17.5;-0.5;-0.5;2.439368;1;Adaptation;15;1;;;;;
17.52;2;0.125;5.108728;1;Adaptation;15;1;;;;;
17.54;-0.5;-0.5;2.748213;1;Adaptation;15;1;;;;;
17.56;-0.5;-0.5;4.041338;1;Adaptation;15;1;;;;;
17.58;-0.5;-0.5;5.17065;1;Adaptation;15;1;;;;;
17.6;0;0.125;4.043204;1;Adaptation;15;1;;;;;
17.62;2;0;4.116043;1;Adaptation;15;1;;;;;
17.64;-0.5;-0.5;4.971951;1;Adaptation;15;1;;;;;
17.66;2;0;5.998087;1;Adaptation;15;1;;;;;
17.68;-0.5;-0.5;4.473324;1;Adaptation;15;1;;;;;
17.7;-0.5;-0.5;3.26614;1;Adaptation;15;1;;;;;
17.72;-0.5;-0.5;4.595728;1;Adaptation;15;1;;;;;
17.74;-0.5;-0.5;2.656146;1;Adaptation;15;1;;;;;
17.76;-2;0.25;2.266861;1;Adaptation;15;1;;;;;
17.78;0;-0.25;3.005373;1;Adaptation;15;1;;;;;
17.8;-0.5;-0.5;4.946382;1;Adaptation;15;1;;;;;
17.82;-0.5;-0.5;5.310712;1;Adaptation;15;1;;;;;
17.84;-0.5;-0.5;2.700275;1;Adaptation;15;1;;;;;
17.86;-0.5;-0.5;3.127873;1;Adaptation;15;1;;;;;
17.88;-0.5;-0.5;3.581067;1;Adaptation;15;1;;;;;
17.9;4;0.125;5.334772;1;Adaptation;15;1;;;;;
17.92;0;-0.125;4.974277;1;Adaptation;15;1;;;;;
17.94;-2;0.25;5.556612;1;Adaptation;15;1;;;;;
17.96;0;-0.125;5.627634;1;Adaptation;15;1;;;;;
17.98;-2;-0.25;4.984785;1;Adaptation;15;1;;;;;
18;2;0.125;2.870058;1;Adaptation;15;1;;;;;
18.02;2;0;2.048097;1;Adaptation;15;1;;;;;
18.04;0;0;5.56985;1;Adaptation;15;1;;;;;
18.06;0;0.375;3.113002;1;Adaptation;15;1;;;;;
18.08;-0.5;-0.5;5.360118;1;Adaptation;15;1;;;;;
18.1;-0.5;-0.5;4.066649;1;Adaptation;15;1;;;;;
18.12;0;0.125;2.659487;1;Adaptation;15;1;;;;;
18.14;-2;0;2.304236;1;Adaptation;15;1;;;;;
18.16;-0.5;-0.5;2.170555;1;Adaptation;15;1;;;;;
18.18;-0.5;-0.5;5.683908;1;Adaptation;15;1;;;;;
18.2;-0.5;-0.5;2.190744;1;Adaptation;15;1;;;;;
18.22;-0.5;-0.5;5.548615;1;Adaptation;15;1;;;;;
18.24;-0.5;-0.5;2.562547;1;Adaptation;15;1;;;;;
18.26;-0.5;-0.5;5.819612;1;Adaptation;15;1;;;;;
18.28;-0.5;-0.5;4.170537;1;Adaptation;15;1;;;;;
18.3;-0.5;-0.5;3.000638;1;Adaptation;15;1;;;;;
18.32;-0.5;-0.5;3.303508;1;Adaptation;15;1;;;;;
18.34;0;-0.125;3.501189;1;Adaptation;15;1;;;;;
18.36;-0.5;-0.5;2.761347;1;Adaptation;15;1;;;;;
18.38;-0.5;-0.5;2.805737;1;Adaptation;15;1;;;;;
18.4;-0.5;-0.5;4.9238;1;Adaptation;15;1;;;;;
18.42;-0.5;-0.5;4.621781;1;Adaptation;15;1;;;;;
18.44;-0.5;-0.5;5.479692;1;Adaptation;15;1;;;;;
18.46;-0.5;-0.5;3.93741;1;Adaptation;15;1;;;;;
18.48;-0.5;-0.5;5.145383;1;Adaptation;15;1;;;;;
18.5;-0.5;-0.5;5.191048;1;Adaptation;15;1;;;;;
18.52;-0.5;-0.5;3.845283;1;Adaptation;15;1;;;;;
18.54;2;0;3.672498;1;Adaptation;15;1;;;;;
18.56;-0.5;-0.5;4.792836;1;Adaptation;15;1;;;;;
18.58;-0.5;-0.5;3.699847;1;Adaptation;15;1;;;;;
18.6;-0.5;-0.5;4.12328;1;Adaptation;15;1;;;;;
18.62;-0.5;-0.5;5.934274;1;Adaptation;15;1;;;;;
18.64;-0.5;-0.5;5.537668;1;Adaptation;15;1;;;;;
18.66;-0.5;-0.5;5.570353;1;Adaptation;15;1;;;;;
18.68;-0.5;-0.5;5.971457;1;Adaptation;15;1;;;;;
18.7;-0.5;-0.5;4.239895;1;Adaptation;15;1;;;;;
18.72;-0.5;-0.5;2.627358;1;Adaptation;15;1;;;;;
18.74;-0.5;-0.5;4.356433;1;Adaptation;15;1;;;;;
18.76;0;-0.125;3.457422;1;Adaptation;15;1;;;;;
18.78;0;-0.375;4.878556;1;Adaptation;15;1;;;;;
18.8;0;-0.125;4.509857;1;Adaptation;15;1;;;;;
18.82;-0.5;-0.5;3.153153;1;Adaptation;15;1;;;;;
18.84;-0.5;-0.5;4.715075;1;Adaptation;15;1;;;;;
18.86;-0.5;-0.5;3.205255;1;Adaptation;15;1;;;;;
18.88;-0.5;-0.5;3.277009;1;Adaptation;15;1;;;;;
18.9;-0.5;-0.5;5.521071;1;Adaptation;15;1;;;;;
18.92;-0.5;-0.5;4.391422;1;Adaptation;15;1;;;;;
18.94;-0.5;-0.5;5.893269;1;Adaptation;15;1;;;;;
18.96;-0.5;-0.5;2.440113;1;Adaptation;15;1;;;;;
18.98;-0.5;-0.5;5.520938;1;Adaptation;15;1;;;;;
19;-0.5;-0.5;3.871843;1;Adaptation;15;1;;;;;
19.02;2;0.125;3.514251;1;Adaptation;15;1;;;;;
19.04;-0.5;-0.5;3.83556;1;Adaptation;15;1;;;;;
19.06;-0.5;-0.5;5.298095;1;Adaptation;15;1;;;;;
19.08;-0.5;-0.5;2.495964;1;Adaptation;15;1;;;;;
19.1;-2;0;3.731976;1;Adaptation;15;1;;;;;
19.12;0;0.125;2.019157;1;Adaptation;15;1;;;;;
19.14;-0.5;-0.5;5.443084;1;Adaptation;15;1;;;;;
19.16;-0.5;-0.5;2.392501;1;Adaptation;15;1;;;;;
19.18;-0.5;-0.5;5.413722;1;Adaptation;15;1;;;;;
19.2;-0.5;-0.5;2.653542;1;Adaptation;15;1;;;;;
19.22;0;0;5.375493;1;Adaptation;15;1;;;;;
19.24;-0.5;-0.5;5.365055;1;Adaptation;15;1;;;;;
19.26;-0.5;-0.5;4.234736;1;Adaptation;15;1;;;;;
19.28;-0.5;-0.5;2.127051;1;Adaptation;15;1;;;;;
19.3;-0.5;-0.5;3.019801;1;Adaptation;15;1;;;;;
19.32;-0.5;-0.5;4.085098;1;Adaptation;15;1;;;;;
19.34;-0.5;-0.5;3.829832;1;Adaptation;15;1;;;;;
19.36;-0.5;-0.5;2.818537;1;Adaptation;15;1;;;;;
19.38;-0.5;-0.5;4.627969;1;Adaptation;15;1;;;;;
19.4;-0.5;-0.5;2.375597;1;Adaptation;15;1;;;;;
19.42;0;0.125;4.649648;1;Adaptation;15;1;;;;;
19.44;-0.5;-0.5;4.61012;1;Adaptation;15;1;;;;;
19.46;-0.5;-0.5;2.320137;1;Adaptation;15;1;;;;;
19.48;-0.5;-0.5;5.035873;1;Adaptation;15;1;;;;;
19.5;-0.5;-0.5;3.184025;1;Adaptation;15;1;;;;;
19.52;2;-0.125;2.86111;1;Adaptation;15;1;;;;;
19.54;-2;0;4.384515;1;Adaptation;15;1;;;;;
19.56;-0.5;-0.5;2.326837;1;Adaptation;15;1;;;;;
19.58;-2;0;3.279995;1;Adaptation;15;1;;;;;
19.6;-0.5;-0.5;3.296499;1;Adaptation;15;1;;;;;
19.62;-0.5;-0.5;5.023079;1;Adaptation;15;1;;;;;
19.64;-0.5;-0.5;4.871562;1;Adaptation;15;1;;;;;
19.66;0;0.125;3.897751;1;Adaptation;15;1;;;;;
19.68;-0.5;-0.5;2.679624;1;Adaptation;15;1;;;;;
19.7;-0.5;-0.5;3.639427;1;Adaptation;15;1;;;;;
19.72;-0.5;-0.5;4.203023;1;Adaptation;15;1;;;;;
19.74;0;-0.125;3.723422;1;Adaptation;15;1;;;;;
19.76;-0.5;-0.5;5.105072;1;Adaptation;15;1;;;;;
19.78;2;-0.125;2.73213;1;Adaptation;15;1;;;;;
19.8;0;0;4.235487;1;Adaptation;15;1;;;;;
19.82;-0.5;-0.5;2.596387;1;Adaptation;15;1;;;;;
19.84;0;-0.25;5.454008;1;Adaptation;15;1;;;;;
19.86;-0.5;-0.5;3.018571;1;Adaptation;15;1;;;;;
19.88;-0.5;-0.5;5.772215;1;Adaptation;15;1;;;;;
19.9;-0.5;-0.5;2.667441;1;Adaptation;15;1;;;;;
19.92;2;-0.125;2.6092;1;Adaptation;15;1;;;;;
19.94;-0.5;-0.5;4.583554;1;Adaptation;15;1;;;;;
19.96;-0.5;-0.5;4.924174;1;Adaptation;15;1;;;;;
19.98;-0.5;-0.5;4.081276;1;Adaptation;15;1;;;;;
20;-0.5;-0.5;2.671978;1;Adaptation;15;1;;;;;
20.02;-0.5;-0.5;3.747089;1;Adaptation;15;1;;;;;
20.04;0;0.25;4.29079;1;Adaptation;15;1;;;;;
20.06;-0.5;-0.5;4.552288;1;Adaptation;15;1;;;;;
20.08;-0.5;-0.5;5.67238;1;Adaptation;15;1;;;;;
20.1;0;0.125;4.230371;1;Adaptation;15;1;;;;;
20.12;-0.5;-0.5;2.373956;1;Adaptation;15;1;;;;;
20.14;-0.5;-0.5;3.643772;1;Adaptation;15;1;;;;;
20.16;0;0.25;2.488639;1;Adaptation;15;1;;;;;
20.18;-0.5;-0.5;2.313419;1;Adaptation;15;1;;;;;
20.2;-0.5;-0.5;5.345611;1;Adaptation;15;1;;;;;
20.22;-0.5;-0.5;5.496316;1;Adaptation;15;1;;;;;
20.24;-0.5;-0.5;4.10322;1;Adaptation;15;1;;;;;
20.26;-0.5;-0.5;4.226992;1;Adaptation;15;1;;;;;
20.28;-0.5;-0.5;3.402854;1;Adaptation;15;1;;;;;
20.3;-0.5;-0.5;5.011183;1;Adaptation;15;1;;;;;
20.32;-0.5;-0.5;5.433189;1;Adaptation;15;1;;;;;
20.34;-0.5;-0.5;4.977394;1;Adaptation;15;1;;;;;
20.36;-0.5;-0.5;5.999949;1;Adaptation;15;1;;;;;
20.38;-0.5;-0.5;2.074658;1;Adaptation;15;1;;;;;
20.4;0;0;2.427376;1;Adaptation;15;1;;;;;
20.42;-0.5;-0.5;3.410295;1;Adaptation;15;1;;;;;
20.44;-0.5;-0.5;5.007368;1;Adaptation;15;1;;;;;
20.46;0;0;5.641758;1;Adaptation;15;1;;;;;
20.48;-0.5;-0.5;4.35619;1;Adaptation;15;1;;;;;
20.5;-2;0.125;2.49834;1;Adaptation;15;1;;;;;
20.52;-0.5;-0.5;4.406397;1;Adaptation;15;1;;;;;
20.54;0;0;3.476596;1;Adaptation;15;1;;;;;
20.56;2;0.25;2.61007;1;Adaptation;15;1;;;;;
20.58;-0.5;-0.5;4.849323;1;Adaptation;15;1;;;;;
20.6;-0.5;-0.5;5.232584;1;Adaptation;15;1;;;;;
20.62;-0.5;-0.5;5.24313;1;Adaptation;15;1;;;;;
20.64;-0.5;-0.5;4.470793;1;Adaptation;15;1;;;;;
20.66;-0.5;-0.5;3.105814;1;Adaptation;15;1;;;;;
20.68;0;0;3.27603;1;Adaptation;15;1;;;;;
20.7;0;-0.125;5.921235;1;Adaptation;15;1;;;;;
20.72;-0.5;-0.5;4.634314;1;Adaptation;15;1;;;;;
20.74;-0.5;-0.5;5.509935;1;Adaptation;15;1;;;;;
20.76;-0.5;-0.5;4.898376;1;Adaptation;15;1;;;;;
20.78;0;0.25;3.110598;1;Adaptation;15;1;;;;;
20.8;-0.5;-0.5;2.887828;1;Adaptation;15;1;;;;;
20.82;-0.5;-0.5;2.99723;1;Adaptation;15;1;;;;;
20.84;-0.5;-0.5;2.493309;1;Adaptation;15;1;;;;;
20.86;-0.5;-0.5;2.763953;1;Adaptation;15;1;;;;;
20.88;-0.5;-0.5;3.839631;1;Adaptation;15;1;;;;;
20.9;-0.5;-0.5;3.702956;1;Adaptation;15;1;;;;;
20.92;-0.5;-0.5;5.146776;1;Adaptation;15;1;;;;;
20.94;-0.5;-0.5;2.099622;1;Adaptation;15;1;;;;;
20.96;-0.5;-0.5;2.145703;1;Adaptation;15;1;;;;;
20.98;-0.5;-0.5;4.038268;1;Adaptation;15;1;;;;;
21;0;0.25;2.278465;1;Adaptation;15;1;;;;;
21.02;-0.5;-0.5;4.525288;1;Adaptation;15;1;;;;;
21.04;-0.5;-0.5;3.863007;1;Adaptation;15;1;;;;;
21.06;-0.5;-0.5;2.061172;1;Adaptation;15;1;;;;;
21.08;-2;0.125;2.179132;1;Adaptation;15;1;;;;;
21.1;-0.5;-0.5;4.439062;1;Adaptation;15;1;;;;;
21.12;0;-0.25;2.959715;1;Adaptation;15;1;;;;;
21.14;-0.5;-0.5;5.862842;1;Adaptation;15;1;;;;;
21.16;-0.5;-0.5;2.1056;1;Adaptation;15;1;;;;;
21.18;-0.5;-0.5;4.220977;1;Adaptation;15;1;;;;;
21.2;-0.5;-0.5;5.134867;1;Adaptation;15;1;;;;;
21.22;0;0;3.254233;1;Adaptation;15;1;;;;;
21.24;-0.5;-0.5;4.889549;1;Adaptation;15;1;;;;;
21.26;0;-0.25;4.21105;1;Adaptation;15;1;;;;;
21.28;0;0;2.625165;1;Adaptation;15;1;;;;;
21.3;-0.5;-0.5;4.321541;1;Adaptation;15;1;;;;;
21.32;-0.5;-0.5;3.855046;1;Adaptation;15;1;;;;;
21.34;0;0.125;5.14284;1;Adaptation;15;1;;;;;
21.36;0;0;5.051911;1;Adaptation;15;1;;;;;
21.38;-0.5;-0.5;3.044385;1;Adaptation;15;1;;;;;
21.4;-0.5;-0.5;5.919706;1;Adaptation;15;1;;;;;
21.42;0;-0.25;3.3906;1;Adaptation;15;1;;;;;
21.44;-0.5;-0.5;2.460382;1;Adaptation;15;1;;;;;
21.46;-0.5;-0.5;3.632496;1;Adaptation;15;1;;;;;
21.48;-2;-0.125;4.256466;1;Adaptation;15;1;;;;;
21.5;-0.5;-0.5;5.342125;1;Adaptation;15;1;;;;;
21.52;0;0;3.352438;1;Adaptation;15;1;;;;;
21.54;-4;-0.125;2.293966;1;Adaptation;15;1;;;;;
21.56;-0.5;-0.5;5.731987;1;Adaptation;15;1;;;;;
21.58;-2;0.125;2.962805;1;Adaptation;15;1;;;;;
21.6;-0.5;-0.5;5.973531;1;Adaptation;15;1;;;;;
21.62;-2;0;3.907915;1;Adaptation;15;1;;;;;
21.64;-0.5;-0.5;5.805021;1;Adaptation;15;1;;;;;
21.66;2;0.25;5.081202;1;Adaptation;15;1;;;;;
21.68;0;-0.25;3.945055;1;Adaptation;15;1;;;;;
21.7;-0.5;-0.5;3.647101;1;Adaptation;15;1;;;;;
21.72;-0.5;-0.5;3.942049;1;Adaptation;15;1;;;;;
21.74;-0.5;-0.5;5.664854;1;Adaptation;15;1;;;;;
21.76;-0.5;-0.5;4.499665;1;Adaptation;15;1;;;;;
21.78;-0.5;-0.5;4.247408;1;Adaptation;15;1;;;;;
21.8;-0.5;-0.5;4.547579;1;Adaptation;15;1;;;;;
21.82;0;-0.125;2.740888;1;Adaptation;15;1;;;;;
21.84;-0.5;-0.5;4.187816;1;Adaptation;15;1;;;;;
21.86;-0.5;-0.5;3.457058;1;Adaptation;15;1;;;;;
21.88;-0.5;-0.5;5.567412;1;Adaptation;15;1;;;;;
21.9;-0.5;-0.5;4.224258;1;Adaptation;15;1;;;;;
21.92;-0.5;-0.5;5.261788;1;Adaptation;15;1;;;;;
21.94;0;0;3.440026;1;Adaptation;15;1;;;;;
21.96;0;0;5.366424;1;Adaptation;15;1;;;;;
21.98;-0.5;-0.5;2.181899;1;Adaptation;15;1;;;;;
22;2;0;4.616648;1;Adaptation;15;1;;;;;
22.02;-2;0;5.130063;1;Adaptation;15;1;;;;;
22.04;0;0.125;5.034792;1;Adaptation;15;1;;;;;
22.06;-0.5;-0.5;5.673026;1;Adaptation;15;1;;;;;
22.08;-0.5;-0.5;5.909034;1;Adaptation;15;1;;;;;
22.1;-0.5;-0.5;4.873587;1;Adaptation;15;1;;;;;
22.12;-0.5;-0.5;3.283285;1;Adaptation;15;1;;;;;
22.14;-0.5;-0.5;2.041299;1;Adaptation;15;1;;;;;
;;;;;;;;;;;;
