time;pos_x_right;pos_y_right;dil_right;pos_x_left;pos_y_left;dil_left;brightness;state;fov;trial;;
0;-2;0.125;2.771467;1;Adaptation;15;1;;;;;
0.02;-2;0.125;3.526334;1;Adaptation;15;1;;;;;
0.04;-0.5;-0.5;5.999801;1;Adaptation;15;1;;;;;
0.06;-0.5;-0.5;2.599283;1;Adaptation;15;1;;;;;
0.08;-0.5;-0.5;4.974968;1;Adaptation;15;1;;;;;
0.09999999;-0.5;-0.5;4.492832;1;Adaptation;15;1;;;;;
0.12;-0.5;-0.5;4.420383;1;Adaptation;15;1;;;;;
0.14;-0.5;-0.5;3.399509;1;Adaptation;15;1;;;;;
0.16;-0.5;-0.5;3.218953;1;Adaptation;15;1;;;;;
0.18;-0.5;-0.5;2.163172;1;Adaptation;15;1;;;;;
0.2;-0.5;-0.5;4.808174;1;Adaptation;15;1;;;;;
0.22;-0.5;-0.5;3.418175;1;Adaptation;15;1;;;;;
0.24;-0.5;-0.5;3.781453;1;Adaptation;15;1;;;;;
0.26;-0.5;-0.5;4.41172;1;Adaptation;15;1;;;;;
0.28;-0.5;-0.5;3.164771;1;Adaptation;15;1;;;;;
0.3;-0.5;-0.5;2.04943;1;Adaptation;15;1;;;;;
0.32;-0.5;-0.5;5.523505;1;Adaptation;15;1;;;;;
0.34;-0.5;-0.5;2.819736;1;Adaptation;15;1;;;;;
0.36;-0.5;-0.5;5.601112;1;Adaptation;15;1;;;;;
0.38;-0.5;-0.5;3.666985;1;Adaptation;15;1;;;;;
0.4;4;-0.0625;3.00111;1;Adaptation;15;1;;;;;
0.42;-0.5;-0.5;5.354341;1;Adaptation;15;1;;;;;
0.44;-0.5;-0.5;3.898642;1;Adaptation;15;1;;;;;
;;;;;;;;;;;;
