time;pos_x_right;pos_y_right;dil_right;pos_x_left;pos_y_left;dil_left;brightness;fov;trial;;
0;-0.5;-0.5;4.669991;1;15;1;;;;;
0.02;-0.5;-0.5;2.524361;1;15;1;;;;;
0.04;-0.5;-0.5;4.003599;1;15;1;;;;;
0.06;-0.5;-0.5;2.806944;1;15;1;;;;;
0.08;-0.5;-0.5;2.646165;1;15;1;;;;;
0.09999999;-0.5;-0.5;2.340598;1;15;1;;;;;
0.12;-0.5;-0.5;5.387927;1;15;1;;;;;
0.14;-0.5;-0.5;4.561683;1;15;1;;;;;
0.16;-0.5;-0.5;2.685319;1;15;1;;;;;
0.18;-0.5;-0.5;5.146595;1;15;1;;;;;
0.2;-0.5;-0.5;2.313405;1;15;1;;;;;
0.22;-0.5;-0.5;4.816115;1;15;1;;;;;
0.24;-0.5;-0.5;4.688528;1;15;1;;;;;
0.26;-0.5;-0.5;4.050474;1;15;1;;;;;
0.28;-0.5;-0.5;2.324346;1;15;1;;;;;
0.3;-0.5;-0.5;2.682604;1;15;1;;;;;
0.32;-0.5;-0.5;3.024459;1;15;1;;;;;
0.34;-0.5;-0.5;5.377467;1;15;1;;;;;
0.36;-0.5;-0.5;4.123632;1;15;1;;;;;
0.38;-0.5;-0.5;4.159236;1;15;1;;;;;
0.4;-0.5;-0.5;5.869607;1;15;1;;;;;
0.42;-0.5;-0.5;5.455098;1;15;1;;;;;
0.44;-0.5;-0.5;5.574215;1;15;1;;;;;
0.46;-0.5;-0.5;5.048524;1;15;1;;;;;
0.48;-0.5;-0.5;3.542866;1;15;1;;;;;
0.5;-0.5;-0.5;5.666034;1;15;1;;;;;
0.52;-0.5;-0.5;2.277474;1;15;1;;;;;
0.54;-0.5;-0.5;2.025075;1;15;1;;;;;
0.56;-0.5;-0.5;2.252942;1;15;1;;;;;
0.58;-0.5;-0.5;5.270511;1;15;1;;;;;
0.6;-0.5;-0.5;4.926796;1;15;1;;;;;
0.62;-0.5;-0.5;3.200391;1;15;1;;;;;
0.64;-0.5;-0.5;5.844777;1;15;1;;;;;
0.66;-0.5;-0.5;2.542381;1;15;1;;;;;
0.68;-0.5;-0.5;5.204363;1;15;1;;;;;
0.7;-0.5;-0.5;2.212422;1;15;1;;;;;
0.72;-0.5;-0.5;4.885197;1;15;1;;;;;
0.74;-0.5;-0.5;2.258168;1;15;1;;;;;
0.76;-0.5;-0.5;2.218547;1;15;1;;;;;
0.78;-0.5;-0.5;2.644112;1;15;1;;;;;
0.8;-0.5;-0.5;3.59967;1;15;1;;;;;
0.82;-0.5;-0.5;5.418007;1;15;1;;;;;
0.84;-0.5;-0.5;5.147888;1;15;1;;;;;
0.86;-0.5;-0.5;5.955441;1;15;1;;;;;
0.88;-0.5;-0.5;3.112378;1;15;1;;;;;
0.9;-0.5;-0.5;4.195374;1;15;1;;;;;
0.92;-0.5;-0.5;4.095325;1;15;1;;;;;
0.94;-0.5;-0.5;2.823073;1;15;1;;;;;
0.96;-0.5;-0.5;4.865538;1;15;1;;;;;
0.98;-0.5;-0.5;4.553011;1;15;1;;;;;
1;-0.5;-0.5;5.436581;1;15;1;;;;;
1.02;-0.5;-0.5;5.248195;1;15;1;;;;;
1.04;-0.5;-0.5;5.717793;1;15;1;;;;;
1.06;-0.5;-0.5;3.141306;1;15;1;;;;;
1.08;-0.5;-0.5;2.508273;1;15;1;;;;;
1.1;-0.5;-0.5;3.107844;1;15;1;;;;;
1.12;-0.5;-0.5;2.145098;1;15;1;;;;;
1.14;-0.5;-0.5;2.879023;1;15;1;;;;;
1.16;-0.5;-0.5;4.657021;1;15;1;;;;;
1.18;-0.5;-0.5;2.590972;1;15;1;;;;;
1.2;-0.5;-0.5;2.868811;1;15;1;;;;;
1.22;-0.5;-0.5;2.402106;1;15;1;;;;;
1.24;-0.5;-0.5;5.881867;1;15;1;;;;;
1.26;-0.5;-0.5;4.158972;1;15;1;;;;;
1.28;-0.5;-0.5;2.579342;1;15;1;;;;;
1.3;-0.5;-0.5;5.423228;1;15;1;;;;;
1.32;-0.5;-0.5;4.775331;1;15;1;;;;;
1.34;-0.5;-0.5;3.706224;1;15;1;;;;;
1.36;-0.5;-0.5;2.573637;1;15;1;;;;;
1.38;-0.5;-0.5;4.434844;1;15;1;;;;;
1.4;-0.5;-0.5;3.926194;1;15;1;;;;;
1.42;-0.5;-0.5;4.114318;1;15;1;;;;;
1.44;-0.5;-0.5;3.0253;1;15;1;;;;;
1.46;-0.5;-0.5;5.681947;1;15;1;;;;;
1.48;-0.5;-0.5;5.430077;1;15;1;;;;;
1.5;-0.5;-0.5;2.204642;1;15;1;;;;;
1.52;-0.5;-0.5;3.572536;1;15;1;;;;;
1.54;-0.5;-0.5;4.133645;1;15;1;;;;;
1.56;-0.5;-0.5;3.332155;1;15;1;;;;;
1.58;-0.5;-0.5;4.207241;1;15;1;;;;;
1.6;-0.5;-0.5;2.067309;1;15;1;;;;;
1.62;-0.5;-0.5;4.838943;1;15;1;;;;;
1.64;-0.5;-0.5;3.472416;1;15;1;;;;;
1.66;-0.5;-0.5;2.202114;1;15;1;;;;;
1.68;-0.5;-0.5;5.948696;1;15;1;;;;;
1.7;-0.5;-0.5;2.308575;1;15;1;;;;;
1.72;-0.5;-0.5;2.702281;1;15;1;;;;;
1.74;-0.5;-0.5;4.463862;1;15;1;;;;;
1.76;-0.5;-0.5;4.642079;1;15;1;;;;;
1.78;-0.5;-0.5;3.762639;1;15;1;;;;;
1.8;-0.5;-0.5;2.828342;1;15;1;;;;;
1.82;-0.5;-0.5;4.036803;1;15;1;;;;;
1.84;-0.5;-0.5;5.257901;1;15;1;;;;;
1.86;-0.5;-0.5;5.843622;1;15;1;;;;;
1.88;-0.5;-0.5;3.71868;1;15;1;;;;;
1.9;-0.5;-0.5;4.152124;1;15;1;;;;;
1.92;-0.5;-0.5;4.734972;1;15;1;;;;;
1.94;-0.5;-0.5;3.115501;1;15;1;;;;;
1.96;-0.5;-0.5;5.464439;1;15;1;;;;;
1.98;-0.5;-0.5;4.783644;1;15;1;;;;;
2;-0.5;-0.5;5.968359;1;15;1;;;;;
2.02;-0.5;-0.5;4.902032;1;15;1;;;;;
2.04;-0.5;-0.5;2.485497;1;15;1;;;;;
2.06;-0.5;-0.5;5.87481;1;15;1;;;;;
2.08;-0.5;-0.5;2.092003;1;15;1;;;;;
2.1;-0.5;-0.5;5.023487;1;15;1;;;;;
2.12;-0.5;-0.5;2.324879;1;15;1;;;;;
2.14;-0.5;-0.5;3.398726;1;15;1;;;;;
2.16;-0.5;-0.5;5.477096;1;15;1;;;;;
2.18;-0.5;-0.5;3.237315;1;15;1;;;;;
2.2;-0.5;-0.5;4.681205;1;15;1;;;;;
2.22;-0.5;-0.5;4.954355;1;15;1;;;;;
2.24;-0.5;-0.5;5.906573;1;15;1;;;;;
2.26;-0.5;-0.5;3.508075;1;15;1;;;;;
2.28;-0.5;-0.5;3.37315;1;15;1;;;;;
2.3;-0.5;-0.5;3.207827;1;15;1;;;;;
2.32;-0.5;-0.5;2.495262;1;15;1;;;;;
2.34;-0.5;-0.5;3.014554;1;15;1;;;;;
2.36;-0.5;-0.5;5.041595;1;15;1;;;;;
2.38;-0.5;-0.5;2.429829;1;15;1;;;;;
2.4;-0.5;-0.5;2.919374;1;15;1;;;;;
2.42;-0.5;-0.5;5.064956;1;15;1;;;;;
2.44;-0.5;-0.5;5.268365;1;15;1;;;;;
2.46;-0.5;-0.5;3.015458;1;15;1;;;;;
2.48;-0.5;-0.5;4.359468;1;15;1;;;;;
2.5;-0.5;-0.5;2.134825;1;15;1;;;;;
2.52;-0.5;-0.5;2.325009;1;15;1;;;;;
2.54;-0.5;-0.5;3.898354;1;15;1;;;;;
2.56;-0.5;-0.5;4.862597;1;15;1;;;;;
2.58;-0.5;-0.5;3.957206;1;15;1;;;;;
2.6;-0.5;-0.5;2.060256;1;15;1;;;;;
2.62;-0.5;-0.5;3.754404;1;15;1;;;;;
2.64;-0.5;-0.5;5.35625;1;15;1;;;;;
2.66;-0.5;-0.5;4.004453;1;15;1;;;;;
2.68;-0.5;-0.5;5.290401;1;15;1;;;;;
2.7;-0.5;-0.5;4.88334;1;15;1;;;;;
2.72;-0.5;-0.5;3.051273;1;15;1;;;;;
2.74;-0.5;-0.5;3.641241;1;15;1;;;;;
2.76;-0.5;-0.5;4.257564;1;15;1;;;;;
2.78;-0.5;-0.5;2.450644;1;15;1;;;;;
2.8;-0.5;-0.5;2.091274;1;15;1;;;;;
2.82;-0.5;-0.5;4.981727;1;15;1;;;;;
2.84;-0.5;-0.5;5.896714;1;15;1;;;;;
2.86;-0.5;-0.5;2.538482;1;15;1;;;;;
2.88;-0.5;-0.5;3.090495;1;15;1;;;;;
2.9;-0.5;-0.5;4.42496;1;15;1;;;;;
2.92;-0.5;-0.5;5.903385;1;15;1;;;;;
2.94;-0.5;-0.5;2.655021;1;15;1;;;;;
2.96;-0.5;-0.5;4.029336;1;15;1;;;;;
2.98;-0.5;-0.5;4.040812;1;15;1;;;;;
3;-0.5;-0.5;5.953717;1;15;1;;;;;
3.02;-0.5;-0.5;2.333012;1;15;1;;;;;
3.04;-0.5;-0.5;3.271464;1;15;1;;;;;
3.06;-0.5;-0.5;2.658269;1;15;1;;;;;
3.08;-0.5;-0.5;2.630821;1;15;1;;;;;
3.1;-0.5;-0.5;5.937322;1;15;1;;;;;
3.12;-0.5;-0.5;5.200448;1;15;1;;;;;
3.14;-0.5;-0.5;5.344422;1;15;1;;;;;
3.16;-0.5;-0.5;4.402736;1;15;1;;;;;
3.18;-0.5;-0.5;3.915332;1;15;1;;;;;
3.2;-0.5;-0.5;3.013902;1;15;1;;;;;
3.22;-0.5;-0.5;5.536612;1;15;1;;;;;
3.24;-0.5;-0.5;4.237974;1;15;1;;;;;
3.26;-0.5;-0.5;4.51136;1;15;1;;;;;
3.28;-0.5;-0.5;3.805507;1;15;1;;;;;
3.3;-0.5;-0.5;4.127822;1;15;1;;;;;
3.32;-0.5;-0.5;3.003235;1;15;1;;;;;
3.34;-0.5;-0.5;5.218192;1;15;1;;;;;
3.36;-0.5;-0.5;5.561636;1;15;1;;;;;
3.38;-0.5;-0.5;4.681975;1;15;1;;;;;
3.4;-0.5;-0.5;2.241557;1;15;1;;;;;
3.42;-0.5;-0.5;4.454204;1;15;1;;;;;
3.44;-0.5;-0.5;3.304633;1;15;1;;;;;
3.46;-0.5;-0.5;5.557747;1;15;1;;;;;
3.48;-0.5;-0.5;3.241775;1;15;1;;;;;
3.5;-0.5;-0.5;2.985818;1;15;1;;;;;
3.52;-0.5;-0.5;4.843614;1;15;1;;;;;
3.54;-0.5;-0.5;2.839988;1;15;1;;;;;
3.56;-0.5;-0.5;3.227653;1;15;1;;;;;
3.58;-0.5;-0.5;5.026125;1;15;1;;;;;
3.6;-0.5;-0.5;2.018419;1;15;1;;;;;
3.62;-0.5;-0.5;4.237991;1;15;1;;;;;
3.64;-0.5;-0.5;3.852854;1;15;1;;;;;
3.66;-0.5;-0.5;4.140924;1;15;1;;;;;
3.68;-0.5;-0.5;2.904663;1;15;1;;;;;
3.7;-0.5;-0.5;4.890037;1;15;1;;;;;
3.72;-0.5;-0.5;5.109847;1;15;1;;;;;
3.74;-0.5;-0.5;2.575282;1;15;1;;;;;
3.76;-0.5;-0.5;2.177547;1;15;1;;;;;
3.78;-0.5;-0.5;2.575003;1;15;1;;;;;
3.8;-0.5;-0.5;3.50442;1;15;1;;;;;
3.82;-0.5;-0.5;3.933571;1;15;1;;;;;
3.84;-0.5;-0.5;4.740923;1;15;1;;;;;
3.86;-0.5;-0.5;2.525341;1;15;1;;;;;
3.88;-0.5;-0.5;5.872906;1;15;1;;;;;
3.9;-0.5;-0.5;3.240029;1;15;1;;;;;
3.92;-0.5;-0.5;3.57737;1;15;1;;;;;
3.94;-0.5;-0.5;2.140006;1;15;1;;;;;
3.96;-0.5;-0.5;2.94787;1;15;1;;;;;
3.98;-0.5;-0.5;2.173211;1;15;1;;;;;
4;-0.5;-0.5;5.452773;1;15;1;;;;;
4.02;-0.5;-0.5;3.435996;1;15;1;;;;;
4.04;-0.5;-0.5;5.574265;1;15;1;;;;;
4.06;-0.5;-0.5;2.614028;1;15;1;;;;;
4.08;-0.5;-0.5;4.357508;1;15;1;;;;;
4.1;-0.5;-0.5;4.090233;1;15;1;;;;;
4.12;-0.5;-0.5;5.46244;1;15;1;;;;;
4.14;-0.5;-0.5;3.300502;1;15;1;;;;;
4.16;-0.5;-0.5;4.700521;1;15;1;;;;;
4.18;-0.5;-0.5;5.645358;1;15;1;;;;;
4.2;-0.5;-0.5;5.802506;1;15;1;;;;;
4.22;-0.5;-0.5;4.24717;1;15;1;;;;;
4.24;-0.5;-0.5;5.156352;1;15;1;;;;;
4.26;-0.5;-0.5;3.971634;1;15;1;;;;;
4.28;-0.5;-0.5;4.601064;1;15;1;;;;;
4.3;-0.5;-0.5;5.853972;1;15;1;;;;;
4.32;-0.5;-0.5;5.075088;1;15;1;;;;;
4.34;-0.5;-0.5;3.712517;1;15;1;;;;;
4.36;-0.5;-0.5;2.198235;1;15;1;;;;;
4.38;-0.5;-0.5;5.494773;1;15;1;;;;;
4.4;-0.5;-0.5;4.520313;1;15;1;;;;;
4.42;-0.5;-0.5;3.314613;1;15;1;;;;;
4.44;-0.5;-0.5;5.883909;1;15;1;;;;;
4.46;-0.5;-0.5;2.12027;1;15;1;;;;;
4.48;-0.5;-0.5;3.650072;1;15;1;;;;;
4.5;-0.5;-0.5;4.614112;1;15;1;;;;;
4.52;-0.5;-0.5;5.849326;1;15;1;;;;;
4.54;-0.5;-0.5;2.25872;1;15;1;;;;;
4.56;-0.5;-0.5;2.465033;1;15;1;;;;;
4.58;-0.5;-0.5;4.772056;1;15;1;;;;;
4.6;-0.5;-0.5;5.339924;1;15;1;;;;;
4.62;-0.5;-0.5;5.624289;1;15;1;;;;;
4.64;-0.5;-0.5;3.651955;1;15;1;;;;;
4.66;-0.5;-0.5;5.922741;1;15;1;;;;;
4.68;-0.5;-0.5;5.472903;1;15;1;;;;;
4.7;-0.5;-0.5;2.82598;1;15;1;;;;;
4.72;-0.5;-0.5;3.411558;1;15;1;;;;;
4.74;-0.5;-0.5;2.383079;1;15;1;;;;;
4.76;-0.5;-0.5;3.132886;1;15;1;;;;;
4.78;-0.5;-0.5;4.960865;1;15;1;;;;;
4.8;-0.5;-0.5;5.949625;1;15;1;;;;;
4.82;-0.5;-0.5;4.212226;1;15;1;;;;;
4.84;-0.5;-0.5;5.582708;1;15;1;;;;;
4.86;-0.5;-0.5;2.754654;1;15;1;;;;;
4.88;-0.5;-0.5;5.850132;1;15;1;;;;;
4.9;-0.5;-0.5;2.965034;1;15;1;;;;;
4.92;-0.5;-0.5;3.083891;1;15;1;;;;;
4.94;-0.5;-0.5;5.566718;1;15;1;;;;;
4.96;-0.5;-0.5;3.675291;1;15;1;;;;;
4.98;-0.5;-0.5;2.733534;1;15;1;;;;;
5;-0.5;-0.5;4.240956;1;15;1;;;;;
5.02;-0.5;-0.5;3.852689;1;15;1;;;;;
5.04;-0.5;-0.5;3.078318;1;15;1;;;;;
5.06;-0.5;-0.5;5.776718;1;15;1;;;;;
5.08;-0.5;-0.5;3.411937;1;15;1;;;;;
5.1;-0.5;-0.5;4.094395;1;15;1;;;;;
5.12;-0.5;-0.5;3.5477;1;15;1;;;;;
5.14;-0.5;-0.5;2.719231;1;15;1;;;;;
5.16;-0.5;-0.5;4.271657;1;15;1;;;;;
5.18;-0.5;-0.5;3.894735;1;15;1;;;;;
5.2;-0.5;-0.5;4.794846;1;15;1;;;;;
5.22;-0.5;-0.5;2.464592;1;15;1;;;;;
5.24;-0.5;-0.5;5.821496;1;15;1;;;;;
5.26;-0.5;-0.5;5.005888;1;15;1;;;;;
5.28;-0.5;-0.5;3.767815;1;15;1;;;;;
5.3;-0.5;-0.5;2.62933;1;15;1;;;;;
5.32;-0.5;-0.5;2.950254;1;15;1;;;;;
5.34;-0.5;-0.5;5.538148;1;15;1;;;;;
5.36;-0.5;-0.5;2.569093;1;15;1;;;;;
5.38;-0.5;-0.5;5.514497;1;15;1;;;;;
5.4;-0.5;-0.5;2.605917;1;15;1;;;;;
5.42;-0.5;-0.5;2.626694;1;15;1;;;;;
5.44;-0.5;-0.5;4.605479;1;15;1;;;;;
5.46;-0.5;-0.5;3.400145;1;15;1;;;;;
5.48;-0.5;-0.5;3.206838;1;15;1;;;;;
5.5;-0.5;-0.5;4.156337;1;15;1;;;;;
5.52;-0.5;-0.5;3.708643;1;15;1;;;;;
5.54;-0.5;-0.5;2.877812;1;15;1;;;;;
5.56;-0.5;-0.5;3.177249;1;15;1;;;;;
5.58;-0.5;-0.5;5.95317;1;15;1;;;;;
5.6;-0.5;-0.5;2.482756;1;15;1;;;;;
5.62;-0.5;-0.5;2.63805;1;15;1;;;;;
5.64;-0.5;-0.5;5.67591;1;15;1;;;;;
5.66;-0.5;-0.5;5.450753;1;15;1;;;;;
5.68;-0.5;-0.5;2.622077;1;15;1;;;;;
5.7;-0.5;-0.5;2.279757;1;15;1;;;;;
5.72;-0.5;-0.5;5.544097;1;15;1;;;;;
5.74;-0.5;-0.5;4.253771;1;15;1;;;;;
5.76;-0.5;-0.5;2.957363;1;15;1;;;;;
5.78;-0.5;-0.5;5.626634;1;15;1;;;;;
5.8;-0.5;-0.5;3.627513;1;15;1;;;;;
5.82;-0.5;-0.5;3.622268;1;15;1;;;;;
5.84;-0.5;-0.5;2.91285;1;15;1;;;;;
5.86;-0.5;-0.5;2.376861;1;15;1;;;;;
5.88;-0.5;-0.5;2.767278;1;15;1;;;;;
5.9;-0.5;-0.5;2.247227;1;15;1;;;;;
5.92;-0.5;-0.5;2.097931;1;15;1;;;;;
5.94;-0.5;-0.5;4.940772;1;15;1;;;;;
5.96;-0.5;-0.5;5.855968;1;15;1;;;;;
5.98;-0.5;-0.5;3.814782;1;15;1;;;;;
6;-0.5;-0.5;4.616267;1;15;1;;;;;
6.02;-0.5;-0.5;5.567355;1;15;1;;;;;
6.04;-0.5;-0.5;4.145564;1;15;1;;;;;
6.06;-0.5;-0.5;3.104338;1;15;1;;;;;
6.08;-0.5;-0.5;3.971343;1;15;1;;;;;
6.1;-0.5;-0.5;4.610991;1;15;1;;;;;
6.12;-0.5;-0.5;2.035767;1;15;1;;;;;
6.14;-0.5;-0.5;2.034217;1;15;1;;;;;
6.16;-0.5;-0.5;5.905499;1;15;1;;;;;
6.18;-0.5;-0.5;2.52629;1;15;1;;;;;
6.2;-0.5;-0.5;2.871989;1;15;1;;;;;
6.22;-0.5;-0.5;5.668982;1;15;1;;;;;
6.24;-0.5;-0.5;2.722164;1;15;1;;;;;
6.26;-0.5;-0.5;2.2694;1;15;1;;;;;
6.28;-0.5;-0.5;5.718447;1;15;1;;;;;
6.3;-0.5;-0.5;3.609327;1;15;1;;;;;
6.32;-0.5;-0.5;5.148561;1;15;1;;;;;
6.34;-0.5;-0.5;4.161565;1;15;1;;;;;
6.36;-0.5;-0.5;3.018315;1;15;1;;;;;
6.38;-0.5;-0.5;4.736406;1;15;1;;;;;
6.4;-0.5;-0.5;2.234714;1;15;1;;;;;
6.42;-0.5;-0.5;3.172858;1;15;1;;;;;
6.44;-0.5;-0.5;3.671629;1;15;1;;;;;
6.46;-0.5;-0.5;3.043872;1;15;1;;;;;
6.48;-0.5;-0.5;3.033926;1;15;1;;;;;
6.5;-0.5;-0.5;4.833175;1;15;1;;;;;
6.52;-0.5;-0.5;2.783402;1;15;1;;;;;
6.54;-0.5;-0.5;5.2608;1;15;1;;;;;
6.56;-0.5;-0.5;5.396052;1;15;1;;;;;
6.58;-0.5;-0.5;5.733332;1;15;1;;;;;
6.6;-0.5;-0.5;4.369244;1;15;1;;;;;
6.62;-0.5;-0.5;5.146034;1;15;1;;;;;
6.64;-0.5;-0.5;4.345353;1;15;1;;;;;
6.66;-0.5;-0.5;2.903586;1;15;1;;;;;
6.68;-0.5;-0.5;4.331761;1;15;1;;;;;
6.7;-0.5;-0.5;4.863995;1;15;1;;;;;
6.72;-0.5;-0.5;5.978038;1;15;1;;;;;
6.74;-0.5;-0.5;5.604965;1;15;1;;;;;
6.76;-0.5;-0.5;5.700151;1;15;1;;;;;
6.78;-0.5;-0.5;2.16042;1;15;1;;;;;
6.8;-0.5;-0.5;3.045192;1;15;1;;;;;
6.82;-0.5;-0.5;2.286303;1;15;1;;;;;
6.84;-0.5;-0.5;3.449264;1;15;1;;;;;
6.86;-0.5;-0.5;2.017267;1;15;1;;;;;
6.88;-0.5;-0.5;5.045589;1;15;1;;;;;
6.9;-0.5;-0.5;3.109473;1;15;1;;;;;
6.92;-0.5;-0.5;3.621673;1;15;1;;;;;
6.94;-0.5;-0.5;2.49868;1;15;1;;;;;
6.96;-0.5;-0.5;5.864233;1;15;1;;;;;
6.98;-0.5;-0.5;2.083502;1;15;1;;;;;
7;-0.5;-0.5;2.483624;1;15;1;;;;;
7.02;-0.5;-0.5;2.546783;1;15;1;;;;;
7.04;-0.5;-0.5;2.075296;1;15;1;;;;;
7.06;-0.5;-0.5;4.838169;1;15;1;;;;;
7.08;-0.5;-0.5;2.02308;1;15;1;;;;;
7.1;-0.5;-0.5;2.342963;1;15;1;;;;;
7.12;-0.5;-0.5;2.5959;1;15;1;;;;;
7.14;-0.5;-0.5;3.095344;1;15;1;;;;;
7.16;-0.5;-0.5;4.860923;1;15;1;;;;;
7.18;-0.5;-0.5;3.161594;1;15;1;;;;;
7.2;-0.5;-0.5;2.300805;1;15;1;;;;;
7.22;-0.5;-0.5;2.535666;1;15;1;;;;;
7.24;-0.5;-0.5;2.640901;1;15;1;;;;;
7.26;-0.5;-0.5;4.853911;1;15;1;;;;;
7.28;-0.5;-0.5;5.551329;1;15;1;;;;;
7.3;-0.5;-0.5;5.578455;1;15;1;;;;;
7.32;-0.5;-0.5;3.289334;1;15;1;;;;;
7.34;-0.5;-0.5;5.211404;1;15;1;;;;;
7.36;-0.5;-0.5;5.107648;1;15;1;;;;;
7.38;-0.5;-0.5;4.686355;1;15;1;;;;;
7.4;-0.5;-0.5;2.789363;1;15;1;;;;;
7.42;-0.5;-0.5;4.552998;1;15;1;;;;;
7.44;-0.5;-0.5;2.045995;1;15;1;;;;;
7.46;-0.5;-0.5;3.195277;1;15;1;;;;;
7.48;-0.5;-0.5;5.175409;1;15;1;;;;;
7.5;-0.5;-0.5;5.15444;1;15;1;;;;;
7.52;-0.5;-0.5;3.081069;1;15;1;;;;;
7.54;-0.5;-0.5;5.254481;1;15;1;;;;;
7.56;-0.5;-0.5;3.562517;1;15;1;;;;;
7.58;-0.5;-0.5;2.773593;1;15;1;;;;;
7.6;-0.5;-0.5;3.070116;1;15;1;;;;;
7.62;-0.5;-0.5;3.558484;1;15;1;;;;;
7.64;-0.5;-0.5;5.674717;1;15;1;;;;;
7.66;-0.5;-0.5;3.171475;1;15;1;;;;;
7.68;-0.5;-0.5;4.882545;1;15;1;;;;;
7.7;-0.5;-0.5;3.088139;1;15;1;;;;;
7.72;-0.5;-0.5;3.718835;1;15;1;;;;;
7.74;-0.5;-0.5;4.370814;1;15;1;;;;;
7.76;-0.5;-0.5;4.448818;1;15;1;;;;;
7.78;-0.5;-0.5;2.00526;1;15;1;;;;;
7.8;-0.5;-0.5;3.054726;1;15;1;;;;;
7.82;-0.5;-0.5;2.017027;1;15;1;;;;;
7.84;-0.5;-0.5;5.827408;1;15;1;;;;;
7.86;-0.5;-0.5;5.11614;1;15;1;;;;;
7.88;-0.5;-0.5;2.006891;1;15;1;;;;;
7.9;-0.5;-0.5;4.166075;1;15;1;;;;;
7.92;-0.5;-0.5;3.419463;1;15;1;;;;;
7.94;-0.5;-0.5;5.977453;1;15;1;;;;;
7.96;-0.5;-0.5;2.618535;1;15;1;;;;;
7.98;-0.5;-0.5;3.684268;1;15;1;;;;;
8;-0.5;-0.5;4.396085;1;15;1;;;;;
8.02;-0.5;-0.5;4.235738;1;15;1;;;;;
8.04;-0.5;-0.5;3.157074;1;15;1;;;;;
8.059999;-0.5;-0.5;3.49463;1;15;1;;;;;
8.08;-0.5;-0.5;5.081801;1;15;1;;;;;
8.099999;-0.5;-0.5;3.828824;1;15;1;;;;;
8.12;-0.5;-0.5;3.797571;1;15;1;;;;;
8.139999;-0.5;-0.5;5.866979;1;15;1;;;;;
8.16;-0.5;-0.5;3.668372;1;15;1;;;;;
8.179999;-0.5;-0.5;2.676915;1;15;1;;;;;
8.2;-0.5;-0.5;2.211848;1;15;1;;;;;
8.22;-0.5;-0.5;2.352253;1;15;1;;;;;
8.24;-0.5;-0.5;2.946945;1;15;1;;;;;
8.26;-0.5;-0.5;4.411832;1;15;1;;;;;
8.28;-0.5;-0.5;4.724109;1;15;1;;;;;
8.3;-0.5;-0.5;5.761406;1;15;1;;;;;
8.32;-0.5;-0.5;2.577621;1;15;1;;;;;
8.34;-0.5;-0.5;2.822145;1;15;1;;;;;
8.36;-0.5;-0.5;5.327989;1;15;1;;;;;
8.38;-0.5;-0.5;5.446355;1;15;1;;;;;
8.4;-0.5;-0.5;2.70362;1;15;1;;;;;
8.42;-0.5;-0.5;4.644698;1;15;1;;;;;
8.44;-0.5;-0.5;3.238292;1;15;1;;;;;
8.46;-0.5;-0.5;2.818069;1;15;1;;;;;
8.48;-0.5;-0.5;5.733334;1;15;1;;;;;
8.5;-0.5;-0.5;3.877058;1;15;1;;;;;
8.52;-0.5;-0.5;2.218528;1;15;1;;;;;
8.54;-0.5;-0.5;4.755938;1;15;1;;;;;
8.559999;-0.5;-0.5;4.040807;1;15;1;;;;;
8.58;-0.5;-0.5;2.664268;1;15;1;;;;;
8.599999;-0.5;-0.5;5.083115;1;15;1;;;;;
8.62;-0.5;-0.5;5.819356;1;15;1;;;;;
8.639999;-0.5;-0.5;5.34647;1;15;1;;;;;
8.66;-0.5;-0.5;2.272665;1;15;1;;;;;
8.679999;-0.5;-0.5;3.219649;1;15;1;;;;;
8.7;-0.5;-0.5;5.93323;1;15;1;;;;;
8.72;-0.5;-0.5;3.376239;1;15;1;;;;;
8.74;-0.5;-0.5;5.112081;1;15;1;;;;;
8.76;-0.5;-0.5;5.869447;1;15;1;;;;;
8.78;-0.5;-0.5;2.315027;1;15;1;;;;;
8.8;-0.5;-0.5;2.858493;1;15;1;;;;;
8.82;-0.5;-0.5;4.043242;1;15;1;;;;;
8.84;-0.5;-0.5;2.207702;1;15;1;;;;;
8.86;-0.5;-0.5;5.504065;1;15;1;;;;;
8.88;-0.5;-0.5;4.359039;1;15;1;;;;;
8.9;-0.5;-0.5;2.147049;1;15;1;;;;;
8.92;-0.5;-0.5;5.839737;1;15;1;;;;;
8.94;-0.5;-0.5;2.211541;1;15;1;;;;;
8.96;-0.5;-0.5;3.481121;1;15;1;;;;;
8.98;-0.5;-0.5;2.549263;1;15;1;;;;;
9;-0.5;-0.5;5.236599;1;15;1;;;;;
9.02;-0.5;-0.5;3.670128;1;15;1;;;;;
9.04;-0.5;-0.5;3.713922;1;15;1;;;;;
9.059999;-0.5;-0.5;3.108145;1;15;1;;;;;
9.08;-0.5;-0.5;3.689183;1;15;1;;;;;
9.099999;-0.5;-0.5;3.58333;1;15;1;;;;;
9.12;-0.5;-0.5;4.344959;1;15;1;;;;;
9.139999;-0.5;-0.5;3.317333;1;15;1;;;;;
9.16;-0.5;-0.5;2.58376;1;15;1;;;;;
9.179999;-0.5;-0.5;2.183939;1;15;1;;;;;
9.2;-0.5;-0.5;4.299237;1;15;1;;;;;
9.22;-0.5;-0.5;4.435263;1;15;1;;;;;
9.24;-0.5;-0.5;3.465735;1;15;1;;;;;
9.26;-0.5;-0.5;2.755176;1;15;1;;;;;
9.28;-0.5;-0.5;5.42515;1;15;1;;;;;
9.3;-0.5;-0.5;2.563019;1;15;1;;;;;
9.32;-0.5;-0.5;2.533301;1;15;1;;;;;
9.34;-0.5;-0.5;3.018256;1;15;1;;;;;
9.36;-0.5;-0.5;2.563639;1;15;1;;;;;
9.38;-0.5;-0.5;3.400734;1;15;1;;;;;
9.4;-0.5;-0.5;5.553848;1;15;1;;;;;
9.42;-0.5;-0.5;2.842677;1;15;1;;;;;
9.44;-0.5;-0.5;4.518443;1;15;1;;;;;
9.46;-0.5;-0.5;2.703608;1;15;1;;;;;
9.48;-0.5;-0.5;2.460163;1;15;1;;;;;
9.5;-0.5;-0.5;3.221769;1;15;1;;;;;
9.52;-0.5;-0.5;3.65932;1;15;1;;;;;
9.54;-0.5;-0.5;2.959391;1;15;1;;;;;
9.559999;-0.5;-0.5;3.532885;1;15;1;;;;;
9.58;-0.5;-0.5;4.263272;1;15;1;;;;;
9.599999;-0.5;-0.5;2.088086;1;15;1;;;;;
9.62;-0.5;-0.5;3.164951;1;15;1;;;;;
9.639999;-0.5;-0.5;4.306466;1;15;1;;;;;
9.66;-0.5;-0.5;2.95353;1;15;1;;;;;
9.679999;-0.5;-0.5;4.066802;1;15;1;;;;;
9.7;-0.5;-0.5;3.855414;1;15;1;;;;;
9.719999;-0.5;-0.5;4.168277;1;15;1;;;;;
9.74;-0.5;-0.5;4.030921;1;15;1;;;;;
9.76;-0.5;-0.5;3.875506;1;15;1;;;;;
9.78;-0.5;-0.5;3.502127;1;15;1;;;;;
9.8;-0.5;-0.5;2.268977;1;15;1;;;;;
9.82;-0.5;-0.5;5.24774;1;15;1;;;;;
9.84;-0.5;-0.5;5.126861;1;15;1;;;;;
9.86;-0.5;-0.5;3.463151;1;15;1;;;;;
9.88;-0.5;-0.5;4.554491;1;15;1;;;;;
9.9;-0.5;-0.5;5.237091;1;15;1;;;;;
9.92;-0.5;-0.5;2.29011;1;15;1;;;;;
9.94;-0.5;-0.5;2.897216;1;15;1;;;;;
9.96;-0.5;-0.5;2.439529;1;15;1;;;;;
9.98;-0.5;-0.5;4.54478;1;15;1;;;;;
10;-0.5;-0.5;3.864353;1;15;1;;;;;
10.02;-0.5;-0.5;3.791234;1;15;1;;;;;
10.04;-0.5;-0.5;4.089978;1;15;1;;;;;
10.06;-0.5;-0.5;5.469498;1;15;1;;;;;
10.08;-0.5;-0.5;5.966681;1;15;1;;;;;
10.1;-0.5;-0.5;3.480186;1;15;1;;;;;
10.12;-0.5;-0.5;3.928797;1;15;1;;;;;
10.14;-0.5;-0.5;3.026795;1;15;1;;;;;
10.16;-0.5;-0.5;4.151273;1;15;1;;;;;
10.18;-0.5;-0.5;5.639693;1;15;1;;;;;
10.2;-0.5;-0.5;3.833397;1;15;1;;;;;
10.22;-0.5;-0.5;2.680079;1;15;1;;;;;
10.24;-0.5;-0.5;3.734549;1;15;1;;;;;
10.26;-0.5;-0.5;5.839814;1;15;1;;;;;
10.28;-0.5;-0.5;5.564204;1;15;1;;;;;
10.3;-0.5;-0.5;2.498814;1;15;1;;;;;
10.32;-0.5;-0.5;3.24011;1;15;1;;;;;
10.34;-0.5;-0.5;4.821783;1;15;1;;;;;
10.36;-0.5;-0.5;2.078792;1;15;1;;;;;
10.38;-0.5;-0.5;4.352724;1;15;1;;;;;
10.4;-0.5;-0.5;3.236727;1;15;1;;;;;
10.42;-0.5;-0.5;2.761166;1;15;1;;;;;
10.44;-0.5;-0.5;5.23649;1;15;1;;;;;
10.46;-0.5;-0.5;2.213766;1;15;1;;;;;
10.48;-0.5;-0.5;4.877052;1;15;1;;;;;
10.5;-0.5;-0.5;3.532506;1;15;1;;;;;
10.52;-0.5;-0.5;3.095935;1;15;1;;;;;
10.54;-0.5;-0.5;5.211482;1;15;1;;;;;
10.56;-0.5;-0.5;5.274706;1;15;1;;;;;
10.58;-0.5;-0.5;4.028387;1;15;1;;;;;
10.6;-0.5;-0.5;5.958817;1;15;1;;;;;
10.62;-0.5;-0.5;2.396523;1;15;1;;;;;
10.64;-0.5;-0.5;4.756858;1;15;1;;;;;
10.66;-0.5;-0.5;5.677943;1;15;1;;;;;
10.68;-0.5;-0.5;5.322177;1;15;1;;;;;
10.7;-0.5;-0.5;2.38086;1;15;1;;;;;
10.72;-0.5;-0.5;3.026477;1;15;1;;;;;
10.74;-0.5;-0.5;4.216875;1;15;1;;;;;
10.76;-0.5;-0.5;2.291352;1;15;1;;;;;
10.78;-0.5;-0.5;5.783066;1;15;1;;;;;
10.8;-0.5;-0.5;5.261182;1;15;1;;;;;
10.82;-0.5;-0.5;2.421414;1;15;1;;;;;
10.84;-0.5;-0.5;2.855175;1;15;1;;;;;
10.86;-0.5;-0.5;3.047214;1;15;1;;;;;
10.88;-0.5;-0.5;3.18558;1;15;1;;;;;
10.9;-0.5;-0.5;5.067352;1;15;1;;;;;
10.92;-0.5;-0.5;2.643981;1;15;1;;;;;
10.94;-0.5;-0.5;2.047462;1;15;1;;;;;
10.96;-0.5;-0.5;4.874263;1;15;1;;;;;
10.98;-0.5;-0.5;5.769257;1;15;1;;;;;
11;-0.5;-0.5;2.151;1;15;1;;;;;
11.02;-0.5;-0.5;3.201505;1;15;1;;;;;
11.04;-0.5;-0.5;2.117978;1;15;1;;;;;
11.06;-0.5;-0.5;3.864743;1;15;1;;;;;
11.08;-0.5;-0.5;2.477744;1;15;1;;;;;
11.1;-0.5;-0.5;2.412072;1;15;1;;;;;
11.12;-0.5;-0.5;3.612011;1;15;1;;;;;
11.14;-0.5;-0.5;3.150763;1;15;1;;;;;
11.16;-0.5;-0.5;3.243565;1;15;1;;;;;
11.18;-0.5;-0.5;4.075119;1;15;1;;;;;
11.2;-0.5;-0.5;3.433544;1;15;1;;;;;
11.22;-0.5;-0.5;5.773655;1;15;1;;;;;
11.24;-0.5;-0.5;5.82155;1;15;1;;;;;
11.26;-0.5;-0.5;3.151322;1;15;1;;;;;
11.28;-0.5;-0.5;4.847014;1;15;1;;;;;
11.3;-0.5;-0.5;3.282836;1;15;1;;;;;
11.32;-0.5;-0.5;3.352068;1;15;1;;;;;
11.34;-0.5;-0.5;5.97601;1;15;1;;;;;
11.36;-0.5;-0.5;3.767663;1;15;1;;;;;
11.38;-0.5;-0.5;2.769347;1;15;1;;;;;
11.4;-0.5;-0.5;2.003479;1;15;1;;;;;
11.42;-0.5;-0.5;4.112256;1;15;1;;;;;
11.44;-0.5;-0.5;3.074593;1;15;1;;;;;
11.46;-0.5;-0.5;4.867909;1;15;1;;;;;
11.48;-0.5;-0.5;5.871295;1;15;1;;;;;
11.5;-0.5;-0.5;2.474964;1;15;1;;;;;
11.52;-0.5;-0.5;4.745854;1;15;1;;;;;
11.54;-0.5;-0.5;2.949087;1;15;1;;;;;
11.56;-0.5;-0.5;5.00505;1;15;1;;;;;
11.58;-0.5;-0.5;2.17717;1;15;1;;;;;
11.6;-0.5;-0.5;3.694507;1;15;1;;;;;
11.62;-0.5;-0.5;4.9564;1;15;1;;;;;
11.64;-0.5;-0.5;5.895584;1;15;1;;;;;
11.66;-0.5;-0.5;5.043489;1;15;1;;;;;
11.68;-0.5;-0.5;3.431149;1;15;1;;;;;
11.7;-0.5;-0.5;4.522195;1;15;1;;;;;
11.72;-0.5;-0.5;3.0552;1;15;1;;;;;
11.74;-0.5;-0.5;2.578146;1;15;1;;;;;
11.76;-0.5;-0.5;3.900013;1;15;1;;;;;
11.78;-0.5;-0.5;3.814989;1;15;1;;;;;
11.8;-0.5;-0.5;5.892663;1;15;1;;;;;
11.82;-0.5;-0.5;3.431663;1;15;1;;;;;
11.84;-0.5;-0.5;3.349876;1;15;1;;;;;
11.86;-0.5;-0.5;2.554154;1;15;1;;;;;
11.88;-0.5;-0.5;2.592165;1;15;1;;;;;
11.9;-0.5;-0.5;2.360372;1;15;1;;;;;
11.92;-0.5;-0.5;4.16132;1;15;1;;;;;
11.94;-0.5;-0.5;3.18702;1;15;1;;;;;
11.96;-0.5;-0.5;2.104304;1;15;1;;;;;
11.98;-0.5;-0.5;3.758539;1;15;1;;;;;
12;-0.5;-0.5;5.070597;1;15;1;;;;;
12.02;-0.5;-0.5;5.62499;1;15;1;;;;;
12.04;-0.5;-0.5;4.500078;1;15;1;;;;;
12.06;-0.5;-0.5;2.609279;1;15;1;;;;;
12.08;-0.5;-0.5;3.380098;1;15;1;;;;;
12.1;-0.5;-0.5;3.638914;1;15;1;;;;;
12.12;-0.5;-0.5;4.467145;1;15;1;;;;;
12.14;-0.5;-0.5;3.477263;1;15;1;;;;;
12.16;-0.5;-0.5;4.234733;1;15;1;;;;;
12.18;-0.5;-0.5;2.946456;1;15;1;;;;;
12.2;-0.5;-0.5;4.570766;1;15;1;;;;;
12.22;-0.5;-0.5;4.639899;1;15;1;;;;;
12.24;-0.5;-0.5;4.451371;1;15;1;;;;;
12.26;-0.5;-0.5;3.354295;1;15;1;;;;;
12.28;-0.5;-0.5;5.485223;1;15;1;;;;;
12.3;-0.5;-0.5;2.710961;1;15;1;;;;;
12.32;-0.5;-0.5;5.213686;1;15;1;;;;;
12.34;-0.5;-0.5;3.517523;1;15;1;;;;;
12.36;-0.5;-0.5;3.548372;1;15;1;;;;;
12.38;-0.5;-0.5;2.440948;1;15;1;;;;;
12.4;-0.5;-0.5;3.485033;1;15;1;;;;;
12.42;-0.5;-0.5;2.566699;1;15;1;;;;;
12.44;-0.5;-0.5;4.878531;1;15;1;;;;;
12.46;-0.5;-0.5;3.176286;1;15;1;;;;;
12.48;-0.5;-0.5;4.914989;1;15;1;;;;;
12.5;-0.5;-0.5;5.246907;1;15;1;;;;;
12.52;-0.5;-0.5;4.406273;1;15;1;;;;;
12.54;-0.5;-0.5;3.299951;1;15;1;;;;;
12.56;-0.5;-0.5;4.889668;1;15;1;;;;;
12.58;-0.5;-0.5;2.065202;1;15;1;;;;;
12.6;-0.5;-0.5;5.596676;1;15;1;;;;;
12.62;-0.5;-0.5;4.370029;1;15;1;;;;;
12.64;-0.5;-0.5;2.517909;1;15;1;;;;;
12.66;-0.5;-0.5;2.73454;1;15;1;;;;;
12.68;-0.5;-0.5;5.979634;1;15;1;;;;;
12.7;-0.5;-0.5;5.590754;1;15;1;;;;;
12.72;-0.5;-0.5;4.472773;1;15;1;;;;;
12.74;-0.5;-0.5;3.448452;1;15;1;;;;;
12.76;-0.5;-0.5;4.337924;1;15;1;;;;;
12.78;-0.5;-0.5;3.06827;1;15;1;;;;;
12.8;-0.5;-0.5;2.435003;1;15;1;;;;;
12.82;-0.5;-0.5;5.34905;1;15;1;;;;;
12.84;-0.5;-0.5;3.936564;1;15;1;;;;;
12.86;-0.5;-0.5;5.090965;1;15;1;;;;;
12.88;-0.5;-0.5;5.262895;1;15;1;;;;;
12.9;-0.5;-0.5;5.962435;1;15;1;;;;;
12.92;-0.5;-0.5;4.32346;1;15;1;;;;;
12.94;-0.5;-0.5;3.42219;1;15;1;;;;;
12.96;-0.5;-0.5;5.807724;1;15;1;;;;;
12.98;-0.5;-0.5;4.901545;1;15;1;;;;;
13;-0.5;-0.5;3.641342;1;15;1;;;;;
13.02;-0.5;-0.5;3.41929;1;15;1;;;;;
13.04;-0.5;-0.5;3.257738;1;15;1;;;;;
13.06;-0.5;-0.5;5.20374;1;15;1;;;;;
13.08;-0.5;-0.5;4.499352;1;15;1;;;;;
13.1;-0.5;-0.5;2.641207;1;15;1;;;;;
13.12;-0.5;-0.5;3.39652;1;15;1;;;;;
13.14;-0.5;-0.5;3.908843;1;15;1;;;;;
13.16;-0.5;-0.5;4.366899;1;15;1;;;;;
13.18;-0.5;-0.5;4.146832;1;15;1;;;;;
13.2;-0.5;-0.5;3.060874;1;15;1;;;;;
13.22;-0.5;-0.5;5.259159;1;15;1;;;;;
13.24;-0.5;-0.5;2.924243;1;15;1;;;;;
13.26;-0.5;-0.5;4.695618;1;15;1;;;;;
13.28;-0.5;-0.5;3.311563;1;15;1;;;;;
13.3;-0.5;-0.5;3.425768;1;15;1;;;;;
13.32;-0.5;-0.5;4.092793;1;15;1;;;;;
13.34;-0.5;-0.5;3.272257;1;15;1;;;;;
13.36;-0.5;-0.5;3.253685;1;15;1;;;;;
13.38;-0.5;-0.5;3.180497;1;15;1;;;;;
13.4;-0.5;-0.5;2.189494;1;15;1;;;;;
13.42;-0.5;-0.5;5.230166;1;15;1;;;;;
13.44;-0.5;-0.5;2.063288;1;15;1;;;;;
13.46;-0.5;-0.5;5.152767;1;15;1;;;;;
13.48;-0.5;-0.5;5.001706;1;15;1;;;;;
13.5;-0.5;-0.5;2.598617;1;15;1;;;;;
13.52;-0.5;-0.5;3.497369;1;15;1;;;;;
13.54;-0.5;-0.5;3.263583;1;15;1;;;;;
13.56;-0.5;-0.5;3.84613;1;15;1;;;;;
13.58;-0.5;-0.5;3.112449;1;15;1;;;;;
13.6;-0.5;-0.5;4.035721;1;15;1;;;;;
13.62;-0.5;-0.5;5.359312;1;15;1;;;;;
13.64;-0.5;-0.5;3.804572;1;15;1;;;;;
13.66;-0.5;-0.5;5.577416;1;15;1;;;;;
13.68;-0.5;-0.5;5.374304;1;15;1;;;;;
13.7;-0.5;-0.5;5.426072;1;15;1;;;;;
13.72;-0.5;-0.5;4.8558;1;15;1;;;;;
13.74;-0.5;-0.5;3.812672;1;15;1;;;;;
13.76;-0.5;-0.5;2.912925;1;15;1;;;;;
13.78;-0.5;-0.5;2.290658;1;15;1;;;;;
13.8;-0.5;-0.5;3.840685;1;15;1;;;;;
13.82;-0.5;-0.5;4.898737;1;15;1;;;;;
13.84;-0.5;-0.5;3.671191;1;15;1;;;;;
13.86;-0.5;-0.5;2.801297;1;15;1;;;;;
13.88;-0.5;-0.5;3.018363;1;15;1;;;;;
13.9;-0.5;-0.5;3.126531;1;15;1;;;;;
13.92;-0.5;-0.5;2.027055;1;15;1;;;;;
13.94;-0.5;-0.5;3.13915;1;15;1;;;;;
13.96;-0.5;-0.5;5.957824;1;15;1;;;;;
13.98;-0.5;-0.5;3.96594;1;15;1;;;;;
14;-0.5;-0.5;3.080198;1;15;1;;;;;
14.02;-0.5;-0.5;4.148349;1;15;1;;;;;
14.04;-0.5;-0.5;5.762786;1;15;1;;;;;
14.06;-0.5;-0.5;3.015993;1;15;1;;;;;
14.08;-0.5;-0.5;2.385417;1;15;1;;;;;
14.1;-0.5;-0.5;2.671895;1;15;1;;;;;
14.12;-0.5;-0.5;2.769163;1;15;1;;;;;
14.14;-0.5;-0.5;3.522956;1;15;1;;;;;
14.16;-0.5;-0.5;5.497064;1;15;1;;;;;
14.18;-0.5;-0.5;5.500998;1;15;1;;;;;
14.2;-0.5;-0.5;5.97882;1;15;1;;;;;
14.22;-0.5;-0.5;5.143313;1;15;1;;;;;
14.24;-0.5;-0.5;2.318058;1;15;1;;;;;
14.26;-0.5;-0.5;5.32557;1;15;1;;;;;
14.28;-0.5;-0.5;4.579595;1;15;1;;;;;
14.3;-0.5;-0.5;5.77671;1;15;1;;;;;
14.32;-0.5;-0.5;5.865568;1;15;1;;;;;
14.34;-0.5;-0.5;5.783799;1;15;1;;;;;
14.36;-0.5;-0.5;4.813156;1;15;1;;;;;
14.38;-0.5;-0.5;4.38465;1;15;1;;;;;
14.4;-0.5;-0.5;3.617684;1;15;1;;;;;
14.42;-0.5;-0.5;3.261271;1;15;1;;;;;
14.44;-0.5;-0.5;4.509623;1;15;1;;;;;
14.46;-0.5;-0.5;3.052687;1;15;1;;;;;
14.48;-0.5;-0.5;5.198395;1;15;1;;;;;
14.5;-0.5;-0.5;4.254063;1;15;1;;;;;
14.52;-0.5;-0.5;2.483628;1;15;1;;;;;
14.54;-0.5;-0.5;5.108992;1;15;1;;;;;
14.56;-0.5;-0.5;3.883736;1;15;1;;;;;
14.58;-0.5;-0.5;3.402244;1;15;1;;;;;
14.6;-0.5;-0.5;3.392442;1;15;1;;;;;
14.62;-0.5;-0.5;3.111993;1;15;1;;;;;
14.64;-0.5;-0.5;3.66037;1;15;1;;;;;
14.66;-0.5;-0.5;2.605088;1;15;1;;;;;
14.68;-0.5;-0.5;4.432135;1;15;1;;;;;
14.7;-0.5;-0.5;3.843814;1;15;1;;;;;
14.72;-0.5;-0.5;3.663245;1;15;1;;;;;
14.74;-0.5;-0.5;4.15013;1;15;1;;;;;
14.76;-0.5;-0.5;4.256794;1;15;1;;;;;
14.78;-0.5;-0.5;4.985816;1;15;1;;;;;
14.8;-0.5;-0.5;4.631836;1;15;1;;;;;
14.82;-0.5;-0.5;2.045438;1;15;1;;;;;
14.84;-0.5;-0.5;5.115388;1;15;1;;;;;
14.86;-0.5;-0.5;5.792964;1;15;1;;;;;
14.88;-0.5;-0.5;4.455343;1;15;1;;;;;
14.9;-0.5;-0.5;3.812783;1;15;1;;;;;
14.92;-0.5;-0.5;5.813004;1;15;1;;;;;
14.94;-0.5;-0.5;5.743357;1;15;1;;;;;
14.96;-0.5;-0.5;3.251104;1;15;1;;;;;
14.98;-0.5;-0.5;4.698595;1;15;1;;;;;
15;-0.5;-0.5;5.119968;1;15;1;;;;;
15.02;-0.5;-0.5;2.660734;1;15;1;;;;;
15.04;-0.5;-0.5;5.758819;1;15;1;;;;;
15.06;-0.5;-0.5;2.768306;1;15;1;;;;;
15.08;-0.5;-0.5;2.608374;1;15;1;;;;;
15.1;-0.5;-0.5;3.381835;1;15;1;;;;;
15.12;-0.5;-0.5;5.365589;1;15;1;;;;;
15.14;-0.5;-0.5;2.49127;1;15;1;;;;;
15.16;-0.5;-0.5;2.293266;1;15;1;;;;;
15.18;-0.5;-0.5;5.095982;1;15;1;;;;;
15.2;-0.5;-0.5;2.291195;1;15;1;;;;;
15.22;-0.5;-0.5;2.85288;1;15;1;;;;;
15.24;-0.5;-0.5;3.200296;1;15;1;;;;;
15.26;-0.5;-0.5;4.807901;1;15;1;;;;;
15.28;-0.5;-0.5;4.375663;1;15;1;;;;;
15.3;-0.5;-0.5;2.097365;1;15;1;;;;;
15.32;-0.5;-0.5;2.324808;1;15;1;;;;;
15.34;-0.5;-0.5;5.016861;1;15;1;;;;;
15.36;-0.5;-0.5;2.139789;1;15;1;;;;;
15.38;-0.5;-0.5;5.686644;1;15;1;;;;;
15.4;-0.5;-0.5;4.027233;1;15;1;;;;;
15.42;-0.5;-0.5;4.609344;1;15;1;;;;;
15.44;-0.5;-0.5;2.661983;1;15;1;;;;;
15.46;-0.5;-0.5;3.689815;1;15;1;;;;;
15.48;-0.5;-0.5;3.677909;1;15;1;;;;;
15.5;-0.5;-0.5;2.88635;1;15;1;;;;;
15.52;-0.5;-0.5;5.559383;1;15;1;;;;;
15.54;-0.5;-0.5;5.92129;1;15;1;;;;;
15.56;-0.5;-0.5;4.095988;1;15;1;;;;;
15.58;-0.5;-0.5;5.491062;1;15;1;;;;;
15.6;-0.5;-0.5;5.216057;1;15;1;;;;;
15.62;-0.5;-0.5;4.919791;1;15;1;;;;;
15.64;-0.5;-0.5;2.827334;1;15;1;;;;;
15.66;-0.5;-0.5;5.642745;1;15;1;;;;;
15.68;-0.5;-0.5;2.763762;1;15;1;;;;;
15.7;-0.5;-0.5;5.053622;1;15;1;;;;;
15.72;-0.5;-0.5;5.07281;1;15;1;;;;;
15.74;-0.5;-0.5;5.78712;1;15;1;;;;;
15.76;-0.5;-0.5;4.023861;1;15;1;;;;;
15.78;-0.5;-0.5;2.375525;1;15;1;;;;;
15.8;-0.5;-0.5;2.628158;1;15;1;;;;;
15.82;-0.5;-0.5;2.748755;1;15;1;;;;;
15.84;-0.5;-0.5;5.243392;1;15;1;;;;;
15.86;-0.5;-0.5;5.420322;1;15;1;;;;;
15.88;-0.5;-0.5;5.499402;1;15;1;;;;;
15.9;-0.5;-0.5;4.67056;1;15;1;;;;;
15.92;-0.5;-0.5;4.27547;1;15;1;;;;;
15.94;-0.5;-0.5;5.152247;1;15;1;;;;;
15.96;-0.5;-0.5;2.844765;1;15;1;;;;;
15.98;-0.5;-0.5;5.771652;1;15;1;;;;;
16;-0.5;-0.5;5.799169;1;15;1;;;;;
16.02;-0.5;-0.5;4.344716;1;15;1;;;;;
16.04;-0.5;-0.5;3.973984;1;15;1;;;;;
16.06;-0.5;-0.5;4.137422;1;15;1;;;;;
16.08;-0.5;-0.5;5.571551;1;15;1;;;;;
16.1;-0.5;-0.5;2.261027;1;15;1;;;;;
16.12;-0.5;-0.5;3.132226;1;15;1;;;;;
16.14;-0.5;-0.5;5.241017;1;15;1;;;;;
16.16;-0.5;-0.5;5.838474;1;15;1;;;;;
16.18;-0.5;-0.5;4.387084;1;15;1;;;;;
16.2;-0.5;-0.5;5.461845;1;15;1;;;;;
16.22;-0.5;-0.5;2.402566;1;15;1;;;;;
16.24;-0.5;-0.5;4.488232;1;15;1;;;;;
16.26;-0.5;-0.5;5.332681;1;15;1;;;;;
16.28;-0.5;-0.5;2.827381;1;15;1;;;;;
16.3;-0.5;-0.5;2.453496;1;15;1;;;;;
16.32;-0.5;-0.5;3.182955;1;15;1;;;;;
16.34;-0.5;-0.5;5.360091;1;15;1;;;;;
16.36;-0.5;-0.5;2.565975;1;15;1;;;;;
16.38;-0.5;-0.5;2.345342;1;15;1;;;;;
16.4;-0.5;-0.5;5.359486;1;15;1;;;;;
16.42;-0.5;-0.5;5.40568;1;15;1;;;;;
16.44;-0.5;-0.5;3.900946;1;15;1;;;;;
16.46;-0.5;-0.5;4.863971;1;15;1;;;;;
16.48;-0.5;-0.5;3.560162;1;15;1;;;;;
16.5;-0.5;-0.5;4.247867;1;15;1;;;;;
16.52;-0.5;-0.5;4.894336;1;15;1;;;;;
16.54;-0.5;-0.5;2.432673;1;15;1;;;;;
16.56;-0.5;-0.5;4.629274;1;15;1;;;;;
16.58;-0.5;-0.5;2.468274;1;15;1;;;;;
16.6;-0.5;-0.5;5.22704;1;15;1;;;;;
16.62;-0.5;-0.5;2.752508;1;15;1;;;;;
16.64;-0.5;-0.5;2.090525;1;15;1;;;;;
16.66;-0.5;-0.5;5.027587;1;15;1;;;;;
16.68;-0.5;-0.5;2.265837;1;15;1;;;;;
16.7;-0.5;-0.5;5.580532;1;15;1;;;;;
16.72;-0.5;-0.5;4.579405;1;15;1;;;;;
16.74;-0.5;-0.5;3.007287;1;15;1;;;;;
16.76;-0.5;-0.5;2.208484;1;15;1;;;;;
16.78;-0.5;-0.5;2.16124;1;15;1;;;;;
16.8;-0.5;-0.5;5.293362;1;15;1;;;;;
16.82;-0.5;-0.5;5.302158;1;15;1;;;;;
16.84;-0.5;-0.5;3.37103;1;15;1;;;;;
16.86;-0.5;-0.5;3.395319;1;15;1;;;;;
16.88;-0.5;-0.5;2.360336;1;15;1;;;;;
16.9;-0.5;-0.5;2.112291;1;15;1;;;;;
16.92;-0.5;-0.5;3.415047;1;15;1;;;;;
16.94;-0.5;-0.5;4.960422;1;15;1;;;;;
16.96;-0.5;-0.5;4.433338;1;15;1;;;;;
16.98;-0.5;-0.5;5.478952;1;15;1;;;;;
17;-0.5;-0.5;2.426022;1;15;1;;;;;
17.02;-0.5;-0.5;2.350685;1;15;1;;;;;
17.04;-0.5;-0.5;5.873021;1;15;1;;;;;
17.06;-0.5;-0.5;4.271278;1;15;1;;;;;
17.08;-0.5;-0.5;5.078637;1;15;1;;;;;
17.1;-0.5;-0.5;2.014986;1;15;1;;;;;
17.12;-0.5;-0.5;3.350648;1;15;1;;;;;
17.14;-0.5;-0.5;5.120955;1;15;1;;;;;
17.16;-0.5;-0.5;5.108378;1;15;1;;;;;
17.18;-0.5;-0.5;5.293957;1;15;1;;;;;
17.2;-0.5;-0.5;3.231311;1;15;1;;;;;
17.22;-0.5;-0.5;4.14704;1;15;1;;;;;
17.24;-0.5;-0.5;4.769024;1;15;1;;;;;
17.26;-0.5;-0.5;2.366839;1;15;1;;;;;
17.28;-0.5;-0.5;4.830021;1;15;1;;;;;
17.3;-0.5;-0.5;2.563982;1;15;1;;;;;
17.32;-0.5;-0.5;3.109996;1;15;1;;;;;
17.34;-0.5;-0.5;4.886473;1;15;1;;;;;
17.36;-0.5;-0.5;5.798266;1;15;1;;;;;
17.38;-0.5;-0.5;2.246156;1;15;1;;;;;
17.4;-0.5;-0.5;3.984385;1;15;1;;;;;
17.42;-0.5;-0.5;5.609465;1;15;1;;;;;
17.44;-0.5;-0.5;4.216675;1;15;1;;;;;
17.46;-0.5;-0.5;3.076451;1;15;1;;;;;
17.48;-0.5;-0.5;3.448059;1;15;1;;;;;
17.5;-0.5;-0.5;5.018364;1;15;1;;;;;
17.52;-0.5;-0.5;4.852253;1;15;1;;;;;
17.54;-0.5;-0.5;2.386032;1;15;1;;;;;
17.56;-0.5;-0.5;3.529373;1;15;1;;;;;
17.58;-0.5;-0.5;3.296618;1;15;1;;;;;
17.6;-0.5;-0.5;4.610282;1;15;1;;;;;
17.62;-0.5;-0.5;5.622394;1;15;1;;;;;
17.64;-0.5;-0.5;4.484579;1;15;1;;;;;
17.66;-0.5;-0.5;2.260107;1;15;1;;;;;
17.68;-0.5;-0.5;3.09417;1;15;1;;;;;
17.7;-0.5;-0.5;3.347935;1;15;1;;;;;
17.72;-0.5;-0.5;5.838663;1;15;1;;;;;
17.74;-0.5;-0.5;4.67611;1;15;1;;;;;
17.76;-0.5;-0.5;4.616272;1;15;1;;;;;
17.78;-0.5;-0.5;4.814426;1;15;1;;;;;
17.8;-0.5;-0.5;4.9938;1;15;1;;;;;
17.82;-0.5;-0.5;2.630217;1;15;1;;;;;
17.84;-0.5;-0.5;5.277367;1;15;1;;;;;
17.86;-0.5;-0.5;4.855556;1;15;1;;;;;
17.88;-0.5;-0.5;2.977164;1;15;1;;;;;
17.9;-0.5;-0.5;3.509186;1;15;1;;;;;
17.92;-0.5;-0.5;5.288558;1;15;1;;;;;
17.94;-0.5;-0.5;5.179411;1;15;1;;;;;
17.96;-0.5;-0.5;4.486632;1;15;1;;;;;
17.98;-0.5;-0.5;4.757666;1;15;1;;;;;
18;-0.5;-0.5;3.324423;1;15;1;;;;;
18.02;-0.5;-0.5;4.874827;1;15;1;;;;;
18.04;-0.5;-0.5;2.817751;1;15;1;;;;;
18.06;-0.5;-0.5;5.012232;1;15;1;;;;;
18.08;-0.5;-0.5;4.202565;1;15;1;;;;;
18.1;-0.5;-0.5;3.71505;1;15;1;;;;;
18.12;-0.5;-0.5;5.168793;1;15;1;;;;;
18.14;-0.5;-0.5;3.931715;1;15;1;;;;;
18.16;-0.5;-0.5;5.470695;1;15;1;;;;;
18.18;-0.5;-0.5;3.946549;1;15;1;;;;;
18.2;-0.5;-0.5;4.471395;1;15;1;;;;;
18.22;-0.5;-0.5;3.813387;1;15;1;;;;;
18.24;-0.5;-0.5;3.101676;1;15;1;;;;;
18.26;-0.5;-0.5;4.605754;1;15;1;;;;;
18.28;-0.5;-0.5;2.403428;1;15;1;;;;;
18.3;-0.5;-0.5;3.631936;1;15;1;;;;;
18.32;-0.5;-0.5;3.930297;1;15;1;;;;;
18.34;-0.5;-0.5;3.509189;1;15;1;;;;;
18.36;-0.5;-0.5;2.638846;1;15;1;;;;;
18.38;-0.5;-0.5;3.70083;1;15;1;;;;;
18.4;-0.5;-0.5;2.432781;1;15;1;;;;;
18.42;-0.5;-0.5;4.123647;1;15;1;;;;;
18.44;-0.5;-0.5;4.298167;1;15;1;;;;;
18.46;-0.5;-0.5;3.866248;1;15;1;;;;;
18.48;-0.5;-0.5;4.613447;1;15;1;;;;;
18.5;-0.5;-0.5;3.922128;1;15;1;;;;;
18.52;-0.5;-0.5;2.124702;1;15;1;;;;;
18.54;-0.5;-0.5;3.529268;1;15;1;;;;;
18.56;-0.5;-0.5;2.3639;1;15;1;;;;;
18.58;-0.5;-0.5;2.397413;1;15;1;;;;;
18.6;-0.5;-0.5;4.781598;1;15;1;;;;;
18.62;-0.5;-0.5;2.401962;1;15;1;;;;;
18.64;-0.5;-0.5;2.346872;1;15;1;;;;;
18.66;-0.5;-0.5;4.014884;1;15;1;;;;;
18.68;-0.5;-0.5;5.145069;1;15;1;;;;;
18.7;-0.5;-0.5;5.734877;1;15;1;;;;;
18.72;-0.5;-0.5;2.412157;1;15;1;;;;;
18.74;-0.5;-0.5;5.488804;1;15;1;;;;;
18.76;-0.5;-0.5;4.314532;1;15;1;;;;;
18.78;-0.5;-0.5;4.021239;1;15;1;;;;;
18.8;-0.5;-0.5;3.989667;1;15;1;;;;;
18.82;-0.5;-0.5;2.030349;1;15;1;;;;;
18.84;-0.5;-0.5;5.027171;1;15;1;;;;;
18.86;-0.5;-0.5;3.315238;1;15;1;;;;;
18.88;-0.5;-0.5;4.819126;1;15;1;;;;;
18.9;-0.5;-0.5;2.097616;1;15;1;;;;;
18.92;-0.5;-0.5;3.219758;1;15;1;;;;;
18.94;-0.5;-0.5;4.266401;1;15;1;;;;;
18.96;-0.5;-0.5;3.740783;1;15;1;;;;;
18.98;-0.5;-0.5;4.455691;1;15;1;;;;;
19;-0.5;-0.5;3.857759;1;15;1;;;;;
19.02;-0.5;-0.5;4.227027;1;15;1;;;;;
19.04;-0.5;-0.5;3.574767;1;15;1;;;;;
19.06;-0.5;-0.5;2.962862;1;15;1;;;;;
19.08;-0.5;-0.5;4.776376;1;15;1;;;;;
19.1;-0.5;-0.5;2.990583;1;15;1;;;;;
19.12;-0.5;-0.5;5.946774;1;15;1;;;;;
19.14;-0.5;-0.5;5.464984;1;15;1;;;;;
19.16;-0.5;-0.5;5.488572;1;15;1;;;;;
19.18;-0.5;-0.5;3.721506;1;15;1;;;;;
19.2;-0.5;-0.5;3.442934;1;15;1;;;;;
19.22;-0.5;-0.5;4.211496;1;15;1;;;;;
19.24;-0.5;-0.5;3.560305;1;15;1;;;;;
19.26;-0.5;-0.5;2.958327;1;15;1;;;;;
19.28;-0.5;-0.5;2.982871;1;15;1;;;;;
19.3;-0.5;-0.5;3.459594;1;15;1;;;;;
19.32;-0.5;-0.5;5.882802;1;15;1;;;;;
19.34;-0.5;-0.5;2.507875;1;15;1;;;;;
19.36;-0.5;-0.5;2.23173;1;15;1;;;;;
19.38;-0.5;-0.5;5.158353;1;15;1;;;;;
19.4;-0.5;-0.5;4.010663;1;15;1;;;;;
19.42;-0.5;-0.5;3.930685;1;15;1;;;;;
19.44;-0.5;-0.5;4.639803;1;15;1;;;;;
19.46;-0.5;-0.5;2.278249;1;15;1;;;;;
19.48;-0.5;-0.5;3.750711;1;15;1;;;;;
19.5;-0.5;-0.5;3.644057;1;15;1;;;;;
19.52;-0.5;-0.5;4.792315;1;15;1;;;;;
19.54;-0.5;-0.5;4.887103;1;15;1;;;;;
19.56;-0.5;-0.5;2.925313;1;15;1;;;;;
19.58;-0.5;-0.5;2.552097;1;15;1;;;;;
19.6;-0.5;-0.5;3.179053;1;15;1;;;;;
19.62;-0.5;-0.5;4.919058;1;15;1;;;;;
19.64;-0.5;-0.5;5.742303;1;15;1;;;;;
19.66;-0.5;-0.5;5.848328;1;15;1;;;;;
19.68;-0.5;-0.5;5.549714;1;15;1;;;;;
19.7;-0.5;-0.5;4.378572;1;15;1;;;;;
19.72;-0.5;-0.5;2.425106;1;15;1;;;;;
19.74;-0.5;-0.5;2.814489;1;15;1;;;;;
19.76;-0.5;-0.5;3.213354;1;15;1;;;;;
19.78;-0.5;-0.5;3.688557;1;15;1;;;;;
19.8;-0.5;-0.5;2.711917;1;15;1;;;;;
19.82;-0.5;-0.5;5.10948;1;15;1;;;;;
19.84;-0.5;-0.5;2.613205;1;15;1;;;;;
19.86;-0.5;-0.5;2.370593;1;15;1;;;;;
19.88;-0.5;-0.5;5.949697;1;15;1;;;;;
19.9;-0.5;-0.5;2.258856;1;15;1;;;;;
19.92;-0.5;-0.5;5.143572;1;15;1;;;;;
19.94;-0.5;-0.5;4.847982;1;15;1;;;;;
19.96;-0.5;-0.5;3.065981;1;15;1;;;;;
19.98;-0.5;-0.5;5.8254;1;15;1;;;;;
20;-0.5;-0.5;5.999669;1;15;1;;;;;
20.02;-0.5;-0.5;5.986269;1;15;1;;;;;
20.04;-0.5;-0.5;2.189163;1;15;1;;;;;
20.06;-0.5;-0.5;4.409667;1;15;1;;;;;
20.08;-0.5;-0.5;5.449934;1;15;1;;;;;
20.1;-0.5;-0.5;2.724425;1;15;1;;;;;
20.12;-0.5;-0.5;5.039322;1;15;1;;;;;
20.14;-0.5;-0.5;5.823703;1;15;1;;;;;
20.16;-0.5;-0.5;5.118793;1;15;1;;;;;
20.18;-0.5;-0.5;2.565095;1;15;1;;;;;
20.2;-0.5;-0.5;5.979579;1;15;1;;;;;
20.22;-0.5;-0.5;4.985156;1;15;1;;;;;
20.24;-0.5;-0.5;2.895122;1;15;1;;;;;
20.26;-0.5;-0.5;4.650629;1;15;1;;;;;
20.28;-0.5;-0.5;3.800296;1;15;1;;;;;
20.3;-0.5;-0.5;2.96517;1;15;1;;;;;
20.32;-0.5;-0.5;3.324197;1;15;1;;;;;
20.34;-0.5;-0.5;4.606922;1;15;1;;;;;
20.36;-0.5;-0.5;5.345009;1;15;1;;;;;
20.38;-0.5;-0.5;2.472399;1;15;1;;;;;
20.4;-0.5;-0.5;3.203373;1;15;1;;;;;
20.42;-0.5;-0.5;2.114648;1;15;1;;;;;
20.44;-0.5;-0.5;3.376004;1;15;1;;;;;
20.46;-0.5;-0.5;3.058668;1;15;1;;;;;
20.48;-0.5;-0.5;2.244018;1;15;1;;;;;
20.5;-0.5;-0.5;2.341217;1;15;1;;;;;
20.52;-0.5;-0.5;5.093621;1;15;1;;;;;
20.54;-0.5;-0.5;4.137137;1;15;1;;;;;
20.56;-0.5;-0.5;3.533051;1;15;1;;;;;
20.58;-0.5;-0.5;3.426443;1;15;1;;;;;
20.6;-0.5;-0.5;5.865707;1;15;1;;;;;
20.62;-0.5;-0.5;5.070018;1;15;1;;;;;
20.64;-0.5;-0.5;5.555673;1;15;1;;;;;
20.66;-0.5;-0.5;3.544522;1;15;1;;;;;
20.68;-0.5;-0.5;3.824569;1;15;1;;;;;
20.7;-0.5;-0.5;3.237752;1;15;1;;;;;
20.72;-0.5;-0.5;3.10076;1;15;1;;;;;
20.74;-0.5;-0.5;4.654481;1;15;1;;;;;
20.76;-0.5;-0.5;5.777629;1;15;1;;;;;
20.78;-0.5;-0.5;3.71356;1;15;1;;;;;
20.8;-0.5;-0.5;5.343255;1;15;1;;;;;
20.82;-0.5;-0.5;5.912066;1;15;1;;;;;
20.84;-0.5;-0.5;4.691033;1;15;1;;;;;
20.86;-0.5;-0.5;3.687939;1;15;1;;;;;
20.88;-0.5;-0.5;2.22469;1;15;1;;;;;
20.9;-0.5;-0.5;5.990695;1;15;1;;;;;
20.92;-0.5;-0.5;2.285178;1;15;1;;;;;
20.94;-0.5;-0.5;3.854974;1;15;1;;;;;
20.96;-0.5;-0.5;4.291753;1;15;1;;;;;
20.98;-0.5;-0.5;2.289433;1;15;1;;;;;
21;-0.5;-0.5;4.063017;1;15;1;;;;;
21.02;-0.5;-0.5;4.915058;1;15;1;;;;;
21.04;-0.5;-0.5;4.92304;1;15;1;;;;;
21.06;-0.5;-0.5;2.917013;1;15;1;;;;;
21.08;-0.5;-0.5;4.102657;1;15;1;;;;;
21.1;-0.5;-0.5;2.786632;1;15;1;;;;;
21.12;-0.5;-0.5;2.704751;1;15;1;;;;;
21.14;-0.5;-0.5;3.097397;1;15;1;;;;;
21.16;-0.5;-0.5;3.299344;1;15;1;;;;;
21.18;-0.5;-0.5;3.201758;1;15;1;;;;;
21.2;-0.5;-0.5;4.552214;1;15;1;;;;;
21.22;-0.5;-0.5;2.134907;1;15;1;;;;;
21.24;-0.5;-0.5;2.663154;1;15;1;;;;;
21.26;-0.5;-0.5;5.898055;1;15;1;;;;;
21.28;-0.5;-0.5;2.693401;1;15;1;;;;;
21.3;-0.5;-0.5;2.944448;1;15;1;;;;;
21.32;-0.5;-0.5;2.541916;1;15;1;;;;;
21.34;-0.5;-0.5;3.880711;1;15;1;;;;;
21.36;-0.5;-0.5;5.314545;1;15;1;;;;;
21.38;-0.5;-0.5;2.877945;1;15;1;;;;;
21.4;-0.5;-0.5;2.26835;1;15;1;;;;;
21.42;-0.5;-0.5;2.346942;1;15;1;;;;;
21.44;-0.5;-0.5;2.659842;1;15;1;;;;;
21.46;-0.5;-0.5;4.099967;1;15;1;;;;;
21.48;-0.5;-0.5;4.024929;1;15;1;;;;;
21.5;-0.5;-0.5;3.290454;1;15;1;;;;;
21.52;-0.5;-0.5;3.934687;1;15;1;;;;;
21.54;-0.5;-0.5;3.015158;1;15;1;;;;;
21.56;-0.5;-0.5;3.749872;1;15;1;;;;;
21.58;-0.5;-0.5;3.273747;1;15;1;;;;;
21.6;-0.5;-0.5;4.26488;1;15;1;;;;;
21.62;-0.5;-0.5;5.872864;1;15;1;;;;;
21.64;-0.5;-0.5;3.949707;1;15;1;;;;;
21.66;-0.5;-0.5;5.115974;1;15;1;;;;;
21.68;-0.5;-0.5;4.781584;1;15;1;;;;;
21.7;-0.5;-0.5;3.856661;1;15;1;;;;;
21.72;-0.5;-0.5;2.971248;1;15;1;;;;;
21.74;-0.5;-0.5;4.27634;1;15;1;;;;;
21.76;-0.5;-0.5;2.617367;1;15;1;;;;;
21.78;-0.5;-0.5;2.222444;1;15;1;;;;;
21.8;-0.5;-0.5;3.741408;1;15;1;;;;;
21.82;-0.5;-0.5;4.0161;1;15;1;;;;;
21.84;-0.5;-0.5;2.465511;1;15;1;;;;;
21.86;-0.5;-0.5;4.609457;1;15;1;;;;;
21.88;-0.5;-0.5;3.279711;1;15;1;;;;;
21.9;-0.5;-0.5;5.24744;1;15;1;;;;;
21.92;-0.5;-0.5;4.205844;1;15;1;;;;;
21.94;-0.5;-0.5;3.979018;1;15;1;;;;;
21.96;-0.5;-0.5;5.017087;1;15;1;;;;;
21.98;-0.5;-0.5;4.068455;1;15;1;;;;;
22;-0.5;-0.5;5.312619;1;15;1;;;;;
22.02;-0.5;-0.5;3.398927;1;15;1;;;;;
22.04;-0.5;-0.5;3.015724;1;15;1;;;;;
22.06;-0.5;-0.5;3.228058;1;15;1;;;;;
22.08;-0.5;-0.5;2.354228;1;15;1;;;;;
22.1;-0.5;-0.5;3.565427;1;15;1;;;;;
22.12;-0.5;-0.5;3.398262;1;15;1;;;;;
22.14;-0.5;-0.5;3.971373;1;15;1;;;;;
22.16;-0.5;-0.5;3.414858;1;15;1;;;;;
22.18;-0.5;-0.5;2.638347;1;15;1;;;;;
22.2;-0.5;-0.5;2.49911;1;15;1;;;;;
22.22;-0.5;-0.5;2.722967;1;15;1;;;;;
22.24;-0.5;-0.5;5.996831;1;15;1;;;;;
22.26;-0.5;-0.5;4.511438;1;15;1;;;;;
22.28;-0.5;-0.5;2.818205;1;15;1;;;;;
22.3;-0.5;-0.5;5.38812;1;15;1;;;;;
22.32;-0.5;-0.5;2.768739;1;15;1;;;;;
22.34;-0.5;-0.5;5.745799;1;15;1;;;;;
22.36;-0.5;-0.5;5.571538;1;15;1;;;;;
22.38;-0.5;-0.5;5.833501;1;15;1;;;;;
22.4;-0.5;-0.5;3.853207;1;15;1;;;;;
22.42;-0.5;-0.5;3.983324;1;15;1;;;;;
22.44;-0.5;-0.5;3.337263;1;15;1;;;;;
22.46;-0.5;-0.5;4.303066;1;15;1;;;;;
22.48;-0.5;-0.5;2.503109;1;15;1;;;;;
22.5;-0.5;-0.5;4.267037;1;15;1;;;;;
22.52;-0.5;-0.5;3.017263;1;15;1;;;;;
22.54;-0.5;-0.5;5.151593;1;15;1;;;;;
22.56;-0.5;-0.5;5.554728;1;15;1;;;;;
22.58;-0.5;-0.5;4.375925;1;15;1;;;;;
22.6;-0.5;-0.5;5.006471;1;15;1;;;;;
22.62;-0.5;-0.5;4.377183;1;15;1;;;;;
22.64;-0.5;-0.5;5.8933;1;15;1;;;;;
22.66;-0.5;-0.5;4.787205;1;15;1;;;;;
22.68;-0.5;-0.5;4.24091;1;15;1;;;;;
22.7;-0.5;-0.5;2.079878;1;15;1;;;;;
22.72;-0.5;-0.5;5.756914;1;15;1;;;;;
22.74;-0.5;-0.5;3.162608;1;15;1;;;;;
22.76;-0.5;-0.5;3.822267;1;15;1;;;;;
22.78;-0.5;-0.5;5.698561;1;15;1;;;;;
22.8;-0.5;-0.5;3.780866;1;15;1;;;;;
22.82;-0.5;-0.5;5.323464;1;15;1;;;;;
22.84;-0.5;-0.5;2.761288;1;15;1;;;;;
22.86;-0.5;-0.5;2.493505;1;15;1;;;;;
22.88;-0.5;-0.5;5.817766;1;15;1;;;;;
22.9;-0.5;-0.5;3.487201;1;15;1;;;;;
22.92;-0.5;-0.5;2.574255;1;15;1;;;;;
22.94;-0.5;-0.5;5.711635;1;15;1;;;;;
22.96;-0.5;-0.5;5.617413;1;15;1;;;;;
22.98;-0.5;-0.5;2.987311;1;15;1;;;;;
23;-0.5;-0.5;4.639256;1;15;1;;;;;
23.02;-0.5;-0.5;2.197364;1;15;1;;;;;
23.04;-0.5;-0.5;2.610901;1;15;1;;;;;
23.06;-0.5;-0.5;5.669309;1;15;1;;;;;
23.08;-0.5;-0.5;3.400628;1;15;1;;;;;
23.1;-0.5;-0.5;3.401328;1;15;1;;;;;
23.12;-0.5;-0.5;3.025518;1;15;1;;;;;
23.14;-0.5;-0.5;5.972917;1;15;1;;;;;
23.16;-0.5;-0.5;5.404738;1;15;1;;;;;
23.18;-0.5;-0.5;3.580675;1;15;1;;;;;
23.2;-0.5;-0.5;2.072061;1;15;1;;;;;
23.22;-0.5;-0.5;5.864368;1;15;1;;;;;
23.24;-0.5;-0.5;5.113318;1;15;1;;;;;
23.26;-0.5;-0.5;2.577458;1;15;1;;;;;
23.28;-0.5;-0.5;4.100673;1;15;1;;;;;
23.3;-0.5;-0.5;2.655842;1;15;1;;;;;
23.32;-0.5;-0.5;5.027206;1;15;1;;;;;
23.34;-0.5;-0.5;2.66288;1;15;1;;;;;
23.36;-0.5;-0.5;2.462996;1;15;1;;;;;
23.38;-0.5;-0.5;5.6647;1;15;1;;;;;
23.4;-0.5;-0.5;2.492759;1;15;1;;;;;
23.42;-0.5;-0.5;5.939605;1;15;1;;;;;
23.44;-0.5;-0.5;4.064982;1;15;1;;;;;
23.46;-0.5;-0.5;4.522852;1;15;1;;;;;
23.48;-0.5;-0.5;3.34106;1;15;1;;;;;
23.5;-0.5;-0.5;2.08822;1;15;1;;;;;
23.52;-0.5;-0.5;2.607122;1;15;1;;;;;
23.54;-0.5;-0.5;5.343472;1;15;1;;;;;
23.56;-0.5;-0.5;5.010267;1;15;1;;;;;
23.58;-0.5;-0.5;4.870229;1;15;1;;;;;
23.6;-0.5;-0.5;5.519606;1;15;1;;;;;
23.62;-0.5;-0.5;4.609996;1;15;1;;;;;
23.64;-0.5;-0.5;2.778991;1;15;1;;;;;
23.66;-0.5;-0.5;5.529126;1;15;1;;;;;
23.68;-0.5;-0.5;5.178248;1;15;1;;;;;
23.7;-0.5;-0.5;2.140087;1;15;1;;;;;
23.72;-0.5;-0.5;5.649492;1;15;1;;;;;
23.74;-0.5;-0.5;2.297302;1;15;1;;;;;
23.76;-0.5;-0.5;4.506002;1;15;1;;;;;
23.78;-0.5;-0.5;3.012158;1;15;1;;;;;
23.8;-0.5;-0.5;3.187781;1;15;1;;;;;
23.82;-0.5;-0.5;3.232659;1;15;1;;;;;
23.84;-0.5;-0.5;4.520257;1;15;1;;;;;
23.86;-0.5;-0.5;4.168576;1;15;1;;;;;
23.88;-0.5;-0.5;3.050494;1;15;1;;;;;
23.9;-0.5;-0.5;3.156964;1;15;1;;;;;
23.92;-0.5;-0.5;2.317679;1;15;1;;;;;
23.94;-0.5;-0.5;2.621781;1;15;1;;;;;
23.96;-0.5;-0.5;4.545728;1;15;1;;;;;
23.98;-0.5;-0.5;5.304465;1;15;1;;;;;
24;-0.5;-0.5;2.442636;1;15;1;;;;;
24.02;-0.5;-0.5;2.690069;1;15;1;;;;;
24.04;-0.5;-0.5;3.969352;1;15;1;;;;;
24.06;-0.5;-0.5;4.784551;1;15;1;;;;;
24.08;-0.5;-0.5;2.604645;1;15;1;;;;;
24.1;-0.5;-0.5;5.445568;1;15;1;;;;;
24.12;-0.5;-0.5;4.548442;1;15;1;;;;;
24.14;-0.5;-0.5;3.911198;1;15;1;;;;;
24.16;-0.5;-0.5;4.762747;1;15;1;;;;;
24.18;-0.5;-0.5;5.301421;1;15;1;;;;;
24.2;-0.5;-0.5;4.036085;1;15;1;;;;;
24.22;-0.5;-0.5;4.526915;1;15;1;;;;;
24.24;-0.5;-0.5;2.687224;1;15;1;;;;;
24.26;-0.5;-0.5;4.18833;1;15;1;;;;;
24.28;-0.5;-0.5;2.148009;1;15;1;;;;;
24.3;-0.5;-0.5;5.822545;1;15;1;;;;;
24.32;-0.5;-0.5;5.753001;1;15;1;;;;;
24.34;-0.5;-0.5;3.962117;1;15;1;;;;;
24.36;-0.5;-0.5;5.972785;1;15;1;;;;;
24.38;-0.5;-0.5;4.377408;1;15;1;;;;;
24.4;-0.5;-0.5;4.882299;1;15;1;;;;;
24.42;-0.5;-0.5;4.932728;1;15;1;;;;;
24.44;-0.5;-0.5;3.179776;1;15;1;;;;;
24.46;-0.5;-0.5;3.299809;1;15;1;;;;;
24.48;-0.5;-0.5;3.486005;1;15;1;;;;;
24.5;-0.5;-0.5;2.908115;1;15;1;;;;;
24.52;-0.5;-0.5;2.562708;1;15;1;;;;;
24.54;-0.5;-0.5;5.258289;1;15;1;;;;;
24.56;-0.5;-0.5;4.409273;1;15;1;;;;;
24.58;-0.5;-0.5;5.116943;1;15;1;;;;;
24.6;-0.5;-0.5;3.765439;1;15;1;;;;;
24.62;-0.5;-0.5;4.578461;1;15;1;;;;;
24.64;-0.5;-0.5;3.124179;1;15;1;;;;;
24.66;-0.5;-0.5;2.839445;1;15;1;;;;;
24.68;-0.5;-0.5;2.914256;1;15;1;;;;;
24.7;-0.5;-0.5;2.031001;1;15;1;;;;;
24.72;-0.5;-0.5;5.436286;1;15;1;;;;;
24.74;-0.5;-0.5;3.888071;1;15;1;;;;;
24.76;-0.5;-0.5;2.519183;1;15;1;;;;;
24.78;-0.5;-0.5;2.568084;1;15;1;;;;;
24.8;-0.5;-0.5;5.781494;1;15;1;;;;;
24.82;-0.5;-0.5;5.260852;1;15;1;;;;;
24.84;-0.5;-0.5;5.713046;1;15;1;;;;;
24.86;-0.5;-0.5;3.122578;1;15;1;;;;;
24.88;-0.5;-0.5;2.556032;1;15;1;;;;;
24.9;-0.5;-0.5;4.838941;1;15;1;;;;;
24.92;-0.5;-0.5;5.103424;1;15;1;;;;;
24.94;-0.5;-0.5;5.022814;1;15;1;;;;;
24.96;-0.5;-0.5;4.332376;1;15;1;;;;;
24.98;-0.5;-0.5;5.542867;1;15;1;;;;;
25;-0.5;-0.5;4.933452;1;15;1;;;;;
25.02;-0.5;-0.5;2.288295;1;15;1;;;;;
25.04;-0.5;-0.5;5.080239;1;15;1;;;;;
25.06;-0.5;-0.5;3.923025;1;15;1;;;;;
25.08;-0.5;-0.5;2.751908;1;15;1;;;;;
25.1;-0.5;-0.5;2.763433;1;15;1;;;;;
25.12;-0.5;-0.5;2.492564;1;15;1;;;;;
25.14;-0.5;-0.5;2.7092;1;15;1;;;;;
25.16;-0.5;-0.5;4.662842;1;15;1;;;;;
25.18;-0.5;-0.5;2.247837;1;15;1;;;;;
25.2;-0.5;-0.5;3.048234;1;15;1;;;;;
25.22;-0.5;-0.5;5.439106;1;15;1;;;;;
25.24;-0.5;-0.5;4.783316;1;15;1;;;;;
25.26;-0.5;-0.5;4.206331;1;15;1;;;;;
25.28;-0.5;-0.5;2.202305;1;15;1;;;;;
25.3;-0.5;-0.5;5.862059;1;15;1;;;;;
25.32;-0.5;-0.5;5.571784;1;15;1;;;;;
25.34;-0.5;-0.5;3.502998;1;15;1;;;;;
25.36;-0.5;-0.5;2.175101;1;15;1;;;;;
25.38;-0.5;-0.5;5.845881;1;15;1;;;;;
25.4;-0.5;-0.5;2.546421;1;15;1;;;;;
25.42;-0.5;-0.5;3.191386;1;15;1;;;;;
25.44;-0.5;-0.5;4.77213;1;15;1;;;;;
25.46;-0.5;-0.5;4.547035;1;15;1;;;;;
25.48;-0.5;-0.5;3.952344;1;15;1;;;;;
25.5;-0.5;-0.5;5.042701;1;15;1;;;;;
25.52;-0.5;-0.5;2.312857;1;15;1;;;;;
25.54;-0.5;-0.5;5.298234;1;15;1;;;;;
25.56;-0.5;-0.5;3.924523;1;15;1;;;;;
25.58;-0.5;-0.5;3.338614;1;15;1;;;;;
25.6;-0.5;-0.5;4.753818;1;15;1;;;;;
25.62;-0.5;-0.5;4.255665;1;15;1;;;;;
25.64;-0.5;-0.5;4.166274;1;15;1;;;;;
25.66;-0.5;-0.5;5.581071;1;15;1;;;;;
25.68;-0.5;-0.5;3.281347;1;15;1;;;;;
25.7;-0.5;-0.5;5.279356;1;15;1;;;;;
25.72;-0.5;-0.5;2.28726;1;15;1;;;;;
25.74;-0.5;-0.5;4.531174;1;15;1;;;;;
25.76;-0.5;-0.5;2.911377;1;15;1;;;;;
25.78;-0.5;-0.5;5.9453;1;15;1;;;;;
25.8;-0.5;-0.5;5.223678;1;15;1;;;;;
25.82;-0.5;-0.5;2.474411;1;15;1;;;;;
25.84;-0.5;-0.5;5.275189;1;15;1;;;;;
25.86;-0.5;-0.5;2.60949;1;15;1;;;;;
25.88;-0.5;-0.5;4.766325;1;15;1;;;;;
25.9;-0.5;-0.5;5.405386;1;15;1;;;;;
25.92;-0.5;-0.5;3.689735;1;15;1;;;;;
25.94;-0.5;-0.5;3.370547;1;15;1;;;;;
25.96;-0.5;-0.5;2.725065;1;15;1;;;;;
25.98;-0.5;-0.5;5.845095;1;15;1;;;;;
26;-0.5;-0.5;3.666417;1;15;1;;;;;
26.02;-0.5;-0.5;3.439103;1;15;1;;;;;
26.04;-0.5;-0.5;5.336572;1;15;1;;;;;
26.06;-0.5;-0.5;4.915741;1;15;1;;;;;
26.08;-0.5;-0.5;4.235154;1;15;1;;;;;
26.1;-0.5;-0.5;4.927047;1;15;1;;;;;
26.12;-0.5;-0.5;2.330845;1;15;1;;;;;
26.14;-0.5;-0.5;5.96015;1;15;1;;;;;
26.16;-0.5;-0.5;4.04615;1;15;1;;;;;
26.18;-0.5;-0.5;5.411725;1;15;1;;;;;
26.2;-0.5;-0.5;4.808808;1;15;1;;;;;
26.22;-0.5;-0.5;5.225287;1;15;1;;;;;
26.24;-0.5;-0.5;5.71211;1;15;1;;;;;
26.26;-0.5;-0.5;4.008327;1;15;1;;;;;
26.28;-0.5;-0.5;2.078628;1;15;1;;;;;
26.3;-0.5;-0.5;5.352533;1;15;1;;;;;
26.32;-0.5;-0.5;5.382152;1;15;1;;;;;
26.34;-0.5;-0.5;3.377093;1;15;1;;;;;
26.36;-0.5;-0.5;4.015571;1;15;1;;;;;
26.38;-0.5;-0.5;5.581609;1;15;1;;;;;
26.4;-0.5;-0.5;5.426018;1;15;1;;;;;
26.42;-0.5;-0.5;2.4604;1;15;1;;;;;
26.44;-0.5;-0.5;5.161257;1;15;1;;;;;
26.46;-0.5;-0.5;4.699191;1;15;1;;;;;
26.48;-0.5;-0.5;2.722354;1;15;1;;;;;
26.5;-0.5;-0.5;3.879319;1;15;1;;;;;
26.52;-0.5;-0.5;4.094311;1;15;1;;;;;
26.54;-0.5;-0.5;5.740162;1;15;1;;;;;
26.56;-0.5;-0.5;4.22625;1;15;1;;;;;
26.58;-0.5;-0.5;4.353494;1;15;1;;;;;
26.6;-0.5;-0.5;3.493204;1;15;1;;;;;
26.62;-0.5;-0.5;4.737949;1;15;1;;;;;
26.64;-0.5;-0.5;3.868958;1;15;1;;;;;
26.66;-0.5;-0.5;4.17347;1;15;1;;;;;
26.68;-0.5;-0.5;5.110489;1;15;1;;;;;
26.7;-0.5;-0.5;3.015215;1;15;1;;;;;
26.72;-0.5;-0.5;4.457427;1;15;1;;;;;
26.74;-0.5;-0.5;5.757498;1;15;1;;;;;
26.76;-0.5;-0.5;4.699877;1;15;1;;;;;
26.78;-0.5;-0.5;2.858731;1;15;1;;;;;
26.8;-0.5;-0.5;5.077563;1;15;1;;;;;
26.82;-0.5;-0.5;4.901958;1;15;1;;;;;
26.84;-0.5;-0.5;5.163816;1;15;1;;;;;
26.86;-0.5;-0.5;3.376423;1;15;1;;;;;
26.88;-0.5;-0.5;3.180516;1;15;1;;;;;
26.9;-0.5;-0.5;5.871776;1;15;1;;;;;
26.92;-0.5;-0.5;4.210966;1;15;1;;;;;
26.94;-0.5;-0.5;5.60264;1;15;1;;;;;
26.96;-0.5;-0.5;4.812662;1;15;1;;;;;
26.98;-0.5;-0.5;5.118623;1;15;1;;;;;
27;-0.5;-0.5;5.917857;1;15;1;;;;;
27.02;-0.5;-0.5;3.398491;1;15;1;;;;;
27.04;-0.5;-0.5;4.957717;1;15;1;;;;;
27.06;-0.5;-0.5;5.650752;1;15;1;;;;;
27.08;-0.5;-0.5;5.708936;1;15;1;;;;;
27.1;-0.5;-0.5;4.569798;1;15;1;;;;;
27.12;-0.5;-0.5;5.016413;1;15;1;;;;;
27.14;-0.5;-0.5;2.940841;1;15;1;;;;;
27.16;-0.5;-0.5;5.707458;1;15;1;;;;;
27.18;-0.5;-0.5;4.384531;1;15;1;;;;;
27.2;-0.5;-0.5;4.370086;1;15;1;;;;;
27.22;-0.5;-0.5;5.652258;1;15;1;;;;;
27.24;-0.5;-0.5;2.891041;1;15;1;;;;;
27.26;-0.5;-0.5;3.530118;1;15;1;;;;;
27.28;-0.5;-0.5;5.816219;1;15;1;;;;;
27.3;-0.5;-0.5;5.885338;1;15;1;;;;;
27.32;-0.5;-0.5;2.790681;1;15;1;;;;;
27.34;-0.5;-0.5;5.650002;1;15;1;;;;;
27.36;-0.5;-0.5;3.712037;1;15;1;;;;;
27.38;-0.5;-0.5;4.498413;1;15;1;;;;;
27.4;-0.5;-0.5;2.302214;1;15;1;;;;;
27.42;-0.5;-0.5;2.798086;1;15;1;;;;;
27.44;-0.5;-0.5;3.878114;1;15;1;;;;;
27.46;-0.5;-0.5;3.268907;1;15;1;;;;;
27.48;-0.5;-0.5;4.579291;1;15;1;;;;;
27.5;-0.5;-0.5;5.907766;1;15;1;;;;;
27.52;-0.5;-0.5;4.97142;1;15;1;;;;;
27.54;-0.5;-0.5;3.949158;1;15;1;;;;;
27.56;-0.5;-0.5;3.967493;1;15;1;;;;;
27.58;-0.5;-0.5;2.859665;1;15;1;;;;;
27.6;-0.5;-0.5;2.309784;1;15;1;;;;;
27.62;-0.5;-0.5;2.339307;1;15;1;;;;;
27.64;-0.5;-0.5;3.620508;1;15;1;;;;;
27.66;-0.5;-0.5;2.671571;1;15;1;;;;;
27.68;-0.5;-0.5;5.221375;1;15;1;;;;;
27.7;-0.5;-0.5;3.460275;1;15;1;;;;;
27.72;-0.5;-0.5;3.534097;1;15;1;;;;;
27.74;-0.5;-0.5;2.070354;1;15;1;;;;;
27.76;-0.5;-0.5;3.192605;1;15;1;;;;;
27.78;-0.5;-0.5;4.270733;1;15;1;;;;;
27.8;-0.5;-0.5;3.040365;1;15;1;;;;;
27.82;-0.5;-0.5;2.03432;1;15;1;;;;;
27.84;-0.5;-0.5;4.119486;1;15;1;;;;;
27.86;-0.5;-0.5;2.900551;1;15;1;;;;;
27.88;-0.5;-0.5;3.152956;1;15;1;;;;;
27.9;-0.5;-0.5;5.997015;1;15;1;;;;;
27.92;-0.5;-0.5;2.173912;1;15;1;;;;;
27.94;-0.5;-0.5;5.503832;1;15;1;;;;;
27.96;-0.5;-0.5;3.359875;1;15;1;;;;;
27.98;-0.5;-0.5;5.381525;1;15;1;;;;;
28;-0.5;-0.5;4.065143;1;15;1;;;;;
28.02;-0.5;-0.5;4.554843;1;15;1;;;;;
28.04;-0.5;-0.5;5.266149;1;15;1;;;;;
28.06;-0.5;-0.5;4.44014;1;15;1;;;;;
28.08;-0.5;-0.5;2.695447;1;15;1;;;;;
28.1;-0.5;-0.5;4.601433;1;15;1;;;;;
28.12;-0.5;-0.5;4.241958;1;15;1;;;;;
28.14;-0.5;-0.5;5.712657;1;15;1;;;;;
28.16;-0.5;-0.5;2.695121;1;15;1;;;;;
28.18;-0.5;-0.5;5.987996;1;15;1;;;;;
28.2;-0.5;-0.5;3.773828;1;15;1;;;;;
28.22;-0.5;-0.5;3.98114;1;15;1;;;;;
28.24;-0.5;-0.5;5.057425;1;15;1;;;;;
28.26;-0.5;-0.5;4.51702;1;15;1;;;;;
28.28;-0.5;-0.5;5.164726;1;15;1;;;;;
28.3;-0.5;-0.5;5.935833;1;15;1;;;;;
28.32;-0.5;-0.5;2.805818;1;15;1;;;;;
28.34;-0.5;-0.5;5.535503;1;15;1;;;;;
28.36;-0.5;-0.5;5.803341;1;15;1;;;;;
28.38;-0.5;-0.5;4.233056;1;15;1;;;;;
28.4;-0.5;-0.5;3.937522;1;15;1;;;;;
28.42;-0.5;-0.5;4.000879;1;15;1;;;;;
28.44;-0.5;-0.5;4.398941;1;15;1;;;;;
28.46;-0.5;-0.5;4.672245;1;15;1;;;;;
28.48;-0.5;-0.5;3.209056;1;15;1;;;;;
28.5;-0.5;-0.5;3.25861;1;15;1;;;;;
28.52;-0.5;-0.5;3.127189;1;15;1;;;;;
28.54;-0.5;-0.5;2.489257;1;15;1;;;;;
28.56;-0.5;-0.5;2.885962;1;15;1;;;;;
28.58;-0.5;-0.5;3.994709;1;15;1;;;;;
28.6;-0.5;-0.5;2.036816;1;15;1;;;;;
28.62;-0.5;-0.5;3.253051;1;15;1;;;;;
28.64;-0.5;-0.5;3.131892;1;15;1;;;;;
28.66;-0.5;-0.5;4.310375;1;15;1;;;;;
28.68;-0.5;-0.5;2.888725;1;15;1;;;;;
28.7;-0.5;-0.5;3.615151;1;15;1;;;;;
28.72;-0.5;-0.5;2.363032;1;15;1;;;;;
28.74;-0.5;-0.5;5.285774;1;15;1;;;;;
28.76;-0.5;-0.5;4.292111;1;15;1;;;;;
28.78;-0.5;-0.5;3.432483;1;15;1;;;;;
28.8;-0.5;-0.5;4.278368;1;15;1;;;;;
28.82;-0.5;-0.5;3.339589;1;15;1;;;;;
28.84;-0.5;-0.5;2.566909;1;15;1;;;;;
28.86;-0.5;-0.5;5.523088;1;15;1;;;;;
28.88;-0.5;-0.5;5.628053;1;15;1;;;;;
28.9;-0.5;-0.5;3.802948;1;15;1;;;;;
28.92;-0.5;-0.5;5.695131;1;15;1;;;;;
28.94;-0.5;-0.5;3.558205;1;15;1;;;;;
28.96;-0.5;-0.5;4.053852;1;15;1;;;;;
28.98;-0.5;-0.5;2.290745;1;15;1;;;;;
29;-0.5;-0.5;5.134636;1;15;1;;;;;
29.02;-0.5;-0.5;3.321596;1;15;1;;;;;
29.04;-0.5;-0.5;5.694282;1;15;1;;;;;
29.06;-0.5;-0.5;5.580818;1;15;1;;;;;
29.08;-0.5;-0.5;4.446517;1;15;1;;;;;
29.1;-0.5;-0.5;2.227896;1;15;1;;;;;
29.12;-0.5;-0.5;2.053793;1;15;1;;;;;
29.14;-0.5;-0.5;4.578003;1;15;1;;;;;
29.16;-0.5;-0.5;2.855506;1;15;1;;;;;
29.18;-0.5;-0.5;5.089817;1;15;1;;;;;
29.2;-0.5;-0.5;3.227822;1;15;1;;;;;
29.22;-0.5;-0.5;5.358964;1;15;1;;;;;
29.24;-0.5;-0.5;4.162627;1;15;1;;;;;
29.26;-0.5;-0.5;4.838354;1;15;1;;;;;
29.28;-0.5;-0.5;3.649096;1;15;1;;;;;
29.3;-0.5;-0.5;5.77038;1;15;1;;;;;
29.32;-0.5;-0.5;4.457415;1;15;1;;;;;
29.34;-0.5;-0.5;2.105761;1;15;1;;;;;
29.36;-0.5;-0.5;2.729671;1;15;1;;;;;
29.38;-0.5;-0.5;3.359936;1;15;1;;;;;
29.4;-0.5;-0.5;3.121067;1;15;1;;;;;
29.42;-0.5;-0.5;5.726346;1;15;1;;;;;
29.44;-0.5;-0.5;2.242058;1;15;1;;;;;
29.46;-0.5;-0.5;2.004915;1;15;1;;;;;
29.48;-0.5;-0.5;3.100342;1;15;1;;;;;
29.5;-0.5;-0.5;4.55704;1;15;1;;;;;
29.52;-0.5;-0.5;3.104626;1;15;1;;;;;
29.54;-0.5;-0.5;4.172571;1;15;1;;;;;
29.56;-0.5;-0.5;2.41542;1;15;1;;;;;
29.58;-0.5;-0.5;3.292623;1;15;1;;;;;
29.6;-0.5;-0.5;3.014597;1;15;1;;;;;
29.62;-0.5;-0.5;4.665047;1;15;1;;;;;
29.64;-0.5;-0.5;4.492332;1;15;1;;;;;
29.66;-0.5;-0.5;2.051609;1;15;1;;;;;
29.68;-0.5;-0.5;2.666056;1;15;1;;;;;
29.7;-0.5;-0.5;2.529992;1;15;1;;;;;
29.72;-0.5;-0.5;5.574237;1;15;1;;;;;
29.74;-0.5;-0.5;2.844103;1;15;1;;;;;
;;;;;;;;;;;
