time;pos_x_right;pos_y_right;dil_right;pos_x_left;pos_y_left;dil_left;brightness;state;fov;trial;;
0;-0.5;-0.5;0;1;Adaptation;15;1;;;;;
0.02;-0.5;-0.5;-1;1;Adaptation;15;1;;;;;
0.04;-0.5;-0.5;-1;1;Adaptation;15;1;;;;;
0.06;-0.5;-0.5;-1;1;Adaptation;15;1;;;;;
0.08;-0.5;-0.5;-1;1;Adaptation;15;1;;;;;
0.09999999;-0.5;-0.5;-1;1;Adaptation;15;1;;;;;
0.12;-0.5;-0.5;-1;1;Adaptation;15;1;;;;;
0.14;-0.5;-0.5;-1;1;Adaptation;15;1;;;;;
0.16;-0.5;-0.5;-1;1;Adaptation;15;1;;;;;
0.18;-0.5;-0.5;-1;1;Adaptation;15;1;;;;;
0.2;-0.5;-0.5;-1;1;Adaptation;15;1;;;;;
0.22;-0.5;-0.5;-1;1;Adaptation;15;1;;;;;
0.24;-0.5;-0.5;-1;1;Adaptation;15;1;;;;;
0.26;-0.5;-0.5;-1;1;Adaptation;15;1;;;;;
0.28;-0.5;-0.5;-1;1;Adaptation;15;1;;;;;
0.3;-0.5;-0.5;-1;1;Adaptation;15;1;;;;;
0.32;-0.5;-0.5;-1;1;Adaptation;15;1;;;;;
0.34;-0.5;-0.5;-1;1;Adaptation;15;1;;;;;
0.36;-0.5;-0.5;-1;1;Adaptation;15;1;;;;;
0.38;-0.5;-0.5;-1;1;Adaptation;15;1;;;;;
0.4;-0.5;-0.5;-1;1;Adaptation;15;1;;;;;
0.42;-0.5;-0.5;-1;1;Adaptation;15;1;;;;;
0.44;-0.5;-0.5;-1;1;Adaptation;15;1;;;;;
0.46;-0.5;-0.5;-1;1;Adaptation;15;1;;;;;
0.48;-0.5;-0.5;-1;1;Adaptation;15;1;;;;;
0.5;-0.5;-0.5;-1;1;Adaptation;15;1;;;;;
0.52;-0.5;-0.5;-1;1;Adaptation;15;1;;;;;
0.54;-0.5;-0.5;-1;1;Adaptation;15;1;;;;;
0.56;-0.5;-0.5;-1;1;Adaptation;15;1;;;;;
0.58;-0.5;-0.5;-1;1;Adaptation;15;1;;;;;
0.6;-0.5;-0.5;-1;1;Adaptation;15;1;;;;;
0.62;-0.5;-0.5;-1;1;Adaptation;15;1;;;;;
0.64;-0.5;-0.5;-1;1;Adaptation;15;1;;;;;
0.66;-0.5;-0.5;-1;1;Adaptation;15;1;;;;;
0.68;-0.5;-0.5;-1;1;Adaptation;15;1;;;;;
0.7;-0.5;-0.5;-1;1;Adaptation;15;1;;;;;
0.72;-0.5;-0.5;-1;1;Adaptation;15;1;;;;;
0.74;-0.5;-0.5;-1;1;Adaptation;15;1;;;;;
0.76;-0.5;-0.5;-1;1;Adaptation;15;1;;;;;
0.78;-0.5;-0.5;-1;1;Adaptation;15;1;;;;;
0.8;-0.5;-0.5;-1;1;Adaptation;15;1;;;;;
0.82;-0.5;-0.5;-1;1;Adaptation;15;1;;;;;
0.84;-0.5;-0.5;-1;1;Adaptation;15;1;;;;;
0.86;-0.5;-0.5;-1;1;Adaptation;15;1;;;;;
0.88;-0.5;-0.5;-1;1;Adaptation;15;1;;;;;
0.9;-0.5;-0.5;-1;1;Adaptation;15;1;;;;;
0.92;-0.5;-0.5;-1;1;Adaptation;15;1;;;;;
0.94;0;0.046875;-1;1;Adaptation;15;1;;;;;
0.96;-0.5;-0.5;-1;1;Adaptation;15;1;;;;;
0.98;-0.5;-0.5;-1;1;Adaptation;15;1;;;;;
1;-0.5;-0.5;-1;1;Adaptation;15;1;;;;;
1.02;-0.5;-0.5;-1;1;Adaptation;15;1;;;;;
1.04;-0.5;-0.5;-1;1;Adaptation;15;1;;;;;
1.06;-0.5;-0.5;-1;1;Adaptation;15;1;;;;;
1.08;-0.5;-0.5;-1;1;Adaptation;15;1;;;;;
1.1;-0.5;-0.5;-1;1;Adaptation;15;1;;;;;
1.12;-0.5;-0.5;-1;1;Adaptation;15;1;;;;;
1.14;-0.5;-0.5;-1;1;Adaptation;15;1;;;;;
1.16;-0.5;-0.5;-1;1;Adaptation;15;1;;;;;
1.18;-0.5;-0.5;-1;1;Adaptation;15;1;;;;;
1.2;-0.5;-0.5;-1;1;Adaptation;15;1;;;;;
1.22;-0.5;-0.5;-1;1;Adaptation;15;1;;;;;
1.24;-0.5;-0.5;-1;1;Adaptation;15;1;;;;;
1.26;-0.5;-0.5;-1;1;Adaptation;15;1;;;;;
1.28;-0.5;-0.5;-1;1;Adaptation;15;1;;;;;
1.3;-0.5;-0.5;-1;1;Adaptation;15;1;;;;;
1.32;-0.5;-0.5;-1;1;Adaptation;15;1;;;;;
1.34;-0.5;-0.5;-1;1;Adaptation;15;1;;;;;
1.36;-0.5;-0.5;-1;1;Adaptation;15;1;;;;;
1.38;-0.5;-0.5;-1;1;Adaptation;15;1;;;;;
1.4;-0.5;-0.5;-1;1;Adaptation;15;1;;;;;
1.42;-0.5;-0.5;-1;1;Adaptation;15;1;;;;;
1.44;-0.5;-0.5;-1;1;Adaptation;15;1;;;;;
1.46;-0.5;-0.5;-1;1;Adaptation;15;1;;;;;
1.48;-0.5;-0.5;-1;1;Adaptation;15;1;;;;;
1.5;-0.5;-0.5;-1;1;Adaptation;15;1;;;;;
1.52;-0.5;-0.5;-1;1;Adaptation;15;1;;;;;
1.54;-0.5;-0.5;-1;1;Adaptation;15;1;;;;;
1.56;-0.5;-0.5;-1;1;Adaptation;15;1;;;;;
1.58;-0.5;-0.5;-1;1;Adaptation;15;1;;;;;
1.6;-0.5;-0.5;-1;1;Adaptation;15;1;;;;;
1.62;-0.5;-0.5;-1;1;Adaptation;15;1;;;;;
1.64;-0.5;-0.5;-1;1;Adaptation;15;1;;;;;
1.66;-0.5;-0.5;-1;1;Adaptation;15;1;;;;;
1.68;-0.5;-0.5;-1;1;Adaptation;15;1;;;;;
1.7;0;-0.015625;-1;1;Adaptation;15;1;;;;;
1.72;-0.5;-0.5;-1;1;Adaptation;15;1;;;;;
1.74;-0.5;-0.5;-1;1;Adaptation;15;1;;;;;
1.76;-0.5;-0.5;-1;1;Adaptation;15;1;;;;;
1.78;-0.5;-0.5;-1;1;Adaptation;15;1;;;;;
1.8;-0.5;-0.5;-1;1;Adaptation;15;1;;;;;
1.82;-0.5;-0.5;-1;1;Adaptation;15;1;;;;;
1.84;-0.5;-0.5;-1;1;Adaptation;15;1;;;;;
1.86;-0.5;-0.5;-1;1;Adaptation;15;1;;;;;
1.88;-0.5;-0.5;-1;1;Adaptation;15;1;;;;;
1.9;-0.5;-0.5;-1;1;Adaptation;15;1;;;;;
1.92;-0.5;-0.5;-1;1;Adaptation;15;1;;;;;
1.94;-0.5;-0.5;-1;1;Adaptation;15;1;;;;;
1.96;-0.5;-0.5;-1;1;Adaptation;15;1;;;;;
1.98;-0.5;-0.5;-1;1;Adaptation;15;1;;;;;
2;-0.5;-0.5;-1;1;Adaptation;15;1;;;;;
2.02;-0.5;-0.5;-1;1;Adaptation;15;1;;;;;
2.04;-0.5;-0.5;-1;1;Adaptation;15;1;;;;;
2.06;-0.5;-0.5;-1;1;Adaptation;15;1;;;;;
2.08;-0.5;-0.5;-1;1;Adaptation;15;1;;;;;
2.1;1;0.03125;-1;1;Adaptation;15;1;;;;;
2.12;-0.5;-0.5;-1;1;Adaptation;15;1;;;;;
2.14;-0.5;-0.5;-1;1;Adaptation;15;1;;;;;
2.16;-0.5;-0.5;-1;1;Adaptation;15;1;;;;;
2.18;-0.5;-0.5;-1;1;Adaptation;15;1;;;;;
2.2;-0.5;-0.5;-1;1;Adaptation;15;1;;;;;
2.22;-0.5;-0.5;-1;1;Adaptation;15;1;;;;;
2.24;-0.5;-0.5;-1;1;Adaptation;15;1;;;;;
2.26;-0.5;-0.5;-1;1;Adaptation;15;1;;;;;
2.28;-0.5;-0.5;-1;1;Adaptation;15;1;;;;;
2.3;-0.5;-0.5;-1;1;Adaptation;15;1;;;;;
2.32;-0.5;-0.5;-1;1;Adaptation;15;1;;;;;
2.34;-0.5;-0.5;-1;1;Adaptation;15;1;;;;;
2.36;-0.5;-0.5;-1;1;Adaptation;15;1;;;;;
2.38;-0.5;-0.5;-1;1;Adaptation;15;1;;;;;
2.4;-0.5;-0.5;-1;1;Adaptation;15;1;;;;;
2.42;-0.5;-0.5;-1;1;Adaptation;15;1;;;;;
2.44;-0.5;-0.5;-1;1;Adaptation;15;1;;;;;
2.46;-0.5;-0.5;-1;1;Adaptation;15;1;;;;;
2.48;-0.5;-0.5;-1;1;Adaptation;15;1;;;;;
2.5;-0.5;-0.5;-1;1;Adaptation;15;1;;;;;
2.52;-0.5;-0.5;-1;1;Adaptation;15;1;;;;;
2.54;-0.5;-0.5;-1;1;Adaptation;15;1;;;;;
2.56;-0.5;-0.5;-1;1;Adaptation;15;1;;;;;
2.58;-0.5;-0.5;-1;1;Adaptation;15;1;;;;;
2.6;-0.5;-0.5;-1;1;Adaptation;15;1;;;;;
2.62;-0.5;-0.5;-1;1;Adaptation;15;1;;;;;
2.64;-0.5;-0.5;-1;1;Adaptation;15;1;;;;;
2.66;-0.5;-0.5;-1;1;Adaptation;15;1;;;;;
2.68;-1;-0.0625;-1;1;Adaptation;15;1;;;;;
2.7;-0.5;-0.5;-1;1;Adaptation;15;1;;;;;
2.72;-0.5;-0.5;-1;1;Adaptation;15;1;;;;;
2.74;-0.5;-0.5;-1;1;Adaptation;15;1;;;;;
2.76;-0.5;-0.5;-1;1;Adaptation;15;1;;;;;
2.78;-0.5;-0.5;-1;1;Adaptation;15;1;;;;;
2.8;-0.5;-0.5;-1;1;Adaptation;15;1;;;;;
2.82;-0.5;-0.5;-1;1;Adaptation;15;1;;;;;
2.84;-0.5;-0.5;-1;1;Adaptation;15;1;;;;;
2.86;-0.5;-0.5;-1;1;Adaptation;15;1;;;;;
2.88;0;0.015625;-1;1;Adaptation;15;1;;;;;
2.9;-0.5;-0.5;-1;1;Adaptation;15;1;;;;;
2.92;-0.5;-0.5;-1;1;Adaptation;15;1;;;;;
2.94;-0.5;-0.5;-1;1;Adaptation;15;1;;;;;
2.96;-0.5;-0.5;-1;1;Adaptation;15;1;;;;;
2.98;-0.5;-0.5;-1;1;Adaptation;15;1;;;;;
3;0;0;-1;1;Adaptation;15;1;;;;;
3.02;-0.5;-0.5;-1;1;Adaptation;15;1;;;;;
3.04;-0.5;-0.5;-1;1;Adaptation;15;1;;;;;
3.06;-0.5;-0.5;-1;1;Adaptation;15;1;;;;;
3.08;-0.5;-0.5;-1;1;Adaptation;15;1;;;;;
3.1;-0.5;-0.5;-1;1;Adaptation;15;1;;;;;
3.12;-0.5;-0.5;-1;1;Adaptation;15;1;;;;;
3.14;-0.5;-0.5;-1;1;Adaptation;15;1;;;;;
3.16;-0.5;-0.5;-1;1;Adaptation;15;1;;;;;
3.18;-0.5;-0.5;-1;1;Adaptation;15;1;;;;;
3.2;-0.5;-0.5;-1;1;Adaptation;15;1;;;;;
3.22;-0.5;-0.5;-1;1;Adaptation;15;1;;;;;
3.24;-0.5;-0.5;-1;1;Adaptation;15;1;;;;;
3.26;-0.5;-0.5;-1;1;Adaptation;15;1;;;;;
3.28;-0.5;-0.5;-1;1;Adaptation;15;1;;;;;
3.3;-0.5;-0.5;-1;1;Adaptation;15;1;;;;;
3.32;-0.5;-0.5;-1;1;Adaptation;15;1;;;;;
3.34;-0.5;-0.5;-1;1;Adaptation;15;1;;;;;
3.36;-0.5;-0.5;-1;1;Adaptation;15;1;;;;;
3.38;-0.5;-0.5;-1;1;Adaptation;15;1;;;;;
3.4;-0.5;-0.5;-1;1;Adaptation;15;1;;;;;
3.42;-0.5;-0.5;-1;1;Adaptation;15;1;;;;;
3.44;-0.5;-0.5;-1;1;Adaptation;15;1;;;;;
3.46;-0.5;-0.5;-1;1;Adaptation;15;1;;;;;
3.48;-0.5;-0.5;-1;1;Adaptation;15;1;;;;;
3.5;-0.5;-0.5;-1;1;Adaptation;15;1;;;;;
3.52;-0.5;-0.5;-1;1;Adaptation;15;1;;;;;
3.54;-0.5;-0.5;-1;1;Adaptation;15;1;;;;;
3.56;-0.5;-0.5;-1;1;Adaptation;15;1;;;;;
3.58;-0.5;-0.5;-1;1;Adaptation;15;1;;;;;
;;;;;;;;;;;;
