time;pos_x_right;pos_y_right;dil_right;pos_x_left;pos_y_left;dil_left;brightness;state;fov;trial;;
0;-0.5;-0.5;3.473256;1;Adaptation;15;1;;;;;
0.02;-0.5;-0.5;2.476806;1;Adaptation;15;1;;;;;
0.04;-0.5;-0.5;2.353938;1;Adaptation;15;1;;;;;
0.06;-0.5;-0.5;5.968261;1;Adaptation;15;1;;;;;
0.08;-0.5;-0.5;5.928909;1;Adaptation;15;1;;;;;
0.09999999;-0.5;-0.5;3.845448;1;Adaptation;15;1;;;;;
0.12;-0.5;-0.5;3.439119;1;Adaptation;15;1;;;;;
0.14;-0.5;-0.5;5.931367;1;Adaptation;15;1;;;;;
0.16;-0.5;-0.5;2.853978;1;Adaptation;15;1;;;;;
0.18;-0.5;-0.5;5.439991;1;Adaptation;15;1;;;;;
0.2;-0.5;-0.5;2.631411;1;Adaptation;15;1;;;;;
0.22;-0.5;-0.5;2.235447;1;Adaptation;15;1;;;;;
0.24;-0.5;-0.5;5.297019;1;Adaptation;15;1;;;;;
0.26;-0.5;-0.5;2.385971;1;Adaptation;15;1;;;;;
0.28;-0.5;-0.5;5.061179;1;Adaptation;15;1;;;;;
0.3;-0.5;-0.5;5.189975;1;Adaptation;15;1;;;;;
0.32;-0.5;-0.5;4.258604;1;Adaptation;15;1;;;;;
0.34;-0.5;-0.5;2.357474;1;Adaptation;15;1;;;;;
0.36;-2;0;4.311147;1;Adaptation;15;1;;;;;
0.38;-0.5;-0.5;5.038917;1;Adaptation;15;1;;;;;
0.4;-0.5;-0.5;4.281872;1;Adaptation;15;1;;;;;
0.42;-0.5;-0.5;4.109382;1;Adaptation;15;1;;;;;
0.44;2;-0.125;3.39451;1;Adaptation;15;1;;;;;
0.46;-0.5;-0.5;4.748507;1;Adaptation;15;1;;;;;
0.48;-0.5;-0.5;5.947278;1;Adaptation;15;1;;;;;
0.5;0;-0.125;5.687853;1;Adaptation;15;1;;;;;
0.52;-0.5;-0.5;4.699409;1;Adaptation;15;1;;;;;
0.54;-0.5;-0.5;3.188149;1;Adaptation;15;1;;;;;
0.56;-0.5;-0.5;2.430306;1;Adaptation;15;1;;;;;
0.58;0;-0.0625;3.910124;1;Adaptation;15;1;;;;;
0.6;-0.5;-0.5;4.82268;1;Adaptation;15;1;;;;;
0.62;-2;0.1875;2.740292;1;Adaptation;15;1;;;;;
0.64;-0.5;-0.5;5.22271;1;Adaptation;15;1;;;;;
0.66;-0.5;-0.5;3.920577;1;Adaptation;15;1;;;;;
0.68;-0.5;-0.5;4.5951;1;Adaptation;15;1;;;;;
0.7;-0.5;-0.5;3.734644;1;Adaptation;15;1;;;;;
0.72;-0.5;-0.5;4.019434;1;Adaptation;15;1;;;;;
0.74;-0.5;-0.5;2.942606;1;Adaptation;15;1;;;;;
0.76;0;-0.0625;2.586635;1;Adaptation;15;1;;;;;
0.78;0;0.125;3.616506;1;Adaptation;15;1;;;;;
0.8;-0.5;-0.5;4.046415;1;Adaptation;15;1;;;;;
0.82;0;-0.1875;5.862024;1;Adaptation;15;1;;;;;
0.84;-0.5;-0.5;4.17692;1;Adaptation;15;1;;;;;
0.86;0;0;4.572666;1;Adaptation;15;1;;;;;
0.88;-0.5;-0.5;5.550284;1;Adaptation;15;1;;;;;
0.9;-2;-0.0625;5.009414;1;Adaptation;15;1;;;;;
0.92;-0.5;-0.5;4.433534;1;Adaptation;15;1;;;;;
0.94;-0.5;-0.5;5.722254;1;Adaptation;15;1;;;;;
0.96;-0.5;-0.5;5.37679;1;Adaptation;15;1;;;;;
0.98;-0.5;-0.5;3.274043;1;Adaptation;15;1;;;;;
1;-0.5;-0.5;4.187353;1;Adaptation;15;1;;;;;
1.02;-4;0;5.136376;1;Adaptation;15;1;;;;;
1.04;-0.5;-0.5;5.755906;1;Adaptation;15;1;;;;;
1.06;-2;-0.0625;4.118953;1;Adaptation;15;1;;;;;
1.08;0;-0.0625;4.811909;1;Adaptation;15;1;;;;;
1.1;0;-0.25;4.716315;1;Adaptation;15;1;;;;;
1.12;-0.5;-0.5;2.006102;1;Adaptation;15;1;;;;;
1.14;-0.5;-0.5;2.531005;1;Adaptation;15;1;;;;;
1.16;-0.5;-0.5;4.575391;1;Adaptation;15;1;;;;;
1.18;0;-0.3125;2.261756;1;Adaptation;15;1;;;;;
1.2;-0.5;-0.5;4.160951;1;Adaptation;15;1;;;;;
1.22;-0.5;-0.5;3.794914;1;Adaptation;15;1;;;;;
1.24;0;-0.0625;5.126438;1;Adaptation;15;1;;;;;
1.26;-0.5;-0.5;2.464808;1;Adaptation;15;1;;;;;
1.28;2;0.0625;5.231956;1;Adaptation;15;1;;;;;
1.3;-0.5;-0.5;3.097222;1;Adaptation;15;1;;;;;
1.32;-0.5;-0.5;5.608871;1;Adaptation;15;1;;;;;
1.34;0;0.25;5.502947;1;Adaptation;15;1;;;;;
1.36;0;0.0625;4.003459;1;Adaptation;15;1;;;;;
1.38;-0.5;-0.5;3.471169;1;Adaptation;15;1;;;;;
1.4;-0.5;-0.5;5.067004;1;Adaptation;15;1;;;;;
1.42;-0.5;-0.5;3.229463;1;Adaptation;15;1;;;;;
1.44;-0.5;-0.5;4.370456;1;Adaptation;15;1;;;;;
1.46;-0.5;-0.5;3.237388;1;Adaptation;15;1;;;;;
1.48;-0.5;-0.5;2.693581;1;Adaptation;15;1;;;;;
1.5;-0.5;-0.5;3.202671;1;Adaptation;15;1;;;;;
1.52;-0.5;-0.5;5.756514;1;Adaptation;15;1;;;;;
1.54;-0.5;-0.5;4.33188;1;Adaptation;15;1;;;;;
1.56;-0.5;-0.5;5.814052;1;Adaptation;15;1;;;;;
1.58;-0.5;-0.5;2.694839;1;Adaptation;15;1;;;;;
1.6;-0.5;-0.5;3.94235;1;Adaptation;15;1;;;;;
1.62;-0.5;-0.5;2.156533;1;Adaptation;15;1;;;;;
1.64;-0.5;-0.5;5.987911;1;Adaptation;15;1;;;;;
1.66;-0.5;-0.5;5.827583;1;Adaptation;15;1;;;;;
1.68;-0.5;-0.5;2.892202;1;Adaptation;15;1;;;;;
1.7;-0.5;-0.5;5.046845;1;Adaptation;15;1;;;;;
1.72;-0.5;-0.5;4.290962;1;Adaptation;15;1;;;;;
1.74;-2;-0.25;2.439585;1;Adaptation;15;1;;;;;
1.76;-0.5;-0.5;3.554614;1;Adaptation;15;1;;;;;
1.78;-0.5;-0.5;4.257077;1;Adaptation;15;1;;;;;
1.8;-0.5;-0.5;2.158761;1;Adaptation;15;1;;;;;
1.82;-0.5;-0.5;3.757247;1;Adaptation;15;1;;;;;
1.84;-0.5;-0.5;4.583547;1;Adaptation;15;1;;;;;
1.86;0;0.0625;2.770576;1;Adaptation;15;1;;;;;
1.88;-0.5;-0.5;3.277303;1;Adaptation;15;1;;;;;
1.9;-0.5;-0.5;4.168748;1;Adaptation;15;1;;;;;
1.92;-0.5;-0.5;2.496127;1;Adaptation;15;1;;;;;
1.94;-0.5;-0.5;4.031599;1;Adaptation;15;1;;;;;
1.96;-0.5;-0.5;3.05525;1;Adaptation;15;1;;;;;
1.98;-0.5;-0.5;2.045918;1;Adaptation;15;1;;;;;
2;-0.5;-0.5;3.054641;1;Adaptation;15;1;;;;;
2.02;-2;0.125;2.007944;1;Adaptation;15;1;;;;;
2.04;-0.5;-0.5;5.777698;1;Adaptation;15;1;;;;;
2.06;-0.5;-0.5;3.173105;1;Adaptation;15;1;;;;;
2.08;-0.5;-0.5;4.053802;1;Adaptation;15;1;;;;;
2.1;0;-0.125;4.620287;1;Adaptation;15;1;;;;;
2.12;-0.5;-0.5;3.411453;1;Adaptation;15;1;;;;;
2.14;-2;0;4.975363;1;Adaptation;15;1;;;;;
2.16;-0.5;-0.5;4.078476;1;Adaptation;15;1;;;;;
2.18;-0.5;-0.5;2.558943;1;Adaptation;15;1;;;;;
2.2;-0.5;-0.5;5.860127;1;Adaptation;15;1;;;;;
2.22;0;0.0625;2.423439;1;Adaptation;15;1;;;;;
2.24;-0.5;-0.5;5.525019;1;Adaptation;15;1;;;;;
2.26;2;0.125;4.864998;1;Adaptation;15;1;;;;;
2.28;-0.5;-0.5;3.543111;1;Adaptation;15;1;;;;;
2.3;-0.5;-0.5;2.075617;1;Adaptation;15;1;;;;;
2.32;-0.5;-0.5;2.02811;1;Adaptation;15;1;;;;;
2.34;-0.5;-0.5;3.055775;1;Adaptation;15;1;;;;;
2.36;0;0;4.018445;1;Adaptation;15;1;;;;;
2.38;2;0.125;5.76825;1;Adaptation;15;1;;;;;
2.4;-0.5;-0.5;5.899226;1;Adaptation;15;1;;;;;
2.42;-0.5;-0.5;5.128755;1;Adaptation;15;1;;;;;
2.44;-0.5;-0.5;5.81873;1;Adaptation;15;1;;;;;
2.46;-0.5;-0.5;3.488694;1;Adaptation;15;1;;;;;
2.48;0;0.0625;3.467353;1;Adaptation;15;1;;;;;
2.5;-0.5;-0.5;3.059513;1;Adaptation;15;1;;;;;
2.52;2;0;2.672753;1;Adaptation;15;1;;;;;
2.54;-0.5;-0.5;3.307642;1;Adaptation;15;1;;;;;
2.56;-0.5;-0.5;5.066456;1;Adaptation;15;1;;;;;
2.58;-0.5;-0.5;3.781501;1;Adaptation;15;1;;;;;
2.6;-0.5;-0.5;3.741977;1;Adaptation;15;1;;;;;
2.62;0;0;4.964239;1;Adaptation;15;1;;;;;
2.64;0;0.125;3.358359;1;Adaptation;15;1;;;;;
2.66;-0.5;-0.5;3.956455;1;Adaptation;15;1;;;;;
2.68;-0.5;-0.5;2.118065;1;Adaptation;15;1;;;;;
2.7;0;0.1875;2.991963;1;Adaptation;15;1;;;;;
2.72;0;0.0625;4.736039;1;Adaptation;15;1;;;;;
2.74;-0.5;-0.5;3.90695;1;Adaptation;15;1;;;;;
2.76;-0.5;-0.5;5.816114;1;Adaptation;15;1;;;;;
2.78;-0.5;-0.5;2.664575;1;Adaptation;15;1;;;;;
2.8;-0.5;-0.5;2.941161;1;Adaptation;15;1;;;;;
2.82;-0.5;-0.5;2.091308;1;Adaptation;15;1;;;;;
2.84;-0.5;-0.5;2.097265;1;Adaptation;15;1;;;;;
2.86;-0.5;-0.5;5.344402;1;Adaptation;15;1;;;;;
2.88;-0.5;-0.5;2.715156;1;Adaptation;15;1;;;;;
2.9;-0.5;-0.5;5.661769;1;Adaptation;15;1;;;;;
2.92;-0.5;-0.5;3.651722;1;Adaptation;15;1;;;;;
2.94;-0.5;-0.5;4.062488;1;Adaptation;15;1;;;;;
2.96;-0.5;-0.5;4.107292;1;Adaptation;15;1;;;;;
2.98;-0.5;-0.5;2.342672;1;Adaptation;15;1;;;;;
3;-0.5;-0.5;4.500281;1;Adaptation;15;1;;;;;
3.02;-0.5;-0.5;2.872818;1;Adaptation;15;1;;;;;
3.04;-2;-0.0625;4.366818;1;Adaptation;15;1;;;;;
3.06;0;0;3.150559;1;Adaptation;15;1;;;;;
3.08;-0.5;-0.5;4.85542;1;Adaptation;15;1;;;;;
3.1;0;0.0625;3.405254;1;Adaptation;15;1;;;;;
3.12;2;0;5.011833;1;Adaptation;15;1;;;;;
3.14;-0.5;-0.5;5.221337;1;Adaptation;15;1;;;;;
3.16;-0.5;-0.5;3.942846;1;Adaptation;15;1;;;;;
3.18;-0.5;-0.5;2.536736;1;Adaptation;15;1;;;;;
3.2;-0.5;-0.5;2.45319;1;Adaptation;15;1;;;;;
3.22;0;-0.125;3.480759;1;Adaptation;15;1;;;;;
3.24;-0.5;-0.5;3.199281;1;Adaptation;15;1;;;;;
3.26;-0.5;-0.5;3.873579;1;Adaptation;15;1;;;;;
3.28;-0.5;-0.5;3.301897;1;Adaptation;15;1;;;;;
3.3;-0.5;-0.5;4.124033;1;Adaptation;15;1;;;;;
3.32;-0.5;-0.5;5.4464;1;Adaptation;15;1;;;;;
3.34;-0.5;-0.5;3.822929;1;Adaptation;15;1;;;;;
3.36;-0.5;-0.5;3.289007;1;Adaptation;15;1;;;;;
3.38;-0.5;-0.5;3.592469;1;Adaptation;15;1;;;;;
3.4;2;0.0625;3.034711;1;Adaptation;15;1;;;;;
3.42;-0.5;-0.5;3.037082;1;Adaptation;15;1;;;;;
3.44;-0.5;-0.5;2.893235;1;Adaptation;15;1;;;;;
3.46;-0.5;-0.5;2.676235;1;Adaptation;15;1;;;;;
3.48;-0.5;-0.5;4.023973;1;Adaptation;15;1;;;;;
3.5;-2;0.0625;5.030606;1;Adaptation;15;1;;;;;
3.52;-0.5;-0.5;4.704422;1;Adaptation;15;1;;;;;
3.54;-0.5;-0.5;5.756227;1;Adaptation;15;1;;;;;
3.56;0;0.125;2.74835;1;Adaptation;15;1;;;;;
3.58;-0.5;-0.5;3.422942;1;Adaptation;15;1;;;;;
3.6;-0.5;-0.5;5.846861;1;Adaptation;15;1;;;;;
3.62;-0.5;-0.5;4.784825;1;Adaptation;15;1;;;;;
3.64;-0.5;-0.5;5.86665;1;Adaptation;15;1;;;;;
3.66;-0.5;-0.5;5.803955;1;Adaptation;15;1;;;;;
3.68;-0.5;-0.5;4.650079;1;Adaptation;15;1;;;;;
3.7;-0.5;-0.5;2.264173;1;Adaptation;15;1;;;;;
3.72;-0.5;-0.5;4.250618;1;Adaptation;15;1;;;;;
3.74;-0.5;-0.5;4.202176;1;Adaptation;15;1;;;;;
3.76;0;0.0625;2.975066;1;Adaptation;15;1;;;;;
3.78;-0.5;-0.5;3.103508;1;Adaptation;15;1;;;;;
3.8;-0.5;-0.5;2.329192;1;Adaptation;15;1;;;;;
3.82;-0.5;-0.5;5.722801;1;Adaptation;15;1;;;;;
3.84;-0.5;-0.5;3.352191;1;Adaptation;15;1;;;;;
3.86;-0.5;-0.5;3.139062;1;Adaptation;15;1;;;;;
3.88;-0.5;-0.5;5.798244;1;Adaptation;15;1;;;;;
3.9;-0.5;-0.5;3.941744;1;Adaptation;15;1;;;;;
3.92;-0.5;-0.5;5.876247;1;Adaptation;15;1;;;;;
3.94;-0.5;-0.5;2.093516;1;Adaptation;15;1;;;;;
3.96;-0.5;-0.5;2.227355;1;Adaptation;15;1;;;;;
3.98;-0.5;-0.5;3.318937;1;Adaptation;15;1;;;;;
4;-0.5;-0.5;4.395456;1;Adaptation;15;1;;;;;
4.02;2;-0.1875;2.347082;1;Adaptation;15;1;;;;;
4.04;-0.5;-0.5;5.519212;1;Adaptation;15;1;;;;;
4.06;-0.5;-0.5;4.252503;1;Adaptation;15;1;;;;;
4.08;0;-0.125;5.920767;1;Adaptation;15;1;;;;;
4.1;-0.5;-0.5;2.038064;1;Adaptation;15;1;;;;;
4.12;-0.5;-0.5;4.225751;1;Adaptation;15;1;;;;;
4.14;2;0;2.825975;1;Adaptation;15;1;;;;;
4.16;-0.5;-0.5;3.241757;1;Adaptation;15;1;;;;;
4.18;-0.5;-0.5;5.924597;1;Adaptation;15;1;;;;;
4.2;-0.5;-0.5;2.877602;1;Adaptation;15;1;;;;;
4.22;2;0.125;4.765283;1;Adaptation;15;1;;;;;
4.24;0;-0.0625;5.981588;1;Adaptation;15;1;;;;;
4.26;-0.5;-0.5;3.577863;1;Adaptation;15;1;;;;;
4.28;-0.5;-0.5;3.201042;1;Adaptation;15;1;;;;;
4.3;2;0.3125;5.960459;1;Adaptation;15;1;;;;;
4.32;-0.5;-0.5;2.351957;1;Adaptation;15;1;;;;;
4.34;-0.5;-0.5;5.532185;1;Adaptation;15;1;;;;;
4.36;-0.5;-0.5;2.87381;1;Adaptation;15;1;;;;;
4.38;-0.5;-0.5;2.355235;1;Adaptation;15;1;;;;;
4.4;2;0;2.285546;1;Adaptation;15;1;;;;;
4.42;-0.5;-0.5;5.4041;1;Adaptation;15;1;;;;;
4.44;2;-0.0625;4.051682;1;Adaptation;15;1;;;;;
4.46;-0.5;-0.5;5.60264;1;Adaptation;15;1;;;;;
4.48;-0.5;-0.5;2.126354;1;Adaptation;15;1;;;;;
4.5;0;-0.0625;3.331466;1;Adaptation;15;1;;;;;
4.52;-0.5;-0.5;3.278993;1;Adaptation;15;1;;;;;
4.54;-0.5;-0.5;3.765461;1;Adaptation;15;1;;;;;
4.56;0;0.125;4.918142;1;Adaptation;15;1;;;;;
4.58;-0.5;-0.5;4.704926;1;Adaptation;15;1;;;;;
4.6;-2;0.125;2.733124;1;Adaptation;15;1;;;;;
4.62;-0.5;-0.5;4.970424;1;Adaptation;15;1;;;;;
4.64;-0.5;-0.5;2.840789;1;Adaptation;15;1;;;;;
4.66;-0.5;-0.5;5.82062;1;Adaptation;15;1;;;;;
4.68;-0.5;-0.5;5.494738;1;Adaptation;15;1;;;;;
4.7;-0.5;-0.5;3.801165;1;Adaptation;15;1;;;;;
4.72;-0.5;-0.5;5.038519;1;Adaptation;15;1;;;;;
4.74;0;-0.0625;3.692241;1;Adaptation;15;1;;;;;
4.76;0;0.0625;5.881435;1;Adaptation;15;1;;;;;
4.78;-0.5;-0.5;4.640129;1;Adaptation;15;1;;;;;
4.8;-0.5;-0.5;4.109437;1;Adaptation;15;1;;;;;
4.82;-0.5;-0.5;5.976074;1;Adaptation;15;1;;;;;
4.84;0;-0.1875;2.873593;1;Adaptation;15;1;;;;;
4.86;-0.5;-0.5;4.482475;1;Adaptation;15;1;;;;;
4.88;-0.5;-0.5;3.741324;1;Adaptation;15;1;;;;;
4.9;-0.5;-0.5;4.559525;1;Adaptation;15;1;;;;;
4.92;2;-0.0625;3.265129;1;Adaptation;15;1;;;;;
4.94;0;0.125;4.807585;1;Adaptation;15;1;;;;;
4.96;-0.5;-0.5;3.99245;1;Adaptation;15;1;;;;;
4.98;-2;0;2.401943;1;Adaptation;15;1;;;;;
5;-0.5;-0.5;2.151345;1;Adaptation;15;1;;;;;
5.02;-2;0.0625;4.434073;1;Adaptation;15;1;;;;;
5.04;-0.5;-0.5;2.186524;1;Adaptation;15;1;;;;;
5.06;-0.5;-0.5;5.328751;1;Adaptation;15;1;;;;;
5.08;-0.5;-0.5;4.21489;1;Adaptation;15;1;;;;;
5.1;-0.5;-0.5;4.237692;1;Adaptation;15;1;;;;;
5.12;-0.5;-0.5;5.458828;1;Adaptation;15;1;;;;;
5.14;0;0.0625;3.966207;1;Adaptation;15;1;;;;;
5.16;-0.5;-0.5;5.665123;1;Adaptation;15;1;;;;;
5.18;-0.5;-0.5;3.496406;1;Adaptation;15;1;;;;;
5.2;-0.5;-0.5;2.463519;1;Adaptation;15;1;;;;;
5.22;-0.5;-0.5;4.044265;1;Adaptation;15;1;;;;;
5.24;-0.5;-0.5;4.009331;1;Adaptation;15;1;;;;;
5.26;-0.5;-0.5;5.549495;1;Adaptation;15;1;;;;;
5.28;-0.5;-0.5;2.077162;1;Adaptation;15;1;;;;;
5.3;0;-0.0625;2.516933;1;Adaptation;15;1;;;;;
5.32;0;0;5.211404;1;Adaptation;15;1;;;;;
5.34;-0.5;-0.5;2.911246;1;Adaptation;15;1;;;;;
5.36;0;-0.0625;3.73153;1;Adaptation;15;1;;;;;
5.38;-0.5;-0.5;4.86797;1;Adaptation;15;1;;;;;
5.4;-0.5;-0.5;2.198194;1;Adaptation;15;1;;;;;
5.42;2;0.25;4.056612;1;Adaptation;15;1;;;;;
5.44;-0.5;-0.5;2.633955;1;Adaptation;15;1;;;;;
5.46;-0.5;-0.5;4.219451;1;Adaptation;15;1;;;;;
5.48;-0.5;-0.5;2.828299;1;Adaptation;15;1;;;;;
5.5;-0.5;-0.5;3.985313;1;Adaptation;15;1;;;;;
5.52;-0.5;-0.5;5.454564;1;Adaptation;15;1;;;;;
5.54;-0.5;-0.5;4.332072;1;Adaptation;15;1;;;;;
5.56;0;-0.0625;5.631371;1;Adaptation;15;1;;;;;
5.58;0;-0.0625;3.22122;1;Adaptation;15;1;;;;;
5.6;0;0.0625;3.138778;1;Adaptation;15;1;;;;;
5.62;0;0.0625;3.440127;1;Adaptation;15;1;;;;;
5.64;-0.5;-0.5;5.507768;1;Adaptation;15;1;;;;;
5.66;-0.5;-0.5;4.550406;1;Adaptation;15;1;;;;;
5.68;-2;0.0625;3.849832;1;Adaptation;15;1;;;;;
5.7;-0.5;-0.5;4.054767;1;Adaptation;15;1;;;;;
5.72;-0.5;-0.5;2.725508;1;Adaptation;15;1;;;;;
5.74;0;0.0625;5.421023;1;Adaptation;15;1;;;;;
5.76;0;0.25;3.984439;1;Adaptation;15;1;;;;;
5.78;-0.5;-0.5;3.891557;1;Adaptation;15;1;;;;;
5.8;-0.5;-0.5;3.910277;1;Adaptation;15;1;;;;;
5.82;-0.5;-0.5;3.128694;1;Adaptation;15;1;;;;;
5.84;-0.5;-0.5;4.461042;1;Adaptation;15;1;;;;;
5.86;-0.5;-0.5;4.640703;1;Adaptation;15;1;;;;;
5.88;-2;-0.1875;5.316387;1;Adaptation;15;1;;;;;
5.9;-0.5;-0.5;3.090124;1;Adaptation;15;1;;;;;
5.92;-0.5;-0.5;5.141222;1;Adaptation;15;1;;;;;
5.94;-0.5;-0.5;4.320503;1;Adaptation;15;1;;;;;
5.96;-0.5;-0.5;3.983427;1;Adaptation;15;1;;;;;
5.98;-0.5;-0.5;3.201108;1;Adaptation;15;1;;;;;
6;-0.5;-0.5;3.57984;1;Adaptation;15;1;;;;;
6.02;-0.5;-0.5;2.016273;1;Adaptation;15;1;;;;;
6.04;-0.5;-0.5;4.63886;1;Adaptation;15;1;;;;;
6.06;-0.5;-0.5;3.107734;1;Adaptation;15;1;;;;;
6.08;0;0.0625;3.054549;1;Adaptation;15;1;;;;;
6.1;-0.5;-0.5;2.69945;1;Adaptation;15;1;;;;;
6.12;-0.5;-0.5;2.38857;1;Adaptation;15;1;;;;;
6.14;-0.5;-0.5;4.337316;1;Adaptation;15;1;;;;;
6.16;-0.5;-0.5;5.052691;1;Adaptation;15;1;;;;;
6.18;0;-0.0625;4.21815;1;Adaptation;15;1;;;;;
6.2;0;0;2.837609;1;Adaptation;15;1;;;;;
6.22;-0.5;-0.5;2.928722;1;Adaptation;15;1;;;;;
6.24;-0.5;-0.5;2.877838;1;Adaptation;15;1;;;;;
6.26;-0.5;-0.5;4.43022;1;Adaptation;15;1;;;;;
6.28;-0.5;-0.5;5.052104;1;Adaptation;15;1;;;;;
6.3;0;-0.0625;2.919809;1;Adaptation;15;1;;;;;
6.32;-0.5;-0.5;4.293671;1;Adaptation;15;1;;;;;
6.34;-0.5;-0.5;2.891347;1;Adaptation;15;1;;;;;
6.36;-0.5;-0.5;5.272627;1;Adaptation;15;1;;;;;
6.38;2;-0.125;5.180143;1;Adaptation;15;1;;;;;
6.4;-0.5;-0.5;4.637808;1;Adaptation;15;1;;;;;
6.42;-0.5;-0.5;4.383486;1;Adaptation;15;1;;;;;
6.44;-0.5;-0.5;4.996445;1;Adaptation;15;1;;;;;
6.46;0;0.125;2.157613;1;Adaptation;15;1;;;;;
6.48;-0.5;-0.5;4.085714;1;Adaptation;15;1;;;;;
6.5;-0.5;-0.5;2.034878;1;Adaptation;15;1;;;;;
6.52;0;0.125;4.43131;1;Adaptation;15;1;;;;;
6.54;2;0.25;4.270111;1;Adaptation;15;1;;;;;
6.56;-0.5;-0.5;4.342473;1;Adaptation;15;1;;;;;
6.58;-0.5;-0.5;4.874657;1;Adaptation;15;1;;;;;
6.6;-0.5;-0.5;2.407595;1;Adaptation;15;1;;;;;
6.62;-0.5;-0.5;2.942398;1;Adaptation;15;1;;;;;
6.64;-0.5;-0.5;5.01665;1;Adaptation;15;1;;;;;
6.66;0;-0.0625;2.744278;1;Adaptation;15;1;;;;;
6.68;-0.5;-0.5;3.887183;1;Adaptation;15;1;;;;;
6.7;-0.5;-0.5;5.536885;1;Adaptation;15;1;;;;;
6.72;-2;0;4.616868;1;Adaptation;15;1;;;;;
6.74;-0.5;-0.5;4.083048;1;Adaptation;15;1;;;;;
6.76;-0.5;-0.5;5.493176;1;Adaptation;15;1;;;;;
6.78;-0.5;-0.5;2.854991;1;Adaptation;15;1;;;;;
6.8;-0.5;-0.5;5.907154;1;Adaptation;15;1;;;;;
6.82;-0.5;-0.5;2.875501;1;Adaptation;15;1;;;;;
6.84;-0.5;-0.5;5.850255;1;Adaptation;15;1;;;;;
6.86;0;0.0625;2.872053;1;Adaptation;15;1;;;;;
6.88;-0.5;-0.5;5.107252;1;Adaptation;15;1;;;;;
6.9;-0.5;-0.5;5.671502;1;Adaptation;15;1;;;;;
6.92;-0.5;-0.5;5.015473;1;Adaptation;15;1;;;;;
6.94;-0.5;-0.5;5.995538;1;Adaptation;15;1;;;;;
6.96;2;-0.125;5.331219;1;Adaptation;15;1;;;;;
6.98;-0.5;-0.5;3.824851;1;Adaptation;15;1;;;;;
7;-0.5;-0.5;4.606021;1;Adaptation;15;1;;;;;
7.02;-0.5;-0.5;5.320251;1;Adaptation;15;1;;;;;
7.04;0;0.0625;5.280206;1;Adaptation;15;1;;;;;
7.06;-0.5;-0.5;3.746385;1;Adaptation;15;1;;;;;
7.08;-0.5;-0.5;4.51107;1;Adaptation;15;1;;;;;
7.1;-0.5;-0.5;2.477039;1;Adaptation;15;1;;;;;
7.12;-2;0.0625;2.19512;1;Adaptation;15;1;;;;;
7.14;-0.5;-0.5;3.683145;1;Adaptation;15;1;;;;;
7.16;-0.5;-0.5;5.714412;1;Adaptation;15;1;;;;;
7.18;-0.5;-0.5;2.308937;1;Adaptation;15;1;;;;;
7.2;-0.5;-0.5;5.829159;1;Adaptation;15;1;;;;;
7.22;-0.5;-0.5;4.279269;1;Adaptation;15;1;;;;;
7.24;-0.5;-0.5;3.94494;1;Adaptation;15;1;;;;;
7.26;0;-0.0625;4.804305;1;Adaptation;15;1;;;;;
7.28;-2;0.125;2.984618;1;Adaptation;15;1;;;;;
7.3;0;0.0625;4.945638;1;Adaptation;15;1;;;;;
7.32;-0.5;-0.5;2.187504;1;Adaptation;15;1;;;;;
7.34;-0.5;-0.5;4.430403;1;Adaptation;15;1;;;;;
7.36;-0.5;-0.5;4.445153;1;Adaptation;15;1;;;;;
7.38;-0.5;-0.5;5.393122;1;Adaptation;15;1;;;;;
7.4;-0.5;-0.5;3.444399;1;Adaptation;15;1;;;;;
7.42;0;0.0625;2.108664;1;Adaptation;15;1;;;;;
7.44;-0.5;-0.5;3.51653;1;Adaptation;15;1;;;;;
7.46;-0.5;-0.5;2.107076;1;Adaptation;15;1;;;;;
7.48;-0.5;-0.5;3.525319;1;Adaptation;15;1;;;;;
7.5;-0.5;-0.5;3.510173;1;Adaptation;15;1;;;;;
7.52;0;0.0625;2.18774;1;Adaptation;15;1;;;;;
7.54;0;-0.125;5.877448;1;Adaptation;15;1;;;;;
7.56;-2;-0.125;3.484571;1;Adaptation;15;1;;;;;
7.58;-0.5;-0.5;3.371273;1;Adaptation;15;1;;;;;
7.6;-0.5;-0.5;4.53421;1;Adaptation;15;1;;;;;
7.62;-0.5;-0.5;5.134671;1;Adaptation;15;1;;;;;
7.64;-0.5;-0.5;3.784509;1;Adaptation;15;1;;;;;
7.66;0;-0.1875;5.004946;1;Adaptation;15;1;;;;;
7.68;0;0;4.581591;1;Adaptation;15;1;;;;;
7.7;-0.5;-0.5;2.831517;1;Adaptation;15;1;;;;;
7.72;-0.5;-0.5;5.488626;1;Adaptation;15;1;;;;;
7.74;2;-0.25;5.079803;1;Adaptation;15;1;;;;;
7.76;-0.5;-0.5;2.824781;1;Adaptation;15;1;;;;;
7.78;-0.5;-0.5;5.931997;1;Adaptation;15;1;;;;;
7.8;-0.5;-0.5;5.828225;1;Adaptation;15;1;;;;;
7.82;-0.5;-0.5;4.064187;1;Adaptation;15;1;;;;;
7.84;2;-0.125;2.15767;1;Adaptation;15;1;;;;;
7.86;-0.5;-0.5;3.355512;1;Adaptation;15;1;;;;;
7.88;0;0.125;3.74617;1;Adaptation;15;1;;;;;
7.9;-0.5;-0.5;2.801255;1;Adaptation;15;1;;;;;
7.92;-0.5;-0.5;5.326069;1;Adaptation;15;1;;;;;
7.94;-0.5;-0.5;2.879877;1;Adaptation;15;1;;;;;
7.96;-0.5;-0.5;2.242552;1;Adaptation;15;1;;;;;
7.98;-0.5;-0.5;2.894377;1;Adaptation;15;1;;;;;
8;0;0.0625;2.684575;1;Adaptation;15;1;;;;;
8.02;-0.5;-0.5;5.471337;1;Adaptation;15;1;;;;;
8.04;-0.5;-0.5;5.511746;1;Adaptation;15;1;;;;;
8.059999;0;0.125;5.255902;1;Adaptation;15;1;;;;;
8.08;-0.5;-0.5;4.082883;1;Adaptation;15;1;;;;;
8.099999;-0.5;-0.5;4.091789;1;Adaptation;15;1;;;;;
8.12;-0.5;-0.5;5.512047;1;Adaptation;15;1;;;;;
8.139999;-0.5;-0.5;4.541783;1;Adaptation;15;1;;;;;
8.16;-0.5;-0.5;5.05265;1;Adaptation;15;1;;;;;
8.179999;-0.5;-0.5;2.212615;1;Adaptation;15;1;;;;;
8.2;-0.5;-0.5;5.052932;1;Adaptation;15;1;;;;;
8.22;-0.5;-0.5;5.655449;1;Adaptation;15;1;;;;;
8.24;-0.5;-0.5;4.362596;1;Adaptation;15;1;;;;;
8.26;-0.5;-0.5;4.39629;1;Adaptation;15;1;;;;;
8.28;-0.5;-0.5;3.276476;1;Adaptation;15;1;;;;;
8.3;-0.5;-0.5;4.723547;1;Adaptation;15;1;;;;;
8.32;0;-0.0625;5.292595;1;Adaptation;15;1;;;;;
8.34;-0.5;-0.5;4.774948;1;Adaptation;15;1;;;;;
8.36;-0.5;-0.5;5.633004;1;Adaptation;15;1;;;;;
8.38;-0.5;-0.5;4.102173;1;Adaptation;15;1;;;;;
8.4;-0.5;-0.5;4.511362;1;Adaptation;15;1;;;;;
8.42;-0.5;-0.5;3.992094;1;Adaptation;15;1;;;;;
8.44;-0.5;-0.5;3.9265;1;Adaptation;15;1;;;;;
8.46;-0.5;-0.5;3.544337;1;Adaptation;15;1;;;;;
8.48;2;-0.1875;4.715363;1;Adaptation;15;1;;;;;
8.5;0;0.1875;3.139704;1;Adaptation;15;1;;;;;
8.52;-0.5;-0.5;3.059512;1;Adaptation;15;1;;;;;
8.54;-0.5;-0.5;5.53201;1;Adaptation;15;1;;;;;
8.559999;0;0.25;2.154031;1;Adaptation;15;1;;;;;
8.58;-0.5;-0.5;3.626476;1;Adaptation;15;1;;;;;
8.599999;-0.5;-0.5;2.44023;1;Adaptation;15;1;;;;;
8.62;-0.5;-0.5;3.466455;1;Adaptation;15;1;;;;;
8.639999;-2;0;2.857741;1;Adaptation;15;1;;;;;
8.66;-2;-0.0625;2.527971;1;Adaptation;15;1;;;;;
8.679999;-0.5;-0.5;5.330697;1;Adaptation;15;1;;;;;
8.7;-0.5;-0.5;5.367233;1;Adaptation;15;1;;;;;
8.72;-0.5;-0.5;3.993759;1;Adaptation;15;1;;;;;
8.74;-0.5;-0.5;2.900656;1;Adaptation;15;1;;;;;
8.76;-0.5;-0.5;3.666085;1;Adaptation;15;1;;;;;
8.78;2;-0.1875;3.191143;1;Adaptation;15;1;;;;;
8.8;-0.5;-0.5;4.824664;1;Adaptation;15;1;;;;;
8.82;-0.5;-0.5;5.458957;1;Adaptation;15;1;;;;;
8.84;-0.5;-0.5;3.588406;1;Adaptation;15;1;;;;;
8.86;-0.5;-0.5;5.628425;1;Adaptation;15;1;;;;;
8.88;-0.5;-0.5;3.083089;1;Adaptation;15;1;;;;;
8.9;0;-0.25;5.339179;1;Adaptation;15;1;;;;;
8.92;-0.5;-0.5;2.581172;1;Adaptation;15;1;;;;;
8.94;-0.5;-0.5;4.4968;1;Adaptation;15;1;;;;;
8.96;-0.5;-0.5;5.170307;1;Adaptation;15;1;;;;;
8.98;-0.5;-0.5;4.474808;1;Adaptation;15;1;;;;;
9;-0.5;-0.5;3.519175;1;Adaptation;15;1;;;;;
9.02;-0.5;-0.5;5.50166;1;Adaptation;15;1;;;;;
9.04;-2;0.25;4.568677;1;Adaptation;15;1;;;;;
9.059999;0;-0.0625;5.028944;1;Adaptation;15;1;;;;;
9.08;-0.5;-0.5;2.084365;1;Adaptation;15;1;;;;;
9.099999;-2;-0.0625;5.062605;1;Adaptation;15;1;;;;;
9.12;0;-0.125;3.358143;1;Adaptation;15;1;;;;;
9.139999;-0.5;-0.5;5.526503;1;Adaptation;15;1;;;;;
9.16;-0.5;-0.5;3.523793;1;Adaptation;15;1;;;;;
9.179999;-0.5;-0.5;3.579616;1;Adaptation;15;1;;;;;
9.2;-0.5;-0.5;2.284332;1;Adaptation;15;1;;;;;
9.22;-0.5;-0.5;4.10363;1;Adaptation;15;1;;;;;
9.24;-0.5;-0.5;5.047205;1;Adaptation;15;1;;;;;
9.26;0;-0.0625;5.989435;1;Adaptation;15;1;;;;;
9.28;-0.5;-0.5;5.805161;1;Adaptation;15;1;;;;;
9.3;-0.5;-0.5;5.271424;1;Adaptation;15;1;;;;;
9.32;-0.5;-0.5;5.500444;1;Adaptation;15;1;;;;;
9.34;-0.5;-0.5;5.990266;1;Adaptation;15;1;;;;;
9.36;-0.5;-0.5;2.723622;1;Adaptation;15;1;;;;;
9.38;-0.5;-0.5;5.446541;1;Adaptation;15;1;;;;;
9.4;-0.5;-0.5;5.041197;1;Adaptation;15;1;;;;;
9.42;-0.5;-0.5;3.930712;1;Adaptation;15;1;;;;;
9.44;-0.5;-0.5;4.71857;1;Adaptation;15;1;;;;;
9.46;-0.5;-0.5;3.362098;1;Adaptation;15;1;;;;;
9.48;0;-0.125;5.36087;1;Adaptation;15;1;;;;;
9.5;-0.5;-0.5;3.789868;1;Adaptation;15;1;;;;;
9.52;-0.5;-0.5;3.923282;1;Adaptation;15;1;;;;;
9.54;-0.5;-0.5;2.258658;1;Adaptation;15;1;;;;;
9.559999;-0.5;-0.5;5.674809;1;Adaptation;15;1;;;;;
9.58;-0.5;-0.5;5.233935;1;Adaptation;15;1;;;;;
9.599999;-0.5;-0.5;4.655325;1;Adaptation;15;1;;;;;
9.62;-0.5;-0.5;5.912884;1;Adaptation;15;1;;;;;
9.639999;-0.5;-0.5;4.751616;1;Adaptation;15;1;;;;;
9.66;-0.5;-0.5;4.038127;1;Adaptation;15;1;;;;;
9.679999;-0.5;-0.5;2.140757;1;Adaptation;15;1;;;;;
9.7;0;0;2.467433;1;Adaptation;15;1;;;;;
9.719999;-0.5;-0.5;3.837713;1;Adaptation;15;1;;;;;
9.74;-2;0.125;4.038691;1;Adaptation;15;1;;;;;
9.76;2;-0.0625;3.821784;1;Adaptation;15;1;;;;;
9.78;-2;0;3.838928;1;Adaptation;15;1;;;;;
9.8;-0.5;-0.5;5.967767;1;Adaptation;15;1;;;;;
9.82;-0.5;-0.5;2.335364;1;Adaptation;15;1;;;;;
9.84;-0.5;-0.5;2.059797;1;Adaptation;15;1;;;;;
9.86;-2;0.125;3.54376;1;Adaptation;15;1;;;;;
9.88;-0.5;-0.5;2.78633;1;Adaptation;15;1;;;;;
9.9;-0.5;-0.5;3.715619;1;Adaptation;15;1;;;;;
9.92;-0.5;-0.5;2.864802;1;Adaptation;15;1;;;;;
9.94;-0.5;-0.5;2.296572;1;Adaptation;15;1;;;;;
9.96;0;0.0625;2.420309;1;Adaptation;15;1;;;;;
9.98;2;0.0625;5.123712;1;Adaptation;15;1;;;;;
10;-0.5;-0.5;3.888801;1;Adaptation;15;1;;;;;
10.02;-0.5;-0.5;4.443993;1;Adaptation;15;1;;;;;
10.04;-0.5;-0.5;4.541366;1;Adaptation;15;1;;;;;
10.06;-2;0.1875;3.879969;1;Adaptation;15;1;;;;;
10.08;0;0;4.43891;1;Adaptation;15;1;;;;;
10.1;-0.5;-0.5;3.067696;1;Adaptation;15;1;;;;;
10.12;0;-0.0625;5.526258;1;Adaptation;15;1;;;;;
10.14;0;-0.0625;3.343714;1;Adaptation;15;1;;;;;
10.16;-0.5;-0.5;5.182761;1;Adaptation;15;1;;;;;
10.18;-0.5;-0.5;2.862428;1;Adaptation;15;1;;;;;
10.2;0;0.0625;2.543242;1;Adaptation;15;1;;;;;
10.22;-0.5;-0.5;5.343761;1;Adaptation;15;1;;;;;
10.24;-0.5;-0.5;2.453042;1;Adaptation;15;1;;;;;
10.26;-0.5;-0.5;2.953765;1;Adaptation;15;1;;;;;
10.28;-0.5;-0.5;4.845117;1;Adaptation;15;1;;;;;
10.3;0;0.25;4.31945;1;Adaptation;15;1;;;;;
10.32;-0.5;-0.5;5.806532;1;Adaptation;15;1;;;;;
10.34;-0.5;-0.5;2.08121;1;Adaptation;15;1;;;;;
10.36;-0.5;-0.5;3.334816;1;Adaptation;15;1;;;;;
10.38;-0.5;-0.5;3.405953;1;Adaptation;15;1;;;;;
10.4;-0.5;-0.5;3.529246;1;Adaptation;15;1;;;;;
10.42;2;0;5.847842;1;Adaptation;15;1;;;;;
10.44;-0.5;-0.5;2.522779;1;Adaptation;15;1;;;;;
10.46;-0.5;-0.5;5.48097;1;Adaptation;15;1;;;;;
10.48;0;0.0625;5.327808;1;Adaptation;15;1;;;;;
10.5;-2;-0.1875;4.113853;1;Adaptation;15;1;;;;;
10.52;-0.5;-0.5;2.607372;1;Adaptation;15;1;;;;;
10.54;-0.5;-0.5;2.257812;1;Adaptation;15;1;;;;;
10.56;-0.5;-0.5;2.563946;1;Adaptation;15;1;;;;;
10.58;-0.5;-0.5;2.130657;1;Adaptation;15;1;;;;;
10.6;-0.5;-0.5;5.07682;1;Adaptation;15;1;;;;;
10.62;-0.5;-0.5;4.541236;1;Adaptation;15;1;;;;;
10.64;-0.5;-0.5;3.970317;1;Adaptation;15;1;;;;;
10.66;-0.5;-0.5;4.021025;1;Adaptation;15;1;;;;;
10.68;-2;-0.125;4.084879;1;Adaptation;15;1;;;;;
10.7;-0.5;-0.5;2.579629;1;Adaptation;15;1;;;;;
10.72;-0.5;-0.5;4.521473;1;Adaptation;15;1;;;;;
10.74;0;0.1875;2.523312;1;Adaptation;15;1;;;;;
10.76;-0.5;-0.5;3.968051;1;Adaptation;15;1;;;;;
10.78;-0.5;-0.5;5.554297;1;Adaptation;15;1;;;;;
10.8;0;-0.125;4.139361;1;Adaptation;15;1;;;;;
10.82;-0.5;-0.5;5.887242;1;Adaptation;15;1;;;;;
10.84;0;0.0625;2.665069;1;Adaptation;15;1;;;;;
10.86;-0.5;-0.5;4.621247;1;Adaptation;15;1;;;;;
10.88;-0.5;-0.5;5.016304;1;Adaptation;15;1;;;;;
10.9;-0.5;-0.5;3.49818;1;Adaptation;15;1;;;;;
10.92;-0.5;-0.5;5.681146;1;Adaptation;15;1;;;;;
10.94;-0.5;-0.5;2.344236;1;Adaptation;15;1;;;;;
10.96;-0.5;-0.5;5.147327;1;Adaptation;15;1;;;;;
10.98;0;0;5.039779;1;Adaptation;15;1;;;;;
11;-0.5;-0.5;4.187315;1;Adaptation;15;1;;;;;
11.02;-0.5;-0.5;2.287553;1;Adaptation;15;1;;;;;
11.04;0;0.125;2.581596;1;Adaptation;15;1;;;;;
11.06;2;0;2.688257;1;Adaptation;15;1;;;;;
11.08;0;-0.1875;3.532039;1;Adaptation;15;1;;;;;
11.1;-0.5;-0.5;3.692932;1;Adaptation;15;1;;;;;
11.12;0;-0.0625;4.508238;1;Adaptation;15;1;;;;;
11.14;-0.5;-0.5;2.042387;1;Adaptation;15;1;;;;;
11.16;-0.5;-0.5;2.16557;1;Adaptation;15;1;;;;;
11.18;-0.5;-0.5;3.787967;1;Adaptation;15;1;;;;;
11.2;-0.5;-0.5;3.341037;1;Adaptation;15;1;;;;;
11.22;-0.5;-0.5;4.983612;1;Adaptation;15;1;;;;;
11.24;-0.5;-0.5;4.673801;1;Adaptation;15;1;;;;;
11.26;-0.5;-0.5;4.027416;1;Adaptation;15;1;;;;;
11.28;-0.5;-0.5;5.414795;1;Adaptation;15;1;;;;;
11.3;-0.5;-0.5;3.615823;1;Adaptation;15;1;;;;;
11.32;0;0;2.245748;1;Adaptation;15;1;;;;;
11.34;-0.5;-0.5;2.482203;1;Adaptation;15;1;;;;;
11.36;2;-0.0625;5.488893;1;Adaptation;15;1;;;;;
11.38;-0.5;-0.5;4.818454;1;Adaptation;15;1;;;;;
11.4;-0.5;-0.5;4.243751;1;Adaptation;15;1;;;;;
11.42;-0.5;-0.5;3.617429;1;Adaptation;15;1;;;;;
11.44;2;0.125;4.702176;1;Adaptation;15;1;;;;;
11.46;-0.5;-0.5;5.394369;1;Adaptation;15;1;;;;;
11.48;-0.5;-0.5;5.214546;1;Adaptation;15;1;;;;;
11.5;-0.5;-0.5;2.504869;1;Adaptation;15;1;;;;;
11.52;-0.5;-0.5;5.904856;1;Adaptation;15;1;;;;;
11.54;-0.5;-0.5;2.854806;1;Adaptation;15;1;;;;;
11.56;-0.5;-0.5;5.77198;1;Adaptation;15;1;;;;;
11.58;-0.5;-0.5;4.944334;1;Adaptation;15;1;;;;;
11.6;-0.5;-0.5;2.930669;1;Adaptation;15;1;;;;;
11.62;0;0;5.14265;1;Adaptation;15;1;;;;;
11.64;0;0.1875;4.856597;1;Adaptation;15;1;;;;;
11.66;-2;0;3.63045;1;Adaptation;15;1;;;;;
11.68;-0.5;-0.5;5.178304;1;Adaptation;15;1;;;;;
11.7;-0.5;-0.5;5.788314;1;Adaptation;15;1;;;;;
11.72;-0.5;-0.5;5.271429;1;Adaptation;15;1;;;;;
11.74;-0.5;-0.5;2.080115;1;Adaptation;15;1;;;;;
11.76;-2;0;5.586967;1;Adaptation;15;1;;;;;
11.78;0;0.25;4.763684;1;Adaptation;15;1;;;;;
11.8;-0.5;-0.5;5.032375;1;Adaptation;15;1;;;;;
11.82;0;0;3.657287;1;Adaptation;15;1;;;;;
11.84;-0.5;-0.5;3.289459;1;Adaptation;15;1;;;;;
11.86;-0.5;-0.5;4.903682;1;Adaptation;15;1;;;;;
11.88;2;-0.0625;3.754084;1;Adaptation;15;1;;;;;
11.9;2;0;5.25255;1;Adaptation;15;1;;;;;
11.92;0;0;4.354858;1;Adaptation;15;1;;;;;
11.94;-2;-0.125;3.898157;1;Adaptation;15;1;;;;;
11.96;-0.5;-0.5;3.497094;1;Adaptation;15;1;;;;;
11.98;-0.5;-0.5;3.309176;1;Adaptation;15;1;;;;;
12;-0.5;-0.5;4.014477;1;Adaptation;15;1;;;;;
12.02;0;-0.0625;4.352659;1;Adaptation;15;1;;;;;
12.04;-0.5;-0.5;2.778976;1;Adaptation;15;1;;;;;
12.06;-0.5;-0.5;2.20887;1;Adaptation;15;1;;;;;
12.08;-2;0.0625;3.717186;1;Adaptation;15;1;;;;;
12.1;-0.5;-0.5;2.754563;1;Adaptation;15;1;;;;;
12.12;-0.5;-0.5;2.98279;1;Adaptation;15;1;;;;;
12.14;-0.5;-0.5;5.023728;1;Adaptation;15;1;;;;;
12.16;-0.5;-0.5;5.624708;1;Adaptation;15;1;;;;;
12.18;-0.5;-0.5;5.951321;1;Adaptation;15;1;;;;;
12.2;2;0;3.612586;1;Adaptation;15;1;;;;;
12.22;-0.5;-0.5;3.048057;1;Adaptation;15;1;;;;;
12.24;-0.5;-0.5;3.039958;1;Adaptation;15;1;;;;;
12.26;-0.5;-0.5;3.016895;1;Adaptation;15;1;;;;;
12.28;-0.5;-0.5;4.162597;1;Adaptation;15;1;;;;;
12.3;0;-0.125;5.256674;1;Adaptation;15;1;;;;;
12.32;-0.5;-0.5;4.376128;1;Adaptation;15;1;;;;;
12.34;-0.5;-0.5;5.123158;1;Adaptation;15;1;;;;;
12.36;-0.5;-0.5;2.599388;1;Adaptation;15;1;;;;;
12.38;2;0.0625;2.211127;1;Adaptation;15;1;;;;;
12.4;-0.5;-0.5;2.547514;1;Adaptation;15;1;;;;;
12.42;-0.5;-0.5;4.632223;1;Adaptation;15;1;;;;;
12.44;-0.5;-0.5;2.879962;1;Adaptation;15;1;;;;;
12.46;-0.5;-0.5;5.129865;1;Adaptation;15;1;;;;;
12.48;-0.5;-0.5;5.014313;1;Adaptation;15;1;;;;;
12.5;-0.5;-0.5;4.901109;1;Adaptation;15;1;;;;;
12.52;-0.5;-0.5;3.037364;1;Adaptation;15;1;;;;;
12.54;-0.5;-0.5;2.701921;1;Adaptation;15;1;;;;;
12.56;-0.5;-0.5;4.29218;1;Adaptation;15;1;;;;;
12.58;-0.5;-0.5;2.256222;1;Adaptation;15;1;;;;;
12.6;-0.5;-0.5;4.197341;1;Adaptation;15;1;;;;;
12.62;-0.5;-0.5;2.110932;1;Adaptation;15;1;;;;;
12.64;-0.5;-0.5;3.611256;1;Adaptation;15;1;;;;;
12.66;-0.5;-0.5;5.214723;1;Adaptation;15;1;;;;;
12.68;-0.5;-0.5;2.211586;1;Adaptation;15;1;;;;;
12.7;-2;-0.0625;5.11339;1;Adaptation;15;1;;;;;
12.72;-0.5;-0.5;2.140252;1;Adaptation;15;1;;;;;
12.74;-2;-0.125;2.856721;1;Adaptation;15;1;;;;;
12.76;-0.5;-0.5;3.299481;1;Adaptation;15;1;;;;;
12.78;-0.5;-0.5;5.434078;1;Adaptation;15;1;;;;;
12.8;-0.5;-0.5;3.201674;1;Adaptation;15;1;;;;;
12.82;-0.5;-0.5;4.178409;1;Adaptation;15;1;;;;;
12.84;-0.5;-0.5;3.53365;1;Adaptation;15;1;;;;;
12.86;-0.5;-0.5;2.711454;1;Adaptation;15;1;;;;;
12.88;-0.5;-0.5;2.157959;1;Adaptation;15;1;;;;;
12.9;0;0.0625;2.322759;1;Adaptation;15;1;;;;;
12.92;-0.5;-0.5;2.22542;1;Adaptation;15;1;;;;;
12.94;-0.5;-0.5;5.070528;1;Adaptation;15;1;;;;;
12.96;-0.5;-0.5;2.555673;1;Adaptation;15;1;;;;;
12.98;0;-0.0625;4.264605;1;Adaptation;15;1;;;;;
13;-0.5;-0.5;5.487791;1;Adaptation;15;1;;;;;
13.02;0;0;5.181955;1;Adaptation;15;1;;;;;
13.04;-0.5;-0.5;4.509216;1;Adaptation;15;1;;;;;
13.06;-0.5;-0.5;4.388964;1;Adaptation;15;1;;;;;
13.08;-0.5;-0.5;4.590501;1;Adaptation;15;1;;;;;
13.1;-0.5;-0.5;2.241014;1;Adaptation;15;1;;;;;
13.12;-0.5;-0.5;4.500753;1;Adaptation;15;1;;;;;
13.14;-0.5;-0.5;2.16106;1;Adaptation;15;1;;;;;
13.16;0;-0.125;2.908196;1;Adaptation;15;1;;;;;
13.18;0;0.0625;5.252177;1;Adaptation;15;1;;;;;
13.2;-0.5;-0.5;3.889799;1;Adaptation;15;1;;;;;
13.22;-0.5;-0.5;5.565767;1;Adaptation;15;1;;;;;
13.24;-0.5;-0.5;2.799568;1;Adaptation;15;1;;;;;
13.26;-0.5;-0.5;4.013571;1;Adaptation;15;1;;;;;
13.28;-0.5;-0.5;3.781655;1;Adaptation;15;1;;;;;
13.3;2;-0.0625;5.848387;1;Adaptation;15;1;;;;;
13.32;-0.5;-0.5;4.251411;1;Adaptation;15;1;;;;;
13.34;0;0.25;4.446733;1;Adaptation;15;1;;;;;
13.36;-0.5;-0.5;3.679147;1;Adaptation;15;1;;;;;
13.38;-0.5;-0.5;4.145575;1;Adaptation;15;1;;;;;
13.4;-0.5;-0.5;4.624708;1;Adaptation;15;1;;;;;
13.42;-0.5;-0.5;2.380658;1;Adaptation;15;1;;;;;
13.44;0;-0.3125;4.39212;1;Adaptation;15;1;;;;;
13.46;-0.5;-0.5;4.592304;1;Adaptation;15;1;;;;;
13.48;-0.5;-0.5;3.322332;1;Adaptation;15;1;;;;;
13.5;-0.5;-0.5;5.967099;1;Adaptation;15;1;;;;;
13.52;-0.5;-0.5;4.943299;1;Adaptation;15;1;;;;;
13.54;-0.5;-0.5;3.033772;1;Adaptation;15;1;;;;;
13.56;-0.5;-0.5;3.661524;1;Adaptation;15;1;;;;;
13.58;-0.5;-0.5;4.894162;1;Adaptation;15;1;;;;;
13.6;0;-0.25;4.802359;1;Adaptation;15;1;;;;;
13.62;-0.5;-0.5;5.022735;1;Adaptation;15;1;;;;;
13.64;-0.5;-0.5;2.99762;1;Adaptation;15;1;;;;;
13.66;-0.5;-0.5;3.439154;1;Adaptation;15;1;;;;;
13.68;0;0.0625;4.205612;1;Adaptation;15;1;;;;;
13.7;-0.5;-0.5;5.07277;1;Adaptation;15;1;;;;;
13.72;-0.5;-0.5;3.889805;1;Adaptation;15;1;;;;;
13.74;-0.5;-0.5;5.463548;1;Adaptation;15;1;;;;;
13.76;-0.5;-0.5;5.460674;1;Adaptation;15;1;;;;;
13.78;-0.5;-0.5;2.426189;1;Adaptation;15;1;;;;;
13.8;-0.5;-0.5;5.79636;1;Adaptation;15;1;;;;;
13.82;-0.5;-0.5;4.105515;1;Adaptation;15;1;;;;;
13.84;-0.5;-0.5;4.67374;1;Adaptation;15;1;;;;;
13.86;0;0.0625;3.903975;1;Adaptation;15;1;;;;;
13.88;2;0.0625;3.668093;1;Adaptation;15;1;;;;;
13.9;-0.5;-0.5;5.874482;1;Adaptation;15;1;;;;;
13.92;-0.5;-0.5;3.824341;1;Adaptation;15;1;;;;;
13.94;0;-0.25;5.447186;1;Adaptation;15;1;;;;;
13.96;-0.5;-0.5;4.460429;1;Adaptation;15;1;;;;;
13.98;-0.5;-0.5;5.651255;1;Adaptation;15;1;;;;;
14;-0.5;-0.5;4.156096;1;Adaptation;15;1;;;;;
14.02;-2;0.1875;4.547531;1;Adaptation;15;1;;;;;
14.04;2;-0.1875;4.804077;1;Adaptation;15;1;;;;;
14.06;-0.5;-0.5;2.357924;1;Adaptation;15;1;;;;;
14.08;-0.5;-0.5;5.2935;1;Adaptation;15;1;;;;;
14.1;-0.5;-0.5;2.360303;1;Adaptation;15;1;;;;;
14.12;-0.5;-0.5;2.450906;1;Adaptation;15;1;;;;;
14.14;-0.5;-0.5;2.675986;1;Adaptation;15;1;;;;;
14.16;-0.5;-0.5;5.498035;1;Adaptation;15;1;;;;;
14.18;0;-0.0625;2.628256;1;Adaptation;15;1;;;;;
14.2;-0.5;-0.5;3.537951;1;Adaptation;15;1;;;;;
14.22;-0.5;-0.5;2.379859;1;Adaptation;15;1;;;;;
14.24;0;0;2.11936;1;Adaptation;15;1;;;;;
14.26;-0.5;-0.5;4.013986;1;Adaptation;15;1;;;;;
14.28;-4;0.0625;3.798352;1;Adaptation;15;1;;;;;
14.3;-0.5;-0.5;4.493201;1;Adaptation;15;1;;;;;
14.32;2;0.25;5.947303;1;Adaptation;15;1;;;;;
14.34;2;-0.0625;3.353336;1;Adaptation;15;1;;;;;
14.36;-0.5;-0.5;3.723443;1;Adaptation;15;1;;;;;
14.38;-0.5;-0.5;2.508936;1;Adaptation;15;1;;;;;
14.4;-0.5;-0.5;2.457014;1;Adaptation;15;1;;;;;
14.42;2;-0.0625;2.103854;1;Adaptation;15;1;;;;;
14.44;-0.5;-0.5;4.743575;1;Adaptation;15;1;;;;;
14.46;-0.5;-0.5;4.31631;1;Adaptation;15;1;;;;;
14.48;-0.5;-0.5;2.518812;1;Adaptation;15;1;;;;;
14.5;-0.5;-0.5;2.567963;1;Adaptation;15;1;;;;;
14.52;-2;0.25;4.757886;1;Adaptation;15;1;;;;;
14.54;0;-0.1875;3.992169;1;Adaptation;15;1;;;;;
14.56;-0.5;-0.5;5.867552;1;Adaptation;15;1;;;;;
14.58;2;0.25;5.978761;1;Adaptation;15;1;;;;;
14.6;0;0.0625;3.445801;1;Adaptation;15;1;;;;;
14.62;-0.5;-0.5;3.607686;1;Adaptation;15;1;;;;;
14.64;-0.5;-0.5;2.215681;1;Adaptation;15;1;;;;;
14.66;-0.5;-0.5;3.281269;1;Adaptation;15;1;;;;;
14.68;0;-0.0625;3.090889;1;Adaptation;15;1;;;;;
14.7;0;-0.1875;5.75259;1;Adaptation;15;1;;;;;
14.72;-0.5;-0.5;5.609005;1;Adaptation;15;1;;;;;
14.74;-0.5;-0.5;5.983016;1;Adaptation;15;1;;;;;
14.76;-0.5;-0.5;2.393448;1;Adaptation;15;1;;;;;
14.78;-0.5;-0.5;4.961487;1;Adaptation;15;1;;;;;
14.8;-0.5;-0.5;5.443405;1;Adaptation;15;1;;;;;
14.82;-0.5;-0.5;5.773584;1;Adaptation;15;1;;;;;
14.84;-0.5;-0.5;4.169899;1;Adaptation;15;1;;;;;
14.86;-0.5;-0.5;2.651069;1;Adaptation;15;1;;;;;
14.88;-0.5;-0.5;5.834541;1;Adaptation;15;1;;;;;
14.9;-0.5;-0.5;5.764015;1;Adaptation;15;1;;;;;
14.92;-0.5;-0.5;2.514486;1;Adaptation;15;1;;;;;
14.94;-0.5;-0.5;2.931423;1;Adaptation;15;1;;;;;
14.96;-0.5;-0.5;3.095167;1;Adaptation;15;1;;;;;
14.98;-0.5;-0.5;5.730637;1;Adaptation;15;1;;;;;
15;-2;-0.0625;4.469269;1;Adaptation;15;1;;;;;
15.02;0;0;5.121971;1;Adaptation;15;1;;;;;
15.04;-0.5;-0.5;3.805803;1;Adaptation;15;1;;;;;
15.06;-0.5;-0.5;2.174855;1;Adaptation;15;1;;;;;
15.08;-0.5;-0.5;4.701118;1;Adaptation;15;1;;;;;
15.1;-0.5;-0.5;5.682669;1;Adaptation;15;1;;;;;
15.12;-0.5;-0.5;3.239601;1;Adaptation;15;1;;;;;
15.14;-0.5;-0.5;4.146955;1;Adaptation;15;1;;;;;
15.16;-2;0.1875;4.440362;1;Adaptation;15;1;;;;;
15.18;-0.5;-0.5;4.360432;1;Adaptation;15;1;;;;;
15.2;-0.5;-0.5;2.092526;1;Adaptation;15;1;;;;;
15.22;-0.5;-0.5;5.614674;1;Adaptation;15;1;;;;;
15.24;-0.5;-0.5;2.647646;1;Adaptation;15;1;;;;;
15.26;-0.5;-0.5;3.922421;1;Adaptation;15;1;;;;;
15.28;-0.5;-0.5;4.847757;1;Adaptation;15;1;;;;;
15.3;0;0;4.198592;1;Adaptation;15;1;;;;;
15.32;-0.5;-0.5;3.179557;1;Adaptation;15;1;;;;;
15.34;-0.5;-0.5;3.92243;1;Adaptation;15;1;;;;;
15.36;0;0.0625;4.775625;1;Adaptation;15;1;;;;;
15.38;-0.5;-0.5;2.332685;1;Adaptation;15;1;;;;;
15.4;-0.5;-0.5;2.892374;1;Adaptation;15;1;;;;;
15.42;-0.5;-0.5;3.295956;1;Adaptation;15;1;;;;;
15.44;-0.5;-0.5;4.505563;1;Adaptation;15;1;;;;;
15.46;-0.5;-0.5;3.357348;1;Adaptation;15;1;;;;;
15.48;-2;0;2.617169;1;Adaptation;15;1;;;;;
15.5;-0.5;-0.5;2.919666;1;Adaptation;15;1;;;;;
15.52;-0.5;-0.5;4.087395;1;Adaptation;15;1;;;;;
15.54;-0.5;-0.5;3.469946;1;Adaptation;15;1;;;;;
15.56;0;-0.1875;3.028825;1;Adaptation;15;1;;;;;
15.58;-0.5;-0.5;5.741457;1;Adaptation;15;1;;;;;
15.6;-0.5;-0.5;3.807483;1;Adaptation;15;1;;;;;
15.62;-0.5;-0.5;2.089112;1;Adaptation;15;1;;;;;
15.64;-0.5;-0.5;4.264548;1;Adaptation;15;1;;;;;
15.66;2;-0.125;2.462174;1;Adaptation;15;1;;;;;
15.68;0;0.1875;5.095741;1;Adaptation;15;1;;;;;
15.7;-0.5;-0.5;3.132172;1;Adaptation;15;1;;;;;
15.72;-0.5;-0.5;2.117958;1;Adaptation;15;1;;;;;
15.74;-0.5;-0.5;4.45358;1;Adaptation;15;1;;;;;
15.76;-0.5;-0.5;5.990127;1;Adaptation;15;1;;;;;
15.78;-0.5;-0.5;4.119901;1;Adaptation;15;1;;;;;
15.8;2;0.0625;3.876256;1;Adaptation;15;1;;;;;
15.82;-0.5;-0.5;4.984095;1;Adaptation;15;1;;;;;
15.84;-0.5;-0.5;3.873998;1;Adaptation;15;1;;;;;
15.86;-0.5;-0.5;4.919973;1;Adaptation;15;1;;;;;
15.88;-0.5;-0.5;3.657069;1;Adaptation;15;1;;;;;
15.9;-0.5;-0.5;4.04528;1;Adaptation;15;1;;;;;
15.92;-0.5;-0.5;3.543635;1;Adaptation;15;1;;;;;
15.94;-0.5;-0.5;3.515176;1;Adaptation;15;1;;;;;
15.96;-0.5;-0.5;3.947712;1;Adaptation;15;1;;;;;
15.98;-0.5;-0.5;3.427645;1;Adaptation;15;1;;;;;
16;0;-0.1875;3.619741;1;Adaptation;15;1;;;;;
16.02;-0.5;-0.5;3.022808;1;Adaptation;15;1;;;;;
16.04;-0.5;-0.5;5.261484;1;Adaptation;15;1;;;;;
16.06;-0.5;-0.5;4.036879;1;Adaptation;15;1;;;;;
16.08;-0.5;-0.5;5.943235;1;Adaptation;15;1;;;;;
16.1;-0.5;-0.5;3.873693;1;Adaptation;15;1;;;;;
16.12;-0.5;-0.5;4.24834;1;Adaptation;15;1;;;;;
16.14;-0.5;-0.5;3.528787;1;Adaptation;15;1;;;;;
16.16;-0.5;-0.5;4.1172;1;Adaptation;15;1;;;;;
16.18;-0.5;-0.5;2.142704;1;Adaptation;15;1;;;;;
16.2;-0.5;-0.5;2.526289;1;Adaptation;15;1;;;;;
16.22;-0.5;-0.5;3.177528;1;Adaptation;15;1;;;;;
16.24;-0.5;-0.5;4.703847;1;Adaptation;15;1;;;;;
16.26;-0.5;-0.5;5.745601;1;Adaptation;15;1;;;;;
16.28;-0.5;-0.5;5.380154;1;Adaptation;15;1;;;;;
16.3;-0.5;-0.5;2.183021;1;Adaptation;15;1;;;;;
16.32;-0.5;-0.5;3.493857;1;Adaptation;15;1;;;;;
16.34;-0.5;-0.5;2.789003;1;Adaptation;15;1;;;;;
16.36;-0.5;-0.5;5.1416;1;Adaptation;15;1;;;;;
16.38;-0.5;-0.5;5.879362;1;Adaptation;15;1;;;;;
16.4;0;-0.125;2.901718;1;Adaptation;15;1;;;;;
16.42;-2;0.1875;5.468012;1;Adaptation;15;1;;;;;
16.44;-0.5;-0.5;5.647078;1;Adaptation;15;1;;;;;
16.46;-0.5;-0.5;4.474686;1;Adaptation;15;1;;;;;
16.48;-0.5;-0.5;5.349443;1;Adaptation;15;1;;;;;
16.5;-0.5;-0.5;3.234088;1;Adaptation;15;1;;;;;
16.52;-0.5;-0.5;5.765759;1;Adaptation;15;1;;;;;
16.54;0;-0.1875;5.02106;1;Adaptation;15;1;;;;;
16.56;-0.5;-0.5;3.62831;1;Adaptation;15;1;;;;;
16.58;-0.5;-0.5;3.364157;1;Adaptation;15;1;;;;;
16.6;0;-0.25;3.723914;1;Adaptation;15;1;;;;;
16.62;0;0.0625;4.577114;1;Adaptation;15;1;;;;;
16.64;-0.5;-0.5;5.43742;1;Adaptation;15;1;;;;;
16.66;-0.5;-0.5;2.145694;1;Adaptation;15;1;;;;;
16.68;-0.5;-0.5;5.254448;1;Adaptation;15;1;;;;;
16.7;-0.5;-0.5;2.00045;1;Adaptation;15;1;;;;;
16.72;-0.5;-0.5;5.344122;1;Adaptation;15;1;;;;;
16.74;-0.5;-0.5;5.783722;1;Adaptation;15;1;;;;;
16.76;-0.5;-0.5;5.202007;1;Adaptation;15;1;;;;;
16.78;-0.5;-0.5;5.297882;1;Adaptation;15;1;;;;;
16.8;-0.5;-0.5;4.316667;1;Adaptation;15;1;;;;;
16.82;-0.5;-0.5;5.917534;1;Adaptation;15;1;;;;;
16.84;-0.5;-0.5;4.708061;1;Adaptation;15;1;;;;;
16.86;-0.5;-0.5;2.311313;1;Adaptation;15;1;;;;;
16.88;-0.5;-0.5;3.499683;1;Adaptation;15;1;;;;;
16.9;2;-0.0625;3.66815;1;Adaptation;15;1;;;;;
16.92;2;0.25;4.628598;1;Adaptation;15;1;;;;;
16.94;-0.5;-0.5;3.701471;1;Adaptation;15;1;;;;;
16.96;-0.5;-0.5;2.783553;1;Adaptation;15;1;;;;;
16.98;-0.5;-0.5;5.552177;1;Adaptation;15;1;;;;;
17;-2;0.125;2.506746;1;Adaptation;15;1;;;;;
17.02;-0.5;-0.5;3.963496;1;Adaptation;15;1;;;;;
17.04;-0.5;-0.5;3.217184;1;Adaptation;15;1;;;;;
17.06;-0.5;-0.5;5.958858;1;Adaptation;15;1;;;;;
17.08;-0.5;-0.5;2.50784;1;Adaptation;15;1;;;;;
17.1;-0.5;-0.5;5.354356;1;Adaptation;15;1;;;;;
17.12;-0.5;-0.5;3.34551;1;Adaptation;15;1;;;;;
17.14;0;-0.1875;3.121152;1;Adaptation;15;1;;;;;
17.16;-0.5;-0.5;2.059945;1;Adaptation;15;1;;;;;
17.18;0;0.25;5.953691;1;Adaptation;15;1;;;;;
17.2;-0.5;-0.5;4.468242;1;Adaptation;15;1;;;;;
17.22;-0.5;-0.5;5.137319;1;Adaptation;15;1;;;;;
17.24;-0.5;-0.5;4.341207;1;Adaptation;15;1;;;;;
17.26;-0.5;-0.5;5.944184;1;Adaptation;15;1;;;;;
17.28;-0.5;-0.5;5.175748;1;Adaptation;15;1;;;;;
17.3;-0.5;-0.5;5.457858;1;Adaptation;15;1;;;;;
17.32;-0.5;-0.5;4.064052;1;Adaptation;15;1;;;;;
17.34;-0.5;-0.5;2.365547;1;Adaptation;15;1;;;;;
17.36;2;-0.125;2.020033;1;Adaptation;15;1;;;;;
17.38;0;0;4.075467;1;Adaptation;15;1;;;;;
17.4;-0.5;-0.5;4.035007;1;Adaptation;15;1;;;;;
17.42;-0.5;-0.5;3.753794;1;Adaptation;15;1;;;;;
17.44;-2;0.125;2.653077;1;Adaptation;15;1;;;;;
17.46;-0.5;-0.5;5.622917;1;Adaptation;15;1;;;;;
17.48;-0.5;-0.5;5.677542;1;Adaptation;15;1;;;;;
17.5;0;0;4.77129;1;Adaptation;15;1;;;;;
17.52;-0.5;-0.5;5.111209;1;Adaptation;15;1;;;;;
17.54;-0.5;-0.5;3.228051;1;Adaptation;15;1;;;;;
17.56;-0.5;-0.5;5.495695;1;Adaptation;15;1;;;;;
17.58;-0.5;-0.5;4.47038;1;Adaptation;15;1;;;;;
17.6;-0.5;-0.5;4.428;1;Adaptation;15;1;;;;;
17.62;0;0;2.737561;1;Adaptation;15;1;;;;;
17.64;0;-0.0625;5.585446;1;Adaptation;15;1;;;;;
17.66;-0.5;-0.5;4.052927;1;Adaptation;15;1;;;;;
17.68;2;0.125;4.828478;1;Adaptation;15;1;;;;;
17.7;-0.5;-0.5;3.172987;1;Adaptation;15;1;;;;;
17.72;-0.5;-0.5;2.659256;1;Adaptation;15;1;;;;;
17.74;-0.5;-0.5;3.749317;1;Adaptation;15;1;;;;;
17.76;-0.5;-0.5;3.110795;1;Adaptation;15;1;;;;;
17.78;-0.5;-0.5;3.977377;1;Adaptation;15;1;;;;;
17.8;-0.5;-0.5;5.717369;1;Adaptation;15;1;;;;;
17.82;-0.5;-0.5;5.086184;1;Adaptation;15;1;;;;;
17.84;-0.5;-0.5;2.633061;1;Adaptation;15;1;;;;;
17.86;-0.5;-0.5;3.28462;1;Adaptation;15;1;;;;;
17.88;-0.5;-0.5;3.299291;1;Adaptation;15;1;;;;;
17.9;-0.5;-0.5;2.390179;1;Adaptation;15;1;;;;;
17.92;-0.5;-0.5;5.164805;1;Adaptation;15;1;;;;;
17.94;-0.5;-0.5;2.727906;1;Adaptation;15;1;;;;;
17.96;-0.5;-0.5;5.50649;1;Adaptation;15;1;;;;;
17.98;-0.5;-0.5;2.165545;1;Adaptation;15;1;;;;;
18;-0.5;-0.5;5.123798;1;Adaptation;15;1;;;;;
18.02;-2;0.1875;4.248253;1;Adaptation;15;1;;;;;
18.04;-0.5;-0.5;3.237298;1;Adaptation;15;1;;;;;
18.06;-0.5;-0.5;3.460491;1;Adaptation;15;1;;;;;
18.08;-2;0;5.241068;1;Adaptation;15;1;;;;;
18.1;-0.5;-0.5;5.909454;1;Adaptation;15;1;;;;;
18.12;-0.5;-0.5;2.695035;1;Adaptation;15;1;;;;;
18.14;-0.5;-0.5;2.49019;1;Adaptation;15;1;;;;;
18.16;-0.5;-0.5;5.900515;1;Adaptation;15;1;;;;;
18.18;-0.5;-0.5;5.894262;1;Adaptation;15;1;;;;;
18.2;-0.5;-0.5;2.05106;1;Adaptation;15;1;;;;;
18.22;0;0.0625;4.196627;1;Adaptation;15;1;;;;;
18.24;-0.5;-0.5;5.902612;1;Adaptation;15;1;;;;;
18.26;-0.5;-0.5;2.108654;1;Adaptation;15;1;;;;;
18.28;0;-0.125;3.294784;1;Adaptation;15;1;;;;;
18.3;0;0;5.94995;1;Adaptation;15;1;;;;;
18.32;-0.5;-0.5;4.73739;1;Adaptation;15;1;;;;;
18.34;-0.5;-0.5;2.181854;1;Adaptation;15;1;;;;;
18.36;-0.5;-0.5;3.16656;1;Adaptation;15;1;;;;;
18.38;0;-0.0625;3.377712;1;Adaptation;15;1;;;;;
18.4;-0.5;-0.5;5.655331;1;Adaptation;15;1;;;;;
18.42;-0.5;-0.5;3.993761;1;Adaptation;15;1;;;;;
18.44;0;-0.0625;3.36226;1;Adaptation;15;1;;;;;
18.46;-0.5;-0.5;5.629706;1;Adaptation;15;1;;;;;
18.48;0;0.1875;3.729509;1;Adaptation;15;1;;;;;
18.5;-0.5;-0.5;5.721985;1;Adaptation;15;1;;;;;
18.52;0;-0.125;5.056635;1;Adaptation;15;1;;;;;
18.54;-2;0;2.685177;1;Adaptation;15;1;;;;;
18.56;2;-0.0625;5.307168;1;Adaptation;15;1;;;;;
18.58;-0.5;-0.5;3.185711;1;Adaptation;15;1;;;;;
18.6;2;0.25;4.28324;1;Adaptation;15;1;;;;;
18.62;-0.5;-0.5;2.291881;1;Adaptation;15;1;;;;;
18.64;-2;-0.0625;3.037135;1;Adaptation;15;1;;;;;
18.66;0;0.125;4.558071;1;Adaptation;15;1;;;;;
18.68;-0.5;-0.5;4.037362;1;Adaptation;15;1;;;;;
18.7;-0.5;-0.5;4.975408;1;Adaptation;15;1;;;;;
18.72;-0.5;-0.5;5.479591;1;Adaptation;15;1;;;;;
18.74;-0.5;-0.5;2.941596;1;Adaptation;15;1;;;;;
18.76;-0.5;-0.5;2.360548;1;Adaptation;15;1;;;;;
18.78;-0.5;-0.5;4.173178;1;Adaptation;15;1;;;;;
18.8;2;0.125;4.617959;1;Adaptation;15;1;;;;;
18.82;-0.5;-0.5;2.944026;1;Adaptation;15;1;;;;;
18.84;0;0.125;5.842075;1;Adaptation;15;1;;;;;
18.86;0;0.125;5.063332;1;Adaptation;15;1;;;;;
18.88;-0.5;-0.5;2.270842;1;Adaptation;15;1;;;;;
18.9;-0.5;-0.5;3.260252;1;Adaptation;15;1;;;;;
18.92;-0.5;-0.5;5.325746;1;Adaptation;15;1;;;;;
18.94;-0.5;-0.5;3.750111;1;Adaptation;15;1;;;;;
18.96;-0.5;-0.5;4.144761;1;Adaptation;15;1;;;;;
18.98;-0.5;-0.5;3.850128;1;Adaptation;15;1;;;;;
19;-0.5;-0.5;2.08836;1;Adaptation;15;1;;;;;
19.02;-0.5;-0.5;4.771698;1;Adaptation;15;1;;;;;
19.04;-0.5;-0.5;4.71622;1;Adaptation;15;1;;;;;
19.06;-0.5;-0.5;5.389432;1;Adaptation;15;1;;;;;
19.08;-0.5;-0.5;2.056322;1;Adaptation;15;1;;;;;
19.1;-0.5;-0.5;4.191511;1;Adaptation;15;1;;;;;
19.12;-0.5;-0.5;4.498642;1;Adaptation;15;1;;;;;
19.14;-0.5;-0.5;3.482271;1;Adaptation;15;1;;;;;
19.16;-0.5;-0.5;2.928049;1;Adaptation;15;1;;;;;
19.18;0;0;5.750968;1;Adaptation;15;1;;;;;
19.2;-0.5;-0.5;4.829556;1;Adaptation;15;1;;;;;
19.22;-0.5;-0.5;3.351707;1;Adaptation;15;1;;;;;
19.24;-0.5;-0.5;5.703343;1;Adaptation;15;1;;;;;
19.26;-0.5;-0.5;2.610919;1;Adaptation;15;1;;;;;
19.28;-0.5;-0.5;3.709744;1;Adaptation;15;1;;;;;
19.3;-0.5;-0.5;2.361585;1;Adaptation;15;1;;;;;
19.32;-0.5;-0.5;5.251902;1;Adaptation;15;1;;;;;
19.34;-0.5;-0.5;3.87247;1;Adaptation;15;1;;;;;
19.36;-0.5;-0.5;4.329642;1;Adaptation;15;1;;;;;
19.38;-0.5;-0.5;2.140532;1;Adaptation;15;1;;;;;
19.4;-0.5;-0.5;5.33285;1;Adaptation;15;1;;;;;
19.42;-0.5;-0.5;4.613718;1;Adaptation;15;1;;;;;
19.44;0;0;5.906704;1;Adaptation;15;1;;;;;
19.46;-0.5;-0.5;5.92144;1;Adaptation;15;1;;;;;
19.48;-0.5;-0.5;2.955306;1;Adaptation;15;1;;;;;
19.5;-0.5;-0.5;5.034061;1;Adaptation;15;1;;;;;
19.52;-0.5;-0.5;5.268357;1;Adaptation;15;1;;;;;
19.54;0;0.1875;5.003519;1;Adaptation;15;1;;;;;
19.56;-0.5;-0.5;5.606665;1;Adaptation;15;1;;;;;
19.58;-0.5;-0.5;2.470403;1;Adaptation;15;1;;;;;
19.6;-0.5;-0.5;4.694177;1;Adaptation;15;1;;;;;
19.62;-0.5;-0.5;3.605049;1;Adaptation;15;1;;;;;
19.64;-0.5;-0.5;5.249039;1;Adaptation;15;1;;;;;
19.66;-0.5;-0.5;3.962685;1;Adaptation;15;1;;;;;
19.68;-2;0.125;2.939428;1;Adaptation;15;1;;;;;
19.7;0;0.0625;4.136218;1;Adaptation;15;1;;;;;
19.72;-0.5;-0.5;5.38144;1;Adaptation;15;1;;;;;
19.74;-0.5;-0.5;5.590759;1;Adaptation;15;1;;;;;
19.76;-0.5;-0.5;4.802662;1;Adaptation;15;1;;;;;
19.78;0;0;5.333633;1;Adaptation;15;1;;;;;
19.8;-0.5;-0.5;4.399021;1;Adaptation;15;1;;;;;
19.82;0;-0.25;3.416027;1;Adaptation;15;1;;;;;
19.84;-0.5;-0.5;5.017735;1;Adaptation;15;1;;;;;
19.86;-0.5;-0.5;5.05876;1;Adaptation;15;1;;;;;
19.88;2;0.0625;5.657879;1;Adaptation;15;1;;;;;
19.9;-0.5;-0.5;2.647561;1;Adaptation;15;1;;;;;
19.92;-0.5;-0.5;2.809822;1;Adaptation;15;1;;;;;
19.94;-0.5;-0.5;5.363307;1;Adaptation;15;1;;;;;
19.96;-0.5;-0.5;4.701875;1;Adaptation;15;1;;;;;
19.98;0;0;2.020514;1;Adaptation;15;1;;;;;
20;-0.5;-0.5;3.867996;1;Adaptation;15;1;;;;;
20.02;-0.5;-0.5;5.114909;1;Adaptation;15;1;;;;;
20.04;-0.5;-0.5;3.883675;1;Adaptation;15;1;;;;;
20.06;2;-0.125;3.975675;1;Adaptation;15;1;;;;;
20.08;-0.5;-0.5;2.936417;1;Adaptation;15;1;;;;;
20.1;-0.5;-0.5;4.012268;1;Adaptation;15;1;;;;;
20.12;-0.5;-0.5;5.122908;1;Adaptation;15;1;;;;;
20.14;-0.5;-0.5;4.123611;1;Adaptation;15;1;;;;;
20.16;-0.5;-0.5;2.579792;1;Adaptation;15;1;;;;;
20.18;-0.5;-0.5;2.590291;1;Adaptation;15;1;;;;;
20.2;-0.5;-0.5;3.895324;1;Adaptation;15;1;;;;;
20.22;-0.5;-0.5;5.025662;1;Adaptation;15;1;;;;;
20.24;-0.5;-0.5;2.803768;1;Adaptation;15;1;;;;;
20.26;0;0.125;5.08826;1;Adaptation;15;1;;;;;
20.28;-0.5;-0.5;4.227943;1;Adaptation;15;1;;;;;
20.3;0;0;2.504463;1;Adaptation;15;1;;;;;
20.32;-0.5;-0.5;4.902297;1;Adaptation;15;1;;;;;
20.34;2;-0.1875;4.432167;1;Adaptation;15;1;;;;;
20.36;-0.5;-0.5;3.658406;1;Adaptation;15;1;;;;;
20.38;-0.5;-0.5;5.140616;1;Adaptation;15;1;;;;;
20.4;-0.5;-0.5;3.971258;1;Adaptation;15;1;;;;;
20.42;0;-0.125;2.428153;1;Adaptation;15;1;;;;;
20.44;-0.5;-0.5;4.890275;1;Adaptation;15;1;;;;;
20.46;-2;-0.0625;5.580695;1;Adaptation;15;1;;;;;
20.48;-0.5;-0.5;2.693441;1;Adaptation;15;1;;;;;
20.5;-0.5;-0.5;3.482569;1;Adaptation;15;1;;;;;
20.52;-0.5;-0.5;3.835181;1;Adaptation;15;1;;;;;
20.54;-0.5;-0.5;5.612162;1;Adaptation;15;1;;;;;
20.56;-0.5;-0.5;5.603305;1;Adaptation;15;1;;;;;
20.58;-0.5;-0.5;5.147895;1;Adaptation;15;1;;;;;
20.6;0;0.0625;3.780241;1;Adaptation;15;1;;;;;
20.62;-0.5;-0.5;5.835227;1;Adaptation;15;1;;;;;
20.64;-2;0;3.046877;1;Adaptation;15;1;;;;;
20.66;-0.5;-0.5;5.202441;1;Adaptation;15;1;;;;;
20.68;-0.5;-0.5;3.151925;1;Adaptation;15;1;;;;;
20.7;-0.5;-0.5;3.619705;1;Adaptation;15;1;;;;;
20.72;-0.5;-0.5;5.110266;1;Adaptation;15;1;;;;;
20.74;-0.5;-0.5;2.842739;1;Adaptation;15;1;;;;;
20.76;-0.5;-0.5;3.659567;1;Adaptation;15;1;;;;;
20.78;-0.5;-0.5;3.977293;1;Adaptation;15;1;;;;;
20.8;-0.5;-0.5;5.193618;1;Adaptation;15;1;;;;;
20.82;-0.5;-0.5;5.703199;1;Adaptation;15;1;;;;;
20.84;-0.5;-0.5;5.276186;1;Adaptation;15;1;;;;;
20.86;2;0;2.939094;1;Adaptation;15;1;;;;;
20.88;-0.5;-0.5;5.374235;1;Adaptation;15;1;;;;;
20.9;2;-0.125;2.427125;1;Adaptation;15;1;;;;;
20.92;0;0.0625;5.301821;1;Adaptation;15;1;;;;;
20.94;-0.5;-0.5;3.41126;1;Adaptation;15;1;;;;;
20.96;-0.5;-0.5;3.156651;1;Adaptation;15;1;;;;;
20.98;-0.5;-0.5;3.82125;1;Adaptation;15;1;;;;;
21;-0.5;-0.5;3.893825;1;Adaptation;15;1;;;;;
21.02;-0.5;-0.5;2.993565;1;Adaptation;15;1;;;;;
21.04;-0.5;-0.5;5.449097;1;Adaptation;15;1;;;;;
21.06;-0.5;-0.5;5.638832;1;Adaptation;15;1;;;;;
21.08;-0.5;-0.5;5.368874;1;Adaptation;15;1;;;;;
21.1;-0.5;-0.5;4.796703;1;Adaptation;15;1;;;;;
21.12;-0.5;-0.5;2.033964;1;Adaptation;15;1;;;;;
21.14;-0.5;-0.5;5.090122;1;Adaptation;15;1;;;;;
21.16;-0.5;-0.5;2.901519;1;Adaptation;15;1;;;;;
21.18;-0.5;-0.5;3.077934;1;Adaptation;15;1;;;;;
21.2;-0.5;-0.5;4.57773;1;Adaptation;15;1;;;;;
21.22;-0.5;-0.5;2.714367;1;Adaptation;15;1;;;;;
21.24;-0.5;-0.5;2.012688;1;Adaptation;15;1;;;;;
21.26;-0.5;-0.5;2.109683;1;Adaptation;15;1;;;;;
21.28;2;-0.0625;3.349302;1;Adaptation;15;1;;;;;
21.3;-0.5;-0.5;5.274652;1;Adaptation;15;1;;;;;
21.32;-0.5;-0.5;3.73387;1;Adaptation;15;1;;;;;
21.34;-0.5;-0.5;2.04725;1;Adaptation;15;1;;;;;
21.36;-0.5;-0.5;4.267138;1;Adaptation;15;1;;;;;
21.38;-0.5;-0.5;4.424204;1;Adaptation;15;1;;;;;
21.4;2;-0.0625;3.299743;1;Adaptation;15;1;;;;;
21.42;-2;0.25;2.918944;1;Adaptation;15;1;;;;;
21.44;0;-0.0625;4.263239;1;Adaptation;15;1;;;;;
21.46;-0.5;-0.5;2.392161;1;Adaptation;15;1;;;;;
21.48;-0.5;-0.5;2.029081;1;Adaptation;15;1;;;;;
21.5;-0.5;-0.5;3.996391;1;Adaptation;15;1;;;;;
21.52;-0.5;-0.5;2.725757;1;Adaptation;15;1;;;;;
21.54;-0.5;-0.5;3.739509;1;Adaptation;15;1;;;;;
21.56;0;0;3.453394;1;Adaptation;15;1;;;;;
21.58;-0.5;-0.5;3.816695;1;Adaptation;15;1;;;;;
21.6;-2;0.0625;3.433585;1;Adaptation;15;1;;;;;
21.62;-0.5;-0.5;2.954398;1;Adaptation;15;1;;;;;
21.64;0;-0.0625;2.221977;1;Adaptation;15;1;;;;;
21.66;-0.5;-0.5;3.892546;1;Adaptation;15;1;;;;;
21.68;-0.5;-0.5;3.271335;1;Adaptation;15;1;;;;;
21.7;-0.5;-0.5;2.69195;1;Adaptation;15;1;;;;;
21.72;-0.5;-0.5;4.309982;1;Adaptation;15;1;;;;;
21.74;-0.5;-0.5;4.388877;1;Adaptation;15;1;;;;;
21.76;-0.5;-0.5;4.986129;1;Adaptation;15;1;;;;;
21.78;-2;0.375;3.576364;1;Adaptation;15;1;;;;;
21.8;-0.5;-0.5;5.616399;1;Adaptation;15;1;;;;;
21.82;-0.5;-0.5;2.550935;1;Adaptation;15;1;;;;;
21.84;-0.5;-0.5;5.428107;1;Adaptation;15;1;;;;;
21.86;-0.5;-0.5;5.395565;1;Adaptation;15;1;;;;;
21.88;0;0.125;2.577307;1;Adaptation;15;1;;;;;
21.9;-2;-0.1875;4.80804;1;Adaptation;15;1;;;;;
21.92;-0.5;-0.5;5.140295;1;Adaptation;15;1;;;;;
21.94;-0.5;-0.5;5.078645;1;Adaptation;15;1;;;;;
21.96;-0.5;-0.5;4.893433;1;Adaptation;15;1;;;;;
21.98;-0.5;-0.5;2.043765;1;Adaptation;15;1;;;;;
22;-0.5;-0.5;4.938976;1;Adaptation;15;1;;;;;
22.02;-0.5;-0.5;3.107062;1;Adaptation;15;1;;;;;
22.04;-0.5;-0.5;4.826282;1;Adaptation;15;1;;;;;
22.06;-0.5;-0.5;5.208754;1;Adaptation;15;1;;;;;
22.08;-0.5;-0.5;5.040906;1;Adaptation;15;1;;;;;
22.1;-0.5;-0.5;3.890909;1;Adaptation;15;1;;;;;
22.12;-0.5;-0.5;4.554375;1;Adaptation;15;1;;;;;
22.14;0;-0.1875;3.237026;1;Adaptation;15;1;;;;;
22.16;-2;0;2.592932;1;Adaptation;15;1;;;;;
22.18;-0.5;-0.5;2.306927;1;Adaptation;15;1;;;;;
22.2;-0.5;-0.5;3.041284;1;Adaptation;15;1;;;;;
22.22;0;-0.25;2.443412;1;Adaptation;15;1;;;;;
22.24;-0.5;-0.5;3.548414;1;Adaptation;15;1;;;;;
22.26;-0.5;-0.5;4.678459;1;Adaptation;15;1;;;;;
22.28;-0.5;-0.5;2.333635;1;Adaptation;15;1;;;;;
22.3;-2;0.1875;4.539997;1;Adaptation;15;1;;;;;
22.32;-0.5;-0.5;3.302907;1;Adaptation;15;1;;;;;
22.34;-0.5;-0.5;3.422563;1;Adaptation;15;1;;;;;
22.36;-0.5;-0.5;4.072842;1;Adaptation;15;1;;;;;
22.38;2;-0.25;4.888001;1;Adaptation;15;1;;;;;
22.4;0;0.0625;2.529603;1;Adaptation;15;1;;;;;
22.42;-0.5;-0.5;3.295726;1;Adaptation;15;1;;;;;
22.44;-0.5;-0.5;4.334504;1;Adaptation;15;1;;;;;
22.46;0;-0.0625;2.750413;1;Adaptation;15;1;;;;;
22.48;0;0.0625;4.797748;1;Adaptation;15;1;;;;;
22.5;-0.5;-0.5;5.919157;1;Adaptation;15;1;;;;;
22.52;2;-0.25;5.269167;1;Adaptation;15;1;;;;;
22.54;-0.5;-0.5;4.266099;1;Adaptation;15;1;;;;;
22.56;-0.5;-0.5;2.090715;1;Adaptation;15;1;;;;;
22.58;-0.5;-0.5;3.088067;1;Adaptation;15;1;;;;;
22.6;0;0.125;3.579766;1;Adaptation;15;1;;;;;
22.62;-0.5;-0.5;4.405354;1;Adaptation;15;1;;;;;
22.64;-0.5;-0.5;3.602978;1;Adaptation;15;1;;;;;
22.66;-0.5;-0.5;2.294757;1;Adaptation;15;1;;;;;
22.68;-0.5;-0.5;3.004457;1;Adaptation;15;1;;;;;
22.7;-0.5;-0.5;5.639432;1;Adaptation;15;1;;;;;
22.72;0;-0.125;3.920459;1;Adaptation;15;1;;;;;
22.74;-2;0.125;3.649373;1;Adaptation;15;1;;;;;
22.76;-0.5;-0.5;4.216983;1;Adaptation;15;1;;;;;
22.78;-0.5;-0.5;5.725542;1;Adaptation;15;1;;;;;
22.8;-0.5;-0.5;5.277401;1;Adaptation;15;1;;;;;
22.82;-0.5;-0.5;4.48978;1;Adaptation;15;1;;;;;
22.84;-0.5;-0.5;3.260406;1;Adaptation;15;1;;;;;
22.86;-0.5;-0.5;3.35183;1;Adaptation;15;1;;;;;
22.88;-0.5;-0.5;2.421645;1;Adaptation;15;1;;;;;
22.9;-0.5;-0.5;4.809224;1;Adaptation;15;1;;;;;
22.92;-0.5;-0.5;3.693929;1;Adaptation;15;1;;;;;
22.94;-0.5;-0.5;4.418655;1;Adaptation;15;1;;;;;
22.96;-0.5;-0.5;5.118673;1;Adaptation;15;1;;;;;
22.98;-2;0;3.573148;1;Adaptation;15;1;;;;;
23;-0.5;-0.5;2.688754;1;Adaptation;15;1;;;;;
23.02;-2;-0.0625;4.181815;1;Adaptation;15;1;;;;;
23.04;-0.5;-0.5;5.289114;1;Adaptation;15;1;;;;;
23.06;-0.5;-0.5;5.675065;1;Adaptation;15;1;;;;;
23.08;-0.5;-0.5;3.923972;1;Adaptation;15;1;;;;;
23.1;-0.5;-0.5;5.843211;1;Adaptation;15;1;;;;;
23.12;-0.5;-0.5;2.926294;1;Adaptation;15;1;;;;;
23.14;0;0;4.003087;1;Adaptation;15;1;;;;;
23.16;-0.5;-0.5;2.052424;1;Adaptation;15;1;;;;;
23.18;-0.5;-0.5;4.371399;1;Adaptation;15;1;;;;;
23.2;-0.5;-0.5;3.388487;1;Adaptation;15;1;;;;;
23.22;2;-0.0625;2.939395;1;Adaptation;15;1;;;;;
23.24;-0.5;-0.5;4.421533;1;Adaptation;15;1;;;;;
23.26;-0.5;-0.5;5.657487;1;Adaptation;15;1;;;;;
23.28;0;0;2.664577;1;Adaptation;15;1;;;;;
23.3;-0.5;-0.5;3.416462;1;Adaptation;15;1;;;;;
23.32;-2;-0.0625;3.0748;1;Adaptation;15;1;;;;;
23.34;0;0.0625;5.578555;1;Adaptation;15;1;;;;;
23.36;0;-0.1875;4.718663;1;Adaptation;15;1;;;;;
23.38;-0.5;-0.5;2.036671;1;Adaptation;15;1;;;;;
23.4;2;0;2.958667;1;Adaptation;15;1;;;;;
23.42;-2;0;3.831244;1;Adaptation;15;1;;;;;
23.44;-0.5;-0.5;5.021656;1;Adaptation;15;1;;;;;
23.46;-0.5;-0.5;2.240139;1;Adaptation;15;1;;;;;
23.48;-0.5;-0.5;2.011604;1;Adaptation;15;1;;;;;
23.5;0;-0.1875;3.714344;1;Adaptation;15;1;;;;;
23.52;2;0.0625;2.633451;1;Adaptation;15;1;;;;;
23.54;-0.5;-0.5;4.646047;1;Adaptation;15;1;;;;;
23.56;-0.5;-0.5;2.79329;1;Adaptation;15;1;;;;;
23.58;-0.5;-0.5;5.841755;1;Adaptation;15;1;;;;;
23.6;-0.5;-0.5;4.805693;1;Adaptation;15;1;;;;;
23.62;-0.5;-0.5;2.077042;1;Adaptation;15;1;;;;;
23.64;2;-0.0625;2.839944;1;Adaptation;15;1;;;;;
23.66;-0.5;-0.5;3.625534;1;Adaptation;15;1;;;;;
23.68;-0.5;-0.5;2.357435;1;Adaptation;15;1;;;;;
23.7;-0.5;-0.5;3.53281;1;Adaptation;15;1;;;;;
23.72;-0.5;-0.5;5.549954;1;Adaptation;15;1;;;;;
23.74;-0.5;-0.5;4.551528;1;Adaptation;15;1;;;;;
23.76;-0.5;-0.5;5.627992;1;Adaptation;15;1;;;;;
23.78;-0.5;-0.5;3.926098;1;Adaptation;15;1;;;;;
23.8;-0.5;-0.5;2.896424;1;Adaptation;15;1;;;;;
23.82;-0.5;-0.5;5.287202;1;Adaptation;15;1;;;;;
23.84;0;-0.125;3.022139;1;Adaptation;15;1;;;;;
23.86;-0.5;-0.5;5.810132;1;Adaptation;15;1;;;;;
23.88;-2;-0.0625;4.881982;1;Adaptation;15;1;;;;;
23.9;-0.5;-0.5;4.044129;1;Adaptation;15;1;;;;;
23.92;-0.5;-0.5;5.849766;1;Adaptation;15;1;;;;;
23.94;-0.5;-0.5;2.668403;1;Adaptation;15;1;;;;;
23.96;-0.5;-0.5;3.555528;1;Adaptation;15;1;;;;;
23.98;-0.5;-0.5;2.262387;1;Adaptation;15;1;;;;;
24;-2;0.0625;3.837829;1;Adaptation;15;1;;;;;
24.02;2;0.25;4.930916;1;Adaptation;15;1;;;;;
24.04;2;-0.0625;2.74895;1;Adaptation;15;1;;;;;
24.06;-0.5;-0.5;2.416964;1;Adaptation;15;1;;;;;
24.08;-0.5;-0.5;2.861778;1;Adaptation;15;1;;;;;
24.1;0;0.125;3.738358;1;Adaptation;15;1;;;;;
24.12;-0.5;-0.5;5.666508;1;Adaptation;15;1;;;;;
24.14;-0.5;-0.5;4.194999;1;Adaptation;15;1;;;;;
24.16;-0.5;-0.5;2.851741;1;Adaptation;15;1;;;;;
24.18;-0.5;-0.5;3.811014;1;Adaptation;15;1;;;;;
24.2;-0.5;-0.5;4.359052;1;Adaptation;15;1;;;;;
24.22;-0.5;-0.5;2.998918;1;Adaptation;15;1;;;;;
24.24;-0.5;-0.5;4.362623;1;Adaptation;15;1;;;;;
24.26;-0.5;-0.5;2.052788;1;Adaptation;15;1;;;;;
24.28;-0.5;-0.5;4.186177;1;Adaptation;15;1;;;;;
24.3;-2;0.0625;5.057135;1;Adaptation;15;1;;;;;
24.32;-0.5;-0.5;3.663791;1;Adaptation;15;1;;;;;
24.34;-0.5;-0.5;2.480396;1;Adaptation;15;1;;;;;
24.36;-0.5;-0.5;4.530632;1;Adaptation;15;1;;;;;
24.38;0;0.125;2.661756;1;Adaptation;15;1;;;;;
24.4;-0.5;-0.5;4.399691;1;Adaptation;15;1;;;;;
24.42;-0.5;-0.5;2.859903;1;Adaptation;15;1;;;;;
24.44;0;0.0625;3.455886;1;Adaptation;15;1;;;;;
24.46;2;0.0625;3.17663;1;Adaptation;15;1;;;;;
24.48;-0.5;-0.5;3.96428;1;Adaptation;15;1;;;;;
24.5;-0.5;-0.5;5.358114;1;Adaptation;15;1;;;;;
24.52;-0.5;-0.5;3.759339;1;Adaptation;15;1;;;;;
24.54;2;0.25;2.433393;1;Adaptation;15;1;;;;;
24.56;-0.5;-0.5;4.939839;1;Adaptation;15;1;;;;;
24.58;-0.5;-0.5;5.188236;1;Adaptation;15;1;;;;;
24.6;0;-0.0625;2.919014;1;Adaptation;15;1;;;;;
24.62;-0.5;-0.5;5.132392;1;Adaptation;15;1;;;;;
24.64;-0.5;-0.5;3.909248;1;Adaptation;15;1;;;;;
24.66;2;0.125;4.704085;1;Adaptation;15;1;;;;;
24.68;-0.5;-0.5;2.547085;1;Adaptation;15;1;;;;;
24.7;-0.5;-0.5;2.604479;1;Adaptation;15;1;;;;;
24.72;-0.5;-0.5;2.783085;1;Adaptation;15;1;;;;;
24.74;-0.5;-0.5;2.887201;1;Adaptation;15;1;;;;;
24.76;-0.5;-0.5;2.341789;1;Adaptation;15;1;;;;;
24.78;-0.5;-0.5;3.514335;1;Adaptation;15;1;;;;;
24.8;-0.5;-0.5;2.440327;1;Adaptation;15;1;;;;;
24.82;-0.5;-0.5;3.707781;1;Adaptation;15;1;;;;;
24.84;-0.5;-0.5;2.266678;1;Adaptation;15;1;;;;;
24.86;-0.5;-0.5;3.242023;1;Adaptation;15;1;;;;;
24.88;0;0.0625;2.856218;1;Adaptation;15;1;;;;;
24.9;0;-0.125;2.204593;1;Adaptation;15;1;;;;;
24.92;0;0;4.605324;1;Adaptation;15;1;;;;;
24.94;2;0;3.02983;1;Adaptation;15;1;;;;;
24.96;2;0.125;3.036227;1;Adaptation;15;1;;;;;
24.98;-0.5;-0.5;4.413506;1;Adaptation;15;1;;;;;
25;0;0;4.242881;1;Adaptation;15;1;;;;;
25.02;-0.5;-0.5;4.384416;1;Adaptation;15;1;;;;;
25.04;-0.5;-0.5;4.274835;1;Adaptation;15;1;;;;;
25.06;-0.5;-0.5;2.704352;1;Adaptation;15;1;;;;;
25.08;-2;-0.0625;2.592075;1;Adaptation;15;1;;;;;
25.1;-0.5;-0.5;3.306678;1;Adaptation;15;1;;;;;
25.12;0;0.125;2.078971;1;Adaptation;15;1;;;;;
25.14;-0.5;-0.5;5.007217;1;Adaptation;15;1;;;;;
25.16;-0.5;-0.5;4.452053;1;Adaptation;15;1;;;;;
25.18;-0.5;-0.5;4.109127;1;Adaptation;15;1;;;;;
25.2;-0.5;-0.5;3.523189;1;Adaptation;15;1;;;;;
25.22;-0.5;-0.5;4.978415;1;Adaptation;15;1;;;;;
25.24;-0.5;-0.5;5.507277;1;Adaptation;15;1;;;;;
25.26;-0.5;-0.5;3.278286;1;Adaptation;15;1;;;;;
25.28;-0.5;-0.5;3.122191;1;Adaptation;15;1;;;;;
25.3;-0.5;-0.5;5.352223;1;Adaptation;15;1;;;;;
25.32;-0.5;-0.5;5.546626;1;Adaptation;15;1;;;;;
25.34;-0.5;-0.5;4.56145;1;Adaptation;15;1;;;;;
25.36;-0.5;-0.5;2.004179;1;Adaptation;15;1;;;;;
25.38;0;0.0625;4.158827;1;Adaptation;15;1;;;;;
25.4;-0.5;-0.5;3.735361;1;Adaptation;15;1;;;;;
25.42;-0.5;-0.5;3.04133;1;Adaptation;15;1;;;;;
25.44;-0.5;-0.5;2.094443;1;Adaptation;15;1;;;;;
25.46;2;0.0625;2.853136;1;Adaptation;15;1;;;;;
25.48;-0.5;-0.5;3.645075;1;Adaptation;15;1;;;;;
25.5;-0.5;-0.5;2.74544;1;Adaptation;15;1;;;;;
25.52;-0.5;-0.5;3.056234;1;Adaptation;15;1;;;;;
25.54;-0.5;-0.5;2.719401;1;Adaptation;15;1;;;;;
25.56;-0.5;-0.5;3.696405;1;Adaptation;15;1;;;;;
25.58;2;-0.125;4.319121;1;Adaptation;15;1;;;;;
25.6;-0.5;-0.5;4.019989;1;Adaptation;15;1;;;;;
25.62;-0.5;-0.5;4.192616;1;Adaptation;15;1;;;;;
25.64;-0.5;-0.5;2.674637;1;Adaptation;15;1;;;;;
25.66;-0.5;-0.5;5.969171;1;Adaptation;15;1;;;;;
25.68;2;0.25;4.955658;1;Adaptation;15;1;;;;;
25.7;-0.5;-0.5;5.4972;1;Adaptation;15;1;;;;;
25.72;2;0;5.638802;1;Adaptation;15;1;;;;;
25.74;-0.5;-0.5;5.625668;1;Adaptation;15;1;;;;;
25.76;-0.5;-0.5;4.090053;1;Adaptation;15;1;;;;;
25.78;-0.5;-0.5;2.00928;1;Adaptation;15;1;;;;;
25.8;-0.5;-0.5;3.903042;1;Adaptation;15;1;;;;;
25.82;-0.5;-0.5;3.67394;1;Adaptation;15;1;;;;;
25.84;-0.5;-0.5;3.265008;1;Adaptation;15;1;;;;;
25.86;0;0.0625;3.502743;1;Adaptation;15;1;;;;;
25.88;-0.5;-0.5;4.888262;1;Adaptation;15;1;;;;;
25.9;-0.5;-0.5;5.013378;1;Adaptation;15;1;;;;;
25.92;0;0;5.719801;1;Adaptation;15;1;;;;;
25.94;-0.5;-0.5;4.462961;1;Adaptation;15;1;;;;;
25.96;-0.5;-0.5;5.739149;1;Adaptation;15;1;;;;;
25.98;-0.5;-0.5;5.607008;1;Adaptation;15;1;;;;;
26;2;-0.0625;3.994378;1;Adaptation;15;1;;;;;
26.02;-0.5;-0.5;3.989312;1;Adaptation;15;1;;;;;
26.04;-0.5;-0.5;2.317328;1;Adaptation;15;1;;;;;
26.06;-0.5;-0.5;5.503895;1;Adaptation;15;1;;;;;
26.08;-0.5;-0.5;4.16037;1;Adaptation;15;1;;;;;
26.1;-0.5;-0.5;2.015145;1;Adaptation;15;1;;;;;
26.12;-0.5;-0.5;5.911239;1;Adaptation;15;1;;;;;
26.14;-0.5;-0.5;2.518301;1;Adaptation;15;1;;;;;
26.16;-0.5;-0.5;3.24009;1;Adaptation;15;1;;;;;
26.18;-0.5;-0.5;5.241586;1;Adaptation;15;1;;;;;
26.2;-0.5;-0.5;2.086275;1;Adaptation;15;1;;;;;
26.22;0;0.125;4.019644;1;Adaptation;15;1;;;;;
26.24;-0.5;-0.5;5.854621;1;Adaptation;15;1;;;;;
26.26;-0.5;-0.5;2.408751;1;Adaptation;15;1;;;;;
26.28;-0.5;-0.5;4.637711;1;Adaptation;15;1;;;;;
26.3;-0.5;-0.5;4.325642;1;Adaptation;15;1;;;;;
26.32;-0.5;-0.5;4.068087;1;Adaptation;15;1;;;;;
26.34;-0.5;-0.5;4.129367;1;Adaptation;15;1;;;;;
26.36;0;-0.125;4.419374;1;Adaptation;15;1;;;;;
26.38;-0.5;-0.5;2.700442;1;Adaptation;15;1;;;;;
26.4;-0.5;-0.5;2.152758;1;Adaptation;15;1;;;;;
26.42;-0.5;-0.5;2.939628;1;Adaptation;15;1;;;;;
26.44;0;0.1875;2.4698;1;Adaptation;15;1;;;;;
26.46;-0.5;-0.5;3.353299;1;Adaptation;15;1;;;;;
26.48;0;-0.0625;5.212773;1;Adaptation;15;1;;;;;
26.5;-0.5;-0.5;2.427629;1;Adaptation;15;1;;;;;
26.52;-0.5;-0.5;4.530666;1;Adaptation;15;1;;;;;
26.54;-0.5;-0.5;5.387305;1;Adaptation;15;1;;;;;
26.56;-0.5;-0.5;3.009664;1;Adaptation;15;1;;;;;
26.58;-0.5;-0.5;3.232327;1;Adaptation;15;1;;;;;
26.6;-0.5;-0.5;3.215501;1;Adaptation;15;1;;;;;
26.62;-0.5;-0.5;3.337497;1;Adaptation;15;1;;;;;
26.64;-2;-0.125;2.094285;1;Adaptation;15;1;;;;;
26.66;-0.5;-0.5;3.373795;1;Adaptation;15;1;;;;;
26.68;-0.5;-0.5;2.597524;1;Adaptation;15;1;;;;;
26.7;-0.5;-0.5;4.009273;1;Adaptation;15;1;;;;;
26.72;-0.5;-0.5;3.520185;1;Adaptation;15;1;;;;;
26.74;-0.5;-0.5;4.581101;1;Adaptation;15;1;;;;;
26.76;-0.5;-0.5;3.853316;1;Adaptation;15;1;;;;;
26.78;-0.5;-0.5;2.252065;1;Adaptation;15;1;;;;;
26.8;-0.5;-0.5;3.134852;1;Adaptation;15;1;;;;;
26.82;-0.5;-0.5;5.477082;1;Adaptation;15;1;;;;;
26.84;-0.5;-0.5;2.260862;1;Adaptation;15;1;;;;;
26.86;-2;-0.125;2.118379;1;Adaptation;15;1;;;;;
26.88;-0.5;-0.5;5.184931;1;Adaptation;15;1;;;;;
26.9;-0.5;-0.5;4.388105;1;Adaptation;15;1;;;;;
26.92;2;-0.0625;5.375827;1;Adaptation;15;1;;;;;
26.94;0;0;5.914635;1;Adaptation;15;1;;;;;
26.96;-0.5;-0.5;3.486893;1;Adaptation;15;1;;;;;
26.98;-0.5;-0.5;4.54478;1;Adaptation;15;1;;;;;
27;-0.5;-0.5;2.000675;1;Adaptation;15;1;;;;;
27.02;-0.5;-0.5;5.467693;1;Adaptation;15;1;;;;;
27.04;-0.5;-0.5;4.629167;1;Adaptation;15;1;;;;;
27.06;-0.5;-0.5;4.982851;1;Adaptation;15;1;;;;;
27.08;-0.5;-0.5;4.389292;1;Adaptation;15;1;;;;;
27.1;-0.5;-0.5;4.017756;1;Adaptation;15;1;;;;;
27.12;-0.5;-0.5;2.792599;1;Adaptation;15;1;;;;;
27.14;-0.5;-0.5;3.052142;1;Adaptation;15;1;;;;;
27.16;0;0.125;4.030142;1;Adaptation;15;1;;;;;
27.18;-0.5;-0.5;2.471478;1;Adaptation;15;1;;;;;
27.2;-0.5;-0.5;3.242595;1;Adaptation;15;1;;;;;
27.22;0;-0.1875;5.133366;1;Adaptation;15;1;;;;;
27.24;-0.5;-0.5;4.82311;1;Adaptation;15;1;;;;;
27.26;0;0.125;5.689898;1;Adaptation;15;1;;;;;
27.28;-0.5;-0.5;5.900691;1;Adaptation;15;1;;;;;
27.3;-0.5;-0.5;4.063338;1;Adaptation;15;1;;;;;
27.32;-0.5;-0.5;4.121202;1;Adaptation;15;1;;;;;
27.34;0;-0.125;2.239515;1;Adaptation;15;1;;;;;
27.36;-0.5;-0.5;3.624072;1;Adaptation;15;1;;;;;
27.38;0;-0.125;3.366007;1;Adaptation;15;1;;;;;
27.4;-0.5;-0.5;4.86026;1;Adaptation;15;1;;;;;
27.42;-0.5;-0.5;2.636696;1;Adaptation;15;1;;;;;
27.44;-0.5;-0.5;4.980802;1;Adaptation;15;1;;;;;
27.46;-0.5;-0.5;4.800049;1;Adaptation;15;1;;;;;
27.48;0;0;5.364311;1;Adaptation;15;1;;;;;
27.5;0;0.0625;2.107786;1;Adaptation;15;1;;;;;
27.52;-0.5;-0.5;3.489808;1;Adaptation;15;1;;;;;
27.54;-0.5;-0.5;5.953285;1;Adaptation;15;1;;;;;
27.56;-0.5;-0.5;2.012728;1;Adaptation;15;1;;;;;
27.58;-0.5;-0.5;5.115899;1;Adaptation;15;1;;;;;
27.6;2;-0.125;2.221591;1;Adaptation;15;1;;;;;
27.62;0;0.25;3.437379;1;Adaptation;15;1;;;;;
27.64;-0.5;-0.5;2.040396;1;Adaptation;15;1;;;;;
27.66;-0.5;-0.5;5.345101;1;Adaptation;15;1;;;;;
27.68;-0.5;-0.5;3.261612;1;Adaptation;15;1;;;;;
27.7;-0.5;-0.5;3.170008;1;Adaptation;15;1;;;;;
27.72;-0.5;-0.5;3.205411;1;Adaptation;15;1;;;;;
27.74;-0.5;-0.5;2.913637;1;Adaptation;15;1;;;;;
27.76;-0.5;-0.5;5.123595;1;Adaptation;15;1;;;;;
27.78;-0.5;-0.5;5.36089;1;Adaptation;15;1;;;;;
27.8;-0.5;-0.5;5.763609;1;Adaptation;15;1;;;;;
27.82;-0.5;-0.5;4.873299;1;Adaptation;15;1;;;;;
27.84;-0.5;-0.5;4.104506;1;Adaptation;15;1;;;;;
27.86;-0.5;-0.5;5.310372;1;Adaptation;15;1;;;;;
27.88;-0.5;-0.5;2.050376;1;Adaptation;15;1;;;;;
27.9;-0.5;-0.5;5.223556;1;Adaptation;15;1;;;;;
27.92;-0.5;-0.5;3.223139;1;Adaptation;15;1;;;;;
27.94;-0.5;-0.5;4.230902;1;Adaptation;15;1;;;;;
27.96;-0.5;-0.5;4.753184;1;Adaptation;15;1;;;;;
27.98;-0.5;-0.5;5.149954;1;Adaptation;15;1;;;;;
28;4;-0.25;4.067155;1;Adaptation;15;1;;;;;
28.02;-0.5;-0.5;5.532562;1;Adaptation;15;1;;;;;
28.04;-0.5;-0.5;3.315222;1;Adaptation;15;1;;;;;
28.06;-0.5;-0.5;5.615369;1;Adaptation;15;1;;;;;
28.08;-0.5;-0.5;3.858725;1;Adaptation;15;1;;;;;
28.1;-0.5;-0.5;3.214957;1;Adaptation;15;1;;;;;
28.12;-2;-0.0625;3.514844;1;Adaptation;15;1;;;;;
28.14;-0.5;-0.5;2.478142;1;Adaptation;15;1;;;;;
28.16;-0.5;-0.5;5.06164;1;Adaptation;15;1;;;;;
28.18;-0.5;-0.5;5.437103;1;Adaptation;15;1;;;;;
28.2;0;-0.125;4.808818;1;Adaptation;15;1;;;;;
28.22;-0.5;-0.5;4.488343;1;Adaptation;15;1;;;;;
28.24;-0.5;-0.5;4.602229;1;Adaptation;15;1;;;;;
28.26;-0.5;-0.5;4.560534;1;Adaptation;15;1;;;;;
28.28;0;0.125;3.367939;1;Adaptation;15;1;;;;;
28.3;-0.5;-0.5;4.454034;1;Adaptation;15;1;;;;;
28.32;-0.5;-0.5;3.97278;1;Adaptation;15;1;;;;;
;;;;;;;;;;;;
