time;pos_x_right;pos_y_right;dil_right;pos_x_left;pos_y_left;dil_left;brightness;state;fov;trial;;
0;-2;0.125;3.237469;1;Adaptation;15;1;;;;;
0.02;-2;0.125;5.126247;1;Adaptation;15;1;;;;;
0.04;2;0.125;2.884049;1;Adaptation;15;1;;;;;
0.06;2;0.125;4.902104;1;Adaptation;15;1;;;;;
0.08;2;0.125;5.252279;1;Adaptation;15;1;;;;;
0.09999999;2;0.125;5.188728;1;Adaptation;15;1;;;;;
0.12;2;0.125;4.689205;1;Adaptation;15;1;;;;;
0.14;2;0.125;2.882071;1;Adaptation;15;1;;;;;
0.16;2;0.125;4.003563;1;Adaptation;15;1;;;;;
0.18;2;0.125;2.835913;1;Adaptation;15;1;;;;;
0.2;2;0.125;3.778193;1;Adaptation;15;1;;;;;
0.22;2;0.125;5.433449;1;Adaptation;15;1;;;;;
0.24;2;0.125;2.851122;1;Adaptation;15;1;;;;;
0.26;2;0.125;3.455737;1;Adaptation;15;1;;;;;
0.28;2;0.125;5.89278;1;Adaptation;15;1;;;;;
0.3;2;0.125;2.790928;1;Adaptation;15;1;;;;;
0.32;2;0.125;3.19577;1;Adaptation;15;1;;;;;
0.34;2;0.125;5.605594;1;Adaptation;15;1;;;;;
0.36;-0.5;-0.5;2.572819;1;Adaptation;15;1;;;;;
0.38;0;-0.25;3.382809;1;Adaptation;15;1;;;;;
0.4;-0.5;-0.5;5.211689;1;Adaptation;15;1;;;;;
0.42;-0.5;-0.5;3.498242;1;Adaptation;15;1;;;;;
0.44;-0.5;-0.5;5.713088;1;Adaptation;15;1;;;;;
0.46;-0.5;-0.5;4.643531;1;Adaptation;15;1;;;;;
0.48;-0.5;-0.5;2.482458;1;Adaptation;15;1;;;;;
0.5;-0.5;-0.5;3.75108;1;Adaptation;15;1;;;;;
0.52;-0.5;-0.5;5.486567;1;Adaptation;15;1;;;;;
0.54;2;-0.25;4.643235;1;Adaptation;15;1;;;;;
0.56;-0.5;-0.5;2.861926;1;Adaptation;15;1;;;;;
0.58;-0.5;-0.5;3.107359;1;Adaptation;15;1;;;;;
0.6;-0.5;-0.5;2.973376;1;Adaptation;15;1;;;;;
0.62;-2;-0.125;2.652968;1;Adaptation;15;1;;;;;
0.64;-0.5;-0.5;3.682518;1;Adaptation;15;1;;;;;
0.66;-0.5;-0.5;4.332698;1;Adaptation;15;1;;;;;
0.68;0;0;5.220378;1;Adaptation;15;1;;;;;
0.7;0;0;4.516219;1;Adaptation;15;1;;;;;
0.72;-0.5;-0.5;3.510018;1;Adaptation;15;1;;;;;
0.74;-0.5;-0.5;5.814333;1;Adaptation;15;1;;;;;
0.76;-0.5;-0.5;3.038676;1;Adaptation;15;1;;;;;
0.78;-0.5;-0.5;3.38873;1;Adaptation;15;1;;;;;
0.8;-0.5;-0.5;4.005492;1;Adaptation;15;1;;;;;
0.82;-0.5;-0.5;4.305044;1;Adaptation;15;1;;;;;
0.84;-0.5;-0.5;3.035663;1;Adaptation;15;1;;;;;
0.86;0;0.25;5.399442;1;Adaptation;15;1;;;;;
0.88;0;0;4.052588;1;Adaptation;15;1;;;;;
0.9;-0.5;-0.5;4.403769;1;Adaptation;15;1;;;;;
0.92;-0.5;-0.5;4.057195;1;Adaptation;15;1;;;;;
0.94;-0.5;-0.5;4.557664;1;Adaptation;15;1;;;;;
0.96;-0.5;-0.5;4.087341;1;Adaptation;15;1;;;;;
0.98;-0.5;-0.5;2.683085;1;Adaptation;15;1;;;;;
1;-0.5;-0.5;2.866318;1;Adaptation;15;1;;;;;
1.02;-2;0;3.664924;1;Adaptation;15;1;;;;;
1.04;-0.5;-0.5;3.401682;1;Adaptation;15;1;;;;;
1.06;-2;0;2.129777;1;Adaptation;15;1;;;;;
1.08;-0.5;-0.5;3.324407;1;Adaptation;15;1;;;;;
1.1;-0.5;-0.5;5.179867;1;Adaptation;15;1;;;;;
1.12;-0.5;-0.5;5.020708;1;Adaptation;15;1;;;;;
1.14;2;0.125;5.731428;1;Adaptation;15;1;;;;;
1.16;-0.5;-0.5;5.015014;1;Adaptation;15;1;;;;;
1.18;0;0;2.998292;1;Adaptation;15;1;;;;;
1.2;-0.5;-0.5;5.259407;1;Adaptation;15;1;;;;;
1.22;0;0.125;2.834226;1;Adaptation;15;1;;;;;
1.24;-0.5;-0.5;4.143396;1;Adaptation;15;1;;;;;
1.26;2;0;3.214862;1;Adaptation;15;1;;;;;
1.28;-0.5;-0.5;2.213658;1;Adaptation;15;1;;;;;
1.3;-0.5;-0.5;5.115135;1;Adaptation;15;1;;;;;
1.32;-0.5;-0.5;4.608393;1;Adaptation;15;1;;;;;
1.34;-0.5;-0.5;3.306456;1;Adaptation;15;1;;;;;
1.36;0;0;4.010149;1;Adaptation;15;1;;;;;
1.38;0;0;2.5303;1;Adaptation;15;1;;;;;
1.4;-0.5;-0.5;5.048305;1;Adaptation;15;1;;;;;
1.42;-0.5;-0.5;5.636531;1;Adaptation;15;1;;;;;
1.44;-0.5;-0.5;5.83486;1;Adaptation;15;1;;;;;
1.46;-0.5;-0.5;5.448623;1;Adaptation;15;1;;;;;
1.48;-0.5;-0.5;5.468199;1;Adaptation;15;1;;;;;
1.5;-0.5;-0.5;3.474299;1;Adaptation;15;1;;;;;
1.52;0;0.125;5.980051;1;Adaptation;15;1;;;;;
1.54;-2;-0.125;4.071955;1;Adaptation;15;1;;;;;
1.56;-0.5;-0.5;2.053904;1;Adaptation;15;1;;;;;
1.58;-0.5;-0.5;2.595019;1;Adaptation;15;1;;;;;
1.6;-0.5;-0.5;3.13924;1;Adaptation;15;1;;;;;
1.62;-2;-0.125;5.730582;1;Adaptation;15;1;;;;;
1.64;-0.5;-0.5;5.100289;1;Adaptation;15;1;;;;;
1.66;-0.5;-0.5;4.434925;1;Adaptation;15;1;;;;;
1.68;-0.5;-0.5;4.104971;1;Adaptation;15;1;;;;;
1.7;-0.5;-0.5;3.284093;1;Adaptation;15;1;;;;;
1.72;-0.5;-0.5;5.977275;1;Adaptation;15;1;;;;;
1.74;-0.5;-0.5;2.336911;1;Adaptation;15;1;;;;;
1.76;-0.5;-0.5;2.574879;1;Adaptation;15;1;;;;;
1.78;0;-0.125;2.205264;1;Adaptation;15;1;;;;;
1.8;0;0;5.363533;1;Adaptation;15;1;;;;;
1.82;0;0;4.335492;1;Adaptation;15;1;;;;;
1.84;-0.5;-0.5;4.848693;1;Adaptation;15;1;;;;;
1.86;0;-0.125;2.12379;1;Adaptation;15;1;;;;;
1.88;-0.5;-0.5;3.439743;1;Adaptation;15;1;;;;;
1.9;-0.5;-0.5;5.574485;1;Adaptation;15;1;;;;;
1.92;0;0.125;3.979902;1;Adaptation;15;1;;;;;
1.94;0;0.125;4.250513;1;Adaptation;15;1;;;;;
1.96;-0.5;-0.5;4.43797;1;Adaptation;15;1;;;;;
1.98;-0.5;-0.5;2.565437;1;Adaptation;15;1;;;;;
2;-0.5;-0.5;4.774667;1;Adaptation;15;1;;;;;
2.02;0;-0.125;5.019144;1;Adaptation;15;1;;;;;
2.04;-0.5;-0.5;4.098762;1;Adaptation;15;1;;;;;
2.06;-0.5;-0.5;4.74288;1;Adaptation;15;1;;;;;
2.08;-0.5;-0.5;5.318408;1;Adaptation;15;1;;;;;
2.1;-0.5;-0.5;5.381535;1;Adaptation;15;1;;;;;
2.12;-0.5;-0.5;4.142934;1;Adaptation;15;1;;;;;
2.14;-2;-0.125;5.346689;1;Adaptation;15;1;;;;;
2.16;-0.5;-0.5;3.945181;1;Adaptation;15;1;;;;;
2.18;-0.5;-0.5;2.255228;1;Adaptation;15;1;;;;;
2.2;-0.5;-0.5;2.3451;1;Adaptation;15;1;;;;;
2.22;-0.5;-0.5;2.391772;1;Adaptation;15;1;;;;;
2.24;0;0.125;2.853961;1;Adaptation;15;1;;;;;
2.26;-0.5;-0.5;2.820662;1;Adaptation;15;1;;;;;
2.28;-0.5;-0.5;5.581644;1;Adaptation;15;1;;;;;
2.3;-0.5;-0.5;2.26;1;Adaptation;15;1;;;;;
2.32;0;0;2.420593;1;Adaptation;15;1;;;;;
2.34;-0.5;-0.5;5.256737;1;Adaptation;15;1;;;;;
2.36;-0.5;-0.5;5.679852;1;Adaptation;15;1;;;;;
2.38;-0.5;-0.5;3.571724;1;Adaptation;15;1;;;;;
2.4;-0.5;-0.5;5.769464;1;Adaptation;15;1;;;;;
2.42;-0.5;-0.5;2.016971;1;Adaptation;15;1;;;;;
2.44;-0.5;-0.5;4.071166;1;Adaptation;15;1;;;;;
2.46;-0.5;-0.5;3.20299;1;Adaptation;15;1;;;;;
2.48;-0.5;-0.5;3.23827;1;Adaptation;15;1;;;;;
2.5;-0.5;-0.5;5.26823;1;Adaptation;15;1;;;;;
2.52;-0.5;-0.5;2.533705;1;Adaptation;15;1;;;;;
2.54;-0.5;-0.5;4.643579;1;Adaptation;15;1;;;;;
2.56;-0.5;-0.5;3.32645;1;Adaptation;15;1;;;;;
2.58;-0.5;-0.5;4.455797;1;Adaptation;15;1;;;;;
2.6;-0.5;-0.5;5.942069;1;Adaptation;15;1;;;;;
2.62;-0.5;-0.5;4.487947;1;Adaptation;15;1;;;;;
2.64;-0.5;-0.5;2.546284;1;Adaptation;15;1;;;;;
2.66;0;-0.125;2.429678;1;Adaptation;15;1;;;;;
2.68;-0.5;-0.5;2.807994;1;Adaptation;15;1;;;;;
2.7;-0.5;-0.5;4.138996;1;Adaptation;15;1;;;;;
2.72;0;-0.125;4.995536;1;Adaptation;15;1;;;;;
2.74;-2;0;2.631986;1;Adaptation;15;1;;;;;
2.76;-0.5;-0.5;4.764071;1;Adaptation;15;1;;;;;
2.78;-0.5;-0.5;4.787229;1;Adaptation;15;1;;;;;
2.8;-0.5;-0.5;2.654605;1;Adaptation;15;1;;;;;
2.82;2;0.25;2.33651;1;Adaptation;15;1;;;;;
2.84;-0.5;-0.5;2.224549;1;Adaptation;15;1;;;;;
2.86;-0.5;-0.5;3.282994;1;Adaptation;15;1;;;;;
2.88;-0.5;-0.5;4.196294;1;Adaptation;15;1;;;;;
2.9;-0.5;-0.5;3.673639;1;Adaptation;15;1;;;;;
2.92;-0.5;-0.5;3.355585;1;Adaptation;15;1;;;;;
2.94;-0.5;-0.5;5.028035;1;Adaptation;15;1;;;;;
2.96;0;-0.125;2.483326;1;Adaptation;15;1;;;;;
2.98;0;-0.25;4.679747;1;Adaptation;15;1;;;;;
3;-0.5;-0.5;4.988698;1;Adaptation;15;1;;;;;
3.02;2;-0.125;3.162987;1;Adaptation;15;1;;;;;
3.04;-2;0;2.103561;1;Adaptation;15;1;;;;;
3.06;-0.5;-0.5;2.035173;1;Adaptation;15;1;;;;;
3.08;-0.5;-0.5;4.578829;1;Adaptation;15;1;;;;;
3.1;-0.5;-0.5;4.243848;1;Adaptation;15;1;;;;;
3.12;2;0.125;2.092843;1;Adaptation;15;1;;;;;
3.14;-0.5;-0.5;2.604278;1;Adaptation;15;1;;;;;
3.16;-0.5;-0.5;3.340296;1;Adaptation;15;1;;;;;
3.18;-0.5;-0.5;4.860803;1;Adaptation;15;1;;;;;
3.2;-0.5;-0.5;4.56312;1;Adaptation;15;1;;;;;
3.22;0;0.125;3.677586;1;Adaptation;15;1;;;;;
3.24;-0.5;-0.5;5.596694;1;Adaptation;15;1;;;;;
3.26;-0.5;-0.5;4.999839;1;Adaptation;15;1;;;;;
3.28;-0.5;-0.5;4.588706;1;Adaptation;15;1;;;;;
3.3;2;0;3.226421;1;Adaptation;15;1;;;;;
3.32;-0.5;-0.5;4.467395;1;Adaptation;15;1;;;;;
3.34;-0.5;-0.5;5.146756;1;Adaptation;15;1;;;;;
3.36;0;0.125;5.021854;1;Adaptation;15;1;;;;;
3.38;-0.5;-0.5;3.422552;1;Adaptation;15;1;;;;;
3.4;-0.5;-0.5;2.768338;1;Adaptation;15;1;;;;;
3.42;-0.5;-0.5;5.519804;1;Adaptation;15;1;;;;;
3.44;0;-0.125;2.731587;1;Adaptation;15;1;;;;;
3.46;-0.5;-0.5;2.744913;1;Adaptation;15;1;;;;;
3.48;-0.5;-0.5;3.508376;1;Adaptation;15;1;;;;;
3.5;-0.5;-0.5;2.805382;1;Adaptation;15;1;;;;;
3.52;2;0.25;2.818523;1;Adaptation;15;1;;;;;
3.54;-0.5;-0.5;2.919117;1;Adaptation;15;1;;;;;
3.56;-0.5;-0.5;5.63855;1;Adaptation;15;1;;;;;
3.58;-0.5;-0.5;2.742898;1;Adaptation;15;1;;;;;
3.6;-0.5;-0.5;3.56821;1;Adaptation;15;1;;;;;
3.62;-0.5;-0.5;2.923062;1;Adaptation;15;1;;;;;
3.64;-0.5;-0.5;2.353964;1;Adaptation;15;1;;;;;
3.66;-0.5;-0.5;3.90219;1;Adaptation;15;1;;;;;
3.68;0;-0.125;4.397585;1;Adaptation;15;1;;;;;
3.7;-0.5;-0.5;4.199274;1;Adaptation;15;1;;;;;
3.72;0;0.125;2.07919;1;Adaptation;15;1;;;;;
3.74;-0.5;-0.5;3.565405;1;Adaptation;15;1;;;;;
3.76;-0.5;-0.5;4.5804;1;Adaptation;15;1;;;;;
3.78;-0.5;-0.5;4.164145;1;Adaptation;15;1;;;;;
3.8;-0.5;-0.5;4.899212;1;Adaptation;15;1;;;;;
3.82;-0.5;-0.5;2.567684;1;Adaptation;15;1;;;;;
3.84;-0.5;-0.5;2.132786;1;Adaptation;15;1;;;;;
3.86;-2;0.125;3.766422;1;Adaptation;15;1;;;;;
3.88;-0.5;-0.5;4.903316;1;Adaptation;15;1;;;;;
3.9;-0.5;-0.5;4.818845;1;Adaptation;15;1;;;;;
3.92;0;0.125;5.750451;1;Adaptation;15;1;;;;;
3.94;-0.5;-0.5;3.941028;1;Adaptation;15;1;;;;;
3.96;-2;0;4.222307;1;Adaptation;15;1;;;;;
3.98;-2;-0.125;3.459707;1;Adaptation;15;1;;;;;
4;-0.5;-0.5;4.069749;1;Adaptation;15;1;;;;;
4.02;0;0.25;3.783193;1;Adaptation;15;1;;;;;
4.04;0;-0.25;4.829553;1;Adaptation;15;1;;;;;
4.06;-0.5;-0.5;2.522665;1;Adaptation;15;1;;;;;
4.08;-0.5;-0.5;3.224472;1;Adaptation;15;1;;;;;
4.1;-0.5;-0.5;3.448039;1;Adaptation;15;1;;;;;
4.12;0;0.125;5.699971;1;Adaptation;15;1;;;;;
4.14;-0.5;-0.5;2.656883;1;Adaptation;15;1;;;;;
4.16;-0.5;-0.5;5.295026;1;Adaptation;15;1;;;;;
4.18;-0.5;-0.5;3.468757;1;Adaptation;15;1;;;;;
4.2;-0.5;-0.5;2.709028;1;Adaptation;15;1;;;;;
4.22;-0.5;-0.5;4.914641;1;Adaptation;15;1;;;;;
4.24;-0.5;-0.5;4.708918;1;Adaptation;15;1;;;;;
4.26;-2;0;3.14678;1;Adaptation;15;1;;;;;
4.28;-0.5;-0.5;4.91299;1;Adaptation;15;1;;;;;
4.3;-0.5;-0.5;5.355252;1;Adaptation;15;1;;;;;
4.32;0;0;4.228607;1;Adaptation;15;1;;;;;
4.34;-0.5;-0.5;4.304316;1;Adaptation;15;1;;;;;
4.36;-0.5;-0.5;5.734602;1;Adaptation;15;1;;;;;
4.38;-0.5;-0.5;4.402037;1;Adaptation;15;1;;;;;
4.4;-0.5;-0.5;5.960653;1;Adaptation;15;1;;;;;
4.42;-2;-0.25;3.551168;1;Adaptation;15;1;;;;;
4.44;-0.5;-0.5;2.128;1;Adaptation;15;1;;;;;
4.46;-0.5;-0.5;4.317631;1;Adaptation;15;1;;;;;
4.48;-0.5;-0.5;3.111203;1;Adaptation;15;1;;;;;
4.5;-0.5;-0.5;4.013916;1;Adaptation;15;1;;;;;
4.52;-0.5;-0.5;4.141136;1;Adaptation;15;1;;;;;
4.54;-0.5;-0.5;3.575188;1;Adaptation;15;1;;;;;
4.56;0;-0.125;4.999996;1;Adaptation;15;1;;;;;
4.58;-0.5;-0.5;2.043869;1;Adaptation;15;1;;;;;
4.6;-0.5;-0.5;4.653851;1;Adaptation;15;1;;;;;
4.62;-0.5;-0.5;4.73481;1;Adaptation;15;1;;;;;
4.64;-0.5;-0.5;4.989701;1;Adaptation;15;1;;;;;
4.66;-0.5;-0.5;3.860018;1;Adaptation;15;1;;;;;
4.68;-0.5;-0.5;5.939197;1;Adaptation;15;1;;;;;
4.7;0;0.125;2.30883;1;Adaptation;15;1;;;;;
4.72;0;0.125;3.251338;1;Adaptation;15;1;;;;;
4.74;-0.5;-0.5;4.875781;1;Adaptation;15;1;;;;;
4.76;-0.5;-0.5;3.49929;1;Adaptation;15;1;;;;;
4.78;-0.5;-0.5;2.375766;1;Adaptation;15;1;;;;;
4.8;-0.5;-0.5;4.261522;1;Adaptation;15;1;;;;;
4.82;-2;-0.125;5.447853;1;Adaptation;15;1;;;;;
4.84;-0.5;-0.5;4.48174;1;Adaptation;15;1;;;;;
4.86;0;0;2.129081;1;Adaptation;15;1;;;;;
4.88;-0.5;-0.5;2.648678;1;Adaptation;15;1;;;;;
4.9;-0.5;-0.5;4.474862;1;Adaptation;15;1;;;;;
4.92;2;0.125;4.965914;1;Adaptation;15;1;;;;;
4.94;-0.5;-0.5;3.091194;1;Adaptation;15;1;;;;;
4.96;-0.5;-0.5;5.414915;1;Adaptation;15;1;;;;;
4.98;-0.5;-0.5;4.603879;1;Adaptation;15;1;;;;;
;;;;;;;;;;;;
