time;pos_x_right;pos_y_right;dil_right;pos_x_left;pos_y_left;dil_left;brightness;state;fov;trial;;
0;-0.5;-0.5;2.099916;1;Adaptation;15;1;;;;;
0.02;-0.5;-0.5;2.321385;1;Adaptation;15;1;;;;;
0.04;-0.5;-0.5;2.377155;1;Adaptation;15;1;;;;;
0.06;-0.5;-0.5;5.188208;1;Adaptation;15;1;;;;;
0.08;-0.5;-0.5;5.23792;1;Adaptation;15;1;;;;;
0.09999999;-0.5;-0.5;2.317993;1;Adaptation;15;1;;;;;
0.12;-0.5;-0.5;2.835567;1;Adaptation;15;1;;;;;
0.14;-0.5;-0.5;5.247914;1;Adaptation;15;1;;;;;
0.16;-0.5;-0.5;5.622864;1;Adaptation;15;1;;;;;
0.18;-0.5;-0.5;2.081203;1;Adaptation;15;1;;;;;
0.2;-0.5;-0.5;5.272031;1;Adaptation;15;1;;;;;
0.22;-0.5;-0.5;2.627746;1;Adaptation;15;1;;;;;
0.24;-0.5;-0.5;4.937027;1;Adaptation;15;1;;;;;
0.26;-0.5;-0.5;4.337019;1;Adaptation;15;1;;;;;
0.28;-0.5;-0.5;4.785106;1;Adaptation;15;1;;;;;
0.3;-0.5;-0.5;3.829818;1;Adaptation;15;1;;;;;
0.32;-0.5;-0.5;3.239268;1;Adaptation;15;1;;;;;
0.34;-0.5;-0.5;3.271807;1;Adaptation;15;1;;;;;
0.36;-0.5;-0.5;2.514113;1;Adaptation;15;1;;;;;
0.38;-0.5;-0.5;3.886838;1;Adaptation;15;1;;;;;
0.4;-0.5;-0.5;3.656205;1;Adaptation;15;1;;;;;
0.42;-0.5;-0.5;2.198737;1;Adaptation;15;1;;;;;
0.44;-0.5;-0.5;2.320714;1;Adaptation;15;1;;;;;
0.46;-0.5;-0.5;2.898198;1;Adaptation;15;1;;;;;
0.48;-0.5;-0.5;3.142183;1;Adaptation;15;1;;;;;
0.5;-0.5;-0.5;4.284989;1;Adaptation;15;1;;;;;
0.52;-0.5;-0.5;2.100889;1;Adaptation;15;1;;;;;
0.54;-0.5;-0.5;5.770204;1;Adaptation;15;1;;;;;
0.56;-0.5;-0.5;2.373919;1;Adaptation;15;1;;;;;
0.58;-0.5;-0.5;3.580344;1;Adaptation;15;1;;;;;
0.6;2;-0.125;5.866357;1;Adaptation;15;1;;;;;
0.62;-0.5;-0.5;5.230185;1;Adaptation;15;1;;;;;
0.64;-0.5;-0.5;5.450767;1;Adaptation;15;1;;;;;
0.66;0;-0.125;3.889369;1;Adaptation;15;1;;;;;
0.68;-0.5;-0.5;4.898327;1;Adaptation;15;1;;;;;
0.7;-0.5;-0.5;4.864671;1;Adaptation;15;1;;;;;
0.72;-0.5;-0.5;3.855613;1;Adaptation;15;1;;;;;
0.74;-0.5;-0.5;3.746739;1;Adaptation;15;1;;;;;
0.76;-0.5;-0.5;3.794877;1;Adaptation;15;1;;;;;
0.78;0;-0.125;5.51229;1;Adaptation;15;1;;;;;
0.8;0;0.25;4.844053;1;Adaptation;15;1;;;;;
0.82;0;0;5.437709;1;Adaptation;15;1;;;;;
0.84;-0.5;-0.5;3.259851;1;Adaptation;15;1;;;;;
0.86;-0.5;-0.5;4.681735;1;Adaptation;15;1;;;;;
0.88;-0.5;-0.5;5.259762;1;Adaptation;15;1;;;;;
0.9;-0.5;-0.5;4.388021;1;Adaptation;15;1;;;;;
0.92;-2;-0.125;5.441013;1;Adaptation;15;1;;;;;
0.94;-0.5;-0.5;5.475077;1;Adaptation;15;1;;;;;
0.96;-0.5;-0.5;5.052351;1;Adaptation;15;1;;;;;
0.98;-0.5;-0.5;2.19059;1;Adaptation;15;1;;;;;
1;-0.5;-0.5;3.01557;1;Adaptation;15;1;;;;;
1.02;0;0;2.001931;1;Adaptation;15;1;;;;;
1.04;-0.5;-0.5;2.920236;1;Adaptation;15;1;;;;;
1.06;-0.5;-0.5;3.165064;1;Adaptation;15;1;;;;;
1.08;-0.5;-0.5;2.091579;1;Adaptation;15;1;;;;;
1.1;-0.5;-0.5;3.589785;1;Adaptation;15;1;;;;;
1.12;-0.5;-0.5;5.033777;1;Adaptation;15;1;;;;;
1.14;-0.5;-0.5;5.095524;1;Adaptation;15;1;;;;;
1.16;-0.5;-0.5;3.290658;1;Adaptation;15;1;;;;;
1.18;-0.5;-0.5;4.608109;1;Adaptation;15;1;;;;;
1.2;2;0;2.814585;1;Adaptation;15;1;;;;;
1.22;-0.5;-0.5;3.733185;1;Adaptation;15;1;;;;;
1.24;-0.5;-0.5;5.012648;1;Adaptation;15;1;;;;;
1.26;-0.5;-0.5;4.895767;1;Adaptation;15;1;;;;;
1.28;-0.5;-0.5;3.380905;1;Adaptation;15;1;;;;;
1.3;-0.5;-0.5;3.632212;1;Adaptation;15;1;;;;;
1.32;-0.5;-0.5;3.38219;1;Adaptation;15;1;;;;;
1.34;-0.5;-0.5;2.425712;1;Adaptation;15;1;;;;;
1.36;2;0.25;5.026402;1;Adaptation;15;1;;;;;
1.38;0;0;2.022344;1;Adaptation;15;1;;;;;
1.4;-0.5;-0.5;4.86599;1;Adaptation;15;1;;;;;
1.42;-0.5;-0.5;5.805186;1;Adaptation;15;1;;;;;
1.44;-0.5;-0.5;2.033745;1;Adaptation;15;1;;;;;
1.46;-0.5;-0.5;5.87484;1;Adaptation;15;1;;;;;
1.48;-0.5;-0.5;4.838542;1;Adaptation;15;1;;;;;
1.5;-0.5;-0.5;2.15759;1;Adaptation;15;1;;;;;
1.52;-2;-0.125;3.10304;1;Adaptation;15;1;;;;;
1.54;-0.5;-0.5;2.344321;1;Adaptation;15;1;;;;;
1.56;-0.5;-0.5;4.543057;1;Adaptation;15;1;;;;;
1.58;-0.5;-0.5;4.062856;1;Adaptation;15;1;;;;;
1.6;-0.5;-0.5;4.468503;1;Adaptation;15;1;;;;;
1.62;-0.5;-0.5;4.293732;1;Adaptation;15;1;;;;;
1.64;0;-0.25;2.161649;1;Adaptation;15;1;;;;;
1.66;2;0.125;3.705132;1;Adaptation;15;1;;;;;
1.68;-0.5;-0.5;2.128151;1;Adaptation;15;1;;;;;
1.7;-0.5;-0.5;4.753585;1;Adaptation;15;1;;;;;
1.72;-0.5;-0.5;2.841166;1;Adaptation;15;1;;;;;
1.74;2;0.125;5.374654;1;Adaptation;15;1;;;;;
1.76;-0.5;-0.5;4.927165;1;Adaptation;15;1;;;;;
1.78;-0.5;-0.5;3.13447;1;Adaptation;15;1;;;;;
1.8;-0.5;-0.5;5.228243;1;Adaptation;15;1;;;;;
1.82;-0.5;-0.5;4.38676;1;Adaptation;15;1;;;;;
1.84;-0.5;-0.5;2.820319;1;Adaptation;15;1;;;;;
1.86;-0.5;-0.5;3.351577;1;Adaptation;15;1;;;;;
1.88;2;0.125;4.784566;1;Adaptation;15;1;;;;;
1.9;-0.5;-0.5;3.741996;1;Adaptation;15;1;;;;;
1.92;-0.5;-0.5;3.422368;1;Adaptation;15;1;;;;;
1.94;-0.5;-0.5;5.725955;1;Adaptation;15;1;;;;;
1.96;-0.5;-0.5;2.8322;1;Adaptation;15;1;;;;;
1.98;-0.5;-0.5;4.670789;1;Adaptation;15;1;;;;;
2;0;0.125;2.965829;1;Adaptation;15;1;;;;;
2.02;-0.5;-0.5;4.687262;1;Adaptation;15;1;;;;;
2.04;-0.5;-0.5;2.206038;1;Adaptation;15;1;;;;;
2.06;0;-0.25;5.577311;1;Adaptation;15;1;;;;;
2.08;2;0;3.943865;1;Adaptation;15;1;;;;;
2.1;-0.5;-0.5;2.830412;1;Adaptation;15;1;;;;;
2.12;0;-0.25;2.856346;1;Adaptation;15;1;;;;;
2.14;0;-0.125;4.855399;1;Adaptation;15;1;;;;;
2.16;-0.5;-0.5;2.269854;1;Adaptation;15;1;;;;;
2.18;0;0;2.60744;1;Adaptation;15;1;;;;;
2.2;0;0.125;3.677189;1;Adaptation;15;1;;;;;
2.22;-0.5;-0.5;5.792756;1;Adaptation;15;1;;;;;
2.24;0;0.125;3.323033;1;Adaptation;15;1;;;;;
2.26;2;0;2.491144;1;Adaptation;15;1;;;;;
2.28;-0.5;-0.5;4.3326;1;Adaptation;15;1;;;;;
2.3;-0.5;-0.5;3.087067;1;Adaptation;15;1;;;;;
2.32;-0.5;-0.5;5.526699;1;Adaptation;15;1;;;;;
2.34;-0.5;-0.5;2.288404;1;Adaptation;15;1;;;;;
2.36;-0.5;-0.5;5.686222;1;Adaptation;15;1;;;;;
2.38;-0.5;-0.5;5.221656;1;Adaptation;15;1;;;;;
2.4;-0.5;-0.5;3.882356;1;Adaptation;15;1;;;;;
2.42;0;-0.25;5.366321;1;Adaptation;15;1;;;;;
2.44;-0.5;-0.5;3.323773;1;Adaptation;15;1;;;;;
2.46;0;0;3.619407;1;Adaptation;15;1;;;;;
2.48;-0.5;-0.5;3.462369;1;Adaptation;15;1;;;;;
2.5;-0.5;-0.5;3.350725;1;Adaptation;15;1;;;;;
2.52;-0.5;-0.5;2.857903;1;Adaptation;15;1;;;;;
2.54;-2;-0.125;4.558941;1;Adaptation;15;1;;;;;
2.56;-0.5;-0.5;3.836932;1;Adaptation;15;1;;;;;
2.58;-0.5;-0.5;4.861017;1;Adaptation;15;1;;;;;
2.6;-0.5;-0.5;2.914019;1;Adaptation;15;1;;;;;
2.62;-0.5;-0.5;5.427283;1;Adaptation;15;1;;;;;
2.64;-0.5;-0.5;2.987537;1;Adaptation;15;1;;;;;
2.66;0;0.25;2.637945;1;Adaptation;15;1;;;;;
2.68;-0.5;-0.5;2.481941;1;Adaptation;15;1;;;;;
2.7;-0.5;-0.5;3.019484;1;Adaptation;15;1;;;;;
2.72;-2;-0.25;4.155382;1;Adaptation;15;1;;;;;
2.74;-0.5;-0.5;4.805084;1;Adaptation;15;1;;;;;
2.76;-0.5;-0.5;4.468631;1;Adaptation;15;1;;;;;
2.78;-0.5;-0.5;2.946382;1;Adaptation;15;1;;;;;
2.8;-0.5;-0.5;3.210697;1;Adaptation;15;1;;;;;
2.82;2;-0.125;5.240785;1;Adaptation;15;1;;;;;
2.84;-2;0.125;4.241567;1;Adaptation;15;1;;;;;
2.86;-0.5;-0.5;2.14962;1;Adaptation;15;1;;;;;
2.88;-0.5;-0.5;5.607125;1;Adaptation;15;1;;;;;
2.9;-0.5;-0.5;3.816028;1;Adaptation;15;1;;;;;
2.92;-0.5;-0.5;4.340781;1;Adaptation;15;1;;;;;
2.94;0;0;4.262768;1;Adaptation;15;1;;;;;
2.96;-0.5;-0.5;4.268611;1;Adaptation;15;1;;;;;
2.98;-0.5;-0.5;4.167293;1;Adaptation;15;1;;;;;
3;0;-0.125;2.798201;1;Adaptation;15;1;;;;;
3.02;-0.5;-0.5;2.487137;1;Adaptation;15;1;;;;;
3.04;-0.5;-0.5;2.767966;1;Adaptation;15;1;;;;;
3.06;-0.5;-0.5;2.60256;1;Adaptation;15;1;;;;;
3.08;-0.5;-0.5;4.217874;1;Adaptation;15;1;;;;;
3.1;-0.5;-0.5;4.820393;1;Adaptation;15;1;;;;;
3.12;-0.5;-0.5;5.505449;1;Adaptation;15;1;;;;;
3.14;0;0;2.268984;1;Adaptation;15;1;;;;;
3.16;0;0.125;5.52612;1;Adaptation;15;1;;;;;
3.18;0;0;5.036341;1;Adaptation;15;1;;;;;
3.2;-0.5;-0.5;2.777691;1;Adaptation;15;1;;;;;
3.22;-0.5;-0.5;4.692594;1;Adaptation;15;1;;;;;
3.24;-0.5;-0.5;2.671342;1;Adaptation;15;1;;;;;
3.26;0;-0.125;5.516456;1;Adaptation;15;1;;;;;
3.28;-2;0.125;2.134043;1;Adaptation;15;1;;;;;
3.3;-0.5;-0.5;3.184861;1;Adaptation;15;1;;;;;
3.32;-0.5;-0.5;2.44701;1;Adaptation;15;1;;;;;
3.34;-0.5;-0.5;5.205128;1;Adaptation;15;1;;;;;
3.36;0;0.125;4.427747;1;Adaptation;15;1;;;;;
3.38;-2;0;5.6586;1;Adaptation;15;1;;;;;
3.4;0;0;3.110364;1;Adaptation;15;1;;;;;
3.42;-0.5;-0.5;5.420613;1;Adaptation;15;1;;;;;
3.44;-0.5;-0.5;5.730255;1;Adaptation;15;1;;;;;
3.46;2;0.125;4.287023;1;Adaptation;15;1;;;;;
3.48;-0.5;-0.5;5.99753;1;Adaptation;15;1;;;;;
3.5;-2;0.125;4.058225;1;Adaptation;15;1;;;;;
3.52;-0.5;-0.5;3.160372;1;Adaptation;15;1;;;;;
3.54;0;0;3.829574;1;Adaptation;15;1;;;;;
3.56;-0.5;-0.5;2.454445;1;Adaptation;15;1;;;;;
3.58;-0.5;-0.5;2.587345;1;Adaptation;15;1;;;;;
3.6;-0.5;-0.5;3.491976;1;Adaptation;15;1;;;;;
3.62;-0.5;-0.5;4.958562;1;Adaptation;15;1;;;;;
3.64;-0.5;-0.5;2.698611;1;Adaptation;15;1;;;;;
3.66;-0.5;-0.5;4.915812;1;Adaptation;15;1;;;;;
3.68;-0.5;-0.5;2.025212;1;Adaptation;15;1;;;;;
3.7;-0.5;-0.5;2.940811;1;Adaptation;15;1;;;;;
3.72;-0.5;-0.5;3.190687;1;Adaptation;15;1;;;;;
3.74;-0.5;-0.5;3.984747;1;Adaptation;15;1;;;;;
3.76;-0.5;-0.5;2.274831;1;Adaptation;15;1;;;;;
3.78;-0.5;-0.5;5.138096;1;Adaptation;15;1;;;;;
3.8;-0.5;-0.5;5.798802;1;Adaptation;15;1;;;;;
3.82;-0.5;-0.5;3.790039;1;Adaptation;15;1;;;;;
3.84;2;-0.125;5.227857;1;Adaptation;15;1;;;;;
3.86;-2;0.125;5.342496;1;Adaptation;15;1;;;;;
3.88;-0.5;-0.5;4.390512;1;Adaptation;15;1;;;;;
3.9;-0.5;-0.5;5.115814;1;Adaptation;15;1;;;;;
3.92;-0.5;-0.5;5.834666;1;Adaptation;15;1;;;;;
3.94;-2;-0.125;4.190936;1;Adaptation;15;1;;;;;
3.96;-0.5;-0.5;3.000773;1;Adaptation;15;1;;;;;
3.98;-0.5;-0.5;4.757202;1;Adaptation;15;1;;;;;
4;2;0.125;4.061179;1;Adaptation;15;1;;;;;
4.02;0;0.125;3.381993;1;Adaptation;15;1;;;;;
4.04;-0.5;-0.5;2.996732;1;Adaptation;15;1;;;;;
4.06;-0.5;-0.5;2.402514;1;Adaptation;15;1;;;;;
4.08;0;-0.25;4.011432;1;Adaptation;15;1;;;;;
4.1;0;0;2.816991;1;Adaptation;15;1;;;;;
4.12;-2;0.25;5.264324;1;Adaptation;15;1;;;;;
4.14;-0.5;-0.5;2.032733;1;Adaptation;15;1;;;;;
4.16;0;0.25;5.95695;1;Adaptation;15;1;;;;;
4.18;-0.5;-0.5;3.69386;1;Adaptation;15;1;;;;;
4.2;-0.5;-0.5;5.175905;1;Adaptation;15;1;;;;;
4.22;-0.5;-0.5;4.127524;1;Adaptation;15;1;;;;;
4.24;-0.5;-0.5;2.477134;1;Adaptation;15;1;;;;;
4.26;-0.5;-0.5;3.445895;1;Adaptation;15;1;;;;;
4.28;-0.5;-0.5;5.077298;1;Adaptation;15;1;;;;;
4.3;-0.5;-0.5;3.873571;1;Adaptation;15;1;;;;;
4.32;-0.5;-0.5;4.79941;1;Adaptation;15;1;;;;;
4.34;-0.5;-0.5;2.522229;1;Adaptation;15;1;;;;;
4.36;0;-0.125;2.504053;1;Adaptation;15;1;;;;;
4.38;-0.5;-0.5;2.9646;1;Adaptation;15;1;;;;;
4.4;-0.5;-0.5;2.28992;1;Adaptation;15;1;;;;;
4.42;2;0.25;4.130363;1;Adaptation;15;1;;;;;
4.44;-0.5;-0.5;5.485313;1;Adaptation;15;1;;;;;
4.46;-0.5;-0.5;4.710071;1;Adaptation;15;1;;;;;
4.48;0;0.25;3.286069;1;Adaptation;15;1;;;;;
4.5;-0.5;-0.5;4.080174;1;Adaptation;15;1;;;;;
4.52;-0.5;-0.5;4.886427;1;Adaptation;15;1;;;;;
4.54;-0.5;-0.5;2.571437;1;Adaptation;15;1;;;;;
4.56;-2;0;4.838284;1;Adaptation;15;1;;;;;
4.58;2;0.125;2.413351;1;Adaptation;15;1;;;;;
4.6;-0.5;-0.5;2.954585;1;Adaptation;15;1;;;;;
4.62;-0.5;-0.5;2.425378;1;Adaptation;15;1;;;;;
4.64;-0.5;-0.5;2.210609;1;Adaptation;15;1;;;;;
4.66;-0.5;-0.5;3.227686;1;Adaptation;15;1;;;;;
4.68;0;-0.25;5.996753;1;Adaptation;15;1;;;;;
4.7;-0.5;-0.5;2.608359;1;Adaptation;15;1;;;;;
4.72;-0.5;-0.5;2.390495;1;Adaptation;15;1;;;;;
4.74;0;-0.125;3.550909;1;Adaptation;15;1;;;;;
4.76;-0.5;-0.5;2.474606;1;Adaptation;15;1;;;;;
4.78;0;-0.125;2.37331;1;Adaptation;15;1;;;;;
4.8;-0.5;-0.5;4.486202;1;Adaptation;15;1;;;;;
4.82;0;-0.125;2.305731;1;Adaptation;15;1;;;;;
4.84;-2;0.125;5.050945;1;Adaptation;15;1;;;;;
4.86;-0.5;-0.5;3.097261;1;Adaptation;15;1;;;;;
4.88;-0.5;-0.5;4.133417;1;Adaptation;15;1;;;;;
4.9;0;0;4.605884;1;Adaptation;15;1;;;;;
4.92;-0.5;-0.5;5.948317;1;Adaptation;15;1;;;;;
4.94;-0.5;-0.5;3.314608;1;Adaptation;15;1;;;;;
4.96;-0.5;-0.5;4.665178;1;Adaptation;15;1;;;;;
4.98;-0.5;-0.5;5.114622;1;Adaptation;15;1;;;;;
5;-0.5;-0.5;2.651675;1;Adaptation;15;1;;;;;
5.02;-0.5;-0.5;4.984865;1;Adaptation;15;1;;;;;
5.04;-0.5;-0.5;4.196709;1;Adaptation;15;1;;;;;
5.06;-0.5;-0.5;5.753898;1;Adaptation;15;1;;;;;
5.08;-2;0.25;2.976868;1;Adaptation;15;1;;;;;
5.1;-0.5;-0.5;5.258284;1;Adaptation;15;1;;;;;
5.12;-0.5;-0.5;4.59407;1;Adaptation;15;1;;;;;
5.14;-0.5;-0.5;4.821879;1;Adaptation;15;1;;;;;
5.16;2;0.25;2.992738;1;Adaptation;15;1;;;;;
5.18;-0.5;-0.5;3.048414;1;Adaptation;15;1;;;;;
5.2;-0.5;-0.5;3.775052;1;Adaptation;15;1;;;;;
5.22;-0.5;-0.5;2.567783;1;Adaptation;15;1;;;;;
5.24;-0.5;-0.5;3.878024;1;Adaptation;15;1;;;;;
5.26;-0.5;-0.5;4.227039;1;Adaptation;15;1;;;;;
5.28;-0.5;-0.5;3.233939;1;Adaptation;15;1;;;;;
5.3;-0.5;-0.5;4.000668;1;Adaptation;15;1;;;;;
5.32;-0.5;-0.5;2.886575;1;Adaptation;15;1;;;;;
5.34;0;0.125;4.543407;1;Adaptation;15;1;;;;;
5.36;-0.5;-0.5;4.380481;1;Adaptation;15;1;;;;;
5.38;-0.5;-0.5;4.084908;1;Adaptation;15;1;;;;;
5.4;-0.5;-0.5;3.294619;1;Adaptation;15;1;;;;;
5.42;-0.5;-0.5;5.353558;1;Adaptation;15;1;;;;;
5.44;-0.5;-0.5;3.038465;1;Adaptation;15;1;;;;;
5.46;0;0.125;5.951073;1;Adaptation;15;1;;;;;
5.48;2;0;5.268805;1;Adaptation;15;1;;;;;
5.5;-0.5;-0.5;3.403909;1;Adaptation;15;1;;;;;
5.52;-0.5;-0.5;5.818185;1;Adaptation;15;1;;;;;
5.54;0;-0.125;2.252901;1;Adaptation;15;1;;;;;
5.56;-0.5;-0.5;2.646594;1;Adaptation;15;1;;;;;
5.58;-0.5;-0.5;5.793602;1;Adaptation;15;1;;;;;
5.6;-0.5;-0.5;4.290138;1;Adaptation;15;1;;;;;
5.62;-0.5;-0.5;4.549851;1;Adaptation;15;1;;;;;
5.64;-0.5;-0.5;2.728092;1;Adaptation;15;1;;;;;
5.66;-0.5;-0.5;2.800708;1;Adaptation;15;1;;;;;
5.68;0;-0.125;3.798613;1;Adaptation;15;1;;;;;
5.7;-0.5;-0.5;2.355608;1;Adaptation;15;1;;;;;
5.72;2;0;5.302423;1;Adaptation;15;1;;;;;
5.74;2;0.125;4.573815;1;Adaptation;15;1;;;;;
5.76;-0.5;-0.5;2.986827;1;Adaptation;15;1;;;;;
5.78;-0.5;-0.5;2.932319;1;Adaptation;15;1;;;;;
5.8;-2;0;4.976658;1;Adaptation;15;1;;;;;
5.82;-0.5;-0.5;4.937146;1;Adaptation;15;1;;;;;
5.84;-0.5;-0.5;5.687443;1;Adaptation;15;1;;;;;
5.86;-2;-0.25;5.783274;1;Adaptation;15;1;;;;;
5.88;-0.5;-0.5;3.962;1;Adaptation;15;1;;;;;
5.9;-0.5;-0.5;2.350891;1;Adaptation;15;1;;;;;
5.92;-2;-0.125;3.545483;1;Adaptation;15;1;;;;;
5.94;-0.5;-0.5;4.995924;1;Adaptation;15;1;;;;;
5.96;-0.5;-0.5;4.99811;1;Adaptation;15;1;;;;;
5.98;2;0;4.060915;1;Adaptation;15;1;;;;;
6;-0.5;-0.5;5.878239;1;Adaptation;15;1;;;;;
6.02;-0.5;-0.5;2.665043;1;Adaptation;15;1;;;;;
6.04;-0.5;-0.5;2.891955;1;Adaptation;15;1;;;;;
6.06;0;0;3.523754;1;Adaptation;15;1;;;;;
6.08;2;0.125;4.095363;1;Adaptation;15;1;;;;;
6.1;-0.5;-0.5;5.075305;1;Adaptation;15;1;;;;;
6.12;-0.5;-0.5;2.395411;1;Adaptation;15;1;;;;;
6.14;-0.5;-0.5;5.575001;1;Adaptation;15;1;;;;;
6.16;-0.5;-0.5;2.100339;1;Adaptation;15;1;;;;;
6.18;0;0.375;3.613148;1;Adaptation;15;1;;;;;
6.2;-0.5;-0.5;3.786329;1;Adaptation;15;1;;;;;
6.22;-0.5;-0.5;3.667726;1;Adaptation;15;1;;;;;
6.24;0;0;3.124548;1;Adaptation;15;1;;;;;
6.26;0;0;5.186157;1;Adaptation;15;1;;;;;
6.28;-0.5;-0.5;3.550943;1;Adaptation;15;1;;;;;
6.3;-0.5;-0.5;2.266116;1;Adaptation;15;1;;;;;
6.32;0;-0.125;5.957581;1;Adaptation;15;1;;;;;
6.34;-0.5;-0.5;5.491598;1;Adaptation;15;1;;;;;
6.36;-0.5;-0.5;4.627027;1;Adaptation;15;1;;;;;
6.38;2;0.125;3.917146;1;Adaptation;15;1;;;;;
6.4;-0.5;-0.5;2.681788;1;Adaptation;15;1;;;;;
6.42;-0.5;-0.5;3.037627;1;Adaptation;15;1;;;;;
6.44;-2;0.125;5.976561;1;Adaptation;15;1;;;;;
6.46;-0.5;-0.5;4.212467;1;Adaptation;15;1;;;;;
6.48;-0.5;-0.5;3.177475;1;Adaptation;15;1;;;;;
6.5;0;-0.125;5.587222;1;Adaptation;15;1;;;;;
6.52;-0.5;-0.5;2.063585;1;Adaptation;15;1;;;;;
6.54;0;-0.125;2.16832;1;Adaptation;15;1;;;;;
6.56;-0.5;-0.5;2.040031;1;Adaptation;15;1;;;;;
6.58;-0.5;-0.5;4.88047;1;Adaptation;15;1;;;;;
6.6;-0.5;-0.5;5.504559;1;Adaptation;15;1;;;;;
6.62;-0.5;-0.5;2.520135;1;Adaptation;15;1;;;;;
6.64;-0.5;-0.5;2.114775;1;Adaptation;15;1;;;;;
6.66;-0.5;-0.5;4.932073;1;Adaptation;15;1;;;;;
6.68;-2;0;5.32585;1;Adaptation;15;1;;;;;
6.7;-0.5;-0.5;2.568574;1;Adaptation;15;1;;;;;
6.72;-0.5;-0.5;4.865089;1;Adaptation;15;1;;;;;
6.74;-0.5;-0.5;4.945286;1;Adaptation;15;1;;;;;
6.76;-0.5;-0.5;3.868809;1;Adaptation;15;1;;;;;
6.78;-0.5;-0.5;3.610728;1;Adaptation;15;1;;;;;
6.8;-0.5;-0.5;5.177116;1;Adaptation;15;1;;;;;
6.82;-0.5;-0.5;3.60661;1;Adaptation;15;1;;;;;
6.84;-0.5;-0.5;5.045019;1;Adaptation;15;1;;;;;
6.86;-0.5;-0.5;5.739772;1;Adaptation;15;1;;;;;
6.88;-0.5;-0.5;5.537207;1;Adaptation;15;1;;;;;
6.9;-0.5;-0.5;5.228282;1;Adaptation;15;1;;;;;
6.92;-0.5;-0.5;2.63981;1;Adaptation;15;1;;;;;
6.94;-0.5;-0.5;4.55346;1;Adaptation;15;1;;;;;
6.96;-0.5;-0.5;2.836051;1;Adaptation;15;1;;;;;
6.98;-0.5;-0.5;5.130202;1;Adaptation;15;1;;;;;
7;-0.5;-0.5;3.759703;1;Adaptation;15;1;;;;;
7.02;-0.5;-0.5;3.371244;1;Adaptation;15;1;;;;;
7.04;-2;0.375;5.956445;1;Adaptation;15;1;;;;;
7.06;-0.5;-0.5;3.674159;1;Adaptation;15;1;;;;;
7.08;-2;-0.25;3.424056;1;Adaptation;15;1;;;;;
7.1;-0.5;-0.5;5.652519;1;Adaptation;15;1;;;;;
7.12;-0.5;-0.5;4.657877;1;Adaptation;15;1;;;;;
7.14;-0.5;-0.5;4.008554;1;Adaptation;15;1;;;;;
7.16;-0.5;-0.5;2.251953;1;Adaptation;15;1;;;;;
7.18;-0.5;-0.5;3.232583;1;Adaptation;15;1;;;;;
7.2;-0.5;-0.5;2.73174;1;Adaptation;15;1;;;;;
7.22;2;0.125;5.116592;1;Adaptation;15;1;;;;;
7.24;-0.5;-0.5;3.378862;1;Adaptation;15;1;;;;;
7.26;-0.5;-0.5;5.267476;1;Adaptation;15;1;;;;;
7.28;-0.5;-0.5;4.343796;1;Adaptation;15;1;;;;;
7.3;-0.5;-0.5;3.325515;1;Adaptation;15;1;;;;;
7.32;-0.5;-0.5;2.776542;1;Adaptation;15;1;;;;;
7.34;0;0;4.081002;1;Adaptation;15;1;;;;;
7.36;-2;0.125;5.209594;1;Adaptation;15;1;;;;;
7.38;-0.5;-0.5;4.885338;1;Adaptation;15;1;;;;;
7.4;-0.5;-0.5;3.707662;1;Adaptation;15;1;;;;;
7.42;-0.5;-0.5;3.718238;1;Adaptation;15;1;;;;;
7.44;-0.5;-0.5;4.046515;1;Adaptation;15;1;;;;;
7.46;-0.5;-0.5;5.032017;1;Adaptation;15;1;;;;;
7.48;0;0.125;4.90257;1;Adaptation;15;1;;;;;
7.5;-0.5;-0.5;2.80935;1;Adaptation;15;1;;;;;
7.52;-0.5;-0.5;2.166718;1;Adaptation;15;1;;;;;
7.54;-0.5;-0.5;4.641169;1;Adaptation;15;1;;;;;
7.56;-0.5;-0.5;5.541068;1;Adaptation;15;1;;;;;
7.58;2;-0.125;3.150761;1;Adaptation;15;1;;;;;
7.6;-0.5;-0.5;5.009496;1;Adaptation;15;1;;;;;
7.62;0;0.125;3.85947;1;Adaptation;15;1;;;;;
7.64;-0.5;-0.5;3.684881;1;Adaptation;15;1;;;;;
7.66;-0.5;-0.5;4.513439;1;Adaptation;15;1;;;;;
7.68;-0.5;-0.5;2.167072;1;Adaptation;15;1;;;;;
7.7;-0.5;-0.5;4.193503;1;Adaptation;15;1;;;;;
7.72;0;0;4.514484;1;Adaptation;15;1;;;;;
7.74;-0.5;-0.5;2.253675;1;Adaptation;15;1;;;;;
7.76;0;-0.125;3.636699;1;Adaptation;15;1;;;;;
7.78;0;0;4.830829;1;Adaptation;15;1;;;;;
7.8;-0.5;-0.5;2.102483;1;Adaptation;15;1;;;;;
7.82;-0.5;-0.5;4.814374;1;Adaptation;15;1;;;;;
7.84;-0.5;-0.5;2.702567;1;Adaptation;15;1;;;;;
7.86;-0.5;-0.5;4.669757;1;Adaptation;15;1;;;;;
7.88;-0.5;-0.5;4.257148;1;Adaptation;15;1;;;;;
7.9;-0.5;-0.5;3.433762;1;Adaptation;15;1;;;;;
7.92;-0.5;-0.5;3.215475;1;Adaptation;15;1;;;;;
7.94;-0.5;-0.5;5.104358;1;Adaptation;15;1;;;;;
7.96;-0.5;-0.5;3.646615;1;Adaptation;15;1;;;;;
7.98;-0.5;-0.5;2.988435;1;Adaptation;15;1;;;;;
8;-0.5;-0.5;5.110498;1;Adaptation;15;1;;;;;
8.02;-0.5;-0.5;5.791245;1;Adaptation;15;1;;;;;
8.04;-0.5;-0.5;2.426919;1;Adaptation;15;1;;;;;
8.059999;-0.5;-0.5;2.997795;1;Adaptation;15;1;;;;;
8.08;-0.5;-0.5;4.784109;1;Adaptation;15;1;;;;;
8.099999;-2;0.125;4.585473;1;Adaptation;15;1;;;;;
8.12;-0.5;-0.5;4.090456;1;Adaptation;15;1;;;;;
8.139999;-0.5;-0.5;4.172498;1;Adaptation;15;1;;;;;
8.16;-0.5;-0.5;4.304733;1;Adaptation;15;1;;;;;
8.179999;2;0.125;3.822054;1;Adaptation;15;1;;;;;
8.2;-0.5;-0.5;5.021668;1;Adaptation;15;1;;;;;
8.22;-0.5;-0.5;3.591537;1;Adaptation;15;1;;;;;
8.24;-0.5;-0.5;4.39641;1;Adaptation;15;1;;;;;
8.26;-0.5;-0.5;2.529819;1;Adaptation;15;1;;;;;
8.28;-0.5;-0.5;2.571716;1;Adaptation;15;1;;;;;
8.3;-0.5;-0.5;2.928689;1;Adaptation;15;1;;;;;
8.32;0;0;2.728215;1;Adaptation;15;1;;;;;
8.34;-0.5;-0.5;3.443544;1;Adaptation;15;1;;;;;
8.36;-0.5;-0.5;4.104451;1;Adaptation;15;1;;;;;
8.38;-0.5;-0.5;3.316013;1;Adaptation;15;1;;;;;
8.4;-0.5;-0.5;3.54931;1;Adaptation;15;1;;;;;
8.42;-0.5;-0.5;4.412673;1;Adaptation;15;1;;;;;
8.44;2;0;3.50695;1;Adaptation;15;1;;;;;
8.46;-2;-0.125;3.003552;1;Adaptation;15;1;;;;;
8.48;-0.5;-0.5;2.488277;1;Adaptation;15;1;;;;;
8.5;-2;-0.125;5.407972;1;Adaptation;15;1;;;;;
8.52;-0.5;-0.5;3.626323;1;Adaptation;15;1;;;;;
8.54;0;-0.125;3.911528;1;Adaptation;15;1;;;;;
8.559999;-0.5;-0.5;4.947428;1;Adaptation;15;1;;;;;
8.58;-0.5;-0.5;4.954839;1;Adaptation;15;1;;;;;
8.599999;-0.5;-0.5;2.252494;1;Adaptation;15;1;;;;;
8.62;-0.5;-0.5;3.924971;1;Adaptation;15;1;;;;;
8.639999;-2;0;4.004544;1;Adaptation;15;1;;;;;
8.66;-0.5;-0.5;2.786266;1;Adaptation;15;1;;;;;
8.679999;0;0;4.947056;1;Adaptation;15;1;;;;;
8.7;-0.5;-0.5;4.024862;1;Adaptation;15;1;;;;;
8.72;0;0;3.045944;1;Adaptation;15;1;;;;;
8.74;0;-0.125;3.029742;1;Adaptation;15;1;;;;;
8.76;-0.5;-0.5;2.455372;1;Adaptation;15;1;;;;;
8.78;-0.5;-0.5;3.242315;1;Adaptation;15;1;;;;;
8.8;0;0;2.354154;1;Adaptation;15;1;;;;;
8.82;-0.5;-0.5;4.989377;1;Adaptation;15;1;;;;;
8.84;2;0.125;2.818643;1;Adaptation;15;1;;;;;
8.86;-0.5;-0.5;4.334575;1;Adaptation;15;1;;;;;
8.88;2;-0.25;2.028806;1;Adaptation;15;1;;;;;
8.9;0;-0.125;2.190505;1;Adaptation;15;1;;;;;
8.92;-0.5;-0.5;2.14853;1;Adaptation;15;1;;;;;
8.94;-0.5;-0.5;4.433672;1;Adaptation;15;1;;;;;
8.96;0;0;3.550695;1;Adaptation;15;1;;;;;
8.98;-0.5;-0.5;4.700955;1;Adaptation;15;1;;;;;
9;-0.5;-0.5;2.867046;1;Adaptation;15;1;;;;;
9.02;-0.5;-0.5;2.178425;1;Adaptation;15;1;;;;;
9.04;-0.5;-0.5;5.181321;1;Adaptation;15;1;;;;;
9.059999;-0.5;-0.5;3.063265;1;Adaptation;15;1;;;;;
9.08;0;-0.125;3.153464;1;Adaptation;15;1;;;;;
9.099999;-0.5;-0.5;3.15751;1;Adaptation;15;1;;;;;
9.12;-0.5;-0.5;4.878256;1;Adaptation;15;1;;;;;
9.139999;-0.5;-0.5;3.559689;1;Adaptation;15;1;;;;;
9.16;-0.5;-0.5;5.707375;1;Adaptation;15;1;;;;;
9.179999;0;0;3.012266;1;Adaptation;15;1;;;;;
9.2;-0.5;-0.5;4.579339;1;Adaptation;15;1;;;;;
9.22;-0.5;-0.5;3.706106;1;Adaptation;15;1;;;;;
9.24;-0.5;-0.5;3.1903;1;Adaptation;15;1;;;;;
9.26;-0.5;-0.5;3.592323;1;Adaptation;15;1;;;;;
9.28;-0.5;-0.5;3.554518;1;Adaptation;15;1;;;;;
9.3;-0.5;-0.5;5.333067;1;Adaptation;15;1;;;;;
9.32;-0.5;-0.5;3.223763;1;Adaptation;15;1;;;;;
9.34;-0.5;-0.5;5.828788;1;Adaptation;15;1;;;;;
9.36;-0.5;-0.5;4.283369;1;Adaptation;15;1;;;;;
9.38;-0.5;-0.5;5.80325;1;Adaptation;15;1;;;;;
9.4;-0.5;-0.5;5.625515;1;Adaptation;15;1;;;;;
9.42;-0.5;-0.5;4.678164;1;Adaptation;15;1;;;;;
9.44;-0.5;-0.5;2.259155;1;Adaptation;15;1;;;;;
9.46;-0.5;-0.5;5.994632;1;Adaptation;15;1;;;;;
9.48;0;-0.125;5.158903;1;Adaptation;15;1;;;;;
9.5;-0.5;-0.5;4.292009;1;Adaptation;15;1;;;;;
9.52;-0.5;-0.5;2.078259;1;Adaptation;15;1;;;;;
9.54;-0.5;-0.5;4.797962;1;Adaptation;15;1;;;;;
9.559999;-0.5;-0.5;5.551821;1;Adaptation;15;1;;;;;
9.58;2;0;4.229322;1;Adaptation;15;1;;;;;
9.599999;-0.5;-0.5;2.202503;1;Adaptation;15;1;;;;;
9.62;-0.5;-0.5;4.949161;1;Adaptation;15;1;;;;;
9.639999;-0.5;-0.5;4.894849;1;Adaptation;15;1;;;;;
9.66;-0.5;-0.5;2.418267;1;Adaptation;15;1;;;;;
9.679999;2;-0.125;2.98544;1;Adaptation;15;1;;;;;
9.7;2;-0.125;3.398042;1;Adaptation;15;1;;;;;
9.719999;0;-0.125;2.762528;1;Adaptation;15;1;;;;;
9.74;-0.5;-0.5;5.175303;1;Adaptation;15;1;;;;;
9.76;-0.5;-0.5;2.844328;1;Adaptation;15;1;;;;;
9.78;-0.5;-0.5;5.78874;1;Adaptation;15;1;;;;;
9.8;-0.5;-0.5;4.451479;1;Adaptation;15;1;;;;;
9.82;0;0.125;3.936778;1;Adaptation;15;1;;;;;
9.84;0;0.125;3.297176;1;Adaptation;15;1;;;;;
9.86;-0.5;-0.5;2.744721;1;Adaptation;15;1;;;;;
9.88;-0.5;-0.5;5.20209;1;Adaptation;15;1;;;;;
9.9;-0.5;-0.5;4.659134;1;Adaptation;15;1;;;;;
9.92;2;0.25;4.027972;1;Adaptation;15;1;;;;;
9.94;-0.5;-0.5;5.966527;1;Adaptation;15;1;;;;;
9.96;-0.5;-0.5;3.600705;1;Adaptation;15;1;;;;;
9.98;-0.5;-0.5;2.237539;1;Adaptation;15;1;;;;;
10;-0.5;-0.5;4.609347;1;Adaptation;15;1;;;;;
10.02;-0.5;-0.5;3.76043;1;Adaptation;15;1;;;;;
10.04;0;0;3.986871;1;Adaptation;15;1;;;;;
10.06;-0.5;-0.5;3.7168;1;Adaptation;15;1;;;;;
10.08;-0.5;-0.5;2.266968;1;Adaptation;15;1;;;;;
10.1;-0.5;-0.5;5.216369;1;Adaptation;15;1;;;;;
10.12;-0.5;-0.5;2.27011;1;Adaptation;15;1;;;;;
10.14;-0.5;-0.5;5.079013;1;Adaptation;15;1;;;;;
10.16;-0.5;-0.5;2.680392;1;Adaptation;15;1;;;;;
10.18;0;0.125;2.81071;1;Adaptation;15;1;;;;;
10.2;-0.5;-0.5;3.885658;1;Adaptation;15;1;;;;;
10.22;-0.5;-0.5;5.774705;1;Adaptation;15;1;;;;;
10.24;-0.5;-0.5;4.099795;1;Adaptation;15;1;;;;;
10.26;-0.5;-0.5;4.87268;1;Adaptation;15;1;;;;;
10.28;-0.5;-0.5;3.22438;1;Adaptation;15;1;;;;;
10.3;-0.5;-0.5;5.460819;1;Adaptation;15;1;;;;;
10.32;-0.5;-0.5;5.036677;1;Adaptation;15;1;;;;;
10.34;-0.5;-0.5;4.638081;1;Adaptation;15;1;;;;;
10.36;-0.5;-0.5;3.228785;1;Adaptation;15;1;;;;;
10.38;-0.5;-0.5;5.581769;1;Adaptation;15;1;;;;;
10.4;-0.5;-0.5;4.315539;1;Adaptation;15;1;;;;;
10.42;0;0.125;3.91306;1;Adaptation;15;1;;;;;
10.44;-0.5;-0.5;4.965957;1;Adaptation;15;1;;;;;
10.46;-0.5;-0.5;2.351953;1;Adaptation;15;1;;;;;
10.48;-0.5;-0.5;3.167846;1;Adaptation;15;1;;;;;
10.5;-0.5;-0.5;3.978873;1;Adaptation;15;1;;;;;
10.52;-2;0.125;5.676936;1;Adaptation;15;1;;;;;
10.54;2;0;2.941092;1;Adaptation;15;1;;;;;
10.56;-0.5;-0.5;3.21727;1;Adaptation;15;1;;;;;
10.58;-0.5;-0.5;4.039279;1;Adaptation;15;1;;;;;
10.6;-0.5;-0.5;3.42588;1;Adaptation;15;1;;;;;
10.62;-0.5;-0.5;2.168615;1;Adaptation;15;1;;;;;
10.64;-0.5;-0.5;2.305503;1;Adaptation;15;1;;;;;
10.66;-0.5;-0.5;5.603127;1;Adaptation;15;1;;;;;
10.68;-0.5;-0.5;2.496536;1;Adaptation;15;1;;;;;
10.7;-0.5;-0.5;5.106004;1;Adaptation;15;1;;;;;
10.72;-0.5;-0.5;3.029602;1;Adaptation;15;1;;;;;
10.74;-0.5;-0.5;2.561526;1;Adaptation;15;1;;;;;
10.76;0;0;4.775189;1;Adaptation;15;1;;;;;
10.78;-0.5;-0.5;2.822908;1;Adaptation;15;1;;;;;
10.8;-0.5;-0.5;5.187449;1;Adaptation;15;1;;;;;
10.82;-0.5;-0.5;2.867429;1;Adaptation;15;1;;;;;
10.84;-0.5;-0.5;2.70683;1;Adaptation;15;1;;;;;
10.86;-0.5;-0.5;2.834589;1;Adaptation;15;1;;;;;
10.88;-0.5;-0.5;5.468968;1;Adaptation;15;1;;;;;
10.9;-0.5;-0.5;4.504159;1;Adaptation;15;1;;;;;
10.92;-0.5;-0.5;4.380561;1;Adaptation;15;1;;;;;
10.94;-0.5;-0.5;4.147994;1;Adaptation;15;1;;;;;
10.96;-0.5;-0.5;3.729699;1;Adaptation;15;1;;;;;
10.98;-0.5;-0.5;5.474943;1;Adaptation;15;1;;;;;
11;-0.5;-0.5;3.306328;1;Adaptation;15;1;;;;;
11.02;-0.5;-0.5;2.988196;1;Adaptation;15;1;;;;;
11.04;-0.5;-0.5;4.9445;1;Adaptation;15;1;;;;;
11.06;-0.5;-0.5;5.280632;1;Adaptation;15;1;;;;;
11.08;-0.5;-0.5;5.321715;1;Adaptation;15;1;;;;;
11.1;2;-0.125;3.779619;1;Adaptation;15;1;;;;;
11.12;0;-0.125;4.354756;1;Adaptation;15;1;;;;;
11.14;0;0.125;5.052452;1;Adaptation;15;1;;;;;
11.16;-0.5;-0.5;4.357185;1;Adaptation;15;1;;;;;
11.18;-0.5;-0.5;5.100899;1;Adaptation;15;1;;;;;
11.2;-0.5;-0.5;2.089006;1;Adaptation;15;1;;;;;
11.22;-0.5;-0.5;2.369355;1;Adaptation;15;1;;;;;
11.24;-0.5;-0.5;2.030881;1;Adaptation;15;1;;;;;
11.26;0;-0.125;5.35155;1;Adaptation;15;1;;;;;
11.28;0;0;5.695829;1;Adaptation;15;1;;;;;
11.3;0;-0.125;4.134726;1;Adaptation;15;1;;;;;
11.32;-0.5;-0.5;5.312829;1;Adaptation;15;1;;;;;
11.34;-0.5;-0.5;5.333268;1;Adaptation;15;1;;;;;
11.36;-0.5;-0.5;5.841577;1;Adaptation;15;1;;;;;
11.38;0;0;5.37086;1;Adaptation;15;1;;;;;
11.4;-0.5;-0.5;3.21007;1;Adaptation;15;1;;;;;
11.42;-0.5;-0.5;5.29671;1;Adaptation;15;1;;;;;
11.44;0;0.25;2.345446;1;Adaptation;15;1;;;;;
11.46;0;0;5.297261;1;Adaptation;15;1;;;;;
11.48;2;0.125;4.182893;1;Adaptation;15;1;;;;;
11.5;-0.5;-0.5;2.499053;1;Adaptation;15;1;;;;;
11.52;-0.5;-0.5;5.658428;1;Adaptation;15;1;;;;;
11.54;-0.5;-0.5;4.387389;1;Adaptation;15;1;;;;;
11.56;-0.5;-0.5;3.834028;1;Adaptation;15;1;;;;;
11.58;0;0;3.112851;1;Adaptation;15;1;;;;;
11.6;-0.5;-0.5;2.584414;1;Adaptation;15;1;;;;;
11.62;-0.5;-0.5;4.212385;1;Adaptation;15;1;;;;;
11.64;0;0.25;5.355465;1;Adaptation;15;1;;;;;
11.66;-0.5;-0.5;5.599386;1;Adaptation;15;1;;;;;
11.68;-0.5;-0.5;2.296324;1;Adaptation;15;1;;;;;
11.7;2;-0.125;3.997837;1;Adaptation;15;1;;;;;
11.72;-0.5;-0.5;3.179569;1;Adaptation;15;1;;;;;
11.74;-0.5;-0.5;5.227011;1;Adaptation;15;1;;;;;
11.76;-0.5;-0.5;2.771091;1;Adaptation;15;1;;;;;
11.78;0;0;2.775879;1;Adaptation;15;1;;;;;
11.8;-0.5;-0.5;5.196275;1;Adaptation;15;1;;;;;
11.82;-0.5;-0.5;3.040217;1;Adaptation;15;1;;;;;
11.84;-0.5;-0.5;3.635045;1;Adaptation;15;1;;;;;
11.86;-0.5;-0.5;3.455812;1;Adaptation;15;1;;;;;
11.88;-0.5;-0.5;3.430527;1;Adaptation;15;1;;;;;
11.9;0;-0.125;5.053231;1;Adaptation;15;1;;;;;
11.92;-0.5;-0.5;4.299396;1;Adaptation;15;1;;;;;
11.94;-0.5;-0.5;3.680824;1;Adaptation;15;1;;;;;
11.96;0;0;3.780026;1;Adaptation;15;1;;;;;
11.98;-0.5;-0.5;3.363738;1;Adaptation;15;1;;;;;
12;0;-0.25;4.484937;1;Adaptation;15;1;;;;;
12.02;0;0;4.006561;1;Adaptation;15;1;;;;;
12.04;-0.5;-0.5;5.261864;1;Adaptation;15;1;;;;;
12.06;-0.5;-0.5;4.180706;1;Adaptation;15;1;;;;;
12.08;-0.5;-0.5;4.729987;1;Adaptation;15;1;;;;;
12.1;2;-0.125;4.961411;1;Adaptation;15;1;;;;;
12.12;-0.5;-0.5;3.438644;1;Adaptation;15;1;;;;;
12.14;-0.5;-0.5;5.673361;1;Adaptation;15;1;;;;;
12.16;-0.5;-0.5;2.357438;1;Adaptation;15;1;;;;;
12.18;-0.5;-0.5;3.475323;1;Adaptation;15;1;;;;;
12.2;-0.5;-0.5;4.750575;1;Adaptation;15;1;;;;;
12.22;0;-0.25;2.707811;1;Adaptation;15;1;;;;;
12.24;-0.5;-0.5;4.907187;1;Adaptation;15;1;;;;;
12.26;-2;0.25;5.990577;1;Adaptation;15;1;;;;;
12.28;-0.5;-0.5;3.13583;1;Adaptation;15;1;;;;;
12.3;-0.5;-0.5;5.82423;1;Adaptation;15;1;;;;;
12.32;-0.5;-0.5;2.939405;1;Adaptation;15;1;;;;;
12.34;2;0;3.866221;1;Adaptation;15;1;;;;;
12.36;-0.5;-0.5;4.376192;1;Adaptation;15;1;;;;;
12.38;-0.5;-0.5;5.615507;1;Adaptation;15;1;;;;;
12.4;-0.5;-0.5;2.231465;1;Adaptation;15;1;;;;;
12.42;2;0;5.604996;1;Adaptation;15;1;;;;;
12.44;-0.5;-0.5;5.68536;1;Adaptation;15;1;;;;;
12.46;-0.5;-0.5;2.485014;1;Adaptation;15;1;;;;;
12.48;-0.5;-0.5;4.366354;1;Adaptation;15;1;;;;;
12.5;-2;0.25;4.924597;1;Adaptation;15;1;;;;;
12.52;-0.5;-0.5;4.586974;1;Adaptation;15;1;;;;;
12.54;-0.5;-0.5;4.044544;1;Adaptation;15;1;;;;;
12.56;-0.5;-0.5;2.959205;1;Adaptation;15;1;;;;;
12.58;-2;0.125;2.842538;1;Adaptation;15;1;;;;;
12.6;0;0.125;4.781713;1;Adaptation;15;1;;;;;
12.62;-0.5;-0.5;2.07925;1;Adaptation;15;1;;;;;
12.64;-0.5;-0.5;4.842882;1;Adaptation;15;1;;;;;
12.66;-0.5;-0.5;3.122441;1;Adaptation;15;1;;;;;
12.68;-0.5;-0.5;5.309854;1;Adaptation;15;1;;;;;
12.7;2;0;2.45789;1;Adaptation;15;1;;;;;
12.72;-0.5;-0.5;5.586251;1;Adaptation;15;1;;;;;
12.74;2;0.125;3.618379;1;Adaptation;15;1;;;;;
12.76;-0.5;-0.5;4.855423;1;Adaptation;15;1;;;;;
12.78;0;0;2.68443;1;Adaptation;15;1;;;;;
12.8;-0.5;-0.5;2.566696;1;Adaptation;15;1;;;;;
12.82;-0.5;-0.5;5.680404;1;Adaptation;15;1;;;;;
12.84;-0.5;-0.5;3.721292;1;Adaptation;15;1;;;;;
12.86;-0.5;-0.5;3.345324;1;Adaptation;15;1;;;;;
12.88;0;0;4.350795;1;Adaptation;15;1;;;;;
12.9;-0.5;-0.5;5.659823;1;Adaptation;15;1;;;;;
12.92;-0.5;-0.5;3.865133;1;Adaptation;15;1;;;;;
12.94;-0.5;-0.5;4.329779;1;Adaptation;15;1;;;;;
12.96;-0.5;-0.5;5.760472;1;Adaptation;15;1;;;;;
12.98;-0.5;-0.5;4.569464;1;Adaptation;15;1;;;;;
13;-0.5;-0.5;3.536371;1;Adaptation;15;1;;;;;
13.02;-0.5;-0.5;5.682484;1;Adaptation;15;1;;;;;
13.04;-0.5;-0.5;2.720664;1;Adaptation;15;1;;;;;
13.06;-0.5;-0.5;2.237582;1;Adaptation;15;1;;;;;
13.08;-0.5;-0.5;2.63508;1;Adaptation;15;1;;;;;
13.1;-2;-0.125;4.045545;1;Adaptation;15;1;;;;;
13.12;-0.5;-0.5;2.793044;1;Adaptation;15;1;;;;;
13.14;-0.5;-0.5;4.83205;1;Adaptation;15;1;;;;;
13.16;-0.5;-0.5;2.940289;1;Adaptation;15;1;;;;;
13.18;-0.5;-0.5;2.753363;1;Adaptation;15;1;;;;;
13.2;-2;0.125;2.888127;1;Adaptation;15;1;;;;;
13.22;-0.5;-0.5;2.837023;1;Adaptation;15;1;;;;;
13.24;-2;0.125;3.835406;1;Adaptation;15;1;;;;;
13.26;-0.5;-0.5;2.522321;1;Adaptation;15;1;;;;;
13.28;-0.5;-0.5;5.791037;1;Adaptation;15;1;;;;;
13.3;-0.5;-0.5;3.713246;1;Adaptation;15;1;;;;;
13.32;-0.5;-0.5;2.195093;1;Adaptation;15;1;;;;;
13.34;-0.5;-0.5;5.448934;1;Adaptation;15;1;;;;;
13.36;-2;-0.25;4.381532;1;Adaptation;15;1;;;;;
13.38;-0.5;-0.5;2.61442;1;Adaptation;15;1;;;;;
13.4;-0.5;-0.5;2.646178;1;Adaptation;15;1;;;;;
13.42;-0.5;-0.5;4.49234;1;Adaptation;15;1;;;;;
13.44;-0.5;-0.5;2.251927;1;Adaptation;15;1;;;;;
13.46;-0.5;-0.5;5.881074;1;Adaptation;15;1;;;;;
13.48;-0.5;-0.5;2.333044;1;Adaptation;15;1;;;;;
13.5;-0.5;-0.5;2.157551;1;Adaptation;15;1;;;;;
13.52;-0.5;-0.5;5.637597;1;Adaptation;15;1;;;;;
13.54;-0.5;-0.5;3.904805;1;Adaptation;15;1;;;;;
13.56;-2;0.125;2.803986;1;Adaptation;15;1;;;;;
13.58;-0.5;-0.5;2.867261;1;Adaptation;15;1;;;;;
13.6;2;-0.125;5.330966;1;Adaptation;15;1;;;;;
13.62;-0.5;-0.5;3.568202;1;Adaptation;15;1;;;;;
13.64;0;0;4.722655;1;Adaptation;15;1;;;;;
13.66;-0.5;-0.5;2.232117;1;Adaptation;15;1;;;;;
13.68;-0.5;-0.5;2.764266;1;Adaptation;15;1;;;;;
13.7;-0.5;-0.5;3.952579;1;Adaptation;15;1;;;;;
13.72;-0.5;-0.5;2.484736;1;Adaptation;15;1;;;;;
13.74;-0.5;-0.5;4.680951;1;Adaptation;15;1;;;;;
13.76;-0.5;-0.5;4.220134;1;Adaptation;15;1;;;;;
13.78;0;0.25;5.62758;1;Adaptation;15;1;;;;;
13.8;-0.5;-0.5;3.264117;1;Adaptation;15;1;;;;;
13.82;0;-0.25;3.576956;1;Adaptation;15;1;;;;;
13.84;-0.5;-0.5;2.110628;1;Adaptation;15;1;;;;;
13.86;-2;0;4.365814;1;Adaptation;15;1;;;;;
13.88;-0.5;-0.5;3.300347;1;Adaptation;15;1;;;;;
13.9;-0.5;-0.5;3.775097;1;Adaptation;15;1;;;;;
13.92;0;-0.125;4.290579;1;Adaptation;15;1;;;;;
13.94;-0.5;-0.5;2.891347;1;Adaptation;15;1;;;;;
13.96;2;0;5.043691;1;Adaptation;15;1;;;;;
13.98;0;0;3.590808;1;Adaptation;15;1;;;;;
14;-0.5;-0.5;3.806415;1;Adaptation;15;1;;;;;
14.02;-0.5;-0.5;4.309798;1;Adaptation;15;1;;;;;
14.04;-0.5;-0.5;4.085757;1;Adaptation;15;1;;;;;
14.06;-0.5;-0.5;5.817423;1;Adaptation;15;1;;;;;
14.08;-0.5;-0.5;4.997742;1;Adaptation;15;1;;;;;
14.1;0;0;2.94926;1;Adaptation;15;1;;;;;
14.12;-2;0;3.004436;1;Adaptation;15;1;;;;;
14.14;-0.5;-0.5;2.851712;1;Adaptation;15;1;;;;;
14.16;-0.5;-0.5;4.049857;1;Adaptation;15;1;;;;;
14.18;-0.5;-0.5;3.879798;1;Adaptation;15;1;;;;;
14.2;0;0;4.254823;1;Adaptation;15;1;;;;;
14.22;-0.5;-0.5;3.746812;1;Adaptation;15;1;;;;;
14.24;-0.5;-0.5;4.70768;1;Adaptation;15;1;;;;;
14.26;-0.5;-0.5;2.2887;1;Adaptation;15;1;;;;;
14.28;2;-0.125;2.589909;1;Adaptation;15;1;;;;;
14.3;-0.5;-0.5;5.088932;1;Adaptation;15;1;;;;;
14.32;-0.5;-0.5;5.011247;1;Adaptation;15;1;;;;;
14.34;-2;0;3.123859;1;Adaptation;15;1;;;;;
14.36;-0.5;-0.5;4.610804;1;Adaptation;15;1;;;;;
14.38;-0.5;-0.5;2.193782;1;Adaptation;15;1;;;;;
14.4;-0.5;-0.5;2.658507;1;Adaptation;15;1;;;;;
14.42;2;0;5.444622;1;Adaptation;15;1;;;;;
14.44;-0.5;-0.5;3.340299;1;Adaptation;15;1;;;;;
14.46;0;0.125;2.489344;1;Adaptation;15;1;;;;;
14.48;-0.5;-0.5;4.952451;1;Adaptation;15;1;;;;;
14.5;-0.5;-0.5;2.516971;1;Adaptation;15;1;;;;;
14.52;0;0.25;3.85573;1;Adaptation;15;1;;;;;
14.54;-0.5;-0.5;5.043224;1;Adaptation;15;1;;;;;
14.56;-0.5;-0.5;2.885947;1;Adaptation;15;1;;;;;
14.58;-0.5;-0.5;4.524014;1;Adaptation;15;1;;;;;
14.6;-0.5;-0.5;3.03765;1;Adaptation;15;1;;;;;
14.62;-2;-0.25;4.235316;1;Adaptation;15;1;;;;;
14.64;-0.5;-0.5;4.652358;1;Adaptation;15;1;;;;;
14.66;2;-0.125;4.949962;1;Adaptation;15;1;;;;;
14.68;-0.5;-0.5;4.375319;1;Adaptation;15;1;;;;;
14.7;0;-0.25;2.170747;1;Adaptation;15;1;;;;;
14.72;-0.5;-0.5;4.229275;1;Adaptation;15;1;;;;;
14.74;-0.5;-0.5;5.95661;1;Adaptation;15;1;;;;;
14.76;-0.5;-0.5;5.140884;1;Adaptation;15;1;;;;;
14.78;-0.5;-0.5;2.439453;1;Adaptation;15;1;;;;;
14.8;-0.5;-0.5;2.940705;1;Adaptation;15;1;;;;;
14.82;-0.5;-0.5;3.329233;1;Adaptation;15;1;;;;;
14.84;0;0;2.126963;1;Adaptation;15;1;;;;;
14.86;-0.5;-0.5;3.163648;1;Adaptation;15;1;;;;;
14.88;0;0.125;5.548263;1;Adaptation;15;1;;;;;
14.9;0;0;3.25106;1;Adaptation;15;1;;;;;
14.92;-0.5;-0.5;4.482515;1;Adaptation;15;1;;;;;
14.94;-0.5;-0.5;3.728336;1;Adaptation;15;1;;;;;
14.96;-0.5;-0.5;5.598651;1;Adaptation;15;1;;;;;
14.98;-0.5;-0.5;2.055429;1;Adaptation;15;1;;;;;
15;4;0;2.530365;1;Adaptation;15;1;;;;;
15.02;-0.5;-0.5;5.734601;1;Adaptation;15;1;;;;;
15.04;0;0.125;4.817695;1;Adaptation;15;1;;;;;
15.06;-0.5;-0.5;3.69225;1;Adaptation;15;1;;;;;
15.08;0;-0.125;5.301922;1;Adaptation;15;1;;;;;
15.1;-0.5;-0.5;5.008515;1;Adaptation;15;1;;;;;
15.12;0;-0.125;3.914169;1;Adaptation;15;1;;;;;
15.14;0;-0.375;4.095418;1;Adaptation;15;1;;;;;
15.16;-0.5;-0.5;3.297502;1;Adaptation;15;1;;;;;
15.18;-0.5;-0.5;2.36979;1;Adaptation;15;1;;;;;
15.2;-0.5;-0.5;5.082484;1;Adaptation;15;1;;;;;
15.22;2;-0.125;3.627321;1;Adaptation;15;1;;;;;
15.24;-0.5;-0.5;5.375891;1;Adaptation;15;1;;;;;
15.26;2;-0.125;3.621274;1;Adaptation;15;1;;;;;
15.28;-0.5;-0.5;3.653464;1;Adaptation;15;1;;;;;
15.3;2;0;5.956095;1;Adaptation;15;1;;;;;
15.32;-0.5;-0.5;5.79483;1;Adaptation;15;1;;;;;
15.34;-0.5;-0.5;3.343606;1;Adaptation;15;1;;;;;
15.36;-0.5;-0.5;5.745976;1;Adaptation;15;1;;;;;
15.38;-0.5;-0.5;3.592671;1;Adaptation;15;1;;;;;
15.4;-0.5;-0.5;3.292793;1;Adaptation;15;1;;;;;
15.42;-0.5;-0.5;3.427473;1;Adaptation;15;1;;;;;
15.44;-0.5;-0.5;2.072673;1;Adaptation;15;1;;;;;
15.46;0;-0.125;3.728463;1;Adaptation;15;1;;;;;
15.48;-0.5;-0.5;5.963203;1;Adaptation;15;1;;;;;
15.5;-0.5;-0.5;4.841879;1;Adaptation;15;1;;;;;
15.52;0;-0.125;2.332355;1;Adaptation;15;1;;;;;
15.54;0;0;4.856845;1;Adaptation;15;1;;;;;
15.56;2;0.125;3.178176;1;Adaptation;15;1;;;;;
15.58;-0.5;-0.5;3.128838;1;Adaptation;15;1;;;;;
15.6;-0.5;-0.5;4.611213;1;Adaptation;15;1;;;;;
15.62;0;-0.125;4.900567;1;Adaptation;15;1;;;;;
15.64;-0.5;-0.5;5.414765;1;Adaptation;15;1;;;;;
15.66;-0.5;-0.5;4.350347;1;Adaptation;15;1;;;;;
15.68;-0.5;-0.5;2.258845;1;Adaptation;15;1;;;;;
15.7;-0.5;-0.5;3.568413;1;Adaptation;15;1;;;;;
15.72;0;-0.125;5.545849;1;Adaptation;15;1;;;;;
15.74;0;0.125;2.376294;1;Adaptation;15;1;;;;;
15.76;-0.5;-0.5;4.641523;1;Adaptation;15;1;;;;;
15.78;0;0;4.005151;1;Adaptation;15;1;;;;;
15.8;0;0;3.420303;1;Adaptation;15;1;;;;;
15.82;-0.5;-0.5;5.953439;1;Adaptation;15;1;;;;;
15.84;-0.5;-0.5;4.218267;1;Adaptation;15;1;;;;;
15.86;-0.5;-0.5;5.023466;1;Adaptation;15;1;;;;;
15.88;-0.5;-0.5;5.856853;1;Adaptation;15;1;;;;;
15.9;0;-0.25;3.140707;1;Adaptation;15;1;;;;;
15.92;-0.5;-0.5;3.237428;1;Adaptation;15;1;;;;;
15.94;0;0.25;3.549524;1;Adaptation;15;1;;;;;
15.96;-0.5;-0.5;4.513198;1;Adaptation;15;1;;;;;
15.98;-0.5;-0.5;3.552192;1;Adaptation;15;1;;;;;
16;-0.5;-0.5;4.406237;1;Adaptation;15;1;;;;;
16.02;-0.5;-0.5;5.915633;1;Adaptation;15;1;;;;;
16.04;-0.5;-0.5;2.944512;1;Adaptation;15;1;;;;;
16.06;0;-0.25;3.64894;1;Adaptation;15;1;;;;;
16.08;-0.5;-0.5;3.177924;1;Adaptation;15;1;;;;;
16.1;-0.5;-0.5;3.633892;1;Adaptation;15;1;;;;;
16.12;-0.5;-0.5;5.871111;1;Adaptation;15;1;;;;;
16.14;-0.5;-0.5;5.802298;1;Adaptation;15;1;;;;;
16.16;-0.5;-0.5;3.230014;1;Adaptation;15;1;;;;;
16.18;-0.5;-0.5;2.034567;1;Adaptation;15;1;;;;;
16.2;-0.5;-0.5;4.503591;1;Adaptation;15;1;;;;;
16.22;0;-0.125;5.867229;1;Adaptation;15;1;;;;;
16.24;-0.5;-0.5;2.122318;1;Adaptation;15;1;;;;;
16.26;-0.5;-0.5;5.963612;1;Adaptation;15;1;;;;;
16.28;-0.5;-0.5;2.966982;1;Adaptation;15;1;;;;;
16.3;-0.5;-0.5;2.126055;1;Adaptation;15;1;;;;;
16.32;-0.5;-0.5;5.310208;1;Adaptation;15;1;;;;;
16.34;0;0.125;3.80157;1;Adaptation;15;1;;;;;
16.36;-0.5;-0.5;5.986578;1;Adaptation;15;1;;;;;
16.38;2;0.125;4.514507;1;Adaptation;15;1;;;;;
16.4;-0.5;-0.5;5.601626;1;Adaptation;15;1;;;;;
16.42;-0.5;-0.5;3.822465;1;Adaptation;15;1;;;;;
16.44;-0.5;-0.5;3.450904;1;Adaptation;15;1;;;;;
16.46;0;0;4.016526;1;Adaptation;15;1;;;;;
16.48;2;0;3.812195;1;Adaptation;15;1;;;;;
16.5;-0.5;-0.5;4.690025;1;Adaptation;15;1;;;;;
16.52;-0.5;-0.5;4.511826;1;Adaptation;15;1;;;;;
16.54;-0.5;-0.5;5.501903;1;Adaptation;15;1;;;;;
16.56;-0.5;-0.5;3.656094;1;Adaptation;15;1;;;;;
16.58;-0.5;-0.5;2.341475;1;Adaptation;15;1;;;;;
16.6;-0.5;-0.5;2.501732;1;Adaptation;15;1;;;;;
16.62;-0.5;-0.5;4.708814;1;Adaptation;15;1;;;;;
16.64;-0.5;-0.5;2.753854;1;Adaptation;15;1;;;;;
16.66;-2;0;3.74093;1;Adaptation;15;1;;;;;
16.68;-2;-0.125;2.192602;1;Adaptation;15;1;;;;;
16.7;-0.5;-0.5;3.972781;1;Adaptation;15;1;;;;;
16.72;-0.5;-0.5;4.328012;1;Adaptation;15;1;;;;;
16.74;-0.5;-0.5;2.681818;1;Adaptation;15;1;;;;;
16.76;-0.5;-0.5;3.079104;1;Adaptation;15;1;;;;;
16.78;-0.5;-0.5;3.863446;1;Adaptation;15;1;;;;;
16.8;-0.5;-0.5;5.880317;1;Adaptation;15;1;;;;;
16.82;-0.5;-0.5;3.37059;1;Adaptation;15;1;;;;;
16.84;-0.5;-0.5;2.368207;1;Adaptation;15;1;;;;;
16.86;-0.5;-0.5;3.907742;1;Adaptation;15;1;;;;;
16.88;-2;0.125;5.57153;1;Adaptation;15;1;;;;;
16.9;2;0.125;4.109693;1;Adaptation;15;1;;;;;
16.92;-0.5;-0.5;4.85271;1;Adaptation;15;1;;;;;
16.94;-0.5;-0.5;3.564326;1;Adaptation;15;1;;;;;
16.96;-0.5;-0.5;4.878675;1;Adaptation;15;1;;;;;
16.98;-0.5;-0.5;5.740562;1;Adaptation;15;1;;;;;
17;-0.5;-0.5;3.572426;1;Adaptation;15;1;;;;;
17.02;-0.5;-0.5;2.802866;1;Adaptation;15;1;;;;;
17.04;-0.5;-0.5;4.671046;1;Adaptation;15;1;;;;;
17.06;-0.5;-0.5;2.820094;1;Adaptation;15;1;;;;;
17.08;2;0.125;5.62877;1;Adaptation;15;1;;;;;
17.1;-0.5;-0.5;5.560113;1;Adaptation;15;1;;;;;
17.12;2;0;2.217721;1;Adaptation;15;1;;;;;
17.14;2;0;3.518511;1;Adaptation;15;1;;;;;
17.16;0;0.25;2.495314;1;Adaptation;15;1;;;;;
17.18;-0.5;-0.5;2.334289;1;Adaptation;15;1;;;;;
17.2;-0.5;-0.5;4.730943;1;Adaptation;15;1;;;;;
17.22;-0.5;-0.5;2.10719;1;Adaptation;15;1;;;;;
17.24;-0.5;-0.5;5.784939;1;Adaptation;15;1;;;;;
17.26;-0.5;-0.5;2.496408;1;Adaptation;15;1;;;;;
17.28;-0.5;-0.5;2.400887;1;Adaptation;15;1;;;;;
17.3;0;-0.25;4.926136;1;Adaptation;15;1;;;;;
17.32;-0.5;-0.5;2.057813;1;Adaptation;15;1;;;;;
17.34;-0.5;-0.5;4.280421;1;Adaptation;15;1;;;;;
17.36;-0.5;-0.5;2.211706;1;Adaptation;15;1;;;;;
17.38;-0.5;-0.5;5.262531;1;Adaptation;15;1;;;;;
17.4;-0.5;-0.5;2.93012;1;Adaptation;15;1;;;;;
17.42;2;-0.125;5.368332;1;Adaptation;15;1;;;;;
17.44;-2;-0.125;3.75124;1;Adaptation;15;1;;;;;
17.46;-0.5;-0.5;3.052835;1;Adaptation;15;1;;;;;
17.48;2;0;3.769888;1;Adaptation;15;1;;;;;
17.5;-0.5;-0.5;5.756367;1;Adaptation;15;1;;;;;
17.52;-0.5;-0.5;4.878218;1;Adaptation;15;1;;;;;
17.54;-0.5;-0.5;3.842637;1;Adaptation;15;1;;;;;
17.56;0;-0.125;2.464651;1;Adaptation;15;1;;;;;
17.58;-0.5;-0.5;3.100412;1;Adaptation;15;1;;;;;
17.6;-0.5;-0.5;2.145798;1;Adaptation;15;1;;;;;
17.62;-0.5;-0.5;4.013086;1;Adaptation;15;1;;;;;
17.64;-2;0.25;4.859508;1;Adaptation;15;1;;;;;
17.66;0;-0.125;3.141533;1;Adaptation;15;1;;;;;
17.68;-0.5;-0.5;3.990871;1;Adaptation;15;1;;;;;
17.7;-0.5;-0.5;2.289724;1;Adaptation;15;1;;;;;
17.72;-0.5;-0.5;3.113936;1;Adaptation;15;1;;;;;
17.74;-2;-0.125;4.544181;1;Adaptation;15;1;;;;;
17.76;-0.5;-0.5;3.680322;1;Adaptation;15;1;;;;;
17.78;-0.5;-0.5;2.109517;1;Adaptation;15;1;;;;;
17.8;-0.5;-0.5;2.630949;1;Adaptation;15;1;;;;;
17.82;-0.5;-0.5;3.605572;1;Adaptation;15;1;;;;;
17.84;-0.5;-0.5;2.233803;1;Adaptation;15;1;;;;;
17.86;-0.5;-0.5;3.032375;1;Adaptation;15;1;;;;;
17.88;-2;-0.125;3.332425;1;Adaptation;15;1;;;;;
17.9;-0.5;-0.5;3.393658;1;Adaptation;15;1;;;;;
17.92;-0.5;-0.5;2.057673;1;Adaptation;15;1;;;;;
17.94;2;0;3.596749;1;Adaptation;15;1;;;;;
17.96;0;0.25;3.318807;1;Adaptation;15;1;;;;;
17.98;-0.5;-0.5;4.38161;1;Adaptation;15;1;;;;;
18;-0.5;-0.5;3.314535;1;Adaptation;15;1;;;;;
18.02;0;-0.125;5.263586;1;Adaptation;15;1;;;;;
18.04;-0.5;-0.5;3.702929;1;Adaptation;15;1;;;;;
18.06;-2;-0.125;3.040584;1;Adaptation;15;1;;;;;
18.08;-0.5;-0.5;3.959026;1;Adaptation;15;1;;;;;
18.1;-0.5;-0.5;5.79965;1;Adaptation;15;1;;;;;
18.12;-0.5;-0.5;4.434079;1;Adaptation;15;1;;;;;
18.14;-0.5;-0.5;4.120246;1;Adaptation;15;1;;;;;
18.16;-0.5;-0.5;3.379524;1;Adaptation;15;1;;;;;
18.18;2;0.125;4.293038;1;Adaptation;15;1;;;;;
18.2;-0.5;-0.5;3.714124;1;Adaptation;15;1;;;;;
18.22;-0.5;-0.5;2.328407;1;Adaptation;15;1;;;;;
18.24;0;-0.25;5.751563;1;Adaptation;15;1;;;;;
18.26;-0.5;-0.5;5.390451;1;Adaptation;15;1;;;;;
18.28;-0.5;-0.5;2.225227;1;Adaptation;15;1;;;;;
18.3;-0.5;-0.5;4.576506;1;Adaptation;15;1;;;;;
18.32;-2;-0.25;2.301678;1;Adaptation;15;1;;;;;
18.34;-0.5;-0.5;2.249102;1;Adaptation;15;1;;;;;
18.36;-0.5;-0.5;2.200312;1;Adaptation;15;1;;;;;
18.38;-0.5;-0.5;2.491065;1;Adaptation;15;1;;;;;
18.4;0;0;3.897465;1;Adaptation;15;1;;;;;
18.42;0;0;3.757904;1;Adaptation;15;1;;;;;
18.44;0;0;4.974276;1;Adaptation;15;1;;;;;
18.46;-0.5;-0.5;5.684709;1;Adaptation;15;1;;;;;
18.48;-4;0;4.464665;1;Adaptation;15;1;;;;;
18.5;-0.5;-0.5;4.716517;1;Adaptation;15;1;;;;;
18.52;-0.5;-0.5;4.139093;1;Adaptation;15;1;;;;;
18.54;-0.5;-0.5;4.751682;1;Adaptation;15;1;;;;;
18.56;-0.5;-0.5;4.974909;1;Adaptation;15;1;;;;;
18.58;-0.5;-0.5;3.482128;1;Adaptation;15;1;;;;;
18.6;-0.5;-0.5;2.704787;1;Adaptation;15;1;;;;;
18.62;-0.5;-0.5;5.41099;1;Adaptation;15;1;;;;;
18.64;-0.5;-0.5;5.191337;1;Adaptation;15;1;;;;;
18.66;-0.5;-0.5;5.357841;1;Adaptation;15;1;;;;;
18.68;-0.5;-0.5;5.657454;1;Adaptation;15;1;;;;;
18.7;-0.5;-0.5;5.071684;1;Adaptation;15;1;;;;;
18.72;-0.5;-0.5;3.472212;1;Adaptation;15;1;;;;;
18.74;-0.5;-0.5;4.459241;1;Adaptation;15;1;;;;;
18.76;2;0;3.423361;1;Adaptation;15;1;;;;;
18.78;-0.5;-0.5;5.995074;1;Adaptation;15;1;;;;;
18.8;2;0.25;5.304566;1;Adaptation;15;1;;;;;
18.82;0;-0.125;2.444417;1;Adaptation;15;1;;;;;
18.84;-0.5;-0.5;3.172147;1;Adaptation;15;1;;;;;
18.86;-0.5;-0.5;2.908769;1;Adaptation;15;1;;;;;
18.88;-0.5;-0.5;4.988748;1;Adaptation;15;1;;;;;
18.9;-0.5;-0.5;5.553321;1;Adaptation;15;1;;;;;
18.92;-0.5;-0.5;3.529249;1;Adaptation;15;1;;;;;
18.94;0;0.125;2.101043;1;Adaptation;15;1;;;;;
18.96;-0.5;-0.5;3.030649;1;Adaptation;15;1;;;;;
18.98;-0.5;-0.5;3.300761;1;Adaptation;15;1;;;;;
19;-0.5;-0.5;4.363499;1;Adaptation;15;1;;;;;
19.02;-0.5;-0.5;3.868868;1;Adaptation;15;1;;;;;
19.04;-0.5;-0.5;3.93691;1;Adaptation;15;1;;;;;
19.06;-0.5;-0.5;4.605797;1;Adaptation;15;1;;;;;
19.08;-0.5;-0.5;5.574123;1;Adaptation;15;1;;;;;
19.1;-0.5;-0.5;4.83641;1;Adaptation;15;1;;;;;
19.12;-0.5;-0.5;5.898964;1;Adaptation;15;1;;;;;
19.14;-0.5;-0.5;4.584961;1;Adaptation;15;1;;;;;
19.16;-0.5;-0.5;3.306205;1;Adaptation;15;1;;;;;
19.18;-0.5;-0.5;3.834579;1;Adaptation;15;1;;;;;
19.2;-2;0.125;2.890718;1;Adaptation;15;1;;;;;
19.22;-0.5;-0.5;5.802848;1;Adaptation;15;1;;;;;
19.24;-0.5;-0.5;4.99883;1;Adaptation;15;1;;;;;
19.26;0;0.125;3.761581;1;Adaptation;15;1;;;;;
19.28;0;-0.25;2.240092;1;Adaptation;15;1;;;;;
19.3;-0.5;-0.5;2.425255;1;Adaptation;15;1;;;;;
19.32;-0.5;-0.5;5.585605;1;Adaptation;15;1;;;;;
19.34;0;0.125;5.096069;1;Adaptation;15;1;;;;;
19.36;-0.5;-0.5;3.988531;1;Adaptation;15;1;;;;;
19.38;-0.5;-0.5;4.572366;1;Adaptation;15;1;;;;;
19.4;-0.5;-0.5;2.855083;1;Adaptation;15;1;;;;;
19.42;-0.5;-0.5;5.329478;1;Adaptation;15;1;;;;;
19.44;-0.5;-0.5;3.446072;1;Adaptation;15;1;;;;;
19.46;-0.5;-0.5;2.252653;1;Adaptation;15;1;;;;;
19.48;-0.5;-0.5;2.346848;1;Adaptation;15;1;;;;;
19.5;2;0;5.029959;1;Adaptation;15;1;;;;;
19.52;-0.5;-0.5;5.798013;1;Adaptation;15;1;;;;;
19.54;-0.5;-0.5;2.909375;1;Adaptation;15;1;;;;;
19.56;-0.5;-0.5;5.628767;1;Adaptation;15;1;;;;;
19.58;-0.5;-0.5;5.294737;1;Adaptation;15;1;;;;;
19.6;0;0.25;2.790196;1;Adaptation;15;1;;;;;
19.62;2;0;2.516643;1;Adaptation;15;1;;;;;
19.64;0;-0.125;3.822617;1;Adaptation;15;1;;;;;
19.66;-0.5;-0.5;4.9293;1;Adaptation;15;1;;;;;
19.68;-0.5;-0.5;2.867884;1;Adaptation;15;1;;;;;
19.7;-2;0;4.560604;1;Adaptation;15;1;;;;;
19.72;2;-0.125;3.389534;1;Adaptation;15;1;;;;;
19.74;-0.5;-0.5;3.635489;1;Adaptation;15;1;;;;;
19.76;2;-0.375;5.073866;1;Adaptation;15;1;;;;;
19.78;0;-0.125;2.351488;1;Adaptation;15;1;;;;;
19.8;0;0;5.28132;1;Adaptation;15;1;;;;;
19.82;-0.5;-0.5;3.736199;1;Adaptation;15;1;;;;;
19.84;-0.5;-0.5;3.063088;1;Adaptation;15;1;;;;;
19.86;-0.5;-0.5;4.242781;1;Adaptation;15;1;;;;;
19.88;-0.5;-0.5;4.745983;1;Adaptation;15;1;;;;;
19.9;2;-0.125;4.011906;1;Adaptation;15;1;;;;;
19.92;-0.5;-0.5;4.659645;1;Adaptation;15;1;;;;;
19.94;0;0;5.135466;1;Adaptation;15;1;;;;;
19.96;0;0.125;2.282241;1;Adaptation;15;1;;;;;
19.98;-0.5;-0.5;4.77527;1;Adaptation;15;1;;;;;
20;-0.5;-0.5;2.449329;1;Adaptation;15;1;;;;;
20.02;-0.5;-0.5;2.688033;1;Adaptation;15;1;;;;;
20.04;-0.5;-0.5;4.885647;1;Adaptation;15;1;;;;;
20.06;2;0;5.268561;1;Adaptation;15;1;;;;;
20.08;-0.5;-0.5;3.018488;1;Adaptation;15;1;;;;;
20.1;-0.5;-0.5;5.1285;1;Adaptation;15;1;;;;;
20.12;2;0.125;4.338899;1;Adaptation;15;1;;;;;
20.14;0;-0.125;4.912703;1;Adaptation;15;1;;;;;
20.16;-2;0.125;3.951854;1;Adaptation;15;1;;;;;
20.18;-0.5;-0.5;2.412328;1;Adaptation;15;1;;;;;
20.2;-0.5;-0.5;3.070742;1;Adaptation;15;1;;;;;
20.22;0;0;4.982282;1;Adaptation;15;1;;;;;
20.24;-0.5;-0.5;3.154893;1;Adaptation;15;1;;;;;
20.26;0;-0.125;2.800489;1;Adaptation;15;1;;;;;
20.28;-0.5;-0.5;3.479321;1;Adaptation;15;1;;;;;
20.3;-2;0;3.97277;1;Adaptation;15;1;;;;;
20.32;-0.5;-0.5;2.463597;1;Adaptation;15;1;;;;;
20.34;-0.5;-0.5;3.38765;1;Adaptation;15;1;;;;;
20.36;-2;0;5.669681;1;Adaptation;15;1;;;;;
20.38;-0.5;-0.5;2.001821;1;Adaptation;15;1;;;;;
20.4;-0.5;-0.5;3.656577;1;Adaptation;15;1;;;;;
20.42;0;-0.125;3.958941;1;Adaptation;15;1;;;;;
20.44;-0.5;-0.5;3.868879;1;Adaptation;15;1;;;;;
20.46;-0.5;-0.5;2.476192;1;Adaptation;15;1;;;;;
20.48;-0.5;-0.5;3.635218;1;Adaptation;15;1;;;;;
20.5;-0.5;-0.5;4.055955;1;Adaptation;15;1;;;;;
20.52;0;-0.125;3.562102;1;Adaptation;15;1;;;;;
20.54;-0.5;-0.5;5.356256;1;Adaptation;15;1;;;;;
20.56;-0.5;-0.5;4.902917;1;Adaptation;15;1;;;;;
20.58;-0.5;-0.5;4.879968;1;Adaptation;15;1;;;;;
20.6;-0.5;-0.5;3.257059;1;Adaptation;15;1;;;;;
20.62;-0.5;-0.5;4.210051;1;Adaptation;15;1;;;;;
20.64;0;0;3.981995;1;Adaptation;15;1;;;;;
20.66;0;0;5.399605;1;Adaptation;15;1;;;;;
20.68;-0.5;-0.5;4.106906;1;Adaptation;15;1;;;;;
20.7;-0.5;-0.5;5.363749;1;Adaptation;15;1;;;;;
20.72;-0.5;-0.5;4.158142;1;Adaptation;15;1;;;;;
20.74;-0.5;-0.5;3.539225;1;Adaptation;15;1;;;;;
20.76;-0.5;-0.5;3.037267;1;Adaptation;15;1;;;;;
20.78;-0.5;-0.5;4.918582;1;Adaptation;15;1;;;;;
20.8;-0.5;-0.5;5.358301;1;Adaptation;15;1;;;;;
20.82;0;0;4.174338;1;Adaptation;15;1;;;;;
20.84;-0.5;-0.5;4.34672;1;Adaptation;15;1;;;;;
20.86;-0.5;-0.5;4.263113;1;Adaptation;15;1;;;;;
20.88;0;-0.25;3.026483;1;Adaptation;15;1;;;;;
20.9;0;-0.125;2.625069;1;Adaptation;15;1;;;;;
20.92;-0.5;-0.5;4.222877;1;Adaptation;15;1;;;;;
20.94;-0.5;-0.5;3.372093;1;Adaptation;15;1;;;;;
20.96;-2;-0.125;3.809061;1;Adaptation;15;1;;;;;
20.98;-0.5;-0.5;5.598696;1;Adaptation;15;1;;;;;
21;-0.5;-0.5;5.40325;1;Adaptation;15;1;;;;;
21.02;0;-0.125;5.532498;1;Adaptation;15;1;;;;;
21.04;-0.5;-0.5;3.617331;1;Adaptation;15;1;;;;;
21.06;-0.5;-0.5;4.989804;1;Adaptation;15;1;;;;;
21.08;-0.5;-0.5;2.900332;1;Adaptation;15;1;;;;;
21.1;-0.5;-0.5;4.908071;1;Adaptation;15;1;;;;;
21.12;-0.5;-0.5;2.135406;1;Adaptation;15;1;;;;;
21.14;-0.5;-0.5;5.565783;1;Adaptation;15;1;;;;;
21.16;-2;0.25;2.702671;1;Adaptation;15;1;;;;;
21.18;-0.5;-0.5;2.691321;1;Adaptation;15;1;;;;;
21.2;-0.5;-0.5;3.940474;1;Adaptation;15;1;;;;;
21.22;0;0;2.876623;1;Adaptation;15;1;;;;;
21.24;-0.5;-0.5;2.353014;1;Adaptation;15;1;;;;;
21.26;0;0.375;2.842266;1;Adaptation;15;1;;;;;
21.28;2;-0.125;5.284352;1;Adaptation;15;1;;;;;
21.3;2;0;4.348194;1;Adaptation;15;1;;;;;
21.32;0;0.25;4.14739;1;Adaptation;15;1;;;;;
21.34;-0.5;-0.5;4.414332;1;Adaptation;15;1;;;;;
21.36;0;0;4.559051;1;Adaptation;15;1;;;;;
21.38;-0.5;-0.5;5.925385;1;Adaptation;15;1;;;;;
21.4;-0.5;-0.5;5.858742;1;Adaptation;15;1;;;;;
21.42;-0.5;-0.5;5.913241;1;Adaptation;15;1;;;;;
21.44;-0.5;-0.5;2.372645;1;Adaptation;15;1;;;;;
21.46;-0.5;-0.5;5.97742;1;Adaptation;15;1;;;;;
21.48;-0.5;-0.5;5.66532;1;Adaptation;15;1;;;;;
21.5;0;0.25;3.729651;1;Adaptation;15;1;;;;;
21.52;0;-0.125;3.76288;1;Adaptation;15;1;;;;;
21.54;-0.5;-0.5;3.422744;1;Adaptation;15;1;;;;;
21.56;-0.5;-0.5;2.177401;1;Adaptation;15;1;;;;;
21.58;2;-0.125;3.666101;1;Adaptation;15;1;;;;;
21.6;-0.5;-0.5;4.168137;1;Adaptation;15;1;;;;;
21.62;2;-0.125;5.041252;1;Adaptation;15;1;;;;;
21.64;-0.5;-0.5;5.683454;1;Adaptation;15;1;;;;;
21.66;-0.5;-0.5;4.387365;1;Adaptation;15;1;;;;;
21.68;-0.5;-0.5;5.672726;1;Adaptation;15;1;;;;;
21.7;-0.5;-0.5;4.736741;1;Adaptation;15;1;;;;;
21.72;0;-0.25;4.922036;1;Adaptation;15;1;;;;;
21.74;-0.5;-0.5;3.935377;1;Adaptation;15;1;;;;;
21.76;-0.5;-0.5;3.561329;1;Adaptation;15;1;;;;;
21.78;0;0;5.768147;1;Adaptation;15;1;;;;;
21.8;2;0.25;4.109866;1;Adaptation;15;1;;;;;
21.82;-0.5;-0.5;2.943913;1;Adaptation;15;1;;;;;
21.84;-0.5;-0.5;4.013716;1;Adaptation;15;1;;;;;
21.86;-0.5;-0.5;2.719336;1;Adaptation;15;1;;;;;
21.88;-0.5;-0.5;2.366529;1;Adaptation;15;1;;;;;
21.9;-0.5;-0.5;2.865583;1;Adaptation;15;1;;;;;
21.92;-0.5;-0.5;4.325657;1;Adaptation;15;1;;;;;
21.94;-0.5;-0.5;2.367125;1;Adaptation;15;1;;;;;
21.96;-0.5;-0.5;5.858405;1;Adaptation;15;1;;;;;
21.98;-0.5;-0.5;2.153154;1;Adaptation;15;1;;;;;
22;0;-0.125;2.695483;1;Adaptation;15;1;;;;;
22.02;-0.5;-0.5;4.840231;1;Adaptation;15;1;;;;;
22.04;-0.5;-0.5;3.535883;1;Adaptation;15;1;;;;;
22.06;-0.5;-0.5;4.762782;1;Adaptation;15;1;;;;;
22.08;0;0;4.682221;1;Adaptation;15;1;;;;;
22.1;-0.5;-0.5;5.766945;1;Adaptation;15;1;;;;;
22.12;-0.5;-0.5;4.284963;1;Adaptation;15;1;;;;;
22.14;-2;0;4.441985;1;Adaptation;15;1;;;;;
22.16;-0.5;-0.5;4.114652;1;Adaptation;15;1;;;;;
22.18;-0.5;-0.5;4.522552;1;Adaptation;15;1;;;;;
22.2;-0.5;-0.5;2.305498;1;Adaptation;15;1;;;;;
22.22;-0.5;-0.5;4.069355;1;Adaptation;15;1;;;;;
22.24;-0.5;-0.5;5.491166;1;Adaptation;15;1;;;;;
22.26;-0.5;-0.5;3.964631;1;Adaptation;15;1;;;;;
22.28;-0.5;-0.5;3.828496;1;Adaptation;15;1;;;;;
22.3;-0.5;-0.5;3.390456;1;Adaptation;15;1;;;;;
22.32;-0.5;-0.5;2.630863;1;Adaptation;15;1;;;;;
22.34;2;-0.125;5.207046;1;Adaptation;15;1;;;;;
22.36;-0.5;-0.5;3.138289;1;Adaptation;15;1;;;;;
22.38;-2;0.25;3.098774;1;Adaptation;15;1;;;;;
22.4;0;0;3.574921;1;Adaptation;15;1;;;;;
22.42;0;0.375;4.021505;1;Adaptation;15;1;;;;;
22.44;-0.5;-0.5;2.794641;1;Adaptation;15;1;;;;;
22.46;-0.5;-0.5;5.891515;1;Adaptation;15;1;;;;;
22.48;-0.5;-0.5;2.696249;1;Adaptation;15;1;;;;;
22.5;-0.5;-0.5;5.608111;1;Adaptation;15;1;;;;;
22.52;-0.5;-0.5;3.754637;1;Adaptation;15;1;;;;;
22.54;0;-0.25;3.753629;1;Adaptation;15;1;;;;;
22.56;-0.5;-0.5;5.655405;1;Adaptation;15;1;;;;;
22.58;-2;0.125;5.908832;1;Adaptation;15;1;;;;;
22.6;-0.5;-0.5;3.365156;1;Adaptation;15;1;;;;;
22.62;-0.5;-0.5;5.529797;1;Adaptation;15;1;;;;;
22.64;-0.5;-0.5;3.758046;1;Adaptation;15;1;;;;;
22.66;-0.5;-0.5;2.983295;1;Adaptation;15;1;;;;;
22.68;-0.5;-0.5;2.653573;1;Adaptation;15;1;;;;;
22.7;-0.5;-0.5;4.107397;1;Adaptation;15;1;;;;;
22.72;2;0.125;3.917723;1;Adaptation;15;1;;;;;
22.74;-0.5;-0.5;4.376982;1;Adaptation;15;1;;;;;
22.76;-0.5;-0.5;3.37613;1;Adaptation;15;1;;;;;
22.78;-0.5;-0.5;4.539935;1;Adaptation;15;1;;;;;
22.8;-0.5;-0.5;4.193438;1;Adaptation;15;1;;;;;
22.82;-0.5;-0.5;2.646993;1;Adaptation;15;1;;;;;
22.84;2;0;2.644253;1;Adaptation;15;1;;;;;
22.86;-0.5;-0.5;3.111148;1;Adaptation;15;1;;;;;
22.88;-0.5;-0.5;2.185971;1;Adaptation;15;1;;;;;
22.9;-0.5;-0.5;4.61444;1;Adaptation;15;1;;;;;
22.92;-0.5;-0.5;2.245845;1;Adaptation;15;1;;;;;
22.94;-0.5;-0.5;5.733414;1;Adaptation;15;1;;;;;
22.96;-2;0;3.98634;1;Adaptation;15;1;;;;;
22.98;2;-0.125;3.960913;1;Adaptation;15;1;;;;;
23;-0.5;-0.5;2.03819;1;Adaptation;15;1;;;;;
23.02;-2;0;4.15123;1;Adaptation;15;1;;;;;
23.04;-0.5;-0.5;3.765974;1;Adaptation;15;1;;;;;
23.06;-0.5;-0.5;4.128479;1;Adaptation;15;1;;;;;
23.08;-0.5;-0.5;2.650578;1;Adaptation;15;1;;;;;
23.1;-0.5;-0.5;5.477454;1;Adaptation;15;1;;;;;
23.12;0;0;3.245377;1;Adaptation;15;1;;;;;
23.14;-0.5;-0.5;2.472658;1;Adaptation;15;1;;;;;
23.16;0;0;3.92769;1;Adaptation;15;1;;;;;
23.18;2;0;5.345743;1;Adaptation;15;1;;;;;
23.2;-0.5;-0.5;5.597572;1;Adaptation;15;1;;;;;
23.22;-0.5;-0.5;3.743205;1;Adaptation;15;1;;;;;
23.24;-0.5;-0.5;4.872131;1;Adaptation;15;1;;;;;
23.26;-0.5;-0.5;5.867732;1;Adaptation;15;1;;;;;
23.28;-0.5;-0.5;3.108461;1;Adaptation;15;1;;;;;
23.3;-0.5;-0.5;2.574677;1;Adaptation;15;1;;;;;
23.32;-0.5;-0.5;2.494854;1;Adaptation;15;1;;;;;
23.34;0;-0.125;4.462605;1;Adaptation;15;1;;;;;
23.36;-0.5;-0.5;4.304272;1;Adaptation;15;1;;;;;
23.38;-0.5;-0.5;2.149073;1;Adaptation;15;1;;;;;
23.4;2;-0.25;3.728366;1;Adaptation;15;1;;;;;
23.42;-0.5;-0.5;3.404227;1;Adaptation;15;1;;;;;
23.44;0;0.25;2.021294;1;Adaptation;15;1;;;;;
23.46;-0.5;-0.5;5.722732;1;Adaptation;15;1;;;;;
23.48;-0.5;-0.5;2.17055;1;Adaptation;15;1;;;;;
23.5;0;-0.125;2.803059;1;Adaptation;15;1;;;;;
23.52;-0.5;-0.5;3.609355;1;Adaptation;15;1;;;;;
23.54;-0.5;-0.5;5.73489;1;Adaptation;15;1;;;;;
23.56;-0.5;-0.5;5.418705;1;Adaptation;15;1;;;;;
23.58;0;-0.125;5.728736;1;Adaptation;15;1;;;;;
23.6;0;0.25;4.876105;1;Adaptation;15;1;;;;;
23.62;-0.5;-0.5;4.928838;1;Adaptation;15;1;;;;;
23.64;-0.5;-0.5;2.982762;1;Adaptation;15;1;;;;;
23.66;-0.5;-0.5;3.780062;1;Adaptation;15;1;;;;;
23.68;0;0.125;4.648512;1;Adaptation;15;1;;;;;
23.7;-2;-0.25;4.146098;1;Adaptation;15;1;;;;;
23.72;-0.5;-0.5;2.460574;1;Adaptation;15;1;;;;;
23.74;-0.5;-0.5;2.421112;1;Adaptation;15;1;;;;;
23.76;0;0.25;3.33569;1;Adaptation;15;1;;;;;
23.78;-0.5;-0.5;4.429883;1;Adaptation;15;1;;;;;
23.8;-0.5;-0.5;5.755204;1;Adaptation;15;1;;;;;
23.82;-0.5;-0.5;2.948999;1;Adaptation;15;1;;;;;
23.84;-0.5;-0.5;5.821013;1;Adaptation;15;1;;;;;
23.86;-0.5;-0.5;3.323703;1;Adaptation;15;1;;;;;
23.88;-0.5;-0.5;2.521174;1;Adaptation;15;1;;;;;
23.9;-0.5;-0.5;4.86411;1;Adaptation;15;1;;;;;
23.92;-0.5;-0.5;3.322854;1;Adaptation;15;1;;;;;
23.94;-0.5;-0.5;4.236863;1;Adaptation;15;1;;;;;
23.96;-0.5;-0.5;2.282877;1;Adaptation;15;1;;;;;
23.98;0;0.125;4.444457;1;Adaptation;15;1;;;;;
24;-0.5;-0.5;2.680824;1;Adaptation;15;1;;;;;
24.02;0;-0.125;4.263326;1;Adaptation;15;1;;;;;
24.04;-0.5;-0.5;2.618474;1;Adaptation;15;1;;;;;
24.06;-0.5;-0.5;2.140654;1;Adaptation;15;1;;;;;
24.08;-0.5;-0.5;2.449852;1;Adaptation;15;1;;;;;
24.1;-0.5;-0.5;4.474763;1;Adaptation;15;1;;;;;
24.12;-0.5;-0.5;5.191538;1;Adaptation;15;1;;;;;
24.14;-0.5;-0.5;2.246325;1;Adaptation;15;1;;;;;
24.16;-0.5;-0.5;2.725799;1;Adaptation;15;1;;;;;
24.18;-0.5;-0.5;2.700108;1;Adaptation;15;1;;;;;
24.2;2;0.125;4.471958;1;Adaptation;15;1;;;;;
24.22;-0.5;-0.5;4.539693;1;Adaptation;15;1;;;;;
24.24;-0.5;-0.5;3.065027;1;Adaptation;15;1;;;;;
24.26;-0.5;-0.5;2.678611;1;Adaptation;15;1;;;;;
24.28;-0.5;-0.5;4.638719;1;Adaptation;15;1;;;;;
24.3;-0.5;-0.5;4.230021;1;Adaptation;15;1;;;;;
24.32;0;0.25;3.545594;1;Adaptation;15;1;;;;;
24.34;-0.5;-0.5;3.751565;1;Adaptation;15;1;;;;;
24.36;-0.5;-0.5;4.917202;1;Adaptation;15;1;;;;;
24.38;-0.5;-0.5;2.2907;1;Adaptation;15;1;;;;;
24.4;-0.5;-0.5;2.202119;1;Adaptation;15;1;;;;;
24.42;-0.5;-0.5;2.602086;1;Adaptation;15;1;;;;;
24.44;-0.5;-0.5;4.248099;1;Adaptation;15;1;;;;;
24.46;-0.5;-0.5;4.827308;1;Adaptation;15;1;;;;;
24.48;-0.5;-0.5;3.334892;1;Adaptation;15;1;;;;;
24.5;-0.5;-0.5;2.194369;1;Adaptation;15;1;;;;;
24.52;-0.5;-0.5;2.380976;1;Adaptation;15;1;;;;;
24.54;-0.5;-0.5;3.079203;1;Adaptation;15;1;;;;;
24.56;-0.5;-0.5;5.014172;1;Adaptation;15;1;;;;;
24.58;0;0.125;4.820312;1;Adaptation;15;1;;;;;
24.6;-0.5;-0.5;3.684468;1;Adaptation;15;1;;;;;
24.62;2;0.125;2.32233;1;Adaptation;15;1;;;;;
24.64;-2;0;5.449314;1;Adaptation;15;1;;;;;
24.66;-0.5;-0.5;4.173013;1;Adaptation;15;1;;;;;
24.68;-0.5;-0.5;5.006919;1;Adaptation;15;1;;;;;
24.7;-0.5;-0.5;5.603303;1;Adaptation;15;1;;;;;
24.72;-0.5;-0.5;2.632403;1;Adaptation;15;1;;;;;
24.74;-0.5;-0.5;5.618227;1;Adaptation;15;1;;;;;
24.76;0;0;2.959497;1;Adaptation;15;1;;;;;
24.78;-0.5;-0.5;2.206421;1;Adaptation;15;1;;;;;
24.8;0;0;4.228957;1;Adaptation;15;1;;;;;
24.82;-0.5;-0.5;3.872258;1;Adaptation;15;1;;;;;
24.84;-0.5;-0.5;2.092775;1;Adaptation;15;1;;;;;
24.86;-0.5;-0.5;3.486711;1;Adaptation;15;1;;;;;
24.88;-0.5;-0.5;2.738056;1;Adaptation;15;1;;;;;
24.9;-0.5;-0.5;4.115264;1;Adaptation;15;1;;;;;
24.92;0;-0.125;2.867017;1;Adaptation;15;1;;;;;
24.94;-0.5;-0.5;2.995475;1;Adaptation;15;1;;;;;
24.96;-0.5;-0.5;3.321572;1;Adaptation;15;1;;;;;
24.98;0;-0.25;5.95163;1;Adaptation;15;1;;;;;
25;2;-0.25;4.613879;1;Adaptation;15;1;;;;;
25.02;0;-0.25;2.534227;1;Adaptation;15;1;;;;;
25.04;-0.5;-0.5;2.249146;1;Adaptation;15;1;;;;;
25.06;-0.5;-0.5;2.659344;1;Adaptation;15;1;;;;;
25.08;-0.5;-0.5;4.753482;1;Adaptation;15;1;;;;;
25.1;-0.5;-0.5;5.291073;1;Adaptation;15;1;;;;;
25.12;-0.5;-0.5;5.914025;1;Adaptation;15;1;;;;;
25.14;-0.5;-0.5;2.096117;1;Adaptation;15;1;;;;;
25.16;-0.5;-0.5;2.337103;1;Adaptation;15;1;;;;;
25.18;0;0;4.171103;1;Adaptation;15;1;;;;;
25.2;-2;-0.125;2.539823;1;Adaptation;15;1;;;;;
25.22;-2;-0.125;4.226978;1;Adaptation;15;1;;;;;
25.24;0;0.125;5.950198;1;Adaptation;15;1;;;;;
25.26;-0.5;-0.5;4.35176;1;Adaptation;15;1;;;;;
25.28;-0.5;-0.5;4.098526;1;Adaptation;15;1;;;;;
25.3;-0.5;-0.5;5.274044;1;Adaptation;15;1;;;;;
25.32;0;0;3.022024;1;Adaptation;15;1;;;;;
25.34;-0.5;-0.5;3.971693;1;Adaptation;15;1;;;;;
25.36;-0.5;-0.5;5.726689;1;Adaptation;15;1;;;;;
25.38;-0.5;-0.5;3.597602;1;Adaptation;15;1;;;;;
25.4;-0.5;-0.5;5.863865;1;Adaptation;15;1;;;;;
25.42;0;0.125;3.989665;1;Adaptation;15;1;;;;;
25.44;0;0;4.60303;1;Adaptation;15;1;;;;;
25.46;-0.5;-0.5;3.110867;1;Adaptation;15;1;;;;;
25.48;0;0.125;3.343509;1;Adaptation;15;1;;;;;
25.5;-2;-0.125;3.681886;1;Adaptation;15;1;;;;;
25.52;-0.5;-0.5;3.585855;1;Adaptation;15;1;;;;;
25.54;-0.5;-0.5;3.302448;1;Adaptation;15;1;;;;;
25.56;0;0.125;2.526126;1;Adaptation;15;1;;;;;
25.58;-0.5;-0.5;3.994784;1;Adaptation;15;1;;;;;
25.6;-0.5;-0.5;4.330405;1;Adaptation;15;1;;;;;
25.62;-0.5;-0.5;3.946728;1;Adaptation;15;1;;;;;
25.64;-0.5;-0.5;4.525207;1;Adaptation;15;1;;;;;
25.66;-0.5;-0.5;5.858895;1;Adaptation;15;1;;;;;
25.68;-0.5;-0.5;2.812214;1;Adaptation;15;1;;;;;
25.7;-0.5;-0.5;3.588445;1;Adaptation;15;1;;;;;
25.72;-0.5;-0.5;2.71633;1;Adaptation;15;1;;;;;
25.74;-2;0;3.188059;1;Adaptation;15;1;;;;;
25.76;0;-0.125;3.774916;1;Adaptation;15;1;;;;;
25.78;-0.5;-0.5;3.181567;1;Adaptation;15;1;;;;;
25.8;-0.5;-0.5;5.677949;1;Adaptation;15;1;;;;;
25.82;-0.5;-0.5;4.934621;1;Adaptation;15;1;;;;;
25.84;-0.5;-0.5;2.411952;1;Adaptation;15;1;;;;;
25.86;-0.5;-0.5;3.832856;1;Adaptation;15;1;;;;;
25.88;0;-0.125;5.911344;1;Adaptation;15;1;;;;;
25.9;-0.5;-0.5;4.896209;1;Adaptation;15;1;;;;;
25.92;-0.5;-0.5;3.975052;1;Adaptation;15;1;;;;;
25.94;-0.5;-0.5;3.621392;1;Adaptation;15;1;;;;;
25.96;-0.5;-0.5;5.652698;1;Adaptation;15;1;;;;;
25.98;-0.5;-0.5;3.089828;1;Adaptation;15;1;;;;;
26;-0.5;-0.5;2.091201;1;Adaptation;15;1;;;;;
26.02;0;0;2.420301;1;Adaptation;15;1;;;;;
26.04;-0.5;-0.5;5.191373;1;Adaptation;15;1;;;;;
26.06;-0.5;-0.5;3.246954;1;Adaptation;15;1;;;;;
26.08;-0.5;-0.5;4.126497;1;Adaptation;15;1;;;;;
26.1;-0.5;-0.5;4.86782;1;Adaptation;15;1;;;;;
26.12;-0.5;-0.5;5.51359;1;Adaptation;15;1;;;;;
26.14;0;0;5.943995;1;Adaptation;15;1;;;;;
26.16;0;-0.125;5.557747;1;Adaptation;15;1;;;;;
26.18;-0.5;-0.5;4.747004;1;Adaptation;15;1;;;;;
26.2;0;-0.125;4.40589;1;Adaptation;15;1;;;;;
26.22;-0.5;-0.5;5.868582;1;Adaptation;15;1;;;;;
26.24;0;0;3.49195;1;Adaptation;15;1;;;;;
26.26;-0.5;-0.5;5.939805;1;Adaptation;15;1;;;;;
26.28;-0.5;-0.5;2.099937;1;Adaptation;15;1;;;;;
26.3;-0.5;-0.5;5.53962;1;Adaptation;15;1;;;;;
26.32;-2;0.25;5.002985;1;Adaptation;15;1;;;;;
26.34;-0.5;-0.5;4.855105;1;Adaptation;15;1;;;;;
26.36;-0.5;-0.5;4.762901;1;Adaptation;15;1;;;;;
26.38;-0.5;-0.5;3.85718;1;Adaptation;15;1;;;;;
26.4;0;0.25;4.355016;1;Adaptation;15;1;;;;;
26.42;-0.5;-0.5;5.183143;1;Adaptation;15;1;;;;;
26.44;-0.5;-0.5;5.047017;1;Adaptation;15;1;;;;;
26.46;-0.5;-0.5;2.905445;1;Adaptation;15;1;;;;;
26.48;-0.5;-0.5;5.118981;1;Adaptation;15;1;;;;;
26.5;-0.5;-0.5;2.32325;1;Adaptation;15;1;;;;;
26.52;-0.5;-0.5;3.660345;1;Adaptation;15;1;;;;;
26.54;-0.5;-0.5;5.719507;1;Adaptation;15;1;;;;;
26.56;0;0;5.94667;1;Adaptation;15;1;;;;;
26.58;-0.5;-0.5;3.614727;1;Adaptation;15;1;;;;;
26.6;-0.5;-0.5;4.143872;1;Adaptation;15;1;;;;;
26.62;-0.5;-0.5;3.69108;1;Adaptation;15;1;;;;;
26.64;0;-0.125;3.123671;1;Adaptation;15;1;;;;;
26.66;-0.5;-0.5;5.731843;1;Adaptation;15;1;;;;;
26.68;-0.5;-0.5;5.659678;1;Adaptation;15;1;;;;;
26.7;-0.5;-0.5;3.827666;1;Adaptation;15;1;;;;;
26.72;-0.5;-0.5;3.562625;1;Adaptation;15;1;;;;;
26.74;-0.5;-0.5;4.995163;1;Adaptation;15;1;;;;;
26.76;-0.5;-0.5;3.345341;1;Adaptation;15;1;;;;;
26.78;-0.5;-0.5;5.757337;1;Adaptation;15;1;;;;;
26.8;-0.5;-0.5;2.267131;1;Adaptation;15;1;;;;;
26.82;-2;-0.125;3.05449;1;Adaptation;15;1;;;;;
26.84;2;-0.125;4.481106;1;Adaptation;15;1;;;;;
26.86;2;-0.25;2.695184;1;Adaptation;15;1;;;;;
26.88;-0.5;-0.5;2.800789;1;Adaptation;15;1;;;;;
26.9;-0.5;-0.5;2.17997;1;Adaptation;15;1;;;;;
26.92;-2;0.25;3.358665;1;Adaptation;15;1;;;;;
26.94;-0.5;-0.5;2.900671;1;Adaptation;15;1;;;;;
26.96;-0.5;-0.5;5.356128;1;Adaptation;15;1;;;;;
26.98;-0.5;-0.5;4.755658;1;Adaptation;15;1;;;;;
27;-0.5;-0.5;4.43052;1;Adaptation;15;1;;;;;
27.02;0;0.125;3.736692;1;Adaptation;15;1;;;;;
27.04;-0.5;-0.5;5.377729;1;Adaptation;15;1;;;;;
27.06;0;0.125;2.635384;1;Adaptation;15;1;;;;;
27.08;-0.5;-0.5;5.273788;1;Adaptation;15;1;;;;;
27.1;-2;0.125;3.718128;1;Adaptation;15;1;;;;;
27.12;0;0.125;4.017656;1;Adaptation;15;1;;;;;
27.14;-0.5;-0.5;4.633372;1;Adaptation;15;1;;;;;
27.16;-2;0.125;5.783636;1;Adaptation;15;1;;;;;
27.18;-0.5;-0.5;2.303043;1;Adaptation;15;1;;;;;
27.2;-0.5;-0.5;4.629857;1;Adaptation;15;1;;;;;
27.22;-0.5;-0.5;2.39235;1;Adaptation;15;1;;;;;
27.24;-0.5;-0.5;5.782634;1;Adaptation;15;1;;;;;
27.26;-0.5;-0.5;3.817327;1;Adaptation;15;1;;;;;
27.28;4;0;3.35708;1;Adaptation;15;1;;;;;
27.3;-0.5;-0.5;5.168734;1;Adaptation;15;1;;;;;
27.32;-2;0.125;3.415854;1;Adaptation;15;1;;;;;
27.34;-0.5;-0.5;2.005795;1;Adaptation;15;1;;;;;
27.36;-0.5;-0.5;2.507692;1;Adaptation;15;1;;;;;
27.38;-0.5;-0.5;4.486317;1;Adaptation;15;1;;;;;
27.4;-0.5;-0.5;3.298938;1;Adaptation;15;1;;;;;
27.42;-0.5;-0.5;5.192276;1;Adaptation;15;1;;;;;
27.44;-0.5;-0.5;2.651811;1;Adaptation;15;1;;;;;
27.46;-0.5;-0.5;2.129542;1;Adaptation;15;1;;;;;
27.48;0;-0.125;5.161725;1;Adaptation;15;1;;;;;
27.5;-0.5;-0.5;2.171986;1;Adaptation;15;1;;;;;
27.52;-0.5;-0.5;4.944796;1;Adaptation;15;1;;;;;
27.54;-0.5;-0.5;2.631697;1;Adaptation;15;1;;;;;
27.56;0;-0.25;3.780732;1;Adaptation;15;1;;;;;
27.58;-0.5;-0.5;2.43745;1;Adaptation;15;1;;;;;
27.6;-4;-0.125;3.660706;1;Adaptation;15;1;;;;;
27.62;-0.5;-0.5;3.846165;1;Adaptation;15;1;;;;;
27.64;-2;-0.25;4.79644;1;Adaptation;15;1;;;;;
27.66;-2;0.125;2.405221;1;Adaptation;15;1;;;;;
27.68;-0.5;-0.5;2.28653;1;Adaptation;15;1;;;;;
27.7;0;0;5.810766;1;Adaptation;15;1;;;;;
27.72;-0.5;-0.5;4.240901;1;Adaptation;15;1;;;;;
27.74;-0.5;-0.5;3.418827;1;Adaptation;15;1;;;;;
27.76;-0.5;-0.5;2.722457;1;Adaptation;15;1;;;;;
27.78;-0.5;-0.5;3.066573;1;Adaptation;15;1;;;;;
27.8;-0.5;-0.5;5.155202;1;Adaptation;15;1;;;;;
27.82;-0.5;-0.5;2.805784;1;Adaptation;15;1;;;;;
27.84;-0.5;-0.5;5.997474;1;Adaptation;15;1;;;;;
27.86;-0.5;-0.5;5.403875;1;Adaptation;15;1;;;;;
27.88;-0.5;-0.5;2.612971;1;Adaptation;15;1;;;;;
27.9;0;0.125;3.876794;1;Adaptation;15;1;;;;;
27.92;-0.5;-0.5;4.356996;1;Adaptation;15;1;;;;;
27.94;-0.5;-0.5;2.197649;1;Adaptation;15;1;;;;;
27.96;-0.5;-0.5;4.259068;1;Adaptation;15;1;;;;;
27.98;-0.5;-0.5;4.408895;1;Adaptation;15;1;;;;;
28;-0.5;-0.5;4.859549;1;Adaptation;15;1;;;;;
28.02;0;0;3.264344;1;Adaptation;15;1;;;;;
28.04;2;0;4.799644;1;Adaptation;15;1;;;;;
28.06;-0.5;-0.5;3.550986;1;Adaptation;15;1;;;;;
28.08;-0.5;-0.5;3.601077;1;Adaptation;15;1;;;;;
28.1;-0.5;-0.5;2.226364;1;Adaptation;15;1;;;;;
28.12;-0.5;-0.5;5.912997;1;Adaptation;15;1;;;;;
28.14;-0.5;-0.5;5.604895;1;Adaptation;15;1;;;;;
28.16;-0.5;-0.5;2.26988;1;Adaptation;15;1;;;;;
28.18;-0.5;-0.5;5.369167;1;Adaptation;15;1;;;;;
28.2;-0.5;-0.5;3.08054;1;Adaptation;15;1;;;;;
28.22;-0.5;-0.5;4.990507;1;Adaptation;15;1;;;;;
28.24;-0.5;-0.5;5.420752;1;Adaptation;15;1;;;;;
28.26;-0.5;-0.5;4.406783;1;Adaptation;15;1;;;;;
28.28;0;0.25;3.690577;1;Adaptation;15;1;;;;;
28.3;-0.5;-0.5;2.714313;1;Adaptation;15;1;;;;;
28.32;-0.5;-0.5;3.882724;1;Adaptation;15;1;;;;;
28.34;-0.5;-0.5;2.638328;1;Adaptation;15;1;;;;;
28.36;-0.5;-0.5;2.557738;1;Adaptation;15;1;;;;;
28.38;-0.5;-0.5;4.467991;1;Adaptation;15;1;;;;;
28.4;-0.5;-0.5;5.559472;1;Adaptation;15;1;;;;;
28.42;2;0.125;2.563058;1;Adaptation;15;1;;;;;
28.44;-0.5;-0.5;3.939433;1;Adaptation;15;1;;;;;
28.46;0;0.25;3.837297;1;Adaptation;15;1;;;;;
28.48;-0.5;-0.5;5.297409;1;Adaptation;15;1;;;;;
28.5;0;0.375;2.593399;1;Adaptation;15;1;;;;;
28.52;0;-0.25;5.991984;1;Adaptation;15;1;;;;;
28.54;-0.5;-0.5;2.25736;1;Adaptation;15;1;;;;;
28.56;-0.5;-0.5;4.747626;1;Adaptation;15;1;;;;;
28.58;0;0;2.095459;1;Adaptation;15;1;;;;;
28.6;0;0.125;3.667294;1;Adaptation;15;1;;;;;
28.62;-0.5;-0.5;2.98298;1;Adaptation;15;1;;;;;
28.64;-0.5;-0.5;2.893334;1;Adaptation;15;1;;;;;
28.66;-0.5;-0.5;5.859848;1;Adaptation;15;1;;;;;
28.68;0;0.25;2.928707;1;Adaptation;15;1;;;;;
28.7;-0.5;-0.5;5.883933;1;Adaptation;15;1;;;;;
28.72;-0.5;-0.5;3.608797;1;Adaptation;15;1;;;;;
28.74;0;-0.25;3.576794;1;Adaptation;15;1;;;;;
28.76;-0.5;-0.5;5.806962;1;Adaptation;15;1;;;;;
28.78;-0.5;-0.5;2.778665;1;Adaptation;15;1;;;;;
28.8;0;0.125;3.669507;1;Adaptation;15;1;;;;;
28.82;-0.5;-0.5;5.062797;1;Adaptation;15;1;;;;;
28.84;-0.5;-0.5;4.207051;1;Adaptation;15;1;;;;;
28.86;0;0;5.055445;1;Adaptation;15;1;;;;;
28.88;0;0;2.738684;1;Adaptation;15;1;;;;;
28.9;-0.5;-0.5;2.866351;1;Adaptation;15;1;;;;;
28.92;-0.5;-0.5;4.285658;1;Adaptation;15;1;;;;;
28.94;-0.5;-0.5;5.32217;1;Adaptation;15;1;;;;;
28.96;-0.5;-0.5;3.341004;1;Adaptation;15;1;;;;;
28.98;-0.5;-0.5;5.691367;1;Adaptation;15;1;;;;;
29;-0.5;-0.5;2.084691;1;Adaptation;15;1;;;;;
29.02;0;0.25;2.533207;1;Adaptation;15;1;;;;;
29.04;-0.5;-0.5;3.16454;1;Adaptation;15;1;;;;;
29.06;-0.5;-0.5;3.941446;1;Adaptation;15;1;;;;;
29.08;0;0;4.682405;1;Adaptation;15;1;;;;;
29.1;-0.5;-0.5;5.943892;1;Adaptation;15;1;;;;;
29.12;0;0;3.827452;1;Adaptation;15;1;;;;;
29.14;-0.5;-0.5;4.309955;1;Adaptation;15;1;;;;;
29.16;-0.5;-0.5;3.151353;1;Adaptation;15;1;;;;;
29.18;-0.5;-0.5;3.412158;1;Adaptation;15;1;;;;;
29.2;-0.5;-0.5;2.048993;1;Adaptation;15;1;;;;;
29.22;-0.5;-0.5;3.459954;1;Adaptation;15;1;;;;;
29.24;-0.5;-0.5;5.524249;1;Adaptation;15;1;;;;;
29.26;-2;-0.25;2.046582;1;Adaptation;15;1;;;;;
29.28;-0.5;-0.5;4.370185;1;Adaptation;15;1;;;;;
29.3;-0.5;-0.5;5.508432;1;Adaptation;15;1;;;;;
29.32;0;0;3.033712;1;Adaptation;15;1;;;;;
29.34;-0.5;-0.5;3.211514;1;Adaptation;15;1;;;;;
29.36;-0.5;-0.5;4.77806;1;Adaptation;15;1;;;;;
29.38;-0.5;-0.5;3.625904;1;Adaptation;15;1;;;;;
29.4;-0.5;-0.5;5.783261;1;Adaptation;15;1;;;;;
29.42;-0.5;-0.5;2.789021;1;Adaptation;15;1;;;;;
29.44;-0.5;-0.5;2.234729;1;Adaptation;15;1;;;;;
29.46;-0.5;-0.5;3.23525;1;Adaptation;15;1;;;;;
29.48;-0.5;-0.5;3.299429;1;Adaptation;15;1;;;;;
29.5;-2;0.125;2.08422;1;Adaptation;15;1;;;;;
29.52;-0.5;-0.5;2.797545;1;Adaptation;15;1;;;;;
29.54;-0.5;-0.5;5.532392;1;Adaptation;15;1;;;;;
29.56;-0.5;-0.5;2.608381;1;Adaptation;15;1;;;;;
29.58;-0.5;-0.5;5.914246;1;Adaptation;15;1;;;;;
29.6;-0.5;-0.5;4.381789;1;Adaptation;15;1;;;;;
29.62;-0.5;-0.5;2.073575;1;Adaptation;15;1;;;;;
29.64;-0.5;-0.5;4.324694;1;Adaptation;15;1;;;;;
29.66;-0.5;-0.5;5.704779;1;Adaptation;15;1;;;;;
29.68;-0.5;-0.5;5.279468;1;Adaptation;15;1;;;;;
29.7;-0.5;-0.5;2.012362;1;Adaptation;15;1;;;;;
29.72;-0.5;-0.5;5.221756;1;Adaptation;15;1;;;;;
29.74;0;0.125;3.694839;1;Adaptation;15;1;;;;;
29.76;-0.5;-0.5;4.577841;1;Adaptation;15;1;;;;;
29.78;-0.5;-0.5;4.047176;1;Adaptation;15;1;;;;;
29.8;-0.5;-0.5;3.088982;1;Adaptation;15;1;;;;;
29.82;-0.5;-0.5;4.850011;1;Adaptation;15;1;;;;;
29.84;-0.5;-0.5;4.693192;1;Adaptation;15;1;;;;;
29.86;-0.5;-0.5;2.378758;1;Adaptation;15;1;;;;;
29.88;-0.5;-0.5;3.487993;1;Adaptation;15;1;;;;;
29.9;-0.5;-0.5;3.234469;1;Adaptation;15;1;;;;;
29.92;0;0.125;4.094084;1;Adaptation;15;1;;;;;
29.94;-0.5;-0.5;5.466979;1;Adaptation;15;1;;;;;
29.96;-2;0;3.675688;1;Adaptation;15;1;;;;;
29.98;0;-0.125;3.857204;1;Adaptation;15;1;;;;;
30;-0.5;-0.5;5.529113;1;Adaptation;15;1;;;;;
30.02;-2;-0.125;3.893955;1;Adaptation;15;1;;;;;
30.04;-0.5;-0.5;2.577264;1;Adaptation;15;1;;;;;
30.06;-2;0.125;5.566127;1;Adaptation;15;1;;;;;
30.08;-0.5;-0.5;3.139763;1;Adaptation;15;1;;;;;
30.1;-0.5;-0.5;4.121597;1;Adaptation;15;1;;;;;
30.12;0;-0.125;4.976277;1;Adaptation;15;1;;;;;
30.14;-0.5;-0.5;5.678979;1;Adaptation;15;1;;;;;
30.16;-0.5;-0.5;5.376449;1;Adaptation;15;1;;;;;
30.18;-0.5;-0.5;4.566725;1;Adaptation;15;1;;;;;
30.2;-0.5;-0.5;5.549215;1;Adaptation;15;1;;;;;
30.22;-0.5;-0.5;2.53975;1;Adaptation;15;1;;;;;
30.24;-0.5;-0.5;3.249976;1;Adaptation;15;1;;;;;
30.26;-0.5;-0.5;3.942928;1;Adaptation;15;1;;;;;
30.28;-0.5;-0.5;5.523897;1;Adaptation;15;1;;;;;
30.3;-0.5;-0.5;3.680659;1;Adaptation;15;1;;;;;
30.32;0;0.125;4.697507;1;Adaptation;15;1;;;;;
30.34;-0.5;-0.5;5.296755;1;Adaptation;15;1;;;;;
30.36;-0.5;-0.5;3.202652;1;Adaptation;15;1;;;;;
30.38;-0.5;-0.5;4.360433;1;Adaptation;15;1;;;;;
30.4;-2;0.125;2.555421;1;Adaptation;15;1;;;;;
30.42;-0.5;-0.5;5.051051;1;Adaptation;15;1;;;;;
30.44;-0.5;-0.5;4.419935;1;Adaptation;15;1;;;;;
30.46;-0.5;-0.5;3.440798;1;Adaptation;15;1;;;;;
30.48;-0.5;-0.5;4.643521;1;Adaptation;15;1;;;;;
30.5;-0.5;-0.5;2.802622;1;Adaptation;15;1;;;;;
30.52;-0.5;-0.5;3.159631;1;Adaptation;15;1;;;;;
30.54;-0.5;-0.5;3.891333;1;Adaptation;15;1;;;;;
30.56;-0.5;-0.5;2.176654;1;Adaptation;15;1;;;;;
30.58;-0.5;-0.5;3.24626;1;Adaptation;15;1;;;;;
30.6;2;0.125;3.779185;1;Adaptation;15;1;;;;;
30.62;-0.5;-0.5;4.768615;1;Adaptation;15;1;;;;;
30.64;-2;0;2.718229;1;Adaptation;15;1;;;;;
;;;;;;;;;;;;
