time;pos_x_right;pos_y_right;dil_right;pos_x_left;pos_y_left;dil_left;brightness;state;fov;trial;;
0;-0.5;-0.5;5.148542;1;Adaptation;15;1;;;;;
0.02;-0.5;-0.5;2.540812;1;Adaptation;15;1;;;;;
0.04;-0.5;-0.5;5.359456;1;Adaptation;15;1;;;;;
0.06;-0.5;-0.5;5.454683;1;Adaptation;15;1;;;;;
0.08;-0.5;-0.5;5.923263;1;Adaptation;15;1;;;;;
0.09999999;-0.5;-0.5;4.795622;1;Adaptation;15;1;;;;;
0.12;-0.5;-0.5;2.16222;1;Adaptation;15;1;;;;;
0.14;-0.5;-0.5;3.253552;1;Adaptation;15;1;;;;;
0.16;-0.5;-0.5;3.919812;1;Adaptation;15;1;;;;;
0.18;-0.5;-0.5;2.383596;1;Adaptation;15;1;;;;;
0.2;-0.5;-0.5;2.332016;1;Adaptation;15;1;;;;;
0.22;-0.5;-0.5;3.743563;1;Adaptation;15;1;;;;;
0.24;-0.5;-0.5;2.052088;1;Adaptation;15;1;;;;;
0.26;-0.5;-0.5;2.63899;1;Adaptation;15;1;;;;;
0.28;-0.5;-0.5;5.921375;1;Adaptation;15;1;;;;;
0.3;-0.5;-0.5;4.149048;1;Adaptation;15;1;;;;;
0.32;-0.5;-0.5;2.300835;1;Adaptation;15;1;;;;;
0.34;-0.5;-0.5;4.3256;1;Adaptation;15;1;;;;;
0.36;-0.5;-0.5;3.587918;1;Adaptation;15;1;;;;;
0.38;-0.5;-0.5;3.069657;1;Adaptation;15;1;;;;;
0.4;-0.5;-0.5;4.101558;1;Adaptation;15;1;;;;;
0.42;-0.5;-0.5;4.773816;1;Adaptation;15;1;;;;;
0.44;-0.5;-0.5;3.557253;1;Adaptation;15;1;;;;;
0.46;2;-0.125;4.925831;1;Adaptation;15;1;;;;;
0.48;-0.5;-0.5;3.500816;1;Adaptation;15;1;;;;;
0.5;-0.5;-0.5;2.188928;1;Adaptation;15;1;;;;;
0.52;-0.5;-0.5;4.712562;1;Adaptation;15;1;;;;;
0.54;-0.5;-0.5;2.480149;1;Adaptation;15;1;;;;;
0.56;-0.5;-0.5;4.921901;1;Adaptation;15;1;;;;;
0.58;0;-0.25;2.807987;1;Adaptation;15;1;;;;;
0.6;0;0.125;2.447332;1;Adaptation;15;1;;;;;
0.62;-0.5;-0.5;2.863045;1;Adaptation;15;1;;;;;
0.64;-0.5;-0.5;5.876847;1;Adaptation;15;1;;;;;
0.66;-0.5;-0.5;4.75928;1;Adaptation;15;1;;;;;
0.68;-0.5;-0.5;2.615026;1;Adaptation;15;1;;;;;
0.7;2;0;3.476918;1;Adaptation;15;1;;;;;
0.72;0;-0.25;4.054082;1;Adaptation;15;1;;;;;
0.74;-0.5;-0.5;3.635121;1;Adaptation;15;1;;;;;
0.76;0;0.25;4.621927;1;Adaptation;15;1;;;;;
0.78;-0.5;-0.5;4.547798;1;Adaptation;15;1;;;;;
0.8;-0.5;-0.5;2.063916;1;Adaptation;15;1;;;;;
0.82;-0.5;-0.5;2.580854;1;Adaptation;15;1;;;;;
0.84;-0.5;-0.5;2.950774;1;Adaptation;15;1;;;;;
0.86;2;-0.125;2.370286;1;Adaptation;15;1;;;;;
0.88;-0.5;-0.5;2.868762;1;Adaptation;15;1;;;;;
0.9;-0.5;-0.5;3.000435;1;Adaptation;15;1;;;;;
0.92;-0.5;-0.5;3.922036;1;Adaptation;15;1;;;;;
0.94;0;-0.25;5.149091;1;Adaptation;15;1;;;;;
0.96;-0.5;-0.5;4.085552;1;Adaptation;15;1;;;;;
0.98;-0.5;-0.5;5.220772;1;Adaptation;15;1;;;;;
1;-0.5;-0.5;2.365158;1;Adaptation;15;1;;;;;
1.02;-0.5;-0.5;5.553047;1;Adaptation;15;1;;;;;
1.04;2;0;4.476027;1;Adaptation;15;1;;;;;
1.06;-2;0.125;5.302843;1;Adaptation;15;1;;;;;
1.08;0;0;2.606483;1;Adaptation;15;1;;;;;
1.1;0;0.125;5.765685;1;Adaptation;15;1;;;;;
1.12;-0.5;-0.5;3.264768;1;Adaptation;15;1;;;;;
1.14;0;0;5.854087;1;Adaptation;15;1;;;;;
1.16;-0.5;-0.5;5.618509;1;Adaptation;15;1;;;;;
1.18;-0.5;-0.5;5.211038;1;Adaptation;15;1;;;;;
1.2;-0.5;-0.5;2.279836;1;Adaptation;15;1;;;;;
1.22;-0.5;-0.5;2.125741;1;Adaptation;15;1;;;;;
1.24;-0.5;-0.5;4.931464;1;Adaptation;15;1;;;;;
1.26;-0.5;-0.5;2.965694;1;Adaptation;15;1;;;;;
1.28;0;0;5.707488;1;Adaptation;15;1;;;;;
1.3;-0.5;-0.5;4.033021;1;Adaptation;15;1;;;;;
1.32;-0.5;-0.5;5.114012;1;Adaptation;15;1;;;;;
1.34;-0.5;-0.5;2.124259;1;Adaptation;15;1;;;;;
1.36;-0.5;-0.5;2.132617;1;Adaptation;15;1;;;;;
1.38;0;0.125;5.167024;1;Adaptation;15;1;;;;;
1.4;-0.5;-0.5;2.303628;1;Adaptation;15;1;;;;;
1.42;-0.5;-0.5;4.851294;1;Adaptation;15;1;;;;;
1.44;-0.5;-0.5;2.983791;1;Adaptation;15;1;;;;;
1.46;-0.5;-0.5;3.496641;1;Adaptation;15;1;;;;;
1.48;0;-0.125;2.110149;1;Adaptation;15;1;;;;;
1.5;-0.5;-0.5;4.190575;1;Adaptation;15;1;;;;;
1.52;-0.5;-0.5;5.302329;1;Adaptation;15;1;;;;;
1.54;-2;0.25;5.032043;1;Adaptation;15;1;;;;;
1.56;-0.5;-0.5;5.995125;1;Adaptation;15;1;;;;;
1.58;-0.5;-0.5;5.839962;1;Adaptation;15;1;;;;;
1.6;-0.5;-0.5;2.761764;1;Adaptation;15;1;;;;;
1.62;-0.5;-0.5;5.124618;1;Adaptation;15;1;;;;;
1.64;-0.5;-0.5;3.855685;1;Adaptation;15;1;;;;;
1.66;-0.5;-0.5;5.65631;1;Adaptation;15;1;;;;;
1.68;2;-0.125;5.791806;1;Adaptation;15;1;;;;;
1.7;-0.5;-0.5;2.609261;1;Adaptation;15;1;;;;;
1.72;-0.5;-0.5;3.175952;1;Adaptation;15;1;;;;;
1.74;-2;0;2.007659;1;Adaptation;15;1;;;;;
1.76;-0.5;-0.5;4.633361;1;Adaptation;15;1;;;;;
1.78;-0.5;-0.5;5.438684;1;Adaptation;15;1;;;;;
1.8;-0.5;-0.5;3.561112;1;Adaptation;15;1;;;;;
1.82;-0.5;-0.5;2.787308;1;Adaptation;15;1;;;;;
1.84;-0.5;-0.5;4.698669;1;Adaptation;15;1;;;;;
1.86;-0.5;-0.5;4.953959;1;Adaptation;15;1;;;;;
1.88;0;-0.25;5.054824;1;Adaptation;15;1;;;;;
1.9;-0.5;-0.5;4.790993;1;Adaptation;15;1;;;;;
1.92;-0.5;-0.5;4.643002;1;Adaptation;15;1;;;;;
1.94;-0.5;-0.5;2.880934;1;Adaptation;15;1;;;;;
1.96;-0.5;-0.5;4.765291;1;Adaptation;15;1;;;;;
1.98;-0.5;-0.5;3.635657;1;Adaptation;15;1;;;;;
2;-0.5;-0.5;4.733433;1;Adaptation;15;1;;;;;
2.02;2;0;5.0833;1;Adaptation;15;1;;;;;
2.04;-0.5;-0.5;5.098562;1;Adaptation;15;1;;;;;
2.06;2;-0.125;4.021357;1;Adaptation;15;1;;;;;
2.08;-0.5;-0.5;4.640195;1;Adaptation;15;1;;;;;
2.1;-0.5;-0.5;3.350783;1;Adaptation;15;1;;;;;
2.12;-0.5;-0.5;4.459674;1;Adaptation;15;1;;;;;
2.14;-0.5;-0.5;2.598923;1;Adaptation;15;1;;;;;
2.16;-0.5;-0.5;5.499782;1;Adaptation;15;1;;;;;
2.18;-0.5;-0.5;3.694946;1;Adaptation;15;1;;;;;
2.2;0;-0.25;5.439521;1;Adaptation;15;1;;;;;
2.22;-0.5;-0.5;3.626516;1;Adaptation;15;1;;;;;
2.24;-0.5;-0.5;4.918729;1;Adaptation;15;1;;;;;
2.26;-0.5;-0.5;3.327551;1;Adaptation;15;1;;;;;
2.28;-0.5;-0.5;3.435756;1;Adaptation;15;1;;;;;
2.3;-0.5;-0.5;3.189527;1;Adaptation;15;1;;;;;
2.32;-0.5;-0.5;5.907252;1;Adaptation;15;1;;;;;
2.34;-0.5;-0.5;3.559426;1;Adaptation;15;1;;;;;
2.36;-0.5;-0.5;2.254804;1;Adaptation;15;1;;;;;
2.38;-0.5;-0.5;5.843878;1;Adaptation;15;1;;;;;
2.4;-0.5;-0.5;4.556418;1;Adaptation;15;1;;;;;
2.42;0;0;5.172645;1;Adaptation;15;1;;;;;
2.44;0;0.125;4.377982;1;Adaptation;15;1;;;;;
2.46;-0.5;-0.5;4.58043;1;Adaptation;15;1;;;;;
2.48;-0.5;-0.5;3.060594;1;Adaptation;15;1;;;;;
2.5;0;0;2.158479;1;Adaptation;15;1;;;;;
2.52;-0.5;-0.5;5.624743;1;Adaptation;15;1;;;;;
2.54;-0.5;-0.5;3.586795;1;Adaptation;15;1;;;;;
2.56;-0.5;-0.5;5.303264;1;Adaptation;15;1;;;;;
2.58;-0.5;-0.5;5.585621;1;Adaptation;15;1;;;;;
2.6;-0.5;-0.5;3.039048;1;Adaptation;15;1;;;;;
2.62;-0.5;-0.5;3.073953;1;Adaptation;15;1;;;;;
2.64;-0.5;-0.5;2.368108;1;Adaptation;15;1;;;;;
2.66;-0.5;-0.5;2.975067;1;Adaptation;15;1;;;;;
2.68;-0.5;-0.5;4.318858;1;Adaptation;15;1;;;;;
2.7;-0.5;-0.5;2.751078;1;Adaptation;15;1;;;;;
2.72;-0.5;-0.5;3.120174;1;Adaptation;15;1;;;;;
2.74;0;0;3.264392;1;Adaptation;15;1;;;;;
2.76;-0.5;-0.5;3.075771;1;Adaptation;15;1;;;;;
2.78;-0.5;-0.5;3.709436;1;Adaptation;15;1;;;;;
2.8;-0.5;-0.5;2.850502;1;Adaptation;15;1;;;;;
2.82;-0.5;-0.5;4.831661;1;Adaptation;15;1;;;;;
2.84;-0.5;-0.5;2.760248;1;Adaptation;15;1;;;;;
2.86;-0.5;-0.5;5.905577;1;Adaptation;15;1;;;;;
2.88;-0.5;-0.5;5.250819;1;Adaptation;15;1;;;;;
2.9;-0.5;-0.5;5.077785;1;Adaptation;15;1;;;;;
2.92;-0.5;-0.5;2.856029;1;Adaptation;15;1;;;;;
2.94;-0.5;-0.5;5.158279;1;Adaptation;15;1;;;;;
2.96;-0.5;-0.5;4.435169;1;Adaptation;15;1;;;;;
2.98;-0.5;-0.5;4.492454;1;Adaptation;15;1;;;;;
3;-0.5;-0.5;5.610119;1;Adaptation;15;1;;;;;
3.02;-0.5;-0.5;5.300666;1;Adaptation;15;1;;;;;
3.04;-0.5;-0.5;5.276688;1;Adaptation;15;1;;;;;
3.06;-0.5;-0.5;4.735557;1;Adaptation;15;1;;;;;
3.08;-0.5;-0.5;2.946493;1;Adaptation;15;1;;;;;
3.1;-0.5;-0.5;3.916822;1;Adaptation;15;1;;;;;
3.12;0;-0.125;4.1658;1;Adaptation;15;1;;;;;
3.14;-2;-0.125;4.67038;1;Adaptation;15;1;;;;;
3.16;0;0;2.203407;1;Adaptation;15;1;;;;;
3.18;-0.5;-0.5;5.714519;1;Adaptation;15;1;;;;;
3.2;-2;-0.25;2.48209;1;Adaptation;15;1;;;;;
3.22;-0.5;-0.5;4.387281;1;Adaptation;15;1;;;;;
3.24;-0.5;-0.5;4.914564;1;Adaptation;15;1;;;;;
3.26;-0.5;-0.5;4.220304;1;Adaptation;15;1;;;;;
3.28;-0.5;-0.5;4.761379;1;Adaptation;15;1;;;;;
3.3;-0.5;-0.5;3.530061;1;Adaptation;15;1;;;;;
3.32;-0.5;-0.5;5.185702;1;Adaptation;15;1;;;;;
3.34;-0.5;-0.5;5.667428;1;Adaptation;15;1;;;;;
3.36;-0.5;-0.5;3.255636;1;Adaptation;15;1;;;;;
3.38;-0.5;-0.5;2.41465;1;Adaptation;15;1;;;;;
3.4;-0.5;-0.5;5.696815;1;Adaptation;15;1;;;;;
3.42;-0.5;-0.5;5.275245;1;Adaptation;15;1;;;;;
3.44;-2;-0.25;2.261447;1;Adaptation;15;1;;;;;
3.46;0;-0.125;2.431428;1;Adaptation;15;1;;;;;
3.48;-0.5;-0.5;5.673935;1;Adaptation;15;1;;;;;
3.5;-0.5;-0.5;3.882946;1;Adaptation;15;1;;;;;
3.52;-0.5;-0.5;4.809342;1;Adaptation;15;1;;;;;
3.54;-0.5;-0.5;4.815494;1;Adaptation;15;1;;;;;
3.56;-0.5;-0.5;3.479229;1;Adaptation;15;1;;;;;
3.58;2;0;5.138695;1;Adaptation;15;1;;;;;
3.6;-0.5;-0.5;2.582007;1;Adaptation;15;1;;;;;
3.62;-0.5;-0.5;4.583211;1;Adaptation;15;1;;;;;
3.64;-0.5;-0.5;4.17491;1;Adaptation;15;1;;;;;
3.66;-0.5;-0.5;5.043564;1;Adaptation;15;1;;;;;
3.68;0;-0.25;5.852781;1;Adaptation;15;1;;;;;
3.7;-0.5;-0.5;4.562882;1;Adaptation;15;1;;;;;
3.72;-0.5;-0.5;2.406826;1;Adaptation;15;1;;;;;
3.74;-0.5;-0.5;2.966006;1;Adaptation;15;1;;;;;
3.76;-0.5;-0.5;5.490539;1;Adaptation;15;1;;;;;
3.78;-0.5;-0.5;5.721753;1;Adaptation;15;1;;;;;
3.8;-0.5;-0.5;4.699062;1;Adaptation;15;1;;;;;
3.82;0;0.375;4.260957;1;Adaptation;15;1;;;;;
3.84;-0.5;-0.5;2.573481;1;Adaptation;15;1;;;;;
3.86;-0.5;-0.5;5.265091;1;Adaptation;15;1;;;;;
3.88;2;0.25;2.223965;1;Adaptation;15;1;;;;;
3.9;-0.5;-0.5;2.872068;1;Adaptation;15;1;;;;;
3.92;-2;0.25;3.604773;1;Adaptation;15;1;;;;;
3.94;-0.5;-0.5;5.288659;1;Adaptation;15;1;;;;;
3.96;-0.5;-0.5;2.053703;1;Adaptation;15;1;;;;;
3.98;-0.5;-0.5;5.89022;1;Adaptation;15;1;;;;;
4;-0.5;-0.5;5.825445;1;Adaptation;15;1;;;;;
4.02;-0.5;-0.5;4.761415;1;Adaptation;15;1;;;;;
4.04;0;-0.375;4.62677;1;Adaptation;15;1;;;;;
4.06;0;-0.125;4.476784;1;Adaptation;15;1;;;;;
4.08;0;0.125;3.180769;1;Adaptation;15;1;;;;;
4.1;-2;-0.125;5.173305;1;Adaptation;15;1;;;;;
4.12;-0.5;-0.5;4.279911;1;Adaptation;15;1;;;;;
4.14;-0.5;-0.5;5.845345;1;Adaptation;15;1;;;;;
;;;;;;;;;;;;
