time;pos_x_right;pos_y_right;dil_right;pos_x_left;pos_y_left;dil_left;brightness;state;fov;trial;;
0;0;0;2.4388;1;Adaptation;15;1;;;;;
0.02;0;0;3.269948;1;Adaptation;15;1;;;;;
0.04;-0.5;-0.5;3.859742;1;Adaptation;15;1;;;;;
0.06;-0.5;-0.5;2.502385;1;Adaptation;15;1;;;;;
0.08;-0.5;-0.5;3.513995;1;Adaptation;15;1;;;;;
0.09999999;-0.5;-0.5;5.232679;1;Adaptation;15;1;;;;;
0.12;-0.5;-0.5;4.293118;1;Adaptation;15;1;;;;;
0.14;-0.5;-0.5;2.448553;1;Adaptation;15;1;;;;;
0.16;-0.5;-0.5;3.09938;1;Adaptation;15;1;;;;;
0.18;-0.5;-0.5;4.961068;1;Adaptation;15;1;;;;;
0.2;-0.5;-0.5;4.833878;1;Adaptation;15;1;;;;;
0.22;-0.5;-0.5;5.429495;1;Adaptation;15;1;;;;;
0.24;-0.5;-0.5;3.902254;1;Adaptation;15;1;;;;;
0.26;-0.5;-0.5;2.088054;1;Adaptation;15;1;;;;;
0.28;-0.5;-0.5;4.775767;1;Adaptation;15;1;;;;;
0.3;-0.5;-0.5;3.915698;1;Adaptation;15;1;;;;;
0.32;-0.5;-0.5;5.975955;1;Adaptation;15;1;;;;;
0.34;-0.5;-0.5;2.202314;1;Adaptation;15;1;;;;;
0.36;-0.5;-0.5;3.356623;1;Adaptation;15;1;;;;;
0.38;-0.5;-0.5;4.212523;1;Adaptation;15;1;;;;;
0.4;-0.5;-0.5;3.000237;1;Adaptation;15;1;;;;;
0.42;-0.5;-0.5;5.217709;1;Adaptation;15;1;;;;;
0.44;-0.5;-0.5;3.41123;1;Adaptation;15;1;;;;;
0.46;-0.5;-0.5;3.092812;1;Adaptation;15;1;;;;;
0.48;0;-0.0625;5.668811;1;Adaptation;15;1;;;;;
0.5;-0.5;-0.5;5.001932;1;Adaptation;15;1;;;;;
0.52;-0.5;-0.5;4.36652;1;Adaptation;15;1;;;;;
0.54;-0.5;-0.5;5.918466;1;Adaptation;15;1;;;;;
0.56;-0.5;-0.5;4.406075;1;Adaptation;15;1;;;;;
0.58;-0.5;-0.5;5.827644;1;Adaptation;15;1;;;;;
0.6;-0.5;-0.5;3.573519;1;Adaptation;15;1;;;;;
0.62;-0.5;-0.5;5.47209;1;Adaptation;15;1;;;;;
0.64;-0.5;-0.5;4.123877;1;Adaptation;15;1;;;;;
0.66;-0.5;-0.5;4.714538;1;Adaptation;15;1;;;;;
0.68;-0.5;-0.5;5.996674;1;Adaptation;15;1;;;;;
0.7;-0.5;-0.5;2.281255;1;Adaptation;15;1;;;;;
0.72;-0.5;-0.5;2.62527;1;Adaptation;15;1;;;;;
0.74;-0.5;-0.5;2.444013;1;Adaptation;15;1;;;;;
0.76;0;0;3.289061;1;Adaptation;15;1;;;;;
0.78;-0.5;-0.5;3.52692;1;Adaptation;15;1;;;;;
0.8;-0.5;-0.5;3.531163;1;Adaptation;15;1;;;;;
0.82;0;-0.25;3.863815;1;Adaptation;15;1;;;;;
0.84;-0.5;-0.5;3.199035;1;Adaptation;15;1;;;;;
0.86;-0.5;-0.5;2.123234;1;Adaptation;15;1;;;;;
0.88;-0.5;-0.5;5.543027;1;Adaptation;15;1;;;;;
0.9;0;-0.1875;5.903557;1;Adaptation;15;1;;;;;
0.92;-0.5;-0.5;3.382461;1;Adaptation;15;1;;;;;
0.94;-0.5;-0.5;2.796597;1;Adaptation;15;1;;;;;
0.96;-0.5;-0.5;2.800182;1;Adaptation;15;1;;;;;
0.98;-0.5;-0.5;2.795372;1;Adaptation;15;1;;;;;
1;2;0.125;4.245257;1;Adaptation;15;1;;;;;
1.02;-0.5;-0.5;2.259119;1;Adaptation;15;1;;;;;
1.04;-0.5;-0.5;3.091413;1;Adaptation;15;1;;;;;
1.06;-0.5;-0.5;5.53519;1;Adaptation;15;1;;;;;
1.08;-0.5;-0.5;2.756451;1;Adaptation;15;1;;;;;
1.1;0;0.125;4.798983;1;Adaptation;15;1;;;;;
1.12;-0.5;-0.5;2.613466;1;Adaptation;15;1;;;;;
1.14;-0.5;-0.5;2.121182;1;Adaptation;15;1;;;;;
1.16;-0.5;-0.5;5.576099;1;Adaptation;15;1;;;;;
1.18;-0.5;-0.5;3.415948;1;Adaptation;15;1;;;;;
1.2;-0.5;-0.5;3.29123;1;Adaptation;15;1;;;;;
1.22;-0.5;-0.5;3.308344;1;Adaptation;15;1;;;;;
1.24;-0.5;-0.5;3.207275;1;Adaptation;15;1;;;;;
1.26;0;0.0625;4.873563;1;Adaptation;15;1;;;;;
1.28;-0.5;-0.5;2.301799;1;Adaptation;15;1;;;;;
1.3;-0.5;-0.5;4.8624;1;Adaptation;15;1;;;;;
1.32;-0.5;-0.5;3.08989;1;Adaptation;15;1;;;;;
1.34;0;0;4.594099;1;Adaptation;15;1;;;;;
1.36;-0.5;-0.5;5.95973;1;Adaptation;15;1;;;;;
1.38;-0.5;-0.5;3.773535;1;Adaptation;15;1;;;;;
1.4;0;0.125;3.656285;1;Adaptation;15;1;;;;;
1.42;0;0.125;2.682777;1;Adaptation;15;1;;;;;
1.44;-0.5;-0.5;2.778697;1;Adaptation;15;1;;;;;
1.46;-0.5;-0.5;2.379612;1;Adaptation;15;1;;;;;
1.48;-0.5;-0.5;2.463584;1;Adaptation;15;1;;;;;
1.5;-0.5;-0.5;4.917167;1;Adaptation;15;1;;;;;
1.52;-0.5;-0.5;5.413687;1;Adaptation;15;1;;;;;
1.54;-2;0.25;3.395053;1;Adaptation;15;1;;;;;
1.56;-0.5;-0.5;4.103168;1;Adaptation;15;1;;;;;
1.58;-0.5;-0.5;3.827;1;Adaptation;15;1;;;;;
1.6;-0.5;-0.5;3.324341;1;Adaptation;15;1;;;;;
1.62;2;-0.0625;4.382209;1;Adaptation;15;1;;;;;
1.64;-0.5;-0.5;5.203412;1;Adaptation;15;1;;;;;
1.66;-0.5;-0.5;5.900294;1;Adaptation;15;1;;;;;
1.68;-0.5;-0.5;5.822759;1;Adaptation;15;1;;;;;
1.7;-0.5;-0.5;5.363925;1;Adaptation;15;1;;;;;
1.72;-0.5;-0.5;5.933712;1;Adaptation;15;1;;;;;
1.74;-2;0.125;4.271188;1;Adaptation;15;1;;;;;
1.76;-0.5;-0.5;3.895216;1;Adaptation;15;1;;;;;
1.78;-0.5;-0.5;3.894648;1;Adaptation;15;1;;;;;
1.8;-0.5;-0.5;5.875665;1;Adaptation;15;1;;;;;
1.82;0;0;3.487322;1;Adaptation;15;1;;;;;
1.84;2;-0.125;3.677642;1;Adaptation;15;1;;;;;
1.86;-0.5;-0.5;2.169769;1;Adaptation;15;1;;;;;
1.88;0;-0.0625;4.714593;1;Adaptation;15;1;;;;;
1.9;0;-0.25;4.717712;1;Adaptation;15;1;;;;;
1.92;-0.5;-0.5;5.066919;1;Adaptation;15;1;;;;;
1.94;-0.5;-0.5;2.583861;1;Adaptation;15;1;;;;;
1.96;-0.5;-0.5;3.968746;1;Adaptation;15;1;;;;;
1.98;-0.5;-0.5;2.30671;1;Adaptation;15;1;;;;;
2;-0.5;-0.5;3.252137;1;Adaptation;15;1;;;;;
2.02;-0.5;-0.5;4.632176;1;Adaptation;15;1;;;;;
2.04;0;-0.25;5.033513;1;Adaptation;15;1;;;;;
2.06;-0.5;-0.5;2.95962;1;Adaptation;15;1;;;;;
2.08;-0.5;-0.5;5.540627;1;Adaptation;15;1;;;;;
2.1;-0.5;-0.5;2.252465;1;Adaptation;15;1;;;;;
2.12;0;-0.0625;3.354838;1;Adaptation;15;1;;;;;
2.14;0;-0.0625;2.378441;1;Adaptation;15;1;;;;;
2.16;-0.5;-0.5;4.123601;1;Adaptation;15;1;;;;;
2.18;0;0.3125;3.654661;1;Adaptation;15;1;;;;;
2.2;-0.5;-0.5;3.668491;1;Adaptation;15;1;;;;;
2.22;0;0.1875;4.479851;1;Adaptation;15;1;;;;;
2.24;-0.5;-0.5;5.600186;1;Adaptation;15;1;;;;;
2.26;-0.5;-0.5;5.360219;1;Adaptation;15;1;;;;;
2.28;-0.5;-0.5;4.431343;1;Adaptation;15;1;;;;;
2.3;-0.5;-0.5;3.975059;1;Adaptation;15;1;;;;;
2.32;-0.5;-0.5;2.269078;1;Adaptation;15;1;;;;;
2.34;-2;-0.25;2.677113;1;Adaptation;15;1;;;;;
2.36;-0.5;-0.5;2.216499;1;Adaptation;15;1;;;;;
2.38;-2;0.1875;2.099468;1;Adaptation;15;1;;;;;
2.4;-0.5;-0.5;3.596179;1;Adaptation;15;1;;;;;
2.42;-0.5;-0.5;5.822399;1;Adaptation;15;1;;;;;
2.44;-0.5;-0.5;3.261545;1;Adaptation;15;1;;;;;
2.46;2;0.0625;3.96328;1;Adaptation;15;1;;;;;
2.48;-2;0.1875;2.833099;1;Adaptation;15;1;;;;;
2.5;0;0.0625;3.737968;1;Adaptation;15;1;;;;;
2.52;-0.5;-0.5;4.975064;1;Adaptation;15;1;;;;;
2.54;-0.5;-0.5;4.53519;1;Adaptation;15;1;;;;;
2.56;-0.5;-0.5;2.441353;1;Adaptation;15;1;;;;;
2.58;-0.5;-0.5;2.632448;1;Adaptation;15;1;;;;;
2.6;-0.5;-0.5;3.272342;1;Adaptation;15;1;;;;;
2.62;-2;0;2.940967;1;Adaptation;15;1;;;;;
2.64;-0.5;-0.5;2.400879;1;Adaptation;15;1;;;;;
2.66;-0.5;-0.5;5.792982;1;Adaptation;15;1;;;;;
2.68;0;-0.0625;3.816333;1;Adaptation;15;1;;;;;
2.7;0;0;2.327674;1;Adaptation;15;1;;;;;
2.72;-0.5;-0.5;4.155715;1;Adaptation;15;1;;;;;
2.74;-0.5;-0.5;5.428432;1;Adaptation;15;1;;;;;
2.76;0;-0.0625;2.634671;1;Adaptation;15;1;;;;;
2.78;-0.5;-0.5;5.823802;1;Adaptation;15;1;;;;;
2.8;-2;-0.125;4.34828;1;Adaptation;15;1;;;;;
2.82;2;0;3.368366;1;Adaptation;15;1;;;;;
2.84;-0.5;-0.5;4.453838;1;Adaptation;15;1;;;;;
2.86;-0.5;-0.5;4.511683;1;Adaptation;15;1;;;;;
2.88;-0.5;-0.5;4.80252;1;Adaptation;15;1;;;;;
2.9;0;-0.0625;4.698962;1;Adaptation;15;1;;;;;
2.92;-0.5;-0.5;4.24621;1;Adaptation;15;1;;;;;
2.94;-0.5;-0.5;2.028236;1;Adaptation;15;1;;;;;
2.96;-0.5;-0.5;3.085819;1;Adaptation;15;1;;;;;
2.98;-0.5;-0.5;4.970051;1;Adaptation;15;1;;;;;
3;-0.5;-0.5;2.931915;1;Adaptation;15;1;;;;;
3.02;-0.5;-0.5;3.560094;1;Adaptation;15;1;;;;;
3.04;-0.5;-0.5;2.41575;1;Adaptation;15;1;;;;;
3.06;0;0;5.952976;1;Adaptation;15;1;;;;;
3.08;-0.5;-0.5;5.990177;1;Adaptation;15;1;;;;;
3.1;-0.5;-0.5;4.24661;1;Adaptation;15;1;;;;;
3.12;-2;-0.0625;3.084218;1;Adaptation;15;1;;;;;
3.14;2;-0.0625;3.006555;1;Adaptation;15;1;;;;;
3.16;0;-0.0625;2.859186;1;Adaptation;15;1;;;;;
3.18;-0.5;-0.5;2.332954;1;Adaptation;15;1;;;;;
3.2;-0.5;-0.5;3.249548;1;Adaptation;15;1;;;;;
3.22;-0.5;-0.5;5.13459;1;Adaptation;15;1;;;;;
3.24;-0.5;-0.5;5.827553;1;Adaptation;15;1;;;;;
3.26;0;0;4.216968;1;Adaptation;15;1;;;;;
3.28;0;0;5.306356;1;Adaptation;15;1;;;;;
3.3;-0.5;-0.5;2.960483;1;Adaptation;15;1;;;;;
3.32;-0.5;-0.5;5.260952;1;Adaptation;15;1;;;;;
3.34;-0.5;-0.5;5.599646;1;Adaptation;15;1;;;;;
3.36;-0.5;-0.5;5.006431;1;Adaptation;15;1;;;;;
3.38;0;0.125;3.611808;1;Adaptation;15;1;;;;;
3.4;-0.5;-0.5;5.415833;1;Adaptation;15;1;;;;;
3.42;-0.5;-0.5;4.72376;1;Adaptation;15;1;;;;;
3.44;-0.5;-0.5;2.758915;1;Adaptation;15;1;;;;;
3.46;-0.5;-0.5;5.462606;1;Adaptation;15;1;;;;;
3.48;-0.5;-0.5;2.25493;1;Adaptation;15;1;;;;;
3.5;-0.5;-0.5;5.393486;1;Adaptation;15;1;;;;;
3.52;-0.5;-0.5;4.289472;1;Adaptation;15;1;;;;;
3.54;0;-0.125;2.896295;1;Adaptation;15;1;;;;;
3.56;-0.5;-0.5;4.553479;1;Adaptation;15;1;;;;;
3.58;-2;0.25;4.896117;1;Adaptation;15;1;;;;;
3.6;-0.5;-0.5;2.814064;1;Adaptation;15;1;;;;;
3.62;-0.5;-0.5;4.361752;1;Adaptation;15;1;;;;;
3.64;-0.5;-0.5;3.121544;1;Adaptation;15;1;;;;;
3.66;-0.5;-0.5;2.134347;1;Adaptation;15;1;;;;;
3.68;-0.5;-0.5;3.234562;1;Adaptation;15;1;;;;;
3.7;-0.5;-0.5;2.544756;1;Adaptation;15;1;;;;;
3.72;-0.5;-0.5;2.401469;1;Adaptation;15;1;;;;;
3.74;-0.5;-0.5;2.367011;1;Adaptation;15;1;;;;;
3.76;-0.5;-0.5;5.395358;1;Adaptation;15;1;;;;;
3.78;-0.5;-0.5;3.062903;1;Adaptation;15;1;;;;;
3.8;-0.5;-0.5;4.039148;1;Adaptation;15;1;;;;;
3.82;-0.5;-0.5;3.244236;1;Adaptation;15;1;;;;;
3.84;-0.5;-0.5;2.045989;1;Adaptation;15;1;;;;;
3.86;-0.5;-0.5;3.763344;1;Adaptation;15;1;;;;;
3.88;-0.5;-0.5;3.475719;1;Adaptation;15;1;;;;;
3.9;-0.5;-0.5;3.436063;1;Adaptation;15;1;;;;;
3.92;-0.5;-0.5;5.738137;1;Adaptation;15;1;;;;;
3.94;-0.5;-0.5;2.011133;1;Adaptation;15;1;;;;;
3.96;-0.5;-0.5;2.222756;1;Adaptation;15;1;;;;;
3.98;0;0.25;2.203829;1;Adaptation;15;1;;;;;
4;-0.5;-0.5;2.648211;1;Adaptation;15;1;;;;;
4.02;0;0.0625;2.316752;1;Adaptation;15;1;;;;;
4.04;0;0.0625;5.939071;1;Adaptation;15;1;;;;;
4.06;-0.5;-0.5;4.035862;1;Adaptation;15;1;;;;;
4.08;-2;0;2.708695;1;Adaptation;15;1;;;;;
4.1;2;-0.0625;2.0924;1;Adaptation;15;1;;;;;
4.12;-0.5;-0.5;5.097914;1;Adaptation;15;1;;;;;
4.14;-0.5;-0.5;2.401766;1;Adaptation;15;1;;;;;
4.16;-0.5;-0.5;3.324832;1;Adaptation;15;1;;;;;
4.18;-2;-0.125;2.989472;1;Adaptation;15;1;;;;;
4.2;-0.5;-0.5;5.19796;1;Adaptation;15;1;;;;;
4.22;-0.5;-0.5;3.846203;1;Adaptation;15;1;;;;;
4.24;0;-0.125;3.603777;1;Adaptation;15;1;;;;;
4.26;-0.5;-0.5;2.319726;1;Adaptation;15;1;;;;;
4.28;-0.5;-0.5;4.358952;1;Adaptation;15;1;;;;;
4.3;0;0.0625;4.357056;1;Adaptation;15;1;;;;;
4.32;0;-0.0625;4.222425;1;Adaptation;15;1;;;;;
4.34;2;0.1875;2.721364;1;Adaptation;15;1;;;;;
4.36;-0.5;-0.5;3.091238;1;Adaptation;15;1;;;;;
4.38;-0.5;-0.5;4.777787;1;Adaptation;15;1;;;;;
4.4;0;0.125;4.423255;1;Adaptation;15;1;;;;;
4.42;2;0.0625;5.868778;1;Adaptation;15;1;;;;;
4.44;-0.5;-0.5;2.076046;1;Adaptation;15;1;;;;;
4.46;-0.5;-0.5;4.798222;1;Adaptation;15;1;;;;;
4.48;-0.5;-0.5;2.240298;1;Adaptation;15;1;;;;;
4.5;-2;0.1875;4.190865;1;Adaptation;15;1;;;;;
4.52;-0.5;-0.5;5.455398;1;Adaptation;15;1;;;;;
4.54;-0.5;-0.5;2.991904;1;Adaptation;15;1;;;;;
4.56;-0.5;-0.5;5.3349;1;Adaptation;15;1;;;;;
4.58;0;0;5.917447;1;Adaptation;15;1;;;;;
4.6;-0.5;-0.5;4.248549;1;Adaptation;15;1;;;;;
4.62;0;-0.1875;3.24067;1;Adaptation;15;1;;;;;
4.64;0;0.1875;5.901739;1;Adaptation;15;1;;;;;
4.66;0;-0.25;3.652307;1;Adaptation;15;1;;;;;
4.68;-0.5;-0.5;5.584337;1;Adaptation;15;1;;;;;
4.7;-0.5;-0.5;3.44921;1;Adaptation;15;1;;;;;
4.72;-0.5;-0.5;2.27744;1;Adaptation;15;1;;;;;
4.74;0;0.25;3.824848;1;Adaptation;15;1;;;;;
4.76;-0.5;-0.5;5.500571;1;Adaptation;15;1;;;;;
4.78;-0.5;-0.5;5.555829;1;Adaptation;15;1;;;;;
4.8;-0.5;-0.5;4.023879;1;Adaptation;15;1;;;;;
4.82;-0.5;-0.5;3.722223;1;Adaptation;15;1;;;;;
4.84;-0.5;-0.5;3.683833;1;Adaptation;15;1;;;;;
4.86;0;-0.125;5.762773;1;Adaptation;15;1;;;;;
4.88;-0.5;-0.5;5.309687;1;Adaptation;15;1;;;;;
4.9;-0.5;-0.5;4.367388;1;Adaptation;15;1;;;;;
4.92;-0.5;-0.5;5.070898;1;Adaptation;15;1;;;;;
4.94;-0.5;-0.5;5.673297;1;Adaptation;15;1;;;;;
4.96;-0.5;-0.5;3.527506;1;Adaptation;15;1;;;;;
4.98;2;0.0625;4.053371;1;Adaptation;15;1;;;;;
5;-0.5;-0.5;3.554221;1;Adaptation;15;1;;;;;
5.02;-0.5;-0.5;3.576448;1;Adaptation;15;1;;;;;
5.04;-0.5;-0.5;2.252302;1;Adaptation;15;1;;;;;
5.06;-0.5;-0.5;4.86643;1;Adaptation;15;1;;;;;
5.08;-0.5;-0.5;4.108209;1;Adaptation;15;1;;;;;
5.1;0;0;4.7304;1;Adaptation;15;1;;;;;
5.12;-0.5;-0.5;4.110492;1;Adaptation;15;1;;;;;
5.14;-0.5;-0.5;3.631143;1;Adaptation;15;1;;;;;
5.16;-0.5;-0.5;2.187775;1;Adaptation;15;1;;;;;
5.18;-0.5;-0.5;4.727678;1;Adaptation;15;1;;;;;
5.2;-0.5;-0.5;4.151342;1;Adaptation;15;1;;;;;
5.22;-0.5;-0.5;4.680342;1;Adaptation;15;1;;;;;
5.24;-0.5;-0.5;5.681124;1;Adaptation;15;1;;;;;
5.26;-0.5;-0.5;2.877615;1;Adaptation;15;1;;;;;
5.28;-0.5;-0.5;3.087377;1;Adaptation;15;1;;;;;
5.3;-0.5;-0.5;3.815244;1;Adaptation;15;1;;;;;
5.32;-0.5;-0.5;3.643958;1;Adaptation;15;1;;;;;
5.34;-0.5;-0.5;4.28864;1;Adaptation;15;1;;;;;
5.36;-0.5;-0.5;3.125102;1;Adaptation;15;1;;;;;
5.38;-0.5;-0.5;3.056849;1;Adaptation;15;1;;;;;
5.4;-0.5;-0.5;5.138637;1;Adaptation;15;1;;;;;
5.42;-0.5;-0.5;3.093466;1;Adaptation;15;1;;;;;
5.44;-0.5;-0.5;2.188311;1;Adaptation;15;1;;;;;
5.46;-0.5;-0.5;5.891605;1;Adaptation;15;1;;;;;
5.48;-0.5;-0.5;2.771708;1;Adaptation;15;1;;;;;
5.5;-0.5;-0.5;3.113416;1;Adaptation;15;1;;;;;
5.52;-0.5;-0.5;4.284939;1;Adaptation;15;1;;;;;
5.54;0;-0.125;3.479433;1;Adaptation;15;1;;;;;
5.56;0;0.1875;5.068442;1;Adaptation;15;1;;;;;
5.58;-0.5;-0.5;4.753767;1;Adaptation;15;1;;;;;
5.6;-0.5;-0.5;2.986816;1;Adaptation;15;1;;;;;
5.62;-0.5;-0.5;3.092955;1;Adaptation;15;1;;;;;
5.64;-0.5;-0.5;2.394843;1;Adaptation;15;1;;;;;
5.66;-0.5;-0.5;3.182255;1;Adaptation;15;1;;;;;
5.68;-0.5;-0.5;5.206077;1;Adaptation;15;1;;;;;
5.7;-0.5;-0.5;5.305813;1;Adaptation;15;1;;;;;
5.72;-2;0.0625;5.170124;1;Adaptation;15;1;;;;;
5.74;0;0;5.840039;1;Adaptation;15;1;;;;;
5.76;-0.5;-0.5;4.799468;1;Adaptation;15;1;;;;;
5.78;-0.5;-0.5;2.973151;1;Adaptation;15;1;;;;;
5.8;-0.5;-0.5;4.655962;1;Adaptation;15;1;;;;;
5.82;-0.5;-0.5;5.062205;1;Adaptation;15;1;;;;;
5.84;-0.5;-0.5;4.327698;1;Adaptation;15;1;;;;;
5.86;-0.5;-0.5;2.817513;1;Adaptation;15;1;;;;;
5.88;-0.5;-0.5;4.834692;1;Adaptation;15;1;;;;;
5.9;-0.5;-0.5;4.632619;1;Adaptation;15;1;;;;;
5.92;2;-0.0625;2.296947;1;Adaptation;15;1;;;;;
5.94;-0.5;-0.5;4.551783;1;Adaptation;15;1;;;;;
5.96;-0.5;-0.5;2.49126;1;Adaptation;15;1;;;;;
5.98;-0.5;-0.5;4.611521;1;Adaptation;15;1;;;;;
6;-0.5;-0.5;2.775838;1;Adaptation;15;1;;;;;
6.02;-0.5;-0.5;4.085283;1;Adaptation;15;1;;;;;
6.04;0;0.125;4.042494;1;Adaptation;15;1;;;;;
6.06;-0.5;-0.5;2.118813;1;Adaptation;15;1;;;;;
6.08;-0.5;-0.5;2.751413;1;Adaptation;15;1;;;;;
6.1;-0.5;-0.5;3.813968;1;Adaptation;15;1;;;;;
6.12;-0.5;-0.5;4.074246;1;Adaptation;15;1;;;;;
6.14;-0.5;-0.5;5.915509;1;Adaptation;15;1;;;;;
6.16;-0.5;-0.5;4.619533;1;Adaptation;15;1;;;;;
6.18;-0.5;-0.5;5.125424;1;Adaptation;15;1;;;;;
6.2;-0.5;-0.5;2.670218;1;Adaptation;15;1;;;;;
6.22;0;-0.0625;4.549813;1;Adaptation;15;1;;;;;
6.24;-0.5;-0.5;2.36873;1;Adaptation;15;1;;;;;
6.26;-2;-0.1875;3.433821;1;Adaptation;15;1;;;;;
6.28;-0.5;-0.5;5.26535;1;Adaptation;15;1;;;;;
6.3;0;-0.1875;5.299075;1;Adaptation;15;1;;;;;
6.32;-0.5;-0.5;2.661715;1;Adaptation;15;1;;;;;
6.34;0;0.25;4.158821;1;Adaptation;15;1;;;;;
6.36;-0.5;-0.5;5.087061;1;Adaptation;15;1;;;;;
6.38;-0.5;-0.5;3.776075;1;Adaptation;15;1;;;;;
6.4;-0.5;-0.5;3.017499;1;Adaptation;15;1;;;;;
6.42;0;-0.1875;5.808045;1;Adaptation;15;1;;;;;
6.44;-0.5;-0.5;5.618801;1;Adaptation;15;1;;;;;
6.46;0;0.0625;2.244781;1;Adaptation;15;1;;;;;
6.48;-0.5;-0.5;2.509983;1;Adaptation;15;1;;;;;
6.5;0;-0.125;3.945516;1;Adaptation;15;1;;;;;
6.52;0;0;2.146866;1;Adaptation;15;1;;;;;
6.54;2;0.0625;3.254011;1;Adaptation;15;1;;;;;
6.56;0;-0.0625;2.678994;1;Adaptation;15;1;;;;;
6.58;-0.5;-0.5;3.368971;1;Adaptation;15;1;;;;;
6.6;-0.5;-0.5;2.131729;1;Adaptation;15;1;;;;;
6.62;-0.5;-0.5;2.316199;1;Adaptation;15;1;;;;;
6.64;2;0.125;4.182843;1;Adaptation;15;1;;;;;
6.66;2;-0.125;4.555792;1;Adaptation;15;1;;;;;
6.68;0;-0.1875;5.923728;1;Adaptation;15;1;;;;;
6.7;-0.5;-0.5;4.180379;1;Adaptation;15;1;;;;;
6.72;-0.5;-0.5;3.869468;1;Adaptation;15;1;;;;;
6.74;2;0;3.003889;1;Adaptation;15;1;;;;;
6.76;-0.5;-0.5;2.32252;1;Adaptation;15;1;;;;;
6.78;-0.5;-0.5;2.362438;1;Adaptation;15;1;;;;;
6.8;0;-0.0625;4.072361;1;Adaptation;15;1;;;;;
6.82;-0.5;-0.5;4.882127;1;Adaptation;15;1;;;;;
6.84;0;-0.1875;2.630138;1;Adaptation;15;1;;;;;
6.86;-0.5;-0.5;5.873819;1;Adaptation;15;1;;;;;
6.88;-0.5;-0.5;3.143151;1;Adaptation;15;1;;;;;
6.9;-0.5;-0.5;5.9828;1;Adaptation;15;1;;;;;
6.92;0;0.0625;3.399508;1;Adaptation;15;1;;;;;
6.94;-0.5;-0.5;4.071333;1;Adaptation;15;1;;;;;
6.96;-0.5;-0.5;5.996616;1;Adaptation;15;1;;;;;
6.98;0;0;3.213088;1;Adaptation;15;1;;;;;
7;-0.5;-0.5;4.819158;1;Adaptation;15;1;;;;;
7.02;-0.5;-0.5;5.803754;1;Adaptation;15;1;;;;;
7.04;0;0;5.88162;1;Adaptation;15;1;;;;;
7.06;-0.5;-0.5;3.216909;1;Adaptation;15;1;;;;;
7.08;2;0.1875;4.849477;1;Adaptation;15;1;;;;;
7.1;-0.5;-0.5;5.333687;1;Adaptation;15;1;;;;;
7.12;-0.5;-0.5;4.494643;1;Adaptation;15;1;;;;;
7.14;-0.5;-0.5;3.324514;1;Adaptation;15;1;;;;;
7.16;-0.5;-0.5;3.457386;1;Adaptation;15;1;;;;;
7.18;-0.5;-0.5;2.933907;1;Adaptation;15;1;;;;;
7.2;-0.5;-0.5;4.729465;1;Adaptation;15;1;;;;;
7.22;-0.5;-0.5;2.02972;1;Adaptation;15;1;;;;;
7.24;-2;0;5.872573;1;Adaptation;15;1;;;;;
7.26;-0.5;-0.5;3.077732;1;Adaptation;15;1;;;;;
7.28;-0.5;-0.5;2.000293;1;Adaptation;15;1;;;;;
7.3;-0.5;-0.5;4.770526;1;Adaptation;15;1;;;;;
7.32;-0.5;-0.5;5.122972;1;Adaptation;15;1;;;;;
7.34;-0.5;-0.5;5.801114;1;Adaptation;15;1;;;;;
7.36;-0.5;-0.5;3.817903;1;Adaptation;15;1;;;;;
7.38;-0.5;-0.5;5.874106;1;Adaptation;15;1;;;;;
7.4;-0.5;-0.5;5.695319;1;Adaptation;15;1;;;;;
7.42;0;0;2.261174;1;Adaptation;15;1;;;;;
7.44;0;-0.1875;5.437526;1;Adaptation;15;1;;;;;
7.46;-0.5;-0.5;4.913345;1;Adaptation;15;1;;;;;
7.48;2;0;5.554398;1;Adaptation;15;1;;;;;
7.5;2;-0.1875;2.155872;1;Adaptation;15;1;;;;;
7.52;-0.5;-0.5;3.924481;1;Adaptation;15;1;;;;;
7.54;-0.5;-0.5;5.206721;1;Adaptation;15;1;;;;;
7.56;-0.5;-0.5;2.663643;1;Adaptation;15;1;;;;;
7.58;-0.5;-0.5;4.69713;1;Adaptation;15;1;;;;;
7.6;-0.5;-0.5;5.724874;1;Adaptation;15;1;;;;;
7.62;-0.5;-0.5;5.082999;1;Adaptation;15;1;;;;;
7.64;-0.5;-0.5;2.382935;1;Adaptation;15;1;;;;;
7.66;-0.5;-0.5;4.198433;1;Adaptation;15;1;;;;;
7.68;-0.5;-0.5;5.6276;1;Adaptation;15;1;;;;;
7.7;-0.5;-0.5;3.276657;1;Adaptation;15;1;;;;;
7.72;2;0.125;2.079286;1;Adaptation;15;1;;;;;
7.74;-0.5;-0.5;2.63066;1;Adaptation;15;1;;;;;
7.76;-0.5;-0.5;5.734395;1;Adaptation;15;1;;;;;
7.78;-0.5;-0.5;4.357244;1;Adaptation;15;1;;;;;
7.8;-0.5;-0.5;5.638195;1;Adaptation;15;1;;;;;
7.82;-0.5;-0.5;3.364943;1;Adaptation;15;1;;;;;
7.84;-0.5;-0.5;3.677809;1;Adaptation;15;1;;;;;
7.86;0;0.0625;5.565607;1;Adaptation;15;1;;;;;
7.88;0;0.125;5.574721;1;Adaptation;15;1;;;;;
7.9;-0.5;-0.5;2.445254;1;Adaptation;15;1;;;;;
7.92;0;0.125;4.365501;1;Adaptation;15;1;;;;;
7.94;-0.5;-0.5;3.069892;1;Adaptation;15;1;;;;;
7.96;-0.5;-0.5;5.194829;1;Adaptation;15;1;;;;;
7.98;-0.5;-0.5;4.168104;1;Adaptation;15;1;;;;;
8;-0.5;-0.5;4.140321;1;Adaptation;15;1;;;;;
8.02;-0.5;-0.5;5.28471;1;Adaptation;15;1;;;;;
8.04;0;0;3.512982;1;Adaptation;15;1;;;;;
8.059999;-0.5;-0.5;2.485889;1;Adaptation;15;1;;;;;
8.08;-0.5;-0.5;5.903848;1;Adaptation;15;1;;;;;
8.099999;-0.5;-0.5;3.993391;1;Adaptation;15;1;;;;;
8.12;0;0;4.36617;1;Adaptation;15;1;;;;;
8.139999;-0.5;-0.5;4.591032;1;Adaptation;15;1;;;;;
8.16;-0.5;-0.5;3.07816;1;Adaptation;15;1;;;;;
8.179999;-0.5;-0.5;3.834533;1;Adaptation;15;1;;;;;
8.2;-0.5;-0.5;4.812575;1;Adaptation;15;1;;;;;
8.22;-0.5;-0.5;2.460232;1;Adaptation;15;1;;;;;
8.24;-0.5;-0.5;5.066684;1;Adaptation;15;1;;;;;
8.26;2;-0.125;2.740735;1;Adaptation;15;1;;;;;
8.28;-0.5;-0.5;5.299963;1;Adaptation;15;1;;;;;
8.3;-0.5;-0.5;4.013168;1;Adaptation;15;1;;;;;
8.32;-0.5;-0.5;5.929828;1;Adaptation;15;1;;;;;
8.34;2;0.1875;2.426638;1;Adaptation;15;1;;;;;
8.36;0;-0.0625;3.047733;1;Adaptation;15;1;;;;;
8.38;-0.5;-0.5;4.769912;1;Adaptation;15;1;;;;;
8.4;-0.5;-0.5;3.256665;1;Adaptation;15;1;;;;;
8.42;-0.5;-0.5;2.361439;1;Adaptation;15;1;;;;;
8.44;2;0.1875;4.299563;1;Adaptation;15;1;;;;;
8.46;-0.5;-0.5;5.001619;1;Adaptation;15;1;;;;;
8.48;-0.5;-0.5;4.453026;1;Adaptation;15;1;;;;;
8.5;-0.5;-0.5;5.995298;1;Adaptation;15;1;;;;;
8.52;-0.5;-0.5;3.686201;1;Adaptation;15;1;;;;;
8.54;-0.5;-0.5;5.605521;1;Adaptation;15;1;;;;;
8.559999;-0.5;-0.5;3.963722;1;Adaptation;15;1;;;;;
8.58;-0.5;-0.5;2.766034;1;Adaptation;15;1;;;;;
8.599999;-0.5;-0.5;2.726602;1;Adaptation;15;1;;;;;
8.62;-0.5;-0.5;4.86306;1;Adaptation;15;1;;;;;
8.639999;-0.5;-0.5;2.146526;1;Adaptation;15;1;;;;;
8.66;0;0.0625;2.138359;1;Adaptation;15;1;;;;;
8.679999;-0.5;-0.5;4.424458;1;Adaptation;15;1;;;;;
8.7;-0.5;-0.5;5.886154;1;Adaptation;15;1;;;;;
8.72;-2;0.1875;4.240734;1;Adaptation;15;1;;;;;
8.74;2;0;5.234736;1;Adaptation;15;1;;;;;
8.76;-0.5;-0.5;2.71368;1;Adaptation;15;1;;;;;
8.78;-0.5;-0.5;3.7151;1;Adaptation;15;1;;;;;
8.8;0;0.0625;3.593063;1;Adaptation;15;1;;;;;
8.82;-0.5;-0.5;2.68146;1;Adaptation;15;1;;;;;
8.84;0;0;2.185404;1;Adaptation;15;1;;;;;
8.86;-0.5;-0.5;2.577563;1;Adaptation;15;1;;;;;
8.88;0;-0.1875;4.115238;1;Adaptation;15;1;;;;;
8.9;-0.5;-0.5;5.317882;1;Adaptation;15;1;;;;;
8.92;-0.5;-0.5;5.821599;1;Adaptation;15;1;;;;;
8.94;0;0;4.857803;1;Adaptation;15;1;;;;;
8.96;-0.5;-0.5;2.991899;1;Adaptation;15;1;;;;;
8.98;0;-0.0625;5.9414;1;Adaptation;15;1;;;;;
9;0;0.3125;3.96053;1;Adaptation;15;1;;;;;
9.02;-0.5;-0.5;2.830217;1;Adaptation;15;1;;;;;
9.04;-0.5;-0.5;5.089271;1;Adaptation;15;1;;;;;
9.059999;0;-0.125;3.223596;1;Adaptation;15;1;;;;;
9.08;-0.5;-0.5;4.01963;1;Adaptation;15;1;;;;;
9.099999;-0.5;-0.5;3.697477;1;Adaptation;15;1;;;;;
9.12;-0.5;-0.5;2.572777;1;Adaptation;15;1;;;;;
9.139999;-0.5;-0.5;2.09496;1;Adaptation;15;1;;;;;
9.16;-0.5;-0.5;3.318822;1;Adaptation;15;1;;;;;
9.179999;2;-0.0625;2.546644;1;Adaptation;15;1;;;;;
9.2;-0.5;-0.5;4.714438;1;Adaptation;15;1;;;;;
9.22;-0.5;-0.5;4.084639;1;Adaptation;15;1;;;;;
9.24;-0.5;-0.5;3.192498;1;Adaptation;15;1;;;;;
9.26;0;-0.0625;3.561549;1;Adaptation;15;1;;;;;
9.28;-0.5;-0.5;2.005159;1;Adaptation;15;1;;;;;
9.3;-0.5;-0.5;3.294364;1;Adaptation;15;1;;;;;
9.32;-0.5;-0.5;4.319842;1;Adaptation;15;1;;;;;
9.34;-0.5;-0.5;5.792909;1;Adaptation;15;1;;;;;
9.36;-0.5;-0.5;3.874279;1;Adaptation;15;1;;;;;
9.38;-0.5;-0.5;4.83058;1;Adaptation;15;1;;;;;
9.4;-0.5;-0.5;4.896235;1;Adaptation;15;1;;;;;
9.42;-0.5;-0.5;3.222804;1;Adaptation;15;1;;;;;
9.44;2;-0.0625;4.608104;1;Adaptation;15;1;;;;;
9.46;-0.5;-0.5;4.103853;1;Adaptation;15;1;;;;;
9.48;-0.5;-0.5;5.33049;1;Adaptation;15;1;;;;;
9.5;-0.5;-0.5;5.580196;1;Adaptation;15;1;;;;;
9.52;-0.5;-0.5;3.440641;1;Adaptation;15;1;;;;;
9.54;-0.5;-0.5;2.006655;1;Adaptation;15;1;;;;;
9.559999;-0.5;-0.5;3.98072;1;Adaptation;15;1;;;;;
9.58;-0.5;-0.5;2.499923;1;Adaptation;15;1;;;;;
9.599999;-2;0;5.386635;1;Adaptation;15;1;;;;;
9.62;2;-0.1875;4.128717;1;Adaptation;15;1;;;;;
9.639999;-0.5;-0.5;5.010463;1;Adaptation;15;1;;;;;
9.66;-0.5;-0.5;2.141161;1;Adaptation;15;1;;;;;
9.679999;0;0;2.466688;1;Adaptation;15;1;;;;;
9.7;0;-0.0625;4.586033;1;Adaptation;15;1;;;;;
9.719999;0;0.0625;2.866704;1;Adaptation;15;1;;;;;
9.74;-0.5;-0.5;5.725589;1;Adaptation;15;1;;;;;
9.76;-0.5;-0.5;2.697906;1;Adaptation;15;1;;;;;
9.78;0;-0.25;5.024442;1;Adaptation;15;1;;;;;
9.8;-0.5;-0.5;4.254907;1;Adaptation;15;1;;;;;
9.82;-0.5;-0.5;5.192412;1;Adaptation;15;1;;;;;
9.84;-0.5;-0.5;3.589858;1;Adaptation;15;1;;;;;
9.86;2;-0.125;5.751146;1;Adaptation;15;1;;;;;
9.88;-0.5;-0.5;2.816606;1;Adaptation;15;1;;;;;
9.9;-0.5;-0.5;2.234539;1;Adaptation;15;1;;;;;
9.92;-0.5;-0.5;4.709117;1;Adaptation;15;1;;;;;
9.94;-0.5;-0.5;4.463052;1;Adaptation;15;1;;;;;
9.96;-0.5;-0.5;2.320284;1;Adaptation;15;1;;;;;
9.98;2;0.0625;3.972553;1;Adaptation;15;1;;;;;
10;-0.5;-0.5;2.166304;1;Adaptation;15;1;;;;;
10.02;-0.5;-0.5;5.138356;1;Adaptation;15;1;;;;;
10.04;0;0.0625;4.856085;1;Adaptation;15;1;;;;;
10.06;-0.5;-0.5;2.051733;1;Adaptation;15;1;;;;;
10.08;0;-0.125;2.728504;1;Adaptation;15;1;;;;;
10.1;-2;0.0625;4.078984;1;Adaptation;15;1;;;;;
10.12;-0.5;-0.5;4.598824;1;Adaptation;15;1;;;;;
10.14;0;-0.1875;3.992728;1;Adaptation;15;1;;;;;
10.16;-0.5;-0.5;4.426532;1;Adaptation;15;1;;;;;
10.18;0;-0.1875;3.184348;1;Adaptation;15;1;;;;;
10.2;-0.5;-0.5;4.028703;1;Adaptation;15;1;;;;;
10.22;-0.5;-0.5;4.046619;1;Adaptation;15;1;;;;;
10.24;-0.5;-0.5;5.533774;1;Adaptation;15;1;;;;;
10.26;-0.5;-0.5;4.017543;1;Adaptation;15;1;;;;;
10.28;-0.5;-0.5;2.924591;1;Adaptation;15;1;;;;;
10.3;-0.5;-0.5;2.439792;1;Adaptation;15;1;;;;;
10.32;0;-0.0625;4.359433;1;Adaptation;15;1;;;;;
10.34;-0.5;-0.5;3.674388;1;Adaptation;15;1;;;;;
10.36;0;-0.125;2.078232;1;Adaptation;15;1;;;;;
10.38;-0.5;-0.5;2.128105;1;Adaptation;15;1;;;;;
10.4;-0.5;-0.5;5.473303;1;Adaptation;15;1;;;;;
10.42;-0.5;-0.5;3.420479;1;Adaptation;15;1;;;;;
10.44;-0.5;-0.5;4.842507;1;Adaptation;15;1;;;;;
10.46;-0.5;-0.5;2.056176;1;Adaptation;15;1;;;;;
10.48;-0.5;-0.5;2.176746;1;Adaptation;15;1;;;;;
10.5;-0.5;-0.5;2.371949;1;Adaptation;15;1;;;;;
10.52;2;0.125;3.454199;1;Adaptation;15;1;;;;;
10.54;-0.5;-0.5;2.973063;1;Adaptation;15;1;;;;;
10.56;0;0.0625;4.615509;1;Adaptation;15;1;;;;;
10.58;-0.5;-0.5;2.441473;1;Adaptation;15;1;;;;;
10.6;-0.5;-0.5;2.639174;1;Adaptation;15;1;;;;;
10.62;-0.5;-0.5;4.337298;1;Adaptation;15;1;;;;;
10.64;-0.5;-0.5;3.410684;1;Adaptation;15;1;;;;;
10.66;-2;0.1875;5.82074;1;Adaptation;15;1;;;;;
10.68;-0.5;-0.5;2.550199;1;Adaptation;15;1;;;;;
10.7;-0.5;-0.5;3.434862;1;Adaptation;15;1;;;;;
10.72;-0.5;-0.5;4.57779;1;Adaptation;15;1;;;;;
10.74;-0.5;-0.5;5.684175;1;Adaptation;15;1;;;;;
10.76;-0.5;-0.5;5.84556;1;Adaptation;15;1;;;;;
10.78;-0.5;-0.5;2.428596;1;Adaptation;15;1;;;;;
10.8;-0.5;-0.5;2.75686;1;Adaptation;15;1;;;;;
10.82;0;0.1875;2.854877;1;Adaptation;15;1;;;;;
10.84;-0.5;-0.5;5.376094;1;Adaptation;15;1;;;;;
10.86;-0.5;-0.5;5.696333;1;Adaptation;15;1;;;;;
10.88;-0.5;-0.5;5.107253;1;Adaptation;15;1;;;;;
10.9;-0.5;-0.5;2.655486;1;Adaptation;15;1;;;;;
10.92;-0.5;-0.5;4.508255;1;Adaptation;15;1;;;;;
10.94;-0.5;-0.5;2.963135;1;Adaptation;15;1;;;;;
10.96;-0.5;-0.5;4.978504;1;Adaptation;15;1;;;;;
10.98;-2;0;4.620405;1;Adaptation;15;1;;;;;
11;2;-0.0625;5.490367;1;Adaptation;15;1;;;;;
11.02;-0.5;-0.5;2.930898;1;Adaptation;15;1;;;;;
11.04;-0.5;-0.5;3.898429;1;Adaptation;15;1;;;;;
11.06;-0.5;-0.5;2.9093;1;Adaptation;15;1;;;;;
11.08;-0.5;-0.5;4.666234;1;Adaptation;15;1;;;;;
11.1;-0.5;-0.5;3.492585;1;Adaptation;15;1;;;;;
11.12;-0.5;-0.5;2.280047;1;Adaptation;15;1;;;;;
11.14;-0.5;-0.5;5.314322;1;Adaptation;15;1;;;;;
11.16;0;0.125;4.235281;1;Adaptation;15;1;;;;;
11.18;-0.5;-0.5;5.585623;1;Adaptation;15;1;;;;;
11.2;-0.5;-0.5;2.176238;1;Adaptation;15;1;;;;;
11.22;-2;0.125;3.278481;1;Adaptation;15;1;;;;;
11.24;-0.5;-0.5;5.330141;1;Adaptation;15;1;;;;;
11.26;0;-0.25;4.449792;1;Adaptation;15;1;;;;;
11.28;-0.5;-0.5;5.694372;1;Adaptation;15;1;;;;;
11.3;2;-0.0625;4.3331;1;Adaptation;15;1;;;;;
11.32;-0.5;-0.5;2.397136;1;Adaptation;15;1;;;;;
11.34;-0.5;-0.5;3.184194;1;Adaptation;15;1;;;;;
11.36;0;0.0625;5.077886;1;Adaptation;15;1;;;;;
11.38;-0.5;-0.5;2.114367;1;Adaptation;15;1;;;;;
11.4;2;-0.0625;5.214296;1;Adaptation;15;1;;;;;
11.42;-0.5;-0.5;3.509706;1;Adaptation;15;1;;;;;
11.44;-0.5;-0.5;3.109046;1;Adaptation;15;1;;;;;
11.46;-0.5;-0.5;4.459737;1;Adaptation;15;1;;;;;
11.48;2;0.1875;3.37418;1;Adaptation;15;1;;;;;
11.5;-0.5;-0.5;4.930523;1;Adaptation;15;1;;;;;
11.52;-0.5;-0.5;5.919528;1;Adaptation;15;1;;;;;
11.54;-0.5;-0.5;5.311372;1;Adaptation;15;1;;;;;
11.56;-0.5;-0.5;2.895316;1;Adaptation;15;1;;;;;
11.58;-0.5;-0.5;2.390595;1;Adaptation;15;1;;;;;
11.6;-0.5;-0.5;5.073865;1;Adaptation;15;1;;;;;
11.62;-0.5;-0.5;3.576887;1;Adaptation;15;1;;;;;
11.64;-0.5;-0.5;5.515491;1;Adaptation;15;1;;;;;
11.66;-2;0.125;4.026582;1;Adaptation;15;1;;;;;
11.68;-0.5;-0.5;2.132768;1;Adaptation;15;1;;;;;
11.7;-0.5;-0.5;5.967526;1;Adaptation;15;1;;;;;
11.72;0;-0.0625;5.644537;1;Adaptation;15;1;;;;;
11.74;-0.5;-0.5;5.382516;1;Adaptation;15;1;;;;;
11.76;-0.5;-0.5;3.107954;1;Adaptation;15;1;;;;;
11.78;-0.5;-0.5;2.153139;1;Adaptation;15;1;;;;;
11.8;-0.5;-0.5;3.491758;1;Adaptation;15;1;;;;;
11.82;-0.5;-0.5;2.790312;1;Adaptation;15;1;;;;;
11.84;-0.5;-0.5;4.289002;1;Adaptation;15;1;;;;;
11.86;-2;-0.125;4.425892;1;Adaptation;15;1;;;;;
11.88;-0.5;-0.5;5.147792;1;Adaptation;15;1;;;;;
11.9;-0.5;-0.5;5.252366;1;Adaptation;15;1;;;;;
11.92;-0.5;-0.5;3.749138;1;Adaptation;15;1;;;;;
11.94;-0.5;-0.5;4.736763;1;Adaptation;15;1;;;;;
11.96;-0.5;-0.5;3.546314;1;Adaptation;15;1;;;;;
11.98;-0.5;-0.5;2.289579;1;Adaptation;15;1;;;;;
12;-0.5;-0.5;5.27675;1;Adaptation;15;1;;;;;
12.02;-0.5;-0.5;2.002247;1;Adaptation;15;1;;;;;
12.04;-0.5;-0.5;2.379625;1;Adaptation;15;1;;;;;
12.06;-0.5;-0.5;3.534168;1;Adaptation;15;1;;;;;
12.08;-0.5;-0.5;4.272062;1;Adaptation;15;1;;;;;
12.1;2;-0.25;4.729617;1;Adaptation;15;1;;;;;
12.12;-0.5;-0.5;3.250013;1;Adaptation;15;1;;;;;
12.14;-0.5;-0.5;3.954446;1;Adaptation;15;1;;;;;
12.16;-0.5;-0.5;5.453953;1;Adaptation;15;1;;;;;
12.18;-0.5;-0.5;5.232899;1;Adaptation;15;1;;;;;
12.2;-0.5;-0.5;4.495301;1;Adaptation;15;1;;;;;
12.22;-0.5;-0.5;4.317052;1;Adaptation;15;1;;;;;
12.24;-0.5;-0.5;4.002539;1;Adaptation;15;1;;;;;
12.26;-0.5;-0.5;2.158062;1;Adaptation;15;1;;;;;
12.28;-0.5;-0.5;3.15044;1;Adaptation;15;1;;;;;
12.3;-0.5;-0.5;5.251446;1;Adaptation;15;1;;;;;
12.32;-0.5;-0.5;2.193951;1;Adaptation;15;1;;;;;
12.34;-0.5;-0.5;3.211002;1;Adaptation;15;1;;;;;
12.36;-0.5;-0.5;4.011812;1;Adaptation;15;1;;;;;
12.38;-2;0.0625;4.057148;1;Adaptation;15;1;;;;;
12.4;-0.5;-0.5;5.234016;1;Adaptation;15;1;;;;;
12.42;-0.5;-0.5;3.105223;1;Adaptation;15;1;;;;;
12.44;2;-0.125;4.563684;1;Adaptation;15;1;;;;;
12.46;-0.5;-0.5;3.714943;1;Adaptation;15;1;;;;;
12.48;-0.5;-0.5;3.682074;1;Adaptation;15;1;;;;;
12.5;0;0.25;2.508171;1;Adaptation;15;1;;;;;
12.52;-2;-0.0625;2.339314;1;Adaptation;15;1;;;;;
12.54;-0.5;-0.5;5.520669;1;Adaptation;15;1;;;;;
12.56;-0.5;-0.5;4.515754;1;Adaptation;15;1;;;;;
12.58;-0.5;-0.5;2.263009;1;Adaptation;15;1;;;;;
12.6;0;0.0625;3.519238;1;Adaptation;15;1;;;;;
12.62;-0.5;-0.5;3.527728;1;Adaptation;15;1;;;;;
12.64;-0.5;-0.5;5.361394;1;Adaptation;15;1;;;;;
12.66;-0.5;-0.5;3.846724;1;Adaptation;15;1;;;;;
12.68;-0.5;-0.5;2.320805;1;Adaptation;15;1;;;;;
12.7;-0.5;-0.5;2.135421;1;Adaptation;15;1;;;;;
12.72;-0.5;-0.5;5.87166;1;Adaptation;15;1;;;;;
12.74;-0.5;-0.5;3.699193;1;Adaptation;15;1;;;;;
12.76;0;-0.0625;5.684835;1;Adaptation;15;1;;;;;
12.78;-0.5;-0.5;5.499975;1;Adaptation;15;1;;;;;
12.8;-0.5;-0.5;3.447816;1;Adaptation;15;1;;;;;
12.82;-0.5;-0.5;5.702672;1;Adaptation;15;1;;;;;
12.84;-0.5;-0.5;5.422811;1;Adaptation;15;1;;;;;
12.86;-0.5;-0.5;4.430415;1;Adaptation;15;1;;;;;
12.88;-0.5;-0.5;3.839955;1;Adaptation;15;1;;;;;
12.9;-0.5;-0.5;3.507733;1;Adaptation;15;1;;;;;
12.92;-0.5;-0.5;2.681078;1;Adaptation;15;1;;;;;
12.94;-0.5;-0.5;3.534141;1;Adaptation;15;1;;;;;
12.96;2;-0.125;3.137937;1;Adaptation;15;1;;;;;
12.98;-0.5;-0.5;2.150938;1;Adaptation;15;1;;;;;
13;-0.5;-0.5;4.126416;1;Adaptation;15;1;;;;;
13.02;0;-0.1875;4.811436;1;Adaptation;15;1;;;;;
13.04;-0.5;-0.5;4.926399;1;Adaptation;15;1;;;;;
13.06;-0.5;-0.5;2.096835;1;Adaptation;15;1;;;;;
13.08;-0.5;-0.5;5.862344;1;Adaptation;15;1;;;;;
13.1;-0.5;-0.5;5.968318;1;Adaptation;15;1;;;;;
13.12;2;-0.1875;4.698021;1;Adaptation;15;1;;;;;
13.14;-0.5;-0.5;2.485203;1;Adaptation;15;1;;;;;
13.16;-0.5;-0.5;2.423874;1;Adaptation;15;1;;;;;
13.18;-0.5;-0.5;4.083795;1;Adaptation;15;1;;;;;
13.2;-0.5;-0.5;4.895654;1;Adaptation;15;1;;;;;
13.22;-0.5;-0.5;3.209854;1;Adaptation;15;1;;;;;
13.24;-0.5;-0.5;5.581382;1;Adaptation;15;1;;;;;
13.26;0;0.125;2.731839;1;Adaptation;15;1;;;;;
13.28;-0.5;-0.5;3.873547;1;Adaptation;15;1;;;;;
13.3;-0.5;-0.5;4.43646;1;Adaptation;15;1;;;;;
13.32;2;0.125;2.358866;1;Adaptation;15;1;;;;;
13.34;-0.5;-0.5;4.642964;1;Adaptation;15;1;;;;;
13.36;0;0;4.983212;1;Adaptation;15;1;;;;;
13.38;-0.5;-0.5;3.496571;1;Adaptation;15;1;;;;;
13.4;-0.5;-0.5;5.063539;1;Adaptation;15;1;;;;;
13.42;-0.5;-0.5;2.042844;1;Adaptation;15;1;;;;;
13.44;-0.5;-0.5;3.796915;1;Adaptation;15;1;;;;;
13.46;-0.5;-0.5;4.049039;1;Adaptation;15;1;;;;;
13.48;-0.5;-0.5;4.94663;1;Adaptation;15;1;;;;;
13.5;0;0.1875;4.711433;1;Adaptation;15;1;;;;;
13.52;-0.5;-0.5;5.46806;1;Adaptation;15;1;;;;;
13.54;-0.5;-0.5;4.951735;1;Adaptation;15;1;;;;;
13.56;-0.5;-0.5;3.895042;1;Adaptation;15;1;;;;;
13.58;-0.5;-0.5;3.866945;1;Adaptation;15;1;;;;;
13.6;-0.5;-0.5;2.088842;1;Adaptation;15;1;;;;;
13.62;0;-0.1875;2.803622;1;Adaptation;15;1;;;;;
13.64;-0.5;-0.5;2.802657;1;Adaptation;15;1;;;;;
13.66;-0.5;-0.5;5.326862;1;Adaptation;15;1;;;;;
13.68;-0.5;-0.5;5.545236;1;Adaptation;15;1;;;;;
13.7;-0.5;-0.5;2.823752;1;Adaptation;15;1;;;;;
13.72;2;0;4.1714;1;Adaptation;15;1;;;;;
13.74;-0.5;-0.5;4.209849;1;Adaptation;15;1;;;;;
13.76;-0.5;-0.5;2.743271;1;Adaptation;15;1;;;;;
13.78;0;0.125;5.093174;1;Adaptation;15;1;;;;;
13.8;-0.5;-0.5;5.018987;1;Adaptation;15;1;;;;;
13.82;-0.5;-0.5;5.338828;1;Adaptation;15;1;;;;;
13.84;-0.5;-0.5;5.966906;1;Adaptation;15;1;;;;;
13.86;2;0;3.282175;1;Adaptation;15;1;;;;;
13.88;-0.5;-0.5;3.246198;1;Adaptation;15;1;;;;;
13.9;-0.5;-0.5;3.25911;1;Adaptation;15;1;;;;;
13.92;-0.5;-0.5;4.92544;1;Adaptation;15;1;;;;;
13.94;-2;0.0625;2.760933;1;Adaptation;15;1;;;;;
13.96;2;-0.0625;5.389584;1;Adaptation;15;1;;;;;
13.98;-0.5;-0.5;3.761706;1;Adaptation;15;1;;;;;
14;-0.5;-0.5;3.278097;1;Adaptation;15;1;;;;;
14.02;-0.5;-0.5;4.993103;1;Adaptation;15;1;;;;;
14.04;-0.5;-0.5;2.096499;1;Adaptation;15;1;;;;;
14.06;2;0.125;2.262465;1;Adaptation;15;1;;;;;
14.08;-0.5;-0.5;4.180891;1;Adaptation;15;1;;;;;
14.1;0;-0.0625;2.914976;1;Adaptation;15;1;;;;;
14.12;0;-0.125;5.595705;1;Adaptation;15;1;;;;;
14.14;-2;0;4.414086;1;Adaptation;15;1;;;;;
14.16;-0.5;-0.5;4.639948;1;Adaptation;15;1;;;;;
14.18;-0.5;-0.5;2.700498;1;Adaptation;15;1;;;;;
14.2;-0.5;-0.5;4.002118;1;Adaptation;15;1;;;;;
14.22;-0.5;-0.5;2.105594;1;Adaptation;15;1;;;;;
14.24;-0.5;-0.5;2.427325;1;Adaptation;15;1;;;;;
14.26;-0.5;-0.5;4.880758;1;Adaptation;15;1;;;;;
14.28;-0.5;-0.5;3.803408;1;Adaptation;15;1;;;;;
14.3;-0.5;-0.5;2.481042;1;Adaptation;15;1;;;;;
14.32;-0.5;-0.5;4.101519;1;Adaptation;15;1;;;;;
14.34;-0.5;-0.5;2.440705;1;Adaptation;15;1;;;;;
14.36;-2;0.125;4.078181;1;Adaptation;15;1;;;;;
14.38;-0.5;-0.5;2.496987;1;Adaptation;15;1;;;;;
14.4;-0.5;-0.5;4.106831;1;Adaptation;15;1;;;;;
14.42;-0.5;-0.5;5.120989;1;Adaptation;15;1;;;;;
14.44;-0.5;-0.5;3.139025;1;Adaptation;15;1;;;;;
14.46;-2;0;4.881851;1;Adaptation;15;1;;;;;
14.48;-0.5;-0.5;2.730143;1;Adaptation;15;1;;;;;
14.5;-0.5;-0.5;2.937646;1;Adaptation;15;1;;;;;
14.52;-0.5;-0.5;5.039159;1;Adaptation;15;1;;;;;
14.54;0;0;4.007849;1;Adaptation;15;1;;;;;
14.56;-0.5;-0.5;3.585562;1;Adaptation;15;1;;;;;
14.58;-0.5;-0.5;3.207953;1;Adaptation;15;1;;;;;
14.6;-2;0;2.76459;1;Adaptation;15;1;;;;;
14.62;-2;0.0625;3.291239;1;Adaptation;15;1;;;;;
14.64;-0.5;-0.5;4.358209;1;Adaptation;15;1;;;;;
14.66;-0.5;-0.5;4.581005;1;Adaptation;15;1;;;;;
14.68;-0.5;-0.5;2.155283;1;Adaptation;15;1;;;;;
14.7;-0.5;-0.5;4.530542;1;Adaptation;15;1;;;;;
14.72;-0.5;-0.5;3.879218;1;Adaptation;15;1;;;;;
14.74;-2;0.125;3.901017;1;Adaptation;15;1;;;;;
14.76;-0.5;-0.5;2.824501;1;Adaptation;15;1;;;;;
14.78;-0.5;-0.5;2.962774;1;Adaptation;15;1;;;;;
14.8;-0.5;-0.5;3.439137;1;Adaptation;15;1;;;;;
14.82;-0.5;-0.5;4.558039;1;Adaptation;15;1;;;;;
14.84;-0.5;-0.5;5.395547;1;Adaptation;15;1;;;;;
14.86;-2;0.125;3.719612;1;Adaptation;15;1;;;;;
14.88;-0.5;-0.5;4.3666;1;Adaptation;15;1;;;;;
14.9;-0.5;-0.5;2.077971;1;Adaptation;15;1;;;;;
14.92;-2;0;2.224003;1;Adaptation;15;1;;;;;
14.94;-0.5;-0.5;2.500025;1;Adaptation;15;1;;;;;
14.96;-0.5;-0.5;4.930715;1;Adaptation;15;1;;;;;
14.98;0;0.125;5.151575;1;Adaptation;15;1;;;;;
15;2;-0.0625;5.506811;1;Adaptation;15;1;;;;;
15.02;-0.5;-0.5;3.564229;1;Adaptation;15;1;;;;;
15.04;-0.5;-0.5;5.525916;1;Adaptation;15;1;;;;;
15.06;-0.5;-0.5;2.97072;1;Adaptation;15;1;;;;;
15.08;-0.5;-0.5;2.378616;1;Adaptation;15;1;;;;;
15.1;-0.5;-0.5;2.981267;1;Adaptation;15;1;;;;;
15.12;-2;0.125;4.659929;1;Adaptation;15;1;;;;;
15.14;-0.5;-0.5;5.164519;1;Adaptation;15;1;;;;;
15.16;-0.5;-0.5;5.056301;1;Adaptation;15;1;;;;;
15.18;-2;0.0625;4.002008;1;Adaptation;15;1;;;;;
15.2;-0.5;-0.5;5.501518;1;Adaptation;15;1;;;;;
15.22;0;0;3.86295;1;Adaptation;15;1;;;;;
15.24;-0.5;-0.5;2.041007;1;Adaptation;15;1;;;;;
15.26;-0.5;-0.5;3.569304;1;Adaptation;15;1;;;;;
15.28;0;-0.0625;5.285434;1;Adaptation;15;1;;;;;
15.3;2;0.25;5.35051;1;Adaptation;15;1;;;;;
15.32;-0.5;-0.5;2.757003;1;Adaptation;15;1;;;;;
15.34;-0.5;-0.5;2.668716;1;Adaptation;15;1;;;;;
15.36;0;-0.1875;2.209224;1;Adaptation;15;1;;;;;
15.38;-0.5;-0.5;5.233326;1;Adaptation;15;1;;;;;
15.4;-0.5;-0.5;5.768808;1;Adaptation;15;1;;;;;
15.42;-0.5;-0.5;5.599428;1;Adaptation;15;1;;;;;
15.44;-0.5;-0.5;2.478519;1;Adaptation;15;1;;;;;
15.46;0;0;5.421484;1;Adaptation;15;1;;;;;
15.48;-0.5;-0.5;2.436718;1;Adaptation;15;1;;;;;
15.5;-0.5;-0.5;5.107481;1;Adaptation;15;1;;;;;
15.52;0;-0.0625;2.42887;1;Adaptation;15;1;;;;;
15.54;-0.5;-0.5;4.39031;1;Adaptation;15;1;;;;;
15.56;-0.5;-0.5;4.515641;1;Adaptation;15;1;;;;;
15.58;-0.5;-0.5;3.934969;1;Adaptation;15;1;;;;;
15.6;-0.5;-0.5;3.953186;1;Adaptation;15;1;;;;;
15.62;-0.5;-0.5;5.619031;1;Adaptation;15;1;;;;;
15.64;-0.5;-0.5;2.63361;1;Adaptation;15;1;;;;;
15.66;2;-0.125;5.779561;1;Adaptation;15;1;;;;;
15.68;-0.5;-0.5;4.664484;1;Adaptation;15;1;;;;;
15.7;-0.5;-0.5;3.006297;1;Adaptation;15;1;;;;;
15.72;-0.5;-0.5;5.379345;1;Adaptation;15;1;;;;;
15.74;-0.5;-0.5;2.472147;1;Adaptation;15;1;;;;;
15.76;0;0.0625;5.285456;1;Adaptation;15;1;;;;;
15.78;-0.5;-0.5;5.869174;1;Adaptation;15;1;;;;;
15.8;-0.5;-0.5;2.608375;1;Adaptation;15;1;;;;;
15.82;0;-0.0625;2.300511;1;Adaptation;15;1;;;;;
15.84;-0.5;-0.5;3.057186;1;Adaptation;15;1;;;;;
15.86;-0.5;-0.5;3.608664;1;Adaptation;15;1;;;;;
15.88;-0.5;-0.5;5.42141;1;Adaptation;15;1;;;;;
15.9;-0.5;-0.5;4.53141;1;Adaptation;15;1;;;;;
15.92;0;0.0625;3.718195;1;Adaptation;15;1;;;;;
15.94;0;0;3.435306;1;Adaptation;15;1;;;;;
15.96;-0.5;-0.5;2.337026;1;Adaptation;15;1;;;;;
15.98;-0.5;-0.5;5.166935;1;Adaptation;15;1;;;;;
16;0;0;2.404173;1;Adaptation;15;1;;;;;
16.02;-0.5;-0.5;2.209435;1;Adaptation;15;1;;;;;
16.04;-0.5;-0.5;4.904773;1;Adaptation;15;1;;;;;
16.06;-0.5;-0.5;4.015409;1;Adaptation;15;1;;;;;
16.08;-0.5;-0.5;5.638775;1;Adaptation;15;1;;;;;
16.1;-0.5;-0.5;5.794405;1;Adaptation;15;1;;;;;
16.12;-0.5;-0.5;3.74163;1;Adaptation;15;1;;;;;
16.14;-0.5;-0.5;2.251349;1;Adaptation;15;1;;;;;
16.16;-0.5;-0.5;2.967878;1;Adaptation;15;1;;;;;
16.18;-0.5;-0.5;2.110917;1;Adaptation;15;1;;;;;
16.2;-0.5;-0.5;3.134273;1;Adaptation;15;1;;;;;
16.22;0;0.1875;4.70387;1;Adaptation;15;1;;;;;
16.24;-2;-0.0625;2.763312;1;Adaptation;15;1;;;;;
16.26;-0.5;-0.5;4.345658;1;Adaptation;15;1;;;;;
16.28;-0.5;-0.5;2.703105;1;Adaptation;15;1;;;;;
16.3;-0.5;-0.5;4.065315;1;Adaptation;15;1;;;;;
16.32;-0.5;-0.5;5.276222;1;Adaptation;15;1;;;;;
16.34;0;-0.125;5.856459;1;Adaptation;15;1;;;;;
16.36;0;0.25;4.975102;1;Adaptation;15;1;;;;;
16.38;-2;0.0625;2.181357;1;Adaptation;15;1;;;;;
16.4;-0.5;-0.5;4.592018;1;Adaptation;15;1;;;;;
16.42;2;0.125;2.693639;1;Adaptation;15;1;;;;;
16.44;-0.5;-0.5;5.067738;1;Adaptation;15;1;;;;;
16.46;-0.5;-0.5;3.981626;1;Adaptation;15;1;;;;;
16.48;-0.5;-0.5;5.250627;1;Adaptation;15;1;;;;;
16.5;0;-0.0625;3.945134;1;Adaptation;15;1;;;;;
16.52;-0.5;-0.5;3.256974;1;Adaptation;15;1;;;;;
16.54;-0.5;-0.5;2.304052;1;Adaptation;15;1;;;;;
16.56;-0.5;-0.5;3.062675;1;Adaptation;15;1;;;;;
16.58;-0.5;-0.5;3.608886;1;Adaptation;15;1;;;;;
16.6;-2;-0.125;4.517769;1;Adaptation;15;1;;;;;
16.62;-0.5;-0.5;5.076724;1;Adaptation;15;1;;;;;
16.64;0;0;2.140397;1;Adaptation;15;1;;;;;
16.66;-0.5;-0.5;5.3002;1;Adaptation;15;1;;;;;
16.68;-0.5;-0.5;3.233791;1;Adaptation;15;1;;;;;
16.7;-0.5;-0.5;3.476458;1;Adaptation;15;1;;;;;
16.72;-0.5;-0.5;2.255423;1;Adaptation;15;1;;;;;
16.74;0;0.3125;2.018073;1;Adaptation;15;1;;;;;
16.76;-0.5;-0.5;4.80227;1;Adaptation;15;1;;;;;
16.78;-0.5;-0.5;5.365908;1;Adaptation;15;1;;;;;
16.8;-0.5;-0.5;3.57826;1;Adaptation;15;1;;;;;
16.82;-0.5;-0.5;5.256715;1;Adaptation;15;1;;;;;
16.84;-0.5;-0.5;4.339102;1;Adaptation;15;1;;;;;
16.86;-0.5;-0.5;3.284454;1;Adaptation;15;1;;;;;
16.88;-0.5;-0.5;4.745864;1;Adaptation;15;1;;;;;
16.9;-0.5;-0.5;3.023175;1;Adaptation;15;1;;;;;
16.92;-0.5;-0.5;5.501951;1;Adaptation;15;1;;;;;
16.94;-0.5;-0.5;2.413524;1;Adaptation;15;1;;;;;
16.96;-0.5;-0.5;3.693897;1;Adaptation;15;1;;;;;
16.98;-0.5;-0.5;4.170458;1;Adaptation;15;1;;;;;
17;-0.5;-0.5;3.382063;1;Adaptation;15;1;;;;;
17.02;-0.5;-0.5;5.628702;1;Adaptation;15;1;;;;;
17.04;-2;-0.1875;2.656902;1;Adaptation;15;1;;;;;
17.06;-0.5;-0.5;5.026557;1;Adaptation;15;1;;;;;
17.08;-0.5;-0.5;4.977334;1;Adaptation;15;1;;;;;
17.1;-0.5;-0.5;5.658668;1;Adaptation;15;1;;;;;
17.12;0;-0.1875;5.220243;1;Adaptation;15;1;;;;;
17.14;-0.5;-0.5;2.492164;1;Adaptation;15;1;;;;;
17.16;-4;0.125;5.562288;1;Adaptation;15;1;;;;;
17.18;2;0.0625;2.423898;1;Adaptation;15;1;;;;;
17.2;0;-0.1875;5.669385;1;Adaptation;15;1;;;;;
17.22;-0.5;-0.5;2.210899;1;Adaptation;15;1;;;;;
17.24;-0.5;-0.5;2.131762;1;Adaptation;15;1;;;;;
17.26;-0.5;-0.5;5.482154;1;Adaptation;15;1;;;;;
17.28;-0.5;-0.5;3.133061;1;Adaptation;15;1;;;;;
17.3;-0.5;-0.5;5.189236;1;Adaptation;15;1;;;;;
17.32;-0.5;-0.5;2.676063;1;Adaptation;15;1;;;;;
17.34;0;0;5.621062;1;Adaptation;15;1;;;;;
17.36;-0.5;-0.5;4.803002;1;Adaptation;15;1;;;;;
17.38;0;0.1875;3.326396;1;Adaptation;15;1;;;;;
17.4;-0.5;-0.5;3.867786;1;Adaptation;15;1;;;;;
17.42;-0.5;-0.5;2.579047;1;Adaptation;15;1;;;;;
17.44;-0.5;-0.5;3.233743;1;Adaptation;15;1;;;;;
17.46;-0.5;-0.5;2.167683;1;Adaptation;15;1;;;;;
17.48;-0.5;-0.5;4.011273;1;Adaptation;15;1;;;;;
17.5;-0.5;-0.5;3.439343;1;Adaptation;15;1;;;;;
17.52;-0.5;-0.5;5.397946;1;Adaptation;15;1;;;;;
17.54;2;-0.0625;5.494633;1;Adaptation;15;1;;;;;
17.56;0;-0.0625;3.64602;1;Adaptation;15;1;;;;;
17.58;-0.5;-0.5;5.667072;1;Adaptation;15;1;;;;;
17.6;-0.5;-0.5;5.036709;1;Adaptation;15;1;;;;;
17.62;0;0.125;5.935015;1;Adaptation;15;1;;;;;
17.64;-0.5;-0.5;4.328006;1;Adaptation;15;1;;;;;
17.66;-0.5;-0.5;4.55654;1;Adaptation;15;1;;;;;
17.68;2;-0.125;4.357015;1;Adaptation;15;1;;;;;
17.7;-2;-0.0625;4.851784;1;Adaptation;15;1;;;;;
17.72;-0.5;-0.5;2.574089;1;Adaptation;15;1;;;;;
17.74;-0.5;-0.5;3.736002;1;Adaptation;15;1;;;;;
17.76;-0.5;-0.5;2.24102;1;Adaptation;15;1;;;;;
17.78;0;0;3.00335;1;Adaptation;15;1;;;;;
17.8;2;0.0625;5.019332;1;Adaptation;15;1;;;;;
17.82;-0.5;-0.5;2.784212;1;Adaptation;15;1;;;;;
17.84;-0.5;-0.5;5.224229;1;Adaptation;15;1;;;;;
17.86;-0.5;-0.5;3.572944;1;Adaptation;15;1;;;;;
17.88;-0.5;-0.5;3.700115;1;Adaptation;15;1;;;;;
17.9;-0.5;-0.5;5.602137;1;Adaptation;15;1;;;;;
17.92;-0.5;-0.5;2.423085;1;Adaptation;15;1;;;;;
17.94;-0.5;-0.5;2.247135;1;Adaptation;15;1;;;;;
17.96;-0.5;-0.5;3.170138;1;Adaptation;15;1;;;;;
17.98;-0.5;-0.5;3.920112;1;Adaptation;15;1;;;;;
18;-0.5;-0.5;3.614101;1;Adaptation;15;1;;;;;
18.02;0;0;4.354307;1;Adaptation;15;1;;;;;
18.04;0;0.0625;4.743393;1;Adaptation;15;1;;;;;
18.06;-0.5;-0.5;5.14978;1;Adaptation;15;1;;;;;
18.08;-0.5;-0.5;4.461597;1;Adaptation;15;1;;;;;
18.1;-0.5;-0.5;4.868667;1;Adaptation;15;1;;;;;
18.12;-0.5;-0.5;5.15218;1;Adaptation;15;1;;;;;
18.14;-0.5;-0.5;5.503395;1;Adaptation;15;1;;;;;
18.16;-0.5;-0.5;4.056972;1;Adaptation;15;1;;;;;
18.18;-0.5;-0.5;4.416528;1;Adaptation;15;1;;;;;
18.2;0;0.125;2.970044;1;Adaptation;15;1;;;;;
18.22;-0.5;-0.5;3.832278;1;Adaptation;15;1;;;;;
18.24;-0.5;-0.5;3.18213;1;Adaptation;15;1;;;;;
18.26;2;0.0625;5.073418;1;Adaptation;15;1;;;;;
18.28;-0.5;-0.5;3.595671;1;Adaptation;15;1;;;;;
18.3;-0.5;-0.5;4.071033;1;Adaptation;15;1;;;;;
18.32;-0.5;-0.5;2.703972;1;Adaptation;15;1;;;;;
18.34;-0.5;-0.5;5.191227;1;Adaptation;15;1;;;;;
18.36;0;0;2.94387;1;Adaptation;15;1;;;;;
18.38;-0.5;-0.5;2.914489;1;Adaptation;15;1;;;;;
18.4;-0.5;-0.5;3.870787;1;Adaptation;15;1;;;;;
18.42;-0.5;-0.5;3.098101;1;Adaptation;15;1;;;;;
18.44;-0.5;-0.5;5.459141;1;Adaptation;15;1;;;;;
18.46;2;0.3125;5.973714;1;Adaptation;15;1;;;;;
18.48;-0.5;-0.5;2.985244;1;Adaptation;15;1;;;;;
18.5;0;0;5.619871;1;Adaptation;15;1;;;;;
18.52;-0.5;-0.5;5.291985;1;Adaptation;15;1;;;;;
18.54;-0.5;-0.5;5.744213;1;Adaptation;15;1;;;;;
18.56;-2;-0.0625;2.624099;1;Adaptation;15;1;;;;;
18.58;-0.5;-0.5;3.85154;1;Adaptation;15;1;;;;;
18.6;0;0.125;2.607255;1;Adaptation;15;1;;;;;
18.62;-0.5;-0.5;5.025173;1;Adaptation;15;1;;;;;
18.64;-0.5;-0.5;5.006432;1;Adaptation;15;1;;;;;
18.66;-0.5;-0.5;2.887041;1;Adaptation;15;1;;;;;
18.68;-0.5;-0.5;3.817673;1;Adaptation;15;1;;;;;
18.7;-0.5;-0.5;2.513044;1;Adaptation;15;1;;;;;
18.72;-0.5;-0.5;4.267524;1;Adaptation;15;1;;;;;
18.74;-2;-0.1875;2.180313;1;Adaptation;15;1;;;;;
18.76;0;0.0625;2.226874;1;Adaptation;15;1;;;;;
18.78;-0.5;-0.5;2.601105;1;Adaptation;15;1;;;;;
18.8;-0.5;-0.5;2.866345;1;Adaptation;15;1;;;;;
18.82;-0.5;-0.5;3.575365;1;Adaptation;15;1;;;;;
18.84;-0.5;-0.5;5.479869;1;Adaptation;15;1;;;;;
18.86;-0.5;-0.5;4.950967;1;Adaptation;15;1;;;;;
18.88;-0.5;-0.5;5.262044;1;Adaptation;15;1;;;;;
18.9;-0.5;-0.5;2.259123;1;Adaptation;15;1;;;;;
18.92;-0.5;-0.5;4.381035;1;Adaptation;15;1;;;;;
18.94;-0.5;-0.5;3.440616;1;Adaptation;15;1;;;;;
18.96;-0.5;-0.5;5.292963;1;Adaptation;15;1;;;;;
18.98;-0.5;-0.5;4.193657;1;Adaptation;15;1;;;;;
19;-0.5;-0.5;5.451475;1;Adaptation;15;1;;;;;
19.02;2;-0.125;3.540865;1;Adaptation;15;1;;;;;
19.04;-0.5;-0.5;5.522006;1;Adaptation;15;1;;;;;
19.06;-0.5;-0.5;3.465777;1;Adaptation;15;1;;;;;
19.08;-0.5;-0.5;4.22274;1;Adaptation;15;1;;;;;
19.1;-0.5;-0.5;4.771694;1;Adaptation;15;1;;;;;
19.12;-0.5;-0.5;4.702118;1;Adaptation;15;1;;;;;
19.14;-0.5;-0.5;5.189998;1;Adaptation;15;1;;;;;
19.16;0;-0.0625;3.18576;1;Adaptation;15;1;;;;;
19.18;-0.5;-0.5;4.922175;1;Adaptation;15;1;;;;;
19.2;-0.5;-0.5;4.181828;1;Adaptation;15;1;;;;;
19.22;0;0.125;5.291457;1;Adaptation;15;1;;;;;
19.24;-2;0.0625;4.516694;1;Adaptation;15;1;;;;;
19.26;4;-0.1875;5.313758;1;Adaptation;15;1;;;;;
19.28;0;-0.125;4.867688;1;Adaptation;15;1;;;;;
19.3;-0.5;-0.5;4.418709;1;Adaptation;15;1;;;;;
19.32;-0.5;-0.5;3.293673;1;Adaptation;15;1;;;;;
19.34;-0.5;-0.5;3.593897;1;Adaptation;15;1;;;;;
19.36;-0.5;-0.5;5.325569;1;Adaptation;15;1;;;;;
19.38;-0.5;-0.5;3.869949;1;Adaptation;15;1;;;;;
19.4;0;0.0625;3.266099;1;Adaptation;15;1;;;;;
19.42;-0.5;-0.5;2.596032;1;Adaptation;15;1;;;;;
19.44;-0.5;-0.5;2.241803;1;Adaptation;15;1;;;;;
19.46;-0.5;-0.5;3.67874;1;Adaptation;15;1;;;;;
19.48;-0.5;-0.5;5.098593;1;Adaptation;15;1;;;;;
19.5;-0.5;-0.5;5.807774;1;Adaptation;15;1;;;;;
19.52;0;-0.0625;2.445238;1;Adaptation;15;1;;;;;
19.54;0;0.1875;5.652309;1;Adaptation;15;1;;;;;
19.56;2;0.125;3.604923;1;Adaptation;15;1;;;;;
19.58;-0.5;-0.5;2.924531;1;Adaptation;15;1;;;;;
19.6;-0.5;-0.5;2.679092;1;Adaptation;15;1;;;;;
19.62;-0.5;-0.5;5.41169;1;Adaptation;15;1;;;;;
19.64;-0.5;-0.5;2.406119;1;Adaptation;15;1;;;;;
19.66;-0.5;-0.5;2.805337;1;Adaptation;15;1;;;;;
19.68;-0.5;-0.5;4.339896;1;Adaptation;15;1;;;;;
19.7;-0.5;-0.5;2.291996;1;Adaptation;15;1;;;;;
19.72;-0.5;-0.5;4.132269;1;Adaptation;15;1;;;;;
19.74;-0.5;-0.5;3.752463;1;Adaptation;15;1;;;;;
19.76;-0.5;-0.5;5.795654;1;Adaptation;15;1;;;;;
19.78;-0.5;-0.5;5.838089;1;Adaptation;15;1;;;;;
19.8;-0.5;-0.5;4.592572;1;Adaptation;15;1;;;;;
19.82;-0.5;-0.5;4.186974;1;Adaptation;15;1;;;;;
19.84;-0.5;-0.5;3.707138;1;Adaptation;15;1;;;;;
19.86;-0.5;-0.5;2.493592;1;Adaptation;15;1;;;;;
19.88;-0.5;-0.5;2.888169;1;Adaptation;15;1;;;;;
19.9;-0.5;-0.5;2.835153;1;Adaptation;15;1;;;;;
19.92;-2;0.0625;4.853406;1;Adaptation;15;1;;;;;
19.94;-0.5;-0.5;2.052676;1;Adaptation;15;1;;;;;
19.96;-0.5;-0.5;5.490788;1;Adaptation;15;1;;;;;
19.98;-0.5;-0.5;4.105866;1;Adaptation;15;1;;;;;
20;-0.5;-0.5;5.82995;1;Adaptation;15;1;;;;;
20.02;-0.5;-0.5;4.17063;1;Adaptation;15;1;;;;;
20.04;-0.5;-0.5;5.048265;1;Adaptation;15;1;;;;;
20.06;-2;0.1875;2.337456;1;Adaptation;15;1;;;;;
20.08;-0.5;-0.5;4.132339;1;Adaptation;15;1;;;;;
20.1;-0.5;-0.5;3.359114;1;Adaptation;15;1;;;;;
20.12;-0.5;-0.5;3.171583;1;Adaptation;15;1;;;;;
20.14;0;0.0625;3.475895;1;Adaptation;15;1;;;;;
20.16;2;0.125;3.71154;1;Adaptation;15;1;;;;;
20.18;-2;-0.0625;2.576709;1;Adaptation;15;1;;;;;
20.2;0;-0.0625;2.495963;1;Adaptation;15;1;;;;;
20.22;-0.5;-0.5;4.319671;1;Adaptation;15;1;;;;;
20.24;-0.5;-0.5;2.074702;1;Adaptation;15;1;;;;;
20.26;-0.5;-0.5;3.431777;1;Adaptation;15;1;;;;;
20.28;2;0;4.540889;1;Adaptation;15;1;;;;;
20.3;-0.5;-0.5;5.439859;1;Adaptation;15;1;;;;;
20.32;-0.5;-0.5;4.15231;1;Adaptation;15;1;;;;;
20.34;-0.5;-0.5;5.200114;1;Adaptation;15;1;;;;;
20.36;-0.5;-0.5;4.027919;1;Adaptation;15;1;;;;;
20.38;-0.5;-0.5;2.410838;1;Adaptation;15;1;;;;;
20.4;-0.5;-0.5;3.342672;1;Adaptation;15;1;;;;;
20.42;-0.5;-0.5;2.993806;1;Adaptation;15;1;;;;;
20.44;-0.5;-0.5;3.674953;1;Adaptation;15;1;;;;;
20.46;-2;0.0625;4.388266;1;Adaptation;15;1;;;;;
20.48;-0.5;-0.5;4.272593;1;Adaptation;15;1;;;;;
20.5;-0.5;-0.5;3.753302;1;Adaptation;15;1;;;;;
20.52;-0.5;-0.5;5.41889;1;Adaptation;15;1;;;;;
20.54;-0.5;-0.5;5.880101;1;Adaptation;15;1;;;;;
20.56;2;0;4.477076;1;Adaptation;15;1;;;;;
20.58;-0.5;-0.5;3.86238;1;Adaptation;15;1;;;;;
20.6;0;-0.125;3.456671;1;Adaptation;15;1;;;;;
20.62;-0.5;-0.5;4.339426;1;Adaptation;15;1;;;;;
20.64;2;0;5.395577;1;Adaptation;15;1;;;;;
20.66;-2;-0.0625;5.880721;1;Adaptation;15;1;;;;;
20.68;0;-0.0625;3.977735;1;Adaptation;15;1;;;;;
20.7;-0.5;-0.5;5.032066;1;Adaptation;15;1;;;;;
20.72;-0.5;-0.5;5.539976;1;Adaptation;15;1;;;;;
20.74;-0.5;-0.5;2.071697;1;Adaptation;15;1;;;;;
20.76;-0.5;-0.5;2.607235;1;Adaptation;15;1;;;;;
20.78;-0.5;-0.5;2.737346;1;Adaptation;15;1;;;;;
20.8;-0.5;-0.5;3.370846;1;Adaptation;15;1;;;;;
20.82;2;-0.125;2.854434;1;Adaptation;15;1;;;;;
20.84;-0.5;-0.5;3.481401;1;Adaptation;15;1;;;;;
20.86;-0.5;-0.5;3.714918;1;Adaptation;15;1;;;;;
20.88;-0.5;-0.5;5.563007;1;Adaptation;15;1;;;;;
20.9;-0.5;-0.5;4.483296;1;Adaptation;15;1;;;;;
20.92;0;-0.125;2.690548;1;Adaptation;15;1;;;;;
20.94;-0.5;-0.5;5.688936;1;Adaptation;15;1;;;;;
20.96;-0.5;-0.5;4.455086;1;Adaptation;15;1;;;;;
20.98;-0.5;-0.5;2.412006;1;Adaptation;15;1;;;;;
21;-0.5;-0.5;4.302237;1;Adaptation;15;1;;;;;
21.02;0;0.0625;3.953152;1;Adaptation;15;1;;;;;
21.04;-0.5;-0.5;4.551481;1;Adaptation;15;1;;;;;
21.06;-0.5;-0.5;3.352351;1;Adaptation;15;1;;;;;
21.08;-0.5;-0.5;4.669892;1;Adaptation;15;1;;;;;
21.1;-2;-0.0625;4.651833;1;Adaptation;15;1;;;;;
21.12;-0.5;-0.5;5.490047;1;Adaptation;15;1;;;;;
21.14;-0.5;-0.5;3.091425;1;Adaptation;15;1;;;;;
21.16;-0.5;-0.5;3.54948;1;Adaptation;15;1;;;;;
21.18;-0.5;-0.5;3.367285;1;Adaptation;15;1;;;;;
21.2;-0.5;-0.5;3.424122;1;Adaptation;15;1;;;;;
21.22;-0.5;-0.5;3.018966;1;Adaptation;15;1;;;;;
21.24;-0.5;-0.5;2.432417;1;Adaptation;15;1;;;;;
21.26;-0.5;-0.5;5.315887;1;Adaptation;15;1;;;;;
21.28;0;0;2.318095;1;Adaptation;15;1;;;;;
21.3;-0.5;-0.5;5.20739;1;Adaptation;15;1;;;;;
21.32;-0.5;-0.5;2.460935;1;Adaptation;15;1;;;;;
21.34;0;0.25;3.594126;1;Adaptation;15;1;;;;;
21.36;-0.5;-0.5;4.622869;1;Adaptation;15;1;;;;;
21.38;-0.5;-0.5;3.161879;1;Adaptation;15;1;;;;;
21.4;-0.5;-0.5;4.946879;1;Adaptation;15;1;;;;;
21.42;-0.5;-0.5;5.96839;1;Adaptation;15;1;;;;;
21.44;-0.5;-0.5;2.791831;1;Adaptation;15;1;;;;;
21.46;-0.5;-0.5;5.663433;1;Adaptation;15;1;;;;;
21.48;-0.5;-0.5;3.792568;1;Adaptation;15;1;;;;;
21.5;-0.5;-0.5;5.847088;1;Adaptation;15;1;;;;;
21.52;-0.5;-0.5;2.10488;1;Adaptation;15;1;;;;;
21.54;-0.5;-0.5;3.721764;1;Adaptation;15;1;;;;;
21.56;0;-0.25;3.702298;1;Adaptation;15;1;;;;;
21.58;2;-0.125;3.702236;1;Adaptation;15;1;;;;;
21.6;0;0.25;3.910699;1;Adaptation;15;1;;;;;
21.62;-0.5;-0.5;3.250599;1;Adaptation;15;1;;;;;
21.64;0;-0.125;3.518252;1;Adaptation;15;1;;;;;
21.66;-0.5;-0.5;3.360408;1;Adaptation;15;1;;;;;
21.68;-0.5;-0.5;4.930164;1;Adaptation;15;1;;;;;
21.7;-0.5;-0.5;4.40983;1;Adaptation;15;1;;;;;
21.72;-0.5;-0.5;3.096145;1;Adaptation;15;1;;;;;
21.74;-0.5;-0.5;3.942997;1;Adaptation;15;1;;;;;
21.76;-0.5;-0.5;5.386679;1;Adaptation;15;1;;;;;
21.78;0;0.1875;2.154722;1;Adaptation;15;1;;;;;
21.8;-0.5;-0.5;2.280818;1;Adaptation;15;1;;;;;
21.82;-0.5;-0.5;3.010335;1;Adaptation;15;1;;;;;
21.84;-0.5;-0.5;2.678562;1;Adaptation;15;1;;;;;
21.86;-0.5;-0.5;3.013908;1;Adaptation;15;1;;;;;
21.88;-0.5;-0.5;5.651701;1;Adaptation;15;1;;;;;
21.9;-0.5;-0.5;3.785576;1;Adaptation;15;1;;;;;
21.92;-0.5;-0.5;5.763699;1;Adaptation;15;1;;;;;
21.94;-0.5;-0.5;5.624473;1;Adaptation;15;1;;;;;
21.96;-2;0.25;5.312395;1;Adaptation;15;1;;;;;
21.98;0;0;5.864297;1;Adaptation;15;1;;;;;
22;-0.5;-0.5;2.684282;1;Adaptation;15;1;;;;;
22.02;-0.5;-0.5;3.093814;1;Adaptation;15;1;;;;;
22.04;0;-0.125;2.620677;1;Adaptation;15;1;;;;;
22.06;0;0.0625;5.090631;1;Adaptation;15;1;;;;;
22.08;0;0.125;3.095432;1;Adaptation;15;1;;;;;
22.1;-0.5;-0.5;4.960832;1;Adaptation;15;1;;;;;
22.12;-2;-0.375;4.568868;1;Adaptation;15;1;;;;;
22.14;0;0.125;5.602126;1;Adaptation;15;1;;;;;
22.16;-0.5;-0.5;4.835786;1;Adaptation;15;1;;;;;
22.18;-0.5;-0.5;3.948707;1;Adaptation;15;1;;;;;
22.2;-0.5;-0.5;2.623352;1;Adaptation;15;1;;;;;
22.22;-0.5;-0.5;4.749024;1;Adaptation;15;1;;;;;
22.24;-0.5;-0.5;5.107083;1;Adaptation;15;1;;;;;
22.26;-0.5;-0.5;2.379149;1;Adaptation;15;1;;;;;
22.28;-0.5;-0.5;2.846472;1;Adaptation;15;1;;;;;
22.3;-0.5;-0.5;3.084916;1;Adaptation;15;1;;;;;
22.32;-0.5;-0.5;5.867037;1;Adaptation;15;1;;;;;
22.34;-0.5;-0.5;4.310312;1;Adaptation;15;1;;;;;
22.36;0;0.125;4.559649;1;Adaptation;15;1;;;;;
22.38;-0.5;-0.5;3.057096;1;Adaptation;15;1;;;;;
22.4;-0.5;-0.5;2.164577;1;Adaptation;15;1;;;;;
22.42;-2;0.0625;3.832842;1;Adaptation;15;1;;;;;
22.44;-0.5;-0.5;4.29697;1;Adaptation;15;1;;;;;
22.46;-2;-0.25;3.939718;1;Adaptation;15;1;;;;;
22.48;-0.5;-0.5;2.176253;1;Adaptation;15;1;;;;;
22.5;-0.5;-0.5;3.746923;1;Adaptation;15;1;;;;;
22.52;-0.5;-0.5;3.469209;1;Adaptation;15;1;;;;;
22.54;-0.5;-0.5;5.309909;1;Adaptation;15;1;;;;;
22.56;-0.5;-0.5;2.421881;1;Adaptation;15;1;;;;;
22.58;-0.5;-0.5;5.040585;1;Adaptation;15;1;;;;;
22.6;-0.5;-0.5;2.433511;1;Adaptation;15;1;;;;;
22.62;0;0;3.300806;1;Adaptation;15;1;;;;;
22.64;-0.5;-0.5;2.414994;1;Adaptation;15;1;;;;;
22.66;-0.5;-0.5;3.162132;1;Adaptation;15;1;;;;;
22.68;-0.5;-0.5;2.785568;1;Adaptation;15;1;;;;;
22.7;-0.5;-0.5;5.653513;1;Adaptation;15;1;;;;;
22.72;0;-0.0625;2.192234;1;Adaptation;15;1;;;;;
22.74;-0.5;-0.5;4.129525;1;Adaptation;15;1;;;;;
22.76;-0.5;-0.5;3.835239;1;Adaptation;15;1;;;;;
22.78;-0.5;-0.5;2.599898;1;Adaptation;15;1;;;;;
22.8;-0.5;-0.5;2.003526;1;Adaptation;15;1;;;;;
22.82;-0.5;-0.5;3.946588;1;Adaptation;15;1;;;;;
22.84;-0.5;-0.5;4.263534;1;Adaptation;15;1;;;;;
22.86;0;-0.0625;3.956588;1;Adaptation;15;1;;;;;
22.88;-0.5;-0.5;3.003796;1;Adaptation;15;1;;;;;
22.9;-0.5;-0.5;2.789939;1;Adaptation;15;1;;;;;
22.92;-0.5;-0.5;2.566741;1;Adaptation;15;1;;;;;
22.94;-0.5;-0.5;3.144962;1;Adaptation;15;1;;;;;
22.96;-0.5;-0.5;3.794569;1;Adaptation;15;1;;;;;
22.98;-0.5;-0.5;5.58785;1;Adaptation;15;1;;;;;
23;-0.5;-0.5;2.751931;1;Adaptation;15;1;;;;;
23.02;2;-0.25;5.843875;1;Adaptation;15;1;;;;;
23.04;-2;0.25;3.783725;1;Adaptation;15;1;;;;;
23.06;-0.5;-0.5;5.273923;1;Adaptation;15;1;;;;;
23.08;-0.5;-0.5;4.634587;1;Adaptation;15;1;;;;;
23.1;-0.5;-0.5;3.179194;1;Adaptation;15;1;;;;;
23.12;-0.5;-0.5;3.750993;1;Adaptation;15;1;;;;;
23.14;-0.5;-0.5;2.995996;1;Adaptation;15;1;;;;;
23.16;-0.5;-0.5;5.454965;1;Adaptation;15;1;;;;;
23.18;-0.5;-0.5;2.200753;1;Adaptation;15;1;;;;;
23.2;-0.5;-0.5;5.170876;1;Adaptation;15;1;;;;;
23.22;-0.5;-0.5;3.394775;1;Adaptation;15;1;;;;;
23.24;-0.5;-0.5;2.013558;1;Adaptation;15;1;;;;;
23.26;-0.5;-0.5;2.249552;1;Adaptation;15;1;;;;;
23.28;2;-0.125;4.354139;1;Adaptation;15;1;;;;;
23.3;-0.5;-0.5;2.449474;1;Adaptation;15;1;;;;;
23.32;-0.5;-0.5;3.221746;1;Adaptation;15;1;;;;;
23.34;-0.5;-0.5;2.995733;1;Adaptation;15;1;;;;;
23.36;-0.5;-0.5;5.461732;1;Adaptation;15;1;;;;;
23.38;-0.5;-0.5;3.546869;1;Adaptation;15;1;;;;;
23.4;-0.5;-0.5;5.80307;1;Adaptation;15;1;;;;;
23.42;2;-0.3125;5.174164;1;Adaptation;15;1;;;;;
23.44;-2;0.125;4.086021;1;Adaptation;15;1;;;;;
23.46;-0.5;-0.5;2.133793;1;Adaptation;15;1;;;;;
23.48;2;0.0625;4.23675;1;Adaptation;15;1;;;;;
23.5;-0.5;-0.5;2.764995;1;Adaptation;15;1;;;;;
23.52;-0.5;-0.5;5.624858;1;Adaptation;15;1;;;;;
23.54;-0.5;-0.5;5.383176;1;Adaptation;15;1;;;;;
23.56;-0.5;-0.5;3.906309;1;Adaptation;15;1;;;;;
23.58;-0.5;-0.5;5.442345;1;Adaptation;15;1;;;;;
23.6;-0.5;-0.5;2.701745;1;Adaptation;15;1;;;;;
23.62;-0.5;-0.5;5.363339;1;Adaptation;15;1;;;;;
23.64;-0.5;-0.5;2.148292;1;Adaptation;15;1;;;;;
23.66;-2;0.125;2.873185;1;Adaptation;15;1;;;;;
23.68;-0.5;-0.5;2.649449;1;Adaptation;15;1;;;;;
23.7;-0.5;-0.5;3.69136;1;Adaptation;15;1;;;;;
23.72;-0.5;-0.5;5.125118;1;Adaptation;15;1;;;;;
23.74;0;0.0625;4.042958;1;Adaptation;15;1;;;;;
23.76;-0.5;-0.5;2.555659;1;Adaptation;15;1;;;;;
23.78;-2;-0.1875;5.965988;1;Adaptation;15;1;;;;;
23.8;-0.5;-0.5;5.705935;1;Adaptation;15;1;;;;;
23.82;0;-0.25;4.366796;1;Adaptation;15;1;;;;;
23.84;-0.5;-0.5;3.602145;1;Adaptation;15;1;;;;;
23.86;-0.5;-0.5;2.193665;1;Adaptation;15;1;;;;;
23.88;2;0.1875;5.785324;1;Adaptation;15;1;;;;;
23.9;-0.5;-0.5;4.751126;1;Adaptation;15;1;;;;;
23.92;-0.5;-0.5;2.805395;1;Adaptation;15;1;;;;;
23.94;0;0.1875;4.477545;1;Adaptation;15;1;;;;;
23.96;-0.5;-0.5;4.738397;1;Adaptation;15;1;;;;;
23.98;-0.5;-0.5;3.01901;1;Adaptation;15;1;;;;;
24;-0.5;-0.5;4.833809;1;Adaptation;15;1;;;;;
24.02;-0.5;-0.5;4.021617;1;Adaptation;15;1;;;;;
24.04;-0.5;-0.5;4.066334;1;Adaptation;15;1;;;;;
24.06;-0.5;-0.5;4.287964;1;Adaptation;15;1;;;;;
24.08;-0.5;-0.5;4.928215;1;Adaptation;15;1;;;;;
24.1;-0.5;-0.5;2.190243;1;Adaptation;15;1;;;;;
24.12;-0.5;-0.5;3.867655;1;Adaptation;15;1;;;;;
24.14;-0.5;-0.5;5.618801;1;Adaptation;15;1;;;;;
24.16;-0.5;-0.5;5.108201;1;Adaptation;15;1;;;;;
24.18;-0.5;-0.5;5.270081;1;Adaptation;15;1;;;;;
24.2;-2;0;3.352132;1;Adaptation;15;1;;;;;
24.22;-0.5;-0.5;2.439206;1;Adaptation;15;1;;;;;
24.24;-0.5;-0.5;5.718041;1;Adaptation;15;1;;;;;
24.26;-0.5;-0.5;5.468089;1;Adaptation;15;1;;;;;
24.28;-2;0;3.729557;1;Adaptation;15;1;;;;;
24.3;-0.5;-0.5;4.583116;1;Adaptation;15;1;;;;;
24.32;-0.5;-0.5;2.398902;1;Adaptation;15;1;;;;;
24.34;-0.5;-0.5;5.944708;1;Adaptation;15;1;;;;;
24.36;-0.5;-0.5;2.33381;1;Adaptation;15;1;;;;;
24.38;-0.5;-0.5;2.73779;1;Adaptation;15;1;;;;;
24.4;-0.5;-0.5;2.383972;1;Adaptation;15;1;;;;;
24.42;2;0;2.015071;1;Adaptation;15;1;;;;;
24.44;-0.5;-0.5;3.603414;1;Adaptation;15;1;;;;;
24.46;-0.5;-0.5;3.085438;1;Adaptation;15;1;;;;;
24.48;-0.5;-0.5;5.038835;1;Adaptation;15;1;;;;;
24.5;-0.5;-0.5;5.563038;1;Adaptation;15;1;;;;;
24.52;0;0;5.300719;1;Adaptation;15;1;;;;;
24.54;-0.5;-0.5;2.441388;1;Adaptation;15;1;;;;;
24.56;-0.5;-0.5;4.358249;1;Adaptation;15;1;;;;;
24.58;-0.5;-0.5;2.048476;1;Adaptation;15;1;;;;;
24.6;-0.5;-0.5;5.648605;1;Adaptation;15;1;;;;;
24.62;0;-0.3125;5.995724;1;Adaptation;15;1;;;;;
24.64;-0.5;-0.5;3.673149;1;Adaptation;15;1;;;;;
24.66;-0.5;-0.5;3.348912;1;Adaptation;15;1;;;;;
24.68;-2;0.125;4.748342;1;Adaptation;15;1;;;;;
24.7;-0.5;-0.5;3.461331;1;Adaptation;15;1;;;;;
24.72;-0.5;-0.5;5.336446;1;Adaptation;15;1;;;;;
24.74;-0.5;-0.5;2.069561;1;Adaptation;15;1;;;;;
24.76;-0.5;-0.5;3.899042;1;Adaptation;15;1;;;;;
24.78;-0.5;-0.5;3.181449;1;Adaptation;15;1;;;;;
24.8;-0.5;-0.5;2.633678;1;Adaptation;15;1;;;;;
24.82;-0.5;-0.5;5.953212;1;Adaptation;15;1;;;;;
24.84;-0.5;-0.5;3.086372;1;Adaptation;15;1;;;;;
24.86;-0.5;-0.5;4.795684;1;Adaptation;15;1;;;;;
24.88;0;0.125;3.214508;1;Adaptation;15;1;;;;;
24.9;-0.5;-0.5;2.704686;1;Adaptation;15;1;;;;;
24.92;-0.5;-0.5;4.956031;1;Adaptation;15;1;;;;;
24.94;-0.5;-0.5;3.540114;1;Adaptation;15;1;;;;;
24.96;-2;-0.1875;2.153547;1;Adaptation;15;1;;;;;
24.98;-0.5;-0.5;4.373061;1;Adaptation;15;1;;;;;
25;-0.5;-0.5;2.826091;1;Adaptation;15;1;;;;;
25.02;-0.5;-0.5;5.119768;1;Adaptation;15;1;;;;;
25.04;-2;0;4.817359;1;Adaptation;15;1;;;;;
25.06;-0.5;-0.5;5.684568;1;Adaptation;15;1;;;;;
25.08;-0.5;-0.5;4.908725;1;Adaptation;15;1;;;;;
25.1;-0.5;-0.5;5.361746;1;Adaptation;15;1;;;;;
25.12;-0.5;-0.5;5.21738;1;Adaptation;15;1;;;;;
25.14;-0.5;-0.5;5.032771;1;Adaptation;15;1;;;;;
25.16;-0.5;-0.5;3.259498;1;Adaptation;15;1;;;;;
25.18;-0.5;-0.5;2.223144;1;Adaptation;15;1;;;;;
25.2;0;-0.3125;3.797994;1;Adaptation;15;1;;;;;
25.22;-2;0;5.398872;1;Adaptation;15;1;;;;;
25.24;-2;0.1875;3.749014;1;Adaptation;15;1;;;;;
25.26;-0.5;-0.5;4.504603;1;Adaptation;15;1;;;;;
25.28;-0.5;-0.5;2.189449;1;Adaptation;15;1;;;;;
25.3;-0.5;-0.5;4.82118;1;Adaptation;15;1;;;;;
25.32;0;-0.125;2.340907;1;Adaptation;15;1;;;;;
25.34;0;-0.125;3.801122;1;Adaptation;15;1;;;;;
25.36;-0.5;-0.5;2.248658;1;Adaptation;15;1;;;;;
25.38;-0.5;-0.5;4.810001;1;Adaptation;15;1;;;;;
25.4;0;-0.125;4.715179;1;Adaptation;15;1;;;;;
25.42;-0.5;-0.5;4.025186;1;Adaptation;15;1;;;;;
25.44;2;-0.125;5.671815;1;Adaptation;15;1;;;;;
25.46;-0.5;-0.5;4.704674;1;Adaptation;15;1;;;;;
25.48;-0.5;-0.5;5.837544;1;Adaptation;15;1;;;;;
25.5;-0.5;-0.5;5.345213;1;Adaptation;15;1;;;;;
25.52;-0.5;-0.5;4.833616;1;Adaptation;15;1;;;;;
25.54;-0.5;-0.5;2.102983;1;Adaptation;15;1;;;;;
25.56;-0.5;-0.5;2.462686;1;Adaptation;15;1;;;;;
25.58;2;-0.25;2.536412;1;Adaptation;15;1;;;;;
25.6;-0.5;-0.5;5.064676;1;Adaptation;15;1;;;;;
25.62;-0.5;-0.5;5.731395;1;Adaptation;15;1;;;;;
25.64;0;0.25;5.764343;1;Adaptation;15;1;;;;;
25.66;-0.5;-0.5;2.435911;1;Adaptation;15;1;;;;;
25.68;-0.5;-0.5;2.186715;1;Adaptation;15;1;;;;;
25.7;-0.5;-0.5;2.462758;1;Adaptation;15;1;;;;;
25.72;0;0;2.211619;1;Adaptation;15;1;;;;;
25.74;-0.5;-0.5;5.792213;1;Adaptation;15;1;;;;;
25.76;-0.5;-0.5;5.951213;1;Adaptation;15;1;;;;;
25.78;2;0;4.622171;1;Adaptation;15;1;;;;;
25.8;-0.5;-0.5;3.778236;1;Adaptation;15;1;;;;;
25.82;-0.5;-0.5;3.531554;1;Adaptation;15;1;;;;;
25.84;0;-0.1875;3.675437;1;Adaptation;15;1;;;;;
25.86;-0.5;-0.5;4.738466;1;Adaptation;15;1;;;;;
25.88;-0.5;-0.5;3.926416;1;Adaptation;15;1;;;;;
25.9;-0.5;-0.5;2.518286;1;Adaptation;15;1;;;;;
25.92;-2;-0.125;5.258276;1;Adaptation;15;1;;;;;
25.94;-0.5;-0.5;3.85365;1;Adaptation;15;1;;;;;
25.96;-0.5;-0.5;3.479077;1;Adaptation;15;1;;;;;
25.98;-0.5;-0.5;5.286069;1;Adaptation;15;1;;;;;
26;-0.5;-0.5;2.686569;1;Adaptation;15;1;;;;;
26.02;-0.5;-0.5;4.164653;1;Adaptation;15;1;;;;;
26.04;-0.5;-0.5;2.100666;1;Adaptation;15;1;;;;;
26.06;0;0.0625;3.064209;1;Adaptation;15;1;;;;;
26.08;-2;0;5.796164;1;Adaptation;15;1;;;;;
26.1;-0.5;-0.5;3.818098;1;Adaptation;15;1;;;;;
26.12;-2;0.1875;5.020918;1;Adaptation;15;1;;;;;
26.14;-0.5;-0.5;2.210774;1;Adaptation;15;1;;;;;
26.16;-0.5;-0.5;3.390699;1;Adaptation;15;1;;;;;
26.18;2;0.0625;5.296611;1;Adaptation;15;1;;;;;
26.2;-0.5;-0.5;4.402042;1;Adaptation;15;1;;;;;
26.22;-0.5;-0.5;5.732319;1;Adaptation;15;1;;;;;
26.24;-0.5;-0.5;3.728177;1;Adaptation;15;1;;;;;
26.26;-0.5;-0.5;2.998554;1;Adaptation;15;1;;;;;
26.28;-0.5;-0.5;3.563425;1;Adaptation;15;1;;;;;
26.3;0;-0.0625;3.061809;1;Adaptation;15;1;;;;;
26.32;-0.5;-0.5;4.984094;1;Adaptation;15;1;;;;;
26.34;2;0.125;5.676041;1;Adaptation;15;1;;;;;
26.36;-0.5;-0.5;3.51788;1;Adaptation;15;1;;;;;
26.38;-2;0.125;4.086729;1;Adaptation;15;1;;;;;
26.4;-0.5;-0.5;3.822199;1;Adaptation;15;1;;;;;
26.42;-0.5;-0.5;2.028149;1;Adaptation;15;1;;;;;
26.44;-0.5;-0.5;4.573495;1;Adaptation;15;1;;;;;
26.46;-2;-0.0625;2.668417;1;Adaptation;15;1;;;;;
26.48;-0.5;-0.5;4.416209;1;Adaptation;15;1;;;;;
26.5;-0.5;-0.5;5.438061;1;Adaptation;15;1;;;;;
26.52;-0.5;-0.5;2.316209;1;Adaptation;15;1;;;;;
26.54;-0.5;-0.5;3.758176;1;Adaptation;15;1;;;;;
26.56;-0.5;-0.5;4.550393;1;Adaptation;15;1;;;;;
26.58;-0.5;-0.5;2.236703;1;Adaptation;15;1;;;;;
26.6;-0.5;-0.5;3.381788;1;Adaptation;15;1;;;;;
26.62;0;-0.0625;4.743711;1;Adaptation;15;1;;;;;
26.64;-0.5;-0.5;3.463816;1;Adaptation;15;1;;;;;
26.66;-0.5;-0.5;4.767608;1;Adaptation;15;1;;;;;
26.68;-0.5;-0.5;3.179363;1;Adaptation;15;1;;;;;
26.7;-0.5;-0.5;3.753106;1;Adaptation;15;1;;;;;
26.72;0;0.0625;4.985346;1;Adaptation;15;1;;;;;
26.74;0;0.125;3.728052;1;Adaptation;15;1;;;;;
26.76;-0.5;-0.5;4.84745;1;Adaptation;15;1;;;;;
26.78;2;-0.0625;2.108373;1;Adaptation;15;1;;;;;
26.8;-0.5;-0.5;4.348701;1;Adaptation;15;1;;;;;
26.82;-0.5;-0.5;3.703891;1;Adaptation;15;1;;;;;
26.84;-2;-0.125;3.515241;1;Adaptation;15;1;;;;;
26.86;-0.5;-0.5;4.902846;1;Adaptation;15;1;;;;;
26.88;-0.5;-0.5;2.460498;1;Adaptation;15;1;;;;;
26.9;0;0;4.571628;1;Adaptation;15;1;;;;;
26.92;-0.5;-0.5;3.169198;1;Adaptation;15;1;;;;;
26.94;-0.5;-0.5;3.590266;1;Adaptation;15;1;;;;;
26.96;-0.5;-0.5;4.707141;1;Adaptation;15;1;;;;;
26.98;-0.5;-0.5;2.092867;1;Adaptation;15;1;;;;;
27;-0.5;-0.5;4.011621;1;Adaptation;15;1;;;;;
27.02;0;0.125;3.446171;1;Adaptation;15;1;;;;;
27.04;0;0.125;3.234639;1;Adaptation;15;1;;;;;
27.06;-0.5;-0.5;4.103394;1;Adaptation;15;1;;;;;
27.08;-0.5;-0.5;5.34039;1;Adaptation;15;1;;;;;
27.1;-0.5;-0.5;2.62215;1;Adaptation;15;1;;;;;
27.12;-0.5;-0.5;2.935171;1;Adaptation;15;1;;;;;
27.14;-0.5;-0.5;3.424206;1;Adaptation;15;1;;;;;
27.16;2;-0.0625;3.402659;1;Adaptation;15;1;;;;;
27.18;-0.5;-0.5;4.114688;1;Adaptation;15;1;;;;;
27.2;-0.5;-0.5;5.03762;1;Adaptation;15;1;;;;;
27.22;-0.5;-0.5;5.567292;1;Adaptation;15;1;;;;;
27.24;0;-0.1875;3.015675;1;Adaptation;15;1;;;;;
27.26;-0.5;-0.5;4.888965;1;Adaptation;15;1;;;;;
27.28;-0.5;-0.5;3.305214;1;Adaptation;15;1;;;;;
27.3;0;0.0625;5.103402;1;Adaptation;15;1;;;;;
27.32;-0.5;-0.5;5.644732;1;Adaptation;15;1;;;;;
27.34;-0.5;-0.5;4.320612;1;Adaptation;15;1;;;;;
27.36;0;0;3.733438;1;Adaptation;15;1;;;;;
27.38;-0.5;-0.5;3.864153;1;Adaptation;15;1;;;;;
27.4;-0.5;-0.5;4.217619;1;Adaptation;15;1;;;;;
27.42;2;0.0625;5.411201;1;Adaptation;15;1;;;;;
27.44;-0.5;-0.5;2.806825;1;Adaptation;15;1;;;;;
27.46;-0.5;-0.5;2.377621;1;Adaptation;15;1;;;;;
27.48;-0.5;-0.5;2.863825;1;Adaptation;15;1;;;;;
27.5;-0.5;-0.5;3.368344;1;Adaptation;15;1;;;;;
27.52;-0.5;-0.5;4.178334;1;Adaptation;15;1;;;;;
27.54;2;0;5.082562;1;Adaptation;15;1;;;;;
27.56;-0.5;-0.5;2.234349;1;Adaptation;15;1;;;;;
27.58;-0.5;-0.5;4.500194;1;Adaptation;15;1;;;;;
27.6;0;0;2.581726;1;Adaptation;15;1;;;;;
27.62;-0.5;-0.5;3.642708;1;Adaptation;15;1;;;;;
27.64;-0.5;-0.5;2.776103;1;Adaptation;15;1;;;;;
27.66;0;0.125;3.944818;1;Adaptation;15;1;;;;;
27.68;-2;0.125;2.985276;1;Adaptation;15;1;;;;;
27.7;-0.5;-0.5;5.475434;1;Adaptation;15;1;;;;;
27.72;-0.5;-0.5;2.393999;1;Adaptation;15;1;;;;;
27.74;-0.5;-0.5;3.5425;1;Adaptation;15;1;;;;;
27.76;-0.5;-0.5;4.673985;1;Adaptation;15;1;;;;;
27.78;-0.5;-0.5;5.36444;1;Adaptation;15;1;;;;;
27.8;-0.5;-0.5;4.894381;1;Adaptation;15;1;;;;;
27.82;-0.5;-0.5;2.22526;1;Adaptation;15;1;;;;;
27.84;-0.5;-0.5;2.388401;1;Adaptation;15;1;;;;;
27.86;2;-0.0625;2.626338;1;Adaptation;15;1;;;;;
27.88;-0.5;-0.5;4.586667;1;Adaptation;15;1;;;;;
27.9;-0.5;-0.5;2.3286;1;Adaptation;15;1;;;;;
27.92;-0.5;-0.5;4.226862;1;Adaptation;15;1;;;;;
27.94;-0.5;-0.5;5.235912;1;Adaptation;15;1;;;;;
27.96;-0.5;-0.5;3.212172;1;Adaptation;15;1;;;;;
27.98;-0.5;-0.5;3.128139;1;Adaptation;15;1;;;;;
28;-0.5;-0.5;3.548645;1;Adaptation;15;1;;;;;
28.02;-0.5;-0.5;3.124329;1;Adaptation;15;1;;;;;
28.04;-0.5;-0.5;3.222923;1;Adaptation;15;1;;;;;
28.06;-0.5;-0.5;4.358077;1;Adaptation;15;1;;;;;
28.08;-0.5;-0.5;3.343511;1;Adaptation;15;1;;;;;
28.1;0;0;5.393428;1;Adaptation;15;1;;;;;
28.12;-0.5;-0.5;2.893758;1;Adaptation;15;1;;;;;
28.14;0;0.0625;3.108475;1;Adaptation;15;1;;;;;
28.16;-0.5;-0.5;4.502369;1;Adaptation;15;1;;;;;
28.18;-0.5;-0.5;2.21999;1;Adaptation;15;1;;;;;
28.2;-0.5;-0.5;3.702357;1;Adaptation;15;1;;;;;
28.22;0;0.0625;5.057352;1;Adaptation;15;1;;;;;
28.24;0;-0.0625;3.689512;1;Adaptation;15;1;;;;;
28.26;0;-0.125;5.621286;1;Adaptation;15;1;;;;;
28.28;-0.5;-0.5;5.377388;1;Adaptation;15;1;;;;;
28.3;-0.5;-0.5;4.773911;1;Adaptation;15;1;;;;;
28.32;-0.5;-0.5;4.842816;1;Adaptation;15;1;;;;;
28.34;-0.5;-0.5;2.173231;1;Adaptation;15;1;;;;;
28.36;-0.5;-0.5;2.331658;1;Adaptation;15;1;;;;;
28.38;-2;-0.3125;2.530816;1;Adaptation;15;1;;;;;
28.4;-0.5;-0.5;3.21163;1;Adaptation;15;1;;;;;
28.42;2;0.25;2.800538;1;Adaptation;15;1;;;;;
28.44;-0.5;-0.5;5.252377;1;Adaptation;15;1;;;;;
28.46;-0.5;-0.5;2.421264;1;Adaptation;15;1;;;;;
28.48;-0.5;-0.5;5.497787;1;Adaptation;15;1;;;;;
28.5;-0.5;-0.5;3.081304;1;Adaptation;15;1;;;;;
28.52;-0.5;-0.5;5.102097;1;Adaptation;15;1;;;;;
28.54;-0.5;-0.5;4.161532;1;Adaptation;15;1;;;;;
28.56;-0.5;-0.5;2.996146;1;Adaptation;15;1;;;;;
28.58;-0.5;-0.5;3.415181;1;Adaptation;15;1;;;;;
28.6;-0.5;-0.5;3.702971;1;Adaptation;15;1;;;;;
28.62;-0.5;-0.5;2.360576;1;Adaptation;15;1;;;;;
28.64;-0.5;-0.5;2.180261;1;Adaptation;15;1;;;;;
28.66;-0.5;-0.5;3.871505;1;Adaptation;15;1;;;;;
28.68;-2;0.125;2.849681;1;Adaptation;15;1;;;;;
28.7;-0.5;-0.5;5.126844;1;Adaptation;15;1;;;;;
28.72;-0.5;-0.5;5.029421;1;Adaptation;15;1;;;;;
28.74;-0.5;-0.5;3.792349;1;Adaptation;15;1;;;;;
28.76;2;0;5.702082;1;Adaptation;15;1;;;;;
28.78;-0.5;-0.5;2.95517;1;Adaptation;15;1;;;;;
28.8;0;0.125;4.710547;1;Adaptation;15;1;;;;;
28.82;-0.5;-0.5;5.579267;1;Adaptation;15;1;;;;;
28.84;-2;-0.0625;4.310291;1;Adaptation;15;1;;;;;
28.86;-0.5;-0.5;4.305928;1;Adaptation;15;1;;;;;
28.88;-0.5;-0.5;5.380912;1;Adaptation;15;1;;;;;
28.9;-4;0.125;5.991594;1;Adaptation;15;1;;;;;
28.92;-0.5;-0.5;4.030046;1;Adaptation;15;1;;;;;
28.94;-0.5;-0.5;2.192992;1;Adaptation;15;1;;;;;
28.96;-2;0;5.208665;1;Adaptation;15;1;;;;;
28.98;-0.5;-0.5;2.447093;1;Adaptation;15;1;;;;;
29;2;0.125;4.149547;1;Adaptation;15;1;;;;;
29.02;-0.5;-0.5;2.49508;1;Adaptation;15;1;;;;;
29.04;-0.5;-0.5;4.27945;1;Adaptation;15;1;;;;;
29.06;-0.5;-0.5;4.346907;1;Adaptation;15;1;;;;;
29.08;2;0;4.631551;1;Adaptation;15;1;;;;;
29.1;-0.5;-0.5;4.497713;1;Adaptation;15;1;;;;;
29.12;-0.5;-0.5;5.45603;1;Adaptation;15;1;;;;;
29.14;-0.5;-0.5;2.120923;1;Adaptation;15;1;;;;;
29.16;-0.5;-0.5;3.538539;1;Adaptation;15;1;;;;;
29.18;-0.5;-0.5;3.496971;1;Adaptation;15;1;;;;;
29.2;0;0.0625;5.661934;1;Adaptation;15;1;;;;;
29.22;0;0;5.981054;1;Adaptation;15;1;;;;;
29.24;0;0.0625;3.310487;1;Adaptation;15;1;;;;;
29.26;-0.5;-0.5;3.496639;1;Adaptation;15;1;;;;;
29.28;-0.5;-0.5;5.114591;1;Adaptation;15;1;;;;;
29.3;-0.5;-0.5;2.146545;1;Adaptation;15;1;;;;;
29.32;-0.5;-0.5;5.361898;1;Adaptation;15;1;;;;;
29.34;-0.5;-0.5;2.111704;1;Adaptation;15;1;;;;;
29.36;-0.5;-0.5;5.809787;1;Adaptation;15;1;;;;;
29.38;-0.5;-0.5;3.664416;1;Adaptation;15;1;;;;;
29.4;-0.5;-0.5;2.921176;1;Adaptation;15;1;;;;;
29.42;-0.5;-0.5;5.002548;1;Adaptation;15;1;;;;;
29.44;-0.5;-0.5;2.639241;1;Adaptation;15;1;;;;;
29.46;0;-0.0625;4.150702;1;Adaptation;15;1;;;;;
29.48;2;-0.0625;5.269606;1;Adaptation;15;1;;;;;
29.5;-0.5;-0.5;3.408625;1;Adaptation;15;1;;;;;
29.52;-0.5;-0.5;2.519701;1;Adaptation;15;1;;;;;
29.54;-0.5;-0.5;2.345387;1;Adaptation;15;1;;;;;
29.56;-0.5;-0.5;3.24588;1;Adaptation;15;1;;;;;
29.58;4;0.125;2.955901;1;Adaptation;15;1;;;;;
29.6;-0.5;-0.5;4.297032;1;Adaptation;15;1;;;;;
29.62;-0.5;-0.5;3.410493;1;Adaptation;15;1;;;;;
29.64;-0.5;-0.5;5.103623;1;Adaptation;15;1;;;;;
29.66;0;-0.1875;4.407181;1;Adaptation;15;1;;;;;
29.68;-0.5;-0.5;4.41192;1;Adaptation;15;1;;;;;
29.7;-0.5;-0.5;4.796198;1;Adaptation;15;1;;;;;
29.72;-0.5;-0.5;2.414388;1;Adaptation;15;1;;;;;
29.74;-0.5;-0.5;2.48183;1;Adaptation;15;1;;;;;
29.76;-0.5;-0.5;5.496912;1;Adaptation;15;1;;;;;
29.78;-0.5;-0.5;2.590147;1;Adaptation;15;1;;;;;
29.8;-0.5;-0.5;5.550742;1;Adaptation;15;1;;;;;
29.82;-0.5;-0.5;3.471674;1;Adaptation;15;1;;;;;
29.84;-0.5;-0.5;2.217892;1;Adaptation;15;1;;;;;
29.86;-0.5;-0.5;2.234207;1;Adaptation;15;1;;;;;
29.88;-0.5;-0.5;2.48337;1;Adaptation;15;1;;;;;
29.9;-0.5;-0.5;4.568519;1;Adaptation;15;1;;;;;
29.92;-0.5;-0.5;2.777333;1;Adaptation;15;1;;;;;
29.94;-0.5;-0.5;5.456379;1;Adaptation;15;1;;;;;
29.96;-0.5;-0.5;2.974113;1;Adaptation;15;1;;;;;
29.98;-0.5;-0.5;2.927651;1;Adaptation;15;1;;;;;
;;;;;;;;;;;;
