time;pos_x_right;pos_y_right;dil_right;pos_x_left;pos_y_left;dil_left;brightness;state;fov;trial;;
0;-0.5;-0.5;4.577169;1;Adaptation;15;1;;;;;
0.02;-0.5;-0.5;5.976783;1;Adaptation;15;1;;;;;
0.04;0;-0.25;3.111132;1;Adaptation;15;1;;;;;
0.06;0;-0.25;3.656007;1;Adaptation;15;1;;;;;
0.08;0;-0.25;2.709071;1;Adaptation;15;1;;;;;
0.09999999;0;-0.25;2.88188;1;Adaptation;15;1;;;;;
0.12;0;-0.25;5.171562;1;Adaptation;15;1;;;;;
0.14;0;-0.25;5.992711;1;Adaptation;15;1;;;;;
0.16;0;-0.25;5.159935;1;Adaptation;15;1;;;;;
0.18;0;-0.25;3.934193;1;Adaptation;15;1;;;;;
0.2;0;-0.25;4.820971;1;Adaptation;15;1;;;;;
0.22;0;-0.25;4.727304;1;Adaptation;15;1;;;;;
0.24;0;-0.25;4.825218;1;Adaptation;15;1;;;;;
0.26;0;-0.25;3.1379;1;Adaptation;15;1;;;;;
0.28;0;-0.25;4.22928;1;Adaptation;15;1;;;;;
0.3;0;-0.25;3.142733;1;Adaptation;15;1;;;;;
0.32;0;-0.25;2.503564;1;Adaptation;15;1;;;;;
0.34;0;-0.25;5.940038;1;Adaptation;15;1;;;;;
0.36;-0.5;-0.5;4.536623;1;Adaptation;15;1;;;;;
0.38;-0.5;-0.5;4.753674;1;Adaptation;15;1;;;;;
0.4;-0.5;-0.5;5.456713;1;Adaptation;15;1;;;;;
0.42;-0.5;-0.5;4.69772;1;Adaptation;15;1;;;;;
0.44;-0.5;-0.5;4.715088;1;Adaptation;15;1;;;;;
0.46;-0.5;-0.5;2.736069;1;Adaptation;15;1;;;;;
0.48;-0.5;-0.5;5.247887;1;Adaptation;15;1;;;;;
0.5;-0.5;-0.5;2.323204;1;Adaptation;15;1;;;;;
0.52;-0.5;-0.5;5.14258;1;Adaptation;15;1;;;;;
0.54;-0.5;-0.5;2.867763;1;Adaptation;15;1;;;;;
0.56;-0.5;-0.5;2.509694;1;Adaptation;15;1;;;;;
0.58;2;-0.125;5.903055;1;Adaptation;15;1;;;;;
0.6;0;0;2.87658;1;Adaptation;15;1;;;;;
0.62;-0.5;-0.5;3.783253;1;Adaptation;15;1;;;;;
0.64;-0.5;-0.5;5.868741;1;Adaptation;15;1;;;;;
0.66;-0.5;-0.5;4.886392;1;Adaptation;15;1;;;;;
0.68;-0.5;-0.5;2.075547;1;Adaptation;15;1;;;;;
0.7;-0.5;-0.5;3.175542;1;Adaptation;15;1;;;;;
0.72;-0.5;-0.5;3.914064;1;Adaptation;15;1;;;;;
0.74;-2;-0.125;2.704551;1;Adaptation;15;1;;;;;
0.76;0;0.125;2.040174;1;Adaptation;15;1;;;;;
0.78;-0.5;-0.5;4.590888;1;Adaptation;15;1;;;;;
0.8;-2;0.25;4.722842;1;Adaptation;15;1;;;;;
0.82;-0.5;-0.5;5.665837;1;Adaptation;15;1;;;;;
0.84;-0.5;-0.5;5.677121;1;Adaptation;15;1;;;;;
0.86;-0.5;-0.5;2.76308;1;Adaptation;15;1;;;;;
0.88;-0.5;-0.5;3.203499;1;Adaptation;15;1;;;;;
0.9;-0.5;-0.5;2.337075;1;Adaptation;15;1;;;;;
0.92;2;0.125;2.551621;1;Adaptation;15;1;;;;;
0.94;-0.5;-0.5;5.838992;1;Adaptation;15;1;;;;;
0.96;-0.5;-0.5;4.885402;1;Adaptation;15;1;;;;;
0.98;-0.5;-0.5;4.109206;1;Adaptation;15;1;;;;;
1;0;0.125;5.175877;1;Adaptation;15;1;;;;;
1.02;-0.5;-0.5;3.222918;1;Adaptation;15;1;;;;;
1.04;-0.5;-0.5;5.463036;1;Adaptation;15;1;;;;;
1.06;-0.5;-0.5;4.628893;1;Adaptation;15;1;;;;;
1.08;-0.5;-0.5;2.412569;1;Adaptation;15;1;;;;;
1.1;0;0.25;5.010128;1;Adaptation;15;1;;;;;
1.12;2;-0.125;2.931463;1;Adaptation;15;1;;;;;
1.14;-0.5;-0.5;3.906995;1;Adaptation;15;1;;;;;
1.16;0;0;3.498132;1;Adaptation;15;1;;;;;
1.18;-0.5;-0.5;2.953803;1;Adaptation;15;1;;;;;
1.2;-0.5;-0.5;4.229588;1;Adaptation;15;1;;;;;
1.22;-0.5;-0.5;4.573492;1;Adaptation;15;1;;;;;
1.24;-0.5;-0.5;3.864854;1;Adaptation;15;1;;;;;
1.26;-0.5;-0.5;2.978288;1;Adaptation;15;1;;;;;
1.28;0;-0.25;4.988789;1;Adaptation;15;1;;;;;
1.3;-0.5;-0.5;4.967224;1;Adaptation;15;1;;;;;
1.32;-0.5;-0.5;2.055111;1;Adaptation;15;1;;;;;
1.34;-0.5;-0.5;4.317166;1;Adaptation;15;1;;;;;
1.36;0;0.125;2.689392;1;Adaptation;15;1;;;;;
1.38;-0.5;-0.5;4.29126;1;Adaptation;15;1;;;;;
1.4;-0.5;-0.5;2.171671;1;Adaptation;15;1;;;;;
1.42;-0.5;-0.5;4.604836;1;Adaptation;15;1;;;;;
1.44;-0.5;-0.5;2.32583;1;Adaptation;15;1;;;;;
1.46;-0.5;-0.5;4.476334;1;Adaptation;15;1;;;;;
1.48;-0.5;-0.5;3.537722;1;Adaptation;15;1;;;;;
1.5;0;0.125;5.299611;1;Adaptation;15;1;;;;;
1.52;2;0;4.598412;1;Adaptation;15;1;;;;;
1.54;-0.5;-0.5;4.163592;1;Adaptation;15;1;;;;;
1.56;-0.5;-0.5;2.514209;1;Adaptation;15;1;;;;;
1.58;0;0;2.644618;1;Adaptation;15;1;;;;;
1.6;-0.5;-0.5;2.637245;1;Adaptation;15;1;;;;;
1.62;-0.5;-0.5;2.34842;1;Adaptation;15;1;;;;;
1.64;-0.5;-0.5;2.524551;1;Adaptation;15;1;;;;;
1.66;-0.5;-0.5;5.329827;1;Adaptation;15;1;;;;;
1.68;-0.5;-0.5;4.857082;1;Adaptation;15;1;;;;;
1.7;0;-0.125;3.836642;1;Adaptation;15;1;;;;;
1.72;0;0.125;2.763062;1;Adaptation;15;1;;;;;
1.74;-0.5;-0.5;3.079132;1;Adaptation;15;1;;;;;
1.76;-0.5;-0.5;2.081903;1;Adaptation;15;1;;;;;
1.78;-0.5;-0.5;3.700099;1;Adaptation;15;1;;;;;
1.8;-0.5;-0.5;4.075256;1;Adaptation;15;1;;;;;
1.82;-2;0.125;5.392853;1;Adaptation;15;1;;;;;
1.84;-2;0.25;4.84467;1;Adaptation;15;1;;;;;
1.86;-0.5;-0.5;2.884258;1;Adaptation;15;1;;;;;
1.88;-0.5;-0.5;2.248827;1;Adaptation;15;1;;;;;
1.9;-0.5;-0.5;5.189446;1;Adaptation;15;1;;;;;
1.92;-0.5;-0.5;5.201286;1;Adaptation;15;1;;;;;
1.94;-0.5;-0.5;4.836257;1;Adaptation;15;1;;;;;
1.96;2;0;2.147895;1;Adaptation;15;1;;;;;
1.98;-0.5;-0.5;4.302807;1;Adaptation;15;1;;;;;
2;0;0;2.413198;1;Adaptation;15;1;;;;;
2.02;-0.5;-0.5;2.22313;1;Adaptation;15;1;;;;;
2.04;0;0;4.890818;1;Adaptation;15;1;;;;;
2.06;-0.5;-0.5;5.666569;1;Adaptation;15;1;;;;;
2.08;-0.5;-0.5;4.582373;1;Adaptation;15;1;;;;;
2.1;-2;0.125;3.286208;1;Adaptation;15;1;;;;;
2.12;2;0;5.035473;1;Adaptation;15;1;;;;;
2.14;-0.5;-0.5;2.964297;1;Adaptation;15;1;;;;;
2.16;0;0.125;3.492147;1;Adaptation;15;1;;;;;
2.18;-0.5;-0.5;2.643551;1;Adaptation;15;1;;;;;
2.2;-0.5;-0.5;4.359718;1;Adaptation;15;1;;;;;
2.22;0;-0.125;2.186778;1;Adaptation;15;1;;;;;
2.24;0;0.125;4.215447;1;Adaptation;15;1;;;;;
2.26;0;0.125;3.687458;1;Adaptation;15;1;;;;;
2.28;0;0.125;4.001761;1;Adaptation;15;1;;;;;
2.3;-0.5;-0.5;2.374535;1;Adaptation;15;1;;;;;
2.32;-0.5;-0.5;2.122617;1;Adaptation;15;1;;;;;
2.34;-0.5;-0.5;3.027534;1;Adaptation;15;1;;;;;
2.36;-2;0.125;3.199371;1;Adaptation;15;1;;;;;
2.38;-0.5;-0.5;2.307033;1;Adaptation;15;1;;;;;
2.4;-2;0.125;5.109109;1;Adaptation;15;1;;;;;
2.42;-0.5;-0.5;5.081427;1;Adaptation;15;1;;;;;
2.44;-0.5;-0.5;4.646912;1;Adaptation;15;1;;;;;
2.46;-0.5;-0.5;4.335695;1;Adaptation;15;1;;;;;
2.48;-0.5;-0.5;2.597213;1;Adaptation;15;1;;;;;
2.5;-0.5;-0.5;4.273152;1;Adaptation;15;1;;;;;
2.52;-0.5;-0.5;4.416512;1;Adaptation;15;1;;;;;
2.54;-0.5;-0.5;4.262808;1;Adaptation;15;1;;;;;
2.56;0;-0.25;4.832182;1;Adaptation;15;1;;;;;
2.58;-0.5;-0.5;2.967818;1;Adaptation;15;1;;;;;
2.6;-0.5;-0.5;2.184343;1;Adaptation;15;1;;;;;
2.62;-0.5;-0.5;5.792999;1;Adaptation;15;1;;;;;
2.64;-0.5;-0.5;2.099898;1;Adaptation;15;1;;;;;
2.66;-0.5;-0.5;5.282995;1;Adaptation;15;1;;;;;
2.68;0;0.25;5.258883;1;Adaptation;15;1;;;;;
2.7;-0.5;-0.5;4.389182;1;Adaptation;15;1;;;;;
2.72;-0.5;-0.5;4.152413;1;Adaptation;15;1;;;;;
2.74;0;0;5.889832;1;Adaptation;15;1;;;;;
2.76;-0.5;-0.5;3.680617;1;Adaptation;15;1;;;;;
2.78;-0.5;-0.5;3.52009;1;Adaptation;15;1;;;;;
2.8;-0.5;-0.5;4.837675;1;Adaptation;15;1;;;;;
2.82;-0.5;-0.5;3.105609;1;Adaptation;15;1;;;;;
2.84;0;0;5.789101;1;Adaptation;15;1;;;;;
2.86;-0.5;-0.5;4.19094;1;Adaptation;15;1;;;;;
2.88;-0.5;-0.5;3.18677;1;Adaptation;15;1;;;;;
2.9;-0.5;-0.5;3.070839;1;Adaptation;15;1;;;;;
2.92;-0.5;-0.5;5.117036;1;Adaptation;15;1;;;;;
2.94;-0.5;-0.5;4.235316;1;Adaptation;15;1;;;;;
2.96;-0.5;-0.5;3.219013;1;Adaptation;15;1;;;;;
2.98;-0.5;-0.5;4.885721;1;Adaptation;15;1;;;;;
3;-0.5;-0.5;5.843111;1;Adaptation;15;1;;;;;
3.02;-2;0;3.870735;1;Adaptation;15;1;;;;;
3.04;-0.5;-0.5;4.935546;1;Adaptation;15;1;;;;;
3.06;-2;-0.125;4.749485;1;Adaptation;15;1;;;;;
3.08;-0.5;-0.5;4.115022;1;Adaptation;15;1;;;;;
3.1;-0.5;-0.5;4.407345;1;Adaptation;15;1;;;;;
3.12;-0.5;-0.5;3.606406;1;Adaptation;15;1;;;;;
3.14;-0.5;-0.5;4.77784;1;Adaptation;15;1;;;;;
3.16;0;-0.125;3.08535;1;Adaptation;15;1;;;;;
3.18;-0.5;-0.5;2.253293;1;Adaptation;15;1;;;;;
3.2;2;-0.125;4.482976;1;Adaptation;15;1;;;;;
3.22;-0.5;-0.5;3.979894;1;Adaptation;15;1;;;;;
3.24;-0.5;-0.5;4.68861;1;Adaptation;15;1;;;;;
3.26;-0.5;-0.5;3.982774;1;Adaptation;15;1;;;;;
3.28;-0.5;-0.5;3.063554;1;Adaptation;15;1;;;;;
3.3;-0.5;-0.5;5.114077;1;Adaptation;15;1;;;;;
3.32;-0.5;-0.5;5.603379;1;Adaptation;15;1;;;;;
3.34;-0.5;-0.5;5.116057;1;Adaptation;15;1;;;;;
3.36;-0.5;-0.5;4.919761;1;Adaptation;15;1;;;;;
3.38;-0.5;-0.5;2.990867;1;Adaptation;15;1;;;;;
3.4;-0.5;-0.5;4.149533;1;Adaptation;15;1;;;;;
3.42;-0.5;-0.5;3.261298;1;Adaptation;15;1;;;;;
3.44;-0.5;-0.5;4.881139;1;Adaptation;15;1;;;;;
3.46;-0.5;-0.5;5.883056;1;Adaptation;15;1;;;;;
3.48;-0.5;-0.5;2.167756;1;Adaptation;15;1;;;;;
3.5;-0.5;-0.5;2.499495;1;Adaptation;15;1;;;;;
3.52;2;0.125;2.064887;1;Adaptation;15;1;;;;;
3.54;-0.5;-0.5;3.900308;1;Adaptation;15;1;;;;;
3.56;-0.5;-0.5;5.539248;1;Adaptation;15;1;;;;;
3.58;-0.5;-0.5;4.796723;1;Adaptation;15;1;;;;;
3.6;-0.5;-0.5;5.198363;1;Adaptation;15;1;;;;;
3.62;-2;-0.25;2.314442;1;Adaptation;15;1;;;;;
3.64;-0.5;-0.5;5.760661;1;Adaptation;15;1;;;;;
3.66;-0.5;-0.5;4.275585;1;Adaptation;15;1;;;;;
3.68;-0.5;-0.5;4.989902;1;Adaptation;15;1;;;;;
3.7;-0.5;-0.5;2.017088;1;Adaptation;15;1;;;;;
3.72;-0.5;-0.5;5.100761;1;Adaptation;15;1;;;;;
3.74;-0.5;-0.5;4.471077;1;Adaptation;15;1;;;;;
3.76;-0.5;-0.5;5.244246;1;Adaptation;15;1;;;;;
3.78;-0.5;-0.5;3.364394;1;Adaptation;15;1;;;;;
3.8;-0.5;-0.5;2.927417;1;Adaptation;15;1;;;;;
3.82;-0.5;-0.5;5.450013;1;Adaptation;15;1;;;;;
3.84;-0.5;-0.5;5.273454;1;Adaptation;15;1;;;;;
3.86;-0.5;-0.5;4.891654;1;Adaptation;15;1;;;;;
3.88;-0.5;-0.5;3.222977;1;Adaptation;15;1;;;;;
3.9;-0.5;-0.5;3.090242;1;Adaptation;15;1;;;;;
3.92;-0.5;-0.5;2.683474;1;Adaptation;15;1;;;;;
3.94;-0.5;-0.5;3.348842;1;Adaptation;15;1;;;;;
3.96;-0.5;-0.5;3.595569;1;Adaptation;15;1;;;;;
3.98;-0.5;-0.5;2.399715;1;Adaptation;15;1;;;;;
4;-0.5;-0.5;3.481526;1;Adaptation;15;1;;;;;
4.02;-0.5;-0.5;3.960866;1;Adaptation;15;1;;;;;
4.04;-0.5;-0.5;5.600062;1;Adaptation;15;1;;;;;
4.06;2;0.125;2.857873;1;Adaptation;15;1;;;;;
4.08;-0.5;-0.5;3.964049;1;Adaptation;15;1;;;;;
4.1;-0.5;-0.5;2.12216;1;Adaptation;15;1;;;;;
4.12;-0.5;-0.5;4.366589;1;Adaptation;15;1;;;;;
4.14;-0.5;-0.5;5.499223;1;Adaptation;15;1;;;;;
4.16;2;0.125;5.826092;1;Adaptation;15;1;;;;;
4.18;-0.5;-0.5;5.837732;1;Adaptation;15;1;;;;;
4.2;-0.5;-0.5;3.462116;1;Adaptation;15;1;;;;;
4.22;0;-0.125;4.23669;1;Adaptation;15;1;;;;;
4.24;-0.5;-0.5;4.179301;1;Adaptation;15;1;;;;;
4.26;-0.5;-0.5;4.555406;1;Adaptation;15;1;;;;;
4.28;-0.5;-0.5;5.537112;1;Adaptation;15;1;;;;;
4.3;-0.5;-0.5;2.156216;1;Adaptation;15;1;;;;;
4.32;-0.5;-0.5;4.178239;1;Adaptation;15;1;;;;;
4.34;0;-0.25;3.754464;1;Adaptation;15;1;;;;;
4.36;0;0.125;4.441614;1;Adaptation;15;1;;;;;
4.38;-0.5;-0.5;5.412081;1;Adaptation;15;1;;;;;
;;;;;;;;;;;;
