time;pos_x_right;pos_y_right;dil_right;pos_x_left;pos_y_left;dil_left;brightness;fov;trial;;
0;-0.5;-0.5;3.834911;1;15;1;;;;;
0.02;-0.5;-0.5;5.360655;1;15;1;;;;;
0.04;-0.5;-0.5;4.370082;1;15;1;;;;;
0.06;-0.5;-0.5;4.069597;1;15;1;;;;;
0.08;-0.5;-0.5;3.779042;1;15;1;;;;;
0.09999999;-0.5;-0.5;2.994888;1;15;1;;;;;
0.12;-0.5;-0.5;4.338966;1;15;1;;;;;
0.14;-0.5;-0.5;5.923439;1;15;1;;;;;
0.16;-0.5;-0.5;2.651582;1;15;1;;;;;
0.18;-0.5;-0.5;3.933765;1;15;1;;;;;
0.2;-0.5;-0.5;5.569106;1;15;1;;;;;
0.22;-0.5;-0.5;5.78504;1;15;1;;;;;
0.24;-0.5;-0.5;3.863744;1;15;1;;;;;
0.26;-0.5;-0.5;3.113721;1;15;1;;;;;
0.28;-0.5;-0.5;3.841354;1;15;1;;;;;
0.3;-0.5;-0.5;3.632432;1;15;1;;;;;
0.32;-0.5;-0.5;5.479639;1;15;1;;;;;
0.34;-0.5;-0.5;3.249216;1;15;1;;;;;
0.36;-0.5;-0.5;3.485425;1;15;1;;;;;
0.38;-0.5;-0.5;2.43237;1;15;1;;;;;
0.4;-0.5;-0.5;2.775574;1;15;1;;;;;
0.42;-0.5;-0.5;4.492233;1;15;1;;;;;
0.44;-0.5;-0.5;4.119163;1;15;1;;;;;
0.46;-0.5;-0.5;3.01412;1;15;1;;;;;
0.48;-0.5;-0.5;3.370307;1;15;1;;;;;
0.5;-0.5;-0.5;4.654672;1;15;1;;;;;
0.52;-0.5;-0.5;5.42638;1;15;1;;;;;
0.54;-0.5;-0.5;2.644906;1;15;1;;;;;
0.56;-0.5;-0.5;4.9333;1;15;1;;;;;
0.58;-0.5;-0.5;3.4574;1;15;1;;;;;
0.6;-0.5;-0.5;4.167532;1;15;1;;;;;
0.62;-0.5;-0.5;2.140183;1;15;1;;;;;
0.64;-0.5;-0.5;3.442201;1;15;1;;;;;
0.66;-0.5;-0.5;5.147367;1;15;1;;;;;
0.68;-0.5;-0.5;4.471038;1;15;1;;;;;
0.7;-0.5;-0.5;4.898865;1;15;1;;;;;
0.72;-0.5;-0.5;5.683421;1;15;1;;;;;
0.74;-0.5;-0.5;4.302187;1;15;1;;;;;
0.76;-0.5;-0.5;5.23098;1;15;1;;;;;
0.78;-0.5;-0.5;4.822699;1;15;1;;;;;
0.8;-0.5;-0.5;5.674853;1;15;1;;;;;
0.82;-0.5;-0.5;2.078946;1;15;1;;;;;
0.84;-0.5;-0.5;5.522054;1;15;1;;;;;
0.86;-0.5;-0.5;4.805892;1;15;1;;;;;
0.88;-0.5;-0.5;4.871038;1;15;1;;;;;
0.9;-0.5;-0.5;3.922892;1;15;1;;;;;
0.92;-0.5;-0.5;2.97267;1;15;1;;;;;
0.94;-0.5;-0.5;2.422931;1;15;1;;;;;
0.96;-0.5;-0.5;5.020562;1;15;1;;;;;
0.98;-0.5;-0.5;3.448152;1;15;1;;;;;
1;-0.5;-0.5;4.764091;1;15;1;;;;;
1.02;-0.5;-0.5;2.175122;1;15;1;;;;;
1.04;-0.5;-0.5;4.675331;1;15;1;;;;;
1.06;-0.5;-0.5;2.719039;1;15;1;;;;;
1.08;-0.5;-0.5;3.36138;1;15;1;;;;;
1.1;-0.5;-0.5;2.835602;1;15;1;;;;;
1.12;-0.5;-0.5;4.555876;1;15;1;;;;;
1.14;-0.5;-0.5;5.477573;1;15;1;;;;;
1.16;-0.5;-0.5;3.920735;1;15;1;;;;;
1.18;-0.5;-0.5;5.097315;1;15;1;;;;;
1.2;-0.5;-0.5;4.982868;1;15;1;;;;;
1.22;-0.5;-0.5;5.68678;1;15;1;;;;;
1.24;-0.5;-0.5;3.193477;1;15;1;;;;;
1.26;-0.5;-0.5;5.844035;1;15;1;;;;;
1.28;-0.5;-0.5;5.127311;1;15;1;;;;;
1.3;-0.5;-0.5;4.629658;1;15;1;;;;;
1.32;-0.5;-0.5;2.710567;1;15;1;;;;;
1.34;-0.5;-0.5;5.1209;1;15;1;;;;;
1.36;-0.5;-0.5;2.953634;1;15;1;;;;;
1.38;-0.5;-0.5;2.407236;1;15;1;;;;;
1.4;-0.5;-0.5;4.922975;1;15;1;;;;;
1.42;-0.5;-0.5;4.273257;1;15;1;;;;;
1.44;-0.5;-0.5;3.657111;1;15;1;;;;;
1.46;-0.5;-0.5;5.539893;1;15;1;;;;;
1.48;-0.5;-0.5;2.677022;1;15;1;;;;;
1.5;-0.5;-0.5;5.016852;1;15;1;;;;;
1.52;-0.5;-0.5;4.518841;1;15;1;;;;;
1.54;-0.5;-0.5;4.175858;1;15;1;;;;;
1.56;-0.5;-0.5;2.547997;1;15;1;;;;;
1.58;-0.5;-0.5;4.648421;1;15;1;;;;;
1.6;-0.5;-0.5;2.182377;1;15;1;;;;;
1.62;-0.5;-0.5;2.042429;1;15;1;;;;;
1.64;-0.5;-0.5;3.10534;1;15;1;;;;;
1.66;-0.5;-0.5;4.995002;1;15;1;;;;;
1.68;-0.5;-0.5;5.170969;1;15;1;;;;;
1.7;-0.5;-0.5;3.801791;1;15;1;;;;;
1.72;-0.5;-0.5;3.449917;1;15;1;;;;;
1.74;-0.5;-0.5;2.745054;1;15;1;;;;;
1.76;-0.5;-0.5;3.028797;1;15;1;;;;;
1.78;-0.5;-0.5;3.434946;1;15;1;;;;;
1.8;-0.5;-0.5;3.539806;1;15;1;;;;;
1.82;-0.5;-0.5;4.030185;1;15;1;;;;;
1.84;-0.5;-0.5;3.618901;1;15;1;;;;;
1.86;-0.5;-0.5;3.359822;1;15;1;;;;;
1.88;-0.5;-0.5;4.905238;1;15;1;;;;;
1.9;-0.5;-0.5;4.496614;1;15;1;;;;;
1.92;-0.5;-0.5;2.71493;1;15;1;;;;;
1.94;-0.5;-0.5;5.828332;1;15;1;;;;;
1.96;-0.5;-0.5;4.570667;1;15;1;;;;;
1.98;-0.5;-0.5;4.394794;1;15;1;;;;;
2;-0.5;-0.5;4.157424;1;15;1;;;;;
2.02;-0.5;-0.5;3.43382;1;15;1;;;;;
2.04;-0.5;-0.5;4.860378;1;15;1;;;;;
2.06;-0.5;-0.5;5.272716;1;15;1;;;;;
2.08;-0.5;-0.5;2.46092;1;15;1;;;;;
2.1;-0.5;-0.5;5.904144;1;15;1;;;;;
2.12;-0.5;-0.5;2.198585;1;15;1;;;;;
2.14;-0.5;-0.5;4.194652;1;15;1;;;;;
2.16;-0.5;-0.5;2.228047;1;15;1;;;;;
2.18;-0.5;-0.5;4.153187;1;15;1;;;;;
2.2;-0.5;-0.5;3.170526;1;15;1;;;;;
2.22;-0.5;-0.5;2.213265;1;15;1;;;;;
2.24;-0.5;-0.5;2.052233;1;15;1;;;;;
2.26;-0.5;-0.5;2.836863;1;15;1;;;;;
2.28;-0.5;-0.5;3.9664;1;15;1;;;;;
2.3;-0.5;-0.5;4.083485;1;15;1;;;;;
2.32;-0.5;-0.5;5.080997;1;15;1;;;;;
2.34;-0.5;-0.5;5.742141;1;15;1;;;;;
2.36;-0.5;-0.5;2.14299;1;15;1;;;;;
2.38;-0.5;-0.5;4.111952;1;15;1;;;;;
2.4;-0.5;-0.5;4.34191;1;15;1;;;;;
2.42;-0.5;-0.5;5.533584;1;15;1;;;;;
2.44;-0.5;-0.5;2.912245;1;15;1;;;;;
2.46;-0.5;-0.5;3.325975;1;15;1;;;;;
2.48;-0.5;-0.5;4.295284;1;15;1;;;;;
2.5;-0.5;-0.5;2.842388;1;15;1;;;;;
2.52;-0.5;-0.5;3.957956;1;15;1;;;;;
2.54;-0.5;-0.5;2.300542;1;15;1;;;;;
2.56;-0.5;-0.5;3.790402;1;15;1;;;;;
2.58;-0.5;-0.5;3.341278;1;15;1;;;;;
2.6;-0.5;-0.5;2.560256;1;15;1;;;;;
2.62;-0.5;-0.5;5.274393;1;15;1;;;;;
2.64;-0.5;-0.5;5.307401;1;15;1;;;;;
2.66;-0.5;-0.5;3.691768;1;15;1;;;;;
2.68;-0.5;-0.5;5.170443;1;15;1;;;;;
2.7;-0.5;-0.5;5.115688;1;15;1;;;;;
2.72;-0.5;-0.5;4.53734;1;15;1;;;;;
2.74;-0.5;-0.5;4.161198;1;15;1;;;;;
2.76;-0.5;-0.5;2.729512;1;15;1;;;;;
2.78;-0.5;-0.5;5.651985;1;15;1;;;;;
2.8;-0.5;-0.5;5.995872;1;15;1;;;;;
2.82;-0.5;-0.5;5.148099;1;15;1;;;;;
2.84;-0.5;-0.5;2.700557;1;15;1;;;;;
2.86;-0.5;-0.5;4.027247;1;15;1;;;;;
2.88;-0.5;-0.5;5.602635;1;15;1;;;;;
2.9;-0.5;-0.5;5.819416;1;15;1;;;;;
2.92;-0.5;-0.5;2.012297;1;15;1;;;;;
2.94;-0.5;-0.5;3.005834;1;15;1;;;;;
2.96;-0.5;-0.5;5.784178;1;15;1;;;;;
2.98;-0.5;-0.5;2.104773;1;15;1;;;;;
3;-0.5;-0.5;2.370413;1;15;1;;;;;
3.02;-0.5;-0.5;4.451297;1;15;1;;;;;
3.04;-0.5;-0.5;4.975198;1;15;1;;;;;
3.06;-0.5;-0.5;5.938898;1;15;1;;;;;
3.08;-0.5;-0.5;3.698987;1;15;1;;;;;
3.1;-0.5;-0.5;2.244345;1;15;1;;;;;
3.12;-0.5;-0.5;5.835214;1;15;1;;;;;
3.14;-0.5;-0.5;2.175607;1;15;1;;;;;
3.16;-0.5;-0.5;3.564609;1;15;1;;;;;
3.18;-0.5;-0.5;4.498738;1;15;1;;;;;
3.2;-0.5;-0.5;2.390876;1;15;1;;;;;
3.22;-0.5;-0.5;5.0951;1;15;1;;;;;
3.24;-0.5;-0.5;2.868815;1;15;1;;;;;
3.26;-0.5;-0.5;4.048546;1;15;1;;;;;
3.28;-0.5;-0.5;4.18777;1;15;1;;;;;
3.3;-0.5;-0.5;3.918266;1;15;1;;;;;
3.32;-0.5;-0.5;5.538474;1;15;1;;;;;
3.34;-0.5;-0.5;5.236315;1;15;1;;;;;
3.36;-0.5;-0.5;5.607502;1;15;1;;;;;
3.38;-0.5;-0.5;2.315266;1;15;1;;;;;
3.4;-0.5;-0.5;4.003356;1;15;1;;;;;
3.42;-0.5;-0.5;4.963662;1;15;1;;;;;
3.44;-0.5;-0.5;3.065253;1;15;1;;;;;
3.46;-0.5;-0.5;3.315249;1;15;1;;;;;
3.48;-0.5;-0.5;4.905025;1;15;1;;;;;
3.5;-0.5;-0.5;4.433047;1;15;1;;;;;
3.52;-0.5;-0.5;3.831762;1;15;1;;;;;
3.54;-0.5;-0.5;5.526401;1;15;1;;;;;
3.56;-0.5;-0.5;3.238366;1;15;1;;;;;
3.58;-0.5;-0.5;3.345606;1;15;1;;;;;
3.6;-0.5;-0.5;4.816504;1;15;1;;;;;
3.62;-0.5;-0.5;3.432908;1;15;1;;;;;
3.64;-0.5;-0.5;2.966398;1;15;1;;;;;
3.66;-0.5;-0.5;2.284944;1;15;1;;;;;
3.68;-0.5;-0.5;5.99091;1;15;1;;;;;
3.7;-0.5;-0.5;3.112638;1;15;1;;;;;
3.72;-0.5;-0.5;4.340763;1;15;1;;;;;
3.74;-0.5;-0.5;5.614557;1;15;1;;;;;
3.76;-0.5;-0.5;2.364307;1;15;1;;;;;
3.78;-0.5;-0.5;2.303034;1;15;1;;;;;
3.8;-0.5;-0.5;5.942392;1;15;1;;;;;
3.82;-0.5;-0.5;2.183708;1;15;1;;;;;
3.84;-0.5;-0.5;5.229429;1;15;1;;;;;
3.86;-0.5;-0.5;3.961481;1;15;1;;;;;
3.88;-0.5;-0.5;5.582057;1;15;1;;;;;
3.9;-0.5;-0.5;5.004336;1;15;1;;;;;
3.92;-0.5;-0.5;3.0368;1;15;1;;;;;
3.94;-0.5;-0.5;2.825437;1;15;1;;;;;
3.96;-0.5;-0.5;4.08667;1;15;1;;;;;
3.98;-0.5;-0.5;3.613195;1;15;1;;;;;
4;-0.5;-0.5;2.872295;1;15;1;;;;;
4.02;-0.5;-0.5;5.316922;1;15;1;;;;;
4.04;-0.5;-0.5;3.893363;1;15;1;;;;;
4.06;-0.5;-0.5;4.760328;1;15;1;;;;;
4.08;-0.5;-0.5;4.174505;1;15;1;;;;;
4.1;-0.5;-0.5;4.137306;1;15;1;;;;;
4.12;-0.5;-0.5;4.5403;1;15;1;;;;;
4.14;-0.5;-0.5;4.303885;1;15;1;;;;;
4.16;-0.5;-0.5;5.219697;1;15;1;;;;;
4.18;-0.5;-0.5;5.635709;1;15;1;;;;;
4.2;-0.5;-0.5;2.070497;1;15;1;;;;;
4.22;-0.5;-0.5;5.647742;1;15;1;;;;;
4.24;-0.5;-0.5;2.294098;1;15;1;;;;;
4.26;-0.5;-0.5;2.161048;1;15;1;;;;;
4.28;-0.5;-0.5;2.436631;1;15;1;;;;;
4.3;-0.5;-0.5;4.77011;1;15;1;;;;;
4.32;-0.5;-0.5;3.798664;1;15;1;;;;;
4.34;-0.5;-0.5;5.485336;1;15;1;;;;;
4.36;-0.5;-0.5;2.97173;1;15;1;;;;;
4.38;-0.5;-0.5;3.914183;1;15;1;;;;;
4.4;-0.5;-0.5;3.155802;1;15;1;;;;;
4.42;-0.5;-0.5;5.277448;1;15;1;;;;;
4.44;-0.5;-0.5;4.970466;1;15;1;;;;;
4.46;-0.5;-0.5;2.929272;1;15;1;;;;;
4.48;-0.5;-0.5;4.655229;1;15;1;;;;;
4.5;-0.5;-0.5;5.904529;1;15;1;;;;;
4.52;-0.5;-0.5;2.827302;1;15;1;;;;;
4.54;-0.5;-0.5;5.270756;1;15;1;;;;;
4.56;-0.5;-0.5;4.99791;1;15;1;;;;;
4.58;-0.5;-0.5;3.156034;1;15;1;;;;;
4.6;-0.5;-0.5;4.242;1;15;1;;;;;
4.62;-0.5;-0.5;2.42229;1;15;1;;;;;
4.64;-0.5;-0.5;2.014293;1;15;1;;;;;
4.66;-0.5;-0.5;4.166274;1;15;1;;;;;
4.68;-0.5;-0.5;5.605344;1;15;1;;;;;
4.7;-0.5;-0.5;5.286937;1;15;1;;;;;
4.72;-0.5;-0.5;2.295842;1;15;1;;;;;
4.74;-0.5;-0.5;5.23691;1;15;1;;;;;
4.76;-0.5;-0.5;2.003014;1;15;1;;;;;
4.78;-0.5;-0.5;2.615361;1;15;1;;;;;
4.8;-0.5;-0.5;5.09556;1;15;1;;;;;
4.82;-0.5;-0.5;4.396958;1;15;1;;;;;
4.84;-0.5;-0.5;2.530165;1;15;1;;;;;
4.86;-0.5;-0.5;5.666914;1;15;1;;;;;
4.88;-0.5;-0.5;2.045617;1;15;1;;;;;
4.9;-0.5;-0.5;5.861122;1;15;1;;;;;
4.92;-0.5;-0.5;3.092078;1;15;1;;;;;
4.94;-0.5;-0.5;5.384579;1;15;1;;;;;
4.96;-0.5;-0.5;3.073475;1;15;1;;;;;
4.98;-0.5;-0.5;3.225226;1;15;1;;;;;
5;-0.5;-0.5;3.371782;1;15;1;;;;;
5.02;-0.5;-0.5;3.259963;1;15;1;;;;;
5.04;-0.5;-0.5;5.109748;1;15;1;;;;;
5.06;-0.5;-0.5;3.367816;1;15;1;;;;;
5.08;-0.5;-0.5;5.259368;1;15;1;;;;;
5.1;-0.5;-0.5;2.570597;1;15;1;;;;;
5.12;-0.5;-0.5;5.69951;1;15;1;;;;;
5.14;-0.5;-0.5;3.298966;1;15;1;;;;;
5.16;-0.5;-0.5;3.791442;1;15;1;;;;;
5.18;-0.5;-0.5;3.059419;1;15;1;;;;;
5.2;-0.5;-0.5;2.789366;1;15;1;;;;;
5.22;-0.5;-0.5;4.495491;1;15;1;;;;;
5.24;-0.5;-0.5;2.85549;1;15;1;;;;;
5.26;-0.5;-0.5;2.009245;1;15;1;;;;;
5.28;-0.5;-0.5;3.760522;1;15;1;;;;;
5.3;-0.5;-0.5;4.684191;1;15;1;;;;;
5.32;-0.5;-0.5;4.375873;1;15;1;;;;;
5.34;-0.5;-0.5;4.707455;1;15;1;;;;;
5.36;-0.5;-0.5;3.754018;1;15;1;;;;;
5.38;-0.5;-0.5;4.565071;1;15;1;;;;;
5.4;-0.5;-0.5;2.950526;1;15;1;;;;;
5.42;-0.5;-0.5;4.201939;1;15;1;;;;;
5.44;-0.5;-0.5;3.533375;1;15;1;;;;;
5.46;-0.5;-0.5;5.027391;1;15;1;;;;;
5.48;-0.5;-0.5;2.751467;1;15;1;;;;;
5.5;-0.5;-0.5;2.557709;1;15;1;;;;;
5.52;-0.5;-0.5;5.270874;1;15;1;;;;;
5.54;-0.5;-0.5;2.173042;1;15;1;;;;;
5.56;-0.5;-0.5;2.4901;1;15;1;;;;;
5.58;-0.5;-0.5;4.265795;1;15;1;;;;;
5.6;-0.5;-0.5;2.861674;1;15;1;;;;;
5.62;-0.5;-0.5;5.769333;1;15;1;;;;;
5.64;-0.5;-0.5;2.481148;1;15;1;;;;;
5.66;-0.5;-0.5;5.631015;1;15;1;;;;;
5.68;-0.5;-0.5;3.907795;1;15;1;;;;;
5.7;-0.5;-0.5;3.398247;1;15;1;;;;;
5.72;-0.5;-0.5;3.839302;1;15;1;;;;;
5.74;-0.5;-0.5;4.26572;1;15;1;;;;;
5.76;-0.5;-0.5;3.467275;1;15;1;;;;;
5.78;-0.5;-0.5;5.983076;1;15;1;;;;;
5.8;-0.5;-0.5;3.610302;1;15;1;;;;;
5.82;-0.5;-0.5;3.952465;1;15;1;;;;;
5.84;-0.5;-0.5;5.165901;1;15;1;;;;;
5.86;-0.5;-0.5;4.647009;1;15;1;;;;;
5.88;-0.5;-0.5;3.740623;1;15;1;;;;;
5.9;-0.5;-0.5;4.298235;1;15;1;;;;;
5.92;-0.5;-0.5;3.712704;1;15;1;;;;;
5.94;-0.5;-0.5;5.177062;1;15;1;;;;;
5.96;-0.5;-0.5;2.386571;1;15;1;;;;;
5.98;-0.5;-0.5;4.425904;1;15;1;;;;;
6;-0.5;-0.5;4.357297;1;15;1;;;;;
6.02;-0.5;-0.5;4.890432;1;15;1;;;;;
6.04;-0.5;-0.5;3.663417;1;15;1;;;;;
6.06;-0.5;-0.5;4.99078;1;15;1;;;;;
6.08;-0.5;-0.5;4.633994;1;15;1;;;;;
6.1;-0.5;-0.5;3.253806;1;15;1;;;;;
6.12;-0.5;-0.5;3.20133;1;15;1;;;;;
6.14;-0.5;-0.5;4.211469;1;15;1;;;;;
6.16;-0.5;-0.5;4.704663;1;15;1;;;;;
6.18;-0.5;-0.5;4.779454;1;15;1;;;;;
6.2;-0.5;-0.5;3.647198;1;15;1;;;;;
6.22;-0.5;-0.5;5.736121;1;15;1;;;;;
6.24;-0.5;-0.5;2.24809;1;15;1;;;;;
6.26;-0.5;-0.5;5.277758;1;15;1;;;;;
6.28;-0.5;-0.5;3.427224;1;15;1;;;;;
6.3;-0.5;-0.5;2.209149;1;15;1;;;;;
6.32;-0.5;-0.5;2.486191;1;15;1;;;;;
6.34;-0.5;-0.5;4.581173;1;15;1;;;;;
6.36;-0.5;-0.5;2.356716;1;15;1;;;;;
6.38;-0.5;-0.5;4.692204;1;15;1;;;;;
6.4;-0.5;-0.5;2.189604;1;15;1;;;;;
6.42;-0.5;-0.5;2.856034;1;15;1;;;;;
6.44;-0.5;-0.5;5.846215;1;15;1;;;;;
6.46;-0.5;-0.5;3.397116;1;15;1;;;;;
6.48;-0.5;-0.5;3.440792;1;15;1;;;;;
6.5;-0.5;-0.5;2.142613;1;15;1;;;;;
6.52;-0.5;-0.5;2.526098;1;15;1;;;;;
6.54;-0.5;-0.5;5.269099;1;15;1;;;;;
6.56;-0.5;-0.5;2.448652;1;15;1;;;;;
6.58;-0.5;-0.5;3.261527;1;15;1;;;;;
6.6;-0.5;-0.5;3.642696;1;15;1;;;;;
6.62;-0.5;-0.5;3.886455;1;15;1;;;;;
6.64;-0.5;-0.5;4.892259;1;15;1;;;;;
6.66;-0.5;-0.5;3.257463;1;15;1;;;;;
6.68;-0.5;-0.5;5.755815;1;15;1;;;;;
6.7;-0.5;-0.5;3.769528;1;15;1;;;;;
6.72;-0.5;-0.5;5.310489;1;15;1;;;;;
6.74;-0.5;-0.5;4.560641;1;15;1;;;;;
6.76;-0.5;-0.5;4.697922;1;15;1;;;;;
6.78;-0.5;-0.5;4.525212;1;15;1;;;;;
6.8;-0.5;-0.5;4.511668;1;15;1;;;;;
6.82;-0.5;-0.5;5.984346;1;15;1;;;;;
6.84;-0.5;-0.5;4.695656;1;15;1;;;;;
6.86;-0.5;-0.5;5.123565;1;15;1;;;;;
6.88;-0.5;-0.5;4.833171;1;15;1;;;;;
6.9;-0.5;-0.5;2.253302;1;15;1;;;;;
6.92;-0.5;-0.5;2.642248;1;15;1;;;;;
6.94;-0.5;-0.5;2.061943;1;15;1;;;;;
6.96;-0.5;-0.5;5.14032;1;15;1;;;;;
6.98;-0.5;-0.5;2.428371;1;15;1;;;;;
7;-0.5;-0.5;5.54658;1;15;1;;;;;
7.02;-0.5;-0.5;2.938556;1;15;1;;;;;
7.04;-0.5;-0.5;3.895061;1;15;1;;;;;
7.06;-0.5;-0.5;2.073324;1;15;1;;;;;
7.08;-0.5;-0.5;2.588014;1;15;1;;;;;
7.1;-0.5;-0.5;2.19176;1;15;1;;;;;
7.12;-0.5;-0.5;5.394286;1;15;1;;;;;
7.14;-0.5;-0.5;2.554073;1;15;1;;;;;
7.16;-0.5;-0.5;5.236708;1;15;1;;;;;
7.18;-0.5;-0.5;3.952048;1;15;1;;;;;
7.2;-0.5;-0.5;5.893061;1;15;1;;;;;
7.22;-0.5;-0.5;2.971028;1;15;1;;;;;
7.24;-0.5;-0.5;5.114433;1;15;1;;;;;
7.26;-0.5;-0.5;5.357904;1;15;1;;;;;
7.28;-0.5;-0.5;4.009975;1;15;1;;;;;
7.3;-0.5;-0.5;3.689409;1;15;1;;;;;
7.32;-0.5;-0.5;5.865018;1;15;1;;;;;
7.34;-0.5;-0.5;4.199597;1;15;1;;;;;
7.36;-0.5;-0.5;5.573296;1;15;1;;;;;
7.38;-0.5;-0.5;3.757028;1;15;1;;;;;
7.4;-0.5;-0.5;3.299056;1;15;1;;;;;
7.42;-0.5;-0.5;2.158276;1;15;1;;;;;
7.44;-0.5;-0.5;2.0997;1;15;1;;;;;
7.46;-0.5;-0.5;3.585771;1;15;1;;;;;
7.48;-0.5;-0.5;4.415569;1;15;1;;;;;
7.5;-0.5;-0.5;5.698047;1;15;1;;;;;
7.52;-0.5;-0.5;5.928154;1;15;1;;;;;
7.54;-0.5;-0.5;3.587608;1;15;1;;;;;
7.56;-0.5;-0.5;3.786333;1;15;1;;;;;
7.58;-0.5;-0.5;4.413673;1;15;1;;;;;
7.6;-0.5;-0.5;2.216328;1;15;1;;;;;
7.62;-0.5;-0.5;5.213692;1;15;1;;;;;
7.64;-0.5;-0.5;5.543164;1;15;1;;;;;
7.66;-0.5;-0.5;5.017941;1;15;1;;;;;
7.68;-0.5;-0.5;5.34963;1;15;1;;;;;
7.7;-0.5;-0.5;3.795685;1;15;1;;;;;
7.72;-0.5;-0.5;4.252851;1;15;1;;;;;
7.74;-0.5;-0.5;5.410842;1;15;1;;;;;
7.76;-0.5;-0.5;4.370234;1;15;1;;;;;
7.78;-0.5;-0.5;5.672074;1;15;1;;;;;
7.8;-0.5;-0.5;5.93074;1;15;1;;;;;
7.82;-0.5;-0.5;3.836715;1;15;1;;;;;
7.84;-0.5;-0.5;3.517167;1;15;1;;;;;
7.86;-0.5;-0.5;5.730687;1;15;1;;;;;
7.88;-0.5;-0.5;2.795496;1;15;1;;;;;
7.9;-0.5;-0.5;2.365144;1;15;1;;;;;
7.92;-0.5;-0.5;5.926126;1;15;1;;;;;
7.94;-0.5;-0.5;4.723837;1;15;1;;;;;
7.96;-0.5;-0.5;2.101809;1;15;1;;;;;
7.98;-0.5;-0.5;5.360731;1;15;1;;;;;
8;-0.5;-0.5;5.898584;1;15;1;;;;;
8.02;-0.5;-0.5;4.011587;1;15;1;;;;;
8.04;-0.5;-0.5;4.547456;1;15;1;;;;;
8.059999;-0.5;-0.5;2.012938;1;15;1;;;;;
8.08;-0.5;-0.5;5.000239;1;15;1;;;;;
8.099999;-0.5;-0.5;5.77249;1;15;1;;;;;
8.12;-0.5;-0.5;4.596826;1;15;1;;;;;
8.139999;-0.5;-0.5;3.190478;1;15;1;;;;;
8.16;-0.5;-0.5;2.728675;1;15;1;;;;;
8.179999;-0.5;-0.5;5.793519;1;15;1;;;;;
;;;;;;;;;;;
