time;pos_x_right;pos_y_right;dil_right;pos_x_left;pos_y_left;dil_left;brightness;fov;trial;;
0;-0.5;-0.5;2.08648;1;15;1;;;;;
0.02;-0.5;-0.5;5.862675;1;15;1;;;;;
0.04;-0.5;-0.5;4.366084;1;15;1;;;;;
0.06;-0.5;-0.5;2.498786;1;15;1;;;;;
0.08;-0.5;-0.5;4.482685;1;15;1;;;;;
0.09999999;-0.5;-0.5;2.85324;1;15;1;;;;;
0.12;-0.5;-0.5;4.271592;1;15;1;;;;;
0.14;-0.5;-0.5;2.169507;1;15;1;;;;;
0.16;-0.5;-0.5;4.517024;1;15;1;;;;;
0.18;-0.5;-0.5;3.991963;1;15;1;;;;;
0.2;-0.5;-0.5;2.380722;1;15;1;;;;;
0.22;-0.5;-0.5;5.594182;1;15;1;;;;;
0.24;-0.5;-0.5;5.379997;1;15;1;;;;;
0.26;-0.5;-0.5;3.529173;1;15;1;;;;;
0.28;-0.5;-0.5;2.892896;1;15;1;;;;;
0.3;-0.5;-0.5;4.262678;1;15;1;;;;;
0.32;-0.5;-0.5;3.895709;1;15;1;;;;;
0.34;-0.5;-0.5;5.70243;1;15;1;;;;;
0.36;-0.5;-0.5;3.132177;1;15;1;;;;;
0.38;-0.5;-0.5;3.417476;1;15;1;;;;;
0.4;-0.5;-0.5;5.630743;1;15;1;;;;;
0.42;-0.5;-0.5;2.207288;1;15;1;;;;;
0.44;-0.5;-0.5;2.194734;1;15;1;;;;;
0.46;-0.5;-0.5;2.40411;1;15;1;;;;;
0.48;-0.5;-0.5;3.944846;1;15;1;;;;;
0.5;-0.5;-0.5;2.065906;1;15;1;;;;;
0.52;-0.5;-0.5;5.6371;1;15;1;;;;;
0.54;-0.5;-0.5;5.628004;1;15;1;;;;;
0.56;-0.5;-0.5;5.380031;1;15;1;;;;;
0.58;-0.5;-0.5;3.110333;1;15;1;;;;;
0.6;-0.5;-0.5;5.299259;1;15;1;;;;;
0.62;-0.5;-0.5;4.48152;1;15;1;;;;;
0.64;-0.5;-0.5;3.129329;1;15;1;;;;;
0.66;-0.5;-0.5;2.011638;1;15;1;;;;;
0.68;-0.5;-0.5;3.142967;1;15;1;;;;;
0.7;-0.5;-0.5;4.410702;1;15;1;;;;;
0.72;-0.5;-0.5;4.295107;1;15;1;;;;;
0.74;-0.5;-0.5;4.049305;1;15;1;;;;;
0.76;-0.5;-0.5;3.133402;1;15;1;;;;;
0.78;-0.5;-0.5;3.919269;1;15;1;;;;;
0.8;-0.5;-0.5;4.759176;1;15;1;;;;;
0.82;-0.5;-0.5;4.10829;1;15;1;;;;;
0.84;-0.5;-0.5;3.631166;1;15;1;;;;;
0.86;-0.5;-0.5;5.533731;1;15;1;;;;;
0.88;-0.5;-0.5;2.591177;1;15;1;;;;;
0.9;-0.5;-0.5;5.352584;1;15;1;;;;;
0.92;-0.5;-0.5;4.122256;1;15;1;;;;;
0.94;-0.5;-0.5;2.730541;1;15;1;;;;;
0.96;-0.5;-0.5;4.334767;1;15;1;;;;;
0.98;-0.5;-0.5;4.783786;1;15;1;;;;;
1;-0.5;-0.5;3.006561;1;15;1;;;;;
1.02;-0.5;-0.5;3.075208;1;15;1;;;;;
1.04;-0.5;-0.5;5.43984;1;15;1;;;;;
1.06;-0.5;-0.5;3.323215;1;15;1;;;;;
1.08;-0.5;-0.5;4.419005;1;15;1;;;;;
1.1;-0.5;-0.5;3.592504;1;15;1;;;;;
1.12;-0.5;-0.5;4.001489;1;15;1;;;;;
1.14;-0.5;-0.5;3.380548;1;15;1;;;;;
1.16;-0.5;-0.5;3.455379;1;15;1;;;;;
1.18;-0.5;-0.5;2.451778;1;15;1;;;;;
1.2;-0.5;-0.5;3.90498;1;15;1;;;;;
1.22;-0.5;-0.5;4.471517;1;15;1;;;;;
1.24;-0.5;-0.5;2.934103;1;15;1;;;;;
1.26;-0.5;-0.5;5.782758;1;15;1;;;;;
1.28;-0.5;-0.5;2.338727;1;15;1;;;;;
1.3;-0.5;-0.5;5.755908;1;15;1;;;;;
1.32;-0.5;-0.5;4.478385;1;15;1;;;;;
1.34;-0.5;-0.5;3.140709;1;15;1;;;;;
1.36;-0.5;-0.5;3.054295;1;15;1;;;;;
1.38;-0.5;-0.5;3.457336;1;15;1;;;;;
1.4;-0.5;-0.5;3.467485;1;15;1;;;;;
1.42;-0.5;-0.5;3.641079;1;15;1;;;;;
1.44;-0.5;-0.5;2.144327;1;15;1;;;;;
1.46;-0.5;-0.5;5.102877;1;15;1;;;;;
1.48;-0.5;-0.5;5.602894;1;15;1;;;;;
1.5;-0.5;-0.5;4.54685;1;15;1;;;;;
1.52;-0.5;-0.5;3.748902;1;15;1;;;;;
1.54;-0.5;-0.5;3.084885;1;15;1;;;;;
1.56;-0.5;-0.5;4.628802;1;15;1;;;;;
1.58;-0.5;-0.5;4.931257;1;15;1;;;;;
1.6;-0.5;-0.5;4.545905;1;15;1;;;;;
1.62;-0.5;-0.5;3.330066;1;15;1;;;;;
1.64;-0.5;-0.5;3.860409;1;15;1;;;;;
1.66;-0.5;-0.5;3.168341;1;15;1;;;;;
1.68;-0.5;-0.5;5.399946;1;15;1;;;;;
1.7;-0.5;-0.5;3.770801;1;15;1;;;;;
1.72;-0.5;-0.5;3.294301;1;15;1;;;;;
1.74;-0.5;-0.5;5.515472;1;15;1;;;;;
1.76;-0.5;-0.5;2.853166;1;15;1;;;;;
1.78;-0.5;-0.5;5.783957;1;15;1;;;;;
1.8;-0.5;-0.5;4.166151;1;15;1;;;;;
1.82;-0.5;-0.5;3.974652;1;15;1;;;;;
1.84;-0.5;-0.5;4.606095;1;15;1;;;;;
1.86;-0.5;-0.5;3.039095;1;15;1;;;;;
1.88;-0.5;-0.5;5.66224;1;15;1;;;;;
1.9;-0.5;-0.5;4.750305;1;15;1;;;;;
1.92;-0.5;-0.5;2.371385;1;15;1;;;;;
1.94;-0.5;-0.5;3.340462;1;15;1;;;;;
1.96;-0.5;-0.5;5.039276;1;15;1;;;;;
1.98;-0.5;-0.5;2.979487;1;15;1;;;;;
2;-0.5;-0.5;4.161514;1;15;1;;;;;
2.02;-0.5;-0.5;2.62038;1;15;1;;;;;
2.04;-0.5;-0.5;3.811957;1;15;1;;;;;
2.06;-0.5;-0.5;4.656271;1;15;1;;;;;
2.08;-0.5;-0.5;2.917058;1;15;1;;;;;
2.1;-0.5;-0.5;4.035544;1;15;1;;;;;
2.12;-0.5;-0.5;5.644909;1;15;1;;;;;
2.14;-0.5;-0.5;2.197699;1;15;1;;;;;
2.16;-0.5;-0.5;3.380177;1;15;1;;;;;
2.18;-0.5;-0.5;4.097326;1;15;1;;;;;
2.2;-0.5;-0.5;4.373977;1;15;1;;;;;
2.22;-0.5;-0.5;5.527624;1;15;1;;;;;
2.24;-0.5;-0.5;3.567199;1;15;1;;;;;
2.26;-0.5;-0.5;5.907785;1;15;1;;;;;
2.28;-0.5;-0.5;2.454958;1;15;1;;;;;
2.3;-0.5;-0.5;4.211292;1;15;1;;;;;
2.32;-0.5;-0.5;5.901761;1;15;1;;;;;
2.34;-0.5;-0.5;2.729334;1;15;1;;;;;
2.36;-0.5;-0.5;3.484853;1;15;1;;;;;
2.38;-0.5;-0.5;3.439486;1;15;1;;;;;
2.4;-0.5;-0.5;2.210407;1;15;1;;;;;
2.42;-0.5;-0.5;4.316125;1;15;1;;;;;
2.44;-0.5;-0.5;2.076735;1;15;1;;;;;
2.46;-0.5;-0.5;5.952549;1;15;1;;;;;
2.48;-0.5;-0.5;2.767368;1;15;1;;;;;
2.5;-0.5;-0.5;5.14993;1;15;1;;;;;
2.52;-0.5;-0.5;3.78897;1;15;1;;;;;
2.54;-0.5;-0.5;5.677801;1;15;1;;;;;
2.56;-0.5;-0.5;4.201976;1;15;1;;;;;
2.58;-0.5;-0.5;5.81783;1;15;1;;;;;
2.6;-0.5;-0.5;3.144928;1;15;1;;;;;
2.62;-0.5;-0.5;4.24372;1;15;1;;;;;
2.64;-0.5;-0.5;5.318842;1;15;1;;;;;
2.66;-0.5;-0.5;5.523176;1;15;1;;;;;
2.68;-0.5;-0.5;2.089034;1;15;1;;;;;
2.7;-0.5;-0.5;4.785668;1;15;1;;;;;
2.72;-0.5;-0.5;4.255893;1;15;1;;;;;
2.74;-0.5;-0.5;4.371096;1;15;1;;;;;
2.76;-0.5;-0.5;5.901499;1;15;1;;;;;
2.78;-0.5;-0.5;4.415172;1;15;1;;;;;
2.8;-0.5;-0.5;2.994481;1;15;1;;;;;
2.82;-0.5;-0.5;2.717728;1;15;1;;;;;
2.84;-0.5;-0.5;5.663527;1;15;1;;;;;
2.86;-0.5;-0.5;5.90659;1;15;1;;;;;
2.88;-0.5;-0.5;4.949751;1;15;1;;;;;
2.9;-0.5;-0.5;2.760185;1;15;1;;;;;
2.92;-0.5;-0.5;3.574811;1;15;1;;;;;
2.94;-0.5;-0.5;2.49542;1;15;1;;;;;
2.96;-0.5;-0.5;5.553205;1;15;1;;;;;
2.98;-0.5;-0.5;3.585039;1;15;1;;;;;
3;-0.5;-0.5;4.622803;1;15;1;;;;;
3.02;-0.5;-0.5;4.613144;1;15;1;;;;;
3.04;-0.5;-0.5;5.836794;1;15;1;;;;;
3.06;-0.5;-0.5;2.878988;1;15;1;;;;;
3.08;-0.5;-0.5;3.297989;1;15;1;;;;;
3.1;-0.5;-0.5;2.987869;1;15;1;;;;;
3.12;-0.5;-0.5;4.879068;1;15;1;;;;;
3.14;-0.5;-0.5;2.56614;1;15;1;;;;;
3.16;-0.5;-0.5;5.311981;1;15;1;;;;;
3.18;-0.5;-0.5;4.147983;1;15;1;;;;;
3.2;-0.5;-0.5;2.110325;1;15;1;;;;;
3.22;-0.5;-0.5;5.28199;1;15;1;;;;;
3.24;-0.5;-0.5;3.617252;1;15;1;;;;;
3.26;-0.5;-0.5;2.779973;1;15;1;;;;;
3.28;-0.5;-0.5;2.453423;1;15;1;;;;;
3.3;-0.5;-0.5;5.65507;1;15;1;;;;;
3.32;-0.5;-0.5;3.365945;1;15;1;;;;;
3.34;-0.5;-0.5;3.513436;1;15;1;;;;;
3.36;-0.5;-0.5;5.718294;1;15;1;;;;;
3.38;-0.5;-0.5;4.06393;1;15;1;;;;;
3.4;-0.5;-0.5;5.226877;1;15;1;;;;;
3.42;-0.5;-0.5;3.104347;1;15;1;;;;;
3.44;-0.5;-0.5;4.931058;1;15;1;;;;;
3.46;-0.5;-0.5;2.170145;1;15;1;;;;;
3.48;-0.5;-0.5;4.116141;1;15;1;;;;;
3.5;-0.5;-0.5;2.903697;1;15;1;;;;;
3.52;-0.5;-0.5;2.74433;1;15;1;;;;;
3.54;-0.5;-0.5;2.956819;1;15;1;;;;;
3.56;-0.5;-0.5;4.045166;1;15;1;;;;;
3.58;-0.5;-0.5;5.325033;1;15;1;;;;;
3.6;-0.5;-0.5;2.626237;1;15;1;;;;;
3.62;-0.5;-0.5;2.189823;1;15;1;;;;;
3.64;-0.5;-0.5;3.330079;1;15;1;;;;;
3.66;-0.5;-0.5;4.938889;1;15;1;;;;;
3.68;-0.5;-0.5;4.343694;1;15;1;;;;;
3.7;-0.5;-0.5;2.908412;1;15;1;;;;;
3.72;-0.5;-0.5;2.837605;1;15;1;;;;;
3.74;-0.5;-0.5;4.458327;1;15;1;;;;;
3.76;-0.5;-0.5;5.270141;1;15;1;;;;;
3.78;-0.5;-0.5;2.097714;1;15;1;;;;;
3.8;-0.5;-0.5;3.082302;1;15;1;;;;;
3.82;-0.5;-0.5;3.696538;1;15;1;;;;;
3.84;-0.5;-0.5;4.56499;1;15;1;;;;;
3.86;-0.5;-0.5;4.168368;1;15;1;;;;;
3.88;-0.5;-0.5;3.108008;1;15;1;;;;;
3.9;-0.5;-0.5;4.672119;1;15;1;;;;;
3.92;-0.5;-0.5;2.98922;1;15;1;;;;;
3.94;-0.5;-0.5;2.588683;1;15;1;;;;;
3.96;-0.5;-0.5;5.419975;1;15;1;;;;;
3.98;-0.5;-0.5;4.758944;1;15;1;;;;;
4;-0.5;-0.5;4.572008;1;15;1;;;;;
4.02;-0.5;-0.5;5.170635;1;15;1;;;;;
4.04;-0.5;-0.5;2.085399;1;15;1;;;;;
4.06;-0.5;-0.5;3.314179;1;15;1;;;;;
4.08;-0.5;-0.5;5.915279;1;15;1;;;;;
4.1;-0.5;-0.5;4.671205;1;15;1;;;;;
4.12;-0.5;-0.5;4.439;1;15;1;;;;;
4.14;-0.5;-0.5;2.405544;1;15;1;;;;;
4.16;-0.5;-0.5;4.269685;1;15;1;;;;;
4.18;-0.5;-0.5;3.582202;1;15;1;;;;;
4.2;-0.5;-0.5;5.968869;1;15;1;;;;;
4.22;-0.5;-0.5;2.591593;1;15;1;;;;;
4.24;-0.5;-0.5;3.105906;1;15;1;;;;;
4.26;-0.5;-0.5;2.382023;1;15;1;;;;;
4.28;-0.5;-0.5;4.522783;1;15;1;;;;;
4.3;-0.5;-0.5;2.677454;1;15;1;;;;;
4.32;-0.5;-0.5;5.871825;1;15;1;;;;;
4.34;-0.5;-0.5;3.150014;1;15;1;;;;;
4.36;-0.5;-0.5;4.795343;1;15;1;;;;;
4.38;-0.5;-0.5;2.773978;1;15;1;;;;;
4.4;-0.5;-0.5;3.584481;1;15;1;;;;;
4.42;-0.5;-0.5;4.773594;1;15;1;;;;;
4.44;-0.5;-0.5;4.201041;1;15;1;;;;;
4.46;-0.5;-0.5;4.248958;1;15;1;;;;;
4.48;-0.5;-0.5;3.104259;1;15;1;;;;;
4.5;-0.5;-0.5;5.401136;1;15;1;;;;;
4.52;-0.5;-0.5;4.105681;1;15;1;;;;;
4.54;-0.5;-0.5;3.945749;1;15;1;;;;;
4.56;-0.5;-0.5;3.373239;1;15;1;;;;;
4.58;-0.5;-0.5;2.117095;1;15;1;;;;;
4.6;-0.5;-0.5;5.95899;1;15;1;;;;;
4.62;-0.5;-0.5;4.416168;1;15;1;;;;;
4.64;-0.5;-0.5;3.776073;1;15;1;;;;;
4.66;-0.5;-0.5;2.855844;1;15;1;;;;;
4.68;-0.5;-0.5;4.734351;1;15;1;;;;;
4.7;-0.5;-0.5;4.583714;1;15;1;;;;;
4.72;-0.5;-0.5;4.306767;1;15;1;;;;;
4.74;-0.5;-0.5;3.223642;1;15;1;;;;;
4.76;-0.5;-0.5;3.041796;1;15;1;;;;;
4.78;-0.5;-0.5;4.036723;1;15;1;;;;;
4.8;-0.5;-0.5;2.719472;1;15;1;;;;;
4.82;-0.5;-0.5;2.763941;1;15;1;;;;;
4.84;-0.5;-0.5;4.571644;1;15;1;;;;;
4.86;-0.5;-0.5;2.024349;1;15;1;;;;;
4.88;-0.5;-0.5;4.312369;1;15;1;;;;;
4.9;-0.5;-0.5;4.57139;1;15;1;;;;;
4.92;-0.5;-0.5;5.60641;1;15;1;;;;;
4.94;-0.5;-0.5;2.37002;1;15;1;;;;;
4.96;-0.5;-0.5;2.024393;1;15;1;;;;;
4.98;-0.5;-0.5;4.056629;1;15;1;;;;;
5;-0.5;-0.5;4.452272;1;15;1;;;;;
5.02;-0.5;-0.5;5.36921;1;15;1;;;;;
5.04;-0.5;-0.5;3.803794;1;15;1;;;;;
5.06;-0.5;-0.5;3.361291;1;15;1;;;;;
5.08;-0.5;-0.5;4.139783;1;15;1;;;;;
5.1;-0.5;-0.5;3.426889;1;15;1;;;;;
5.12;-0.5;-0.5;3.542504;1;15;1;;;;;
5.14;-0.5;-0.5;5.718113;1;15;1;;;;;
5.16;-0.5;-0.5;3.144464;1;15;1;;;;;
5.18;-0.5;-0.5;5.148634;1;15;1;;;;;
5.2;-0.5;-0.5;2.840316;1;15;1;;;;;
5.22;-0.5;-0.5;2.521123;1;15;1;;;;;
5.24;-0.5;-0.5;2.960339;1;15;1;;;;;
5.26;-0.5;-0.5;5.02043;1;15;1;;;;;
5.28;-0.5;-0.5;3.468479;1;15;1;;;;;
5.3;-0.5;-0.5;4.678427;1;15;1;;;;;
5.32;-0.5;-0.5;4.754364;1;15;1;;;;;
5.34;-0.5;-0.5;2.248819;1;15;1;;;;;
5.36;-0.5;-0.5;4.931186;1;15;1;;;;;
5.38;-0.5;-0.5;2.988445;1;15;1;;;;;
5.4;-0.5;-0.5;5.385805;1;15;1;;;;;
5.42;-0.5;-0.5;3.839921;1;15;1;;;;;
5.44;-0.5;-0.5;3.13519;1;15;1;;;;;
5.46;-0.5;-0.5;3.611617;1;15;1;;;;;
5.48;-0.5;-0.5;4.06576;1;15;1;;;;;
5.5;-0.5;-0.5;3.444546;1;15;1;;;;;
5.52;-0.5;-0.5;2.001832;1;15;1;;;;;
5.54;-0.5;-0.5;3.149458;1;15;1;;;;;
5.56;-0.5;-0.5;3.26156;1;15;1;;;;;
5.58;-0.5;-0.5;3.742849;1;15;1;;;;;
5.6;-0.5;-0.5;3.318159;1;15;1;;;;;
5.62;-0.5;-0.5;2.554138;1;15;1;;;;;
5.64;-0.5;-0.5;2.853462;1;15;1;;;;;
5.66;-0.5;-0.5;4.218894;1;15;1;;;;;
5.68;-0.5;-0.5;4.412098;1;15;1;;;;;
5.7;-0.5;-0.5;5.963046;1;15;1;;;;;
5.72;-0.5;-0.5;4.863561;1;15;1;;;;;
5.74;-0.5;-0.5;2.612854;1;15;1;;;;;
5.76;-0.5;-0.5;5.680531;1;15;1;;;;;
5.78;-0.5;-0.5;5.196362;1;15;1;;;;;
5.8;-0.5;-0.5;3.787815;1;15;1;;;;;
5.82;-0.5;-0.5;5.470012;1;15;1;;;;;
5.84;-0.5;-0.5;2.897477;1;15;1;;;;;
5.86;-0.5;-0.5;5.885982;1;15;1;;;;;
5.88;-0.5;-0.5;2.804009;1;15;1;;;;;
5.9;-0.5;-0.5;5.695791;1;15;1;;;;;
5.92;-0.5;-0.5;2.479859;1;15;1;;;;;
5.94;-0.5;-0.5;3.228163;1;15;1;;;;;
5.96;-0.5;-0.5;5.942706;1;15;1;;;;;
5.98;-0.5;-0.5;3.091584;1;15;1;;;;;
6;-0.5;-0.5;3.548378;1;15;1;;;;;
6.02;-0.5;-0.5;3.955379;1;15;1;;;;;
6.04;-0.5;-0.5;3.677655;1;15;1;;;;;
6.06;-0.5;-0.5;4.204552;1;15;1;;;;;
6.08;-0.5;-0.5;5.618821;1;15;1;;;;;
6.1;-0.5;-0.5;4.536754;1;15;1;;;;;
6.12;-0.5;-0.5;5.841098;1;15;1;;;;;
6.14;-0.5;-0.5;4.249269;1;15;1;;;;;
6.16;-0.5;-0.5;4.235572;1;15;1;;;;;
6.18;-0.5;-0.5;4.989965;1;15;1;;;;;
6.2;-0.5;-0.5;2.389132;1;15;1;;;;;
6.22;-0.5;-0.5;5.02431;1;15;1;;;;;
6.24;-0.5;-0.5;3.823221;1;15;1;;;;;
6.26;-0.5;-0.5;4.18452;1;15;1;;;;;
6.28;-0.5;-0.5;4.697637;1;15;1;;;;;
6.3;-0.5;-0.5;2.979853;1;15;1;;;;;
6.32;-0.5;-0.5;2.277422;1;15;1;;;;;
6.34;-0.5;-0.5;4.751834;1;15;1;;;;;
6.36;-0.5;-0.5;5.020713;1;15;1;;;;;
6.38;-0.5;-0.5;3.558462;1;15;1;;;;;
6.4;-0.5;-0.5;4.064183;1;15;1;;;;;
6.42;-0.5;-0.5;3.153025;1;15;1;;;;;
6.44;-0.5;-0.5;5.459988;1;15;1;;;;;
6.46;-0.5;-0.5;5.022789;1;15;1;;;;;
6.48;-0.5;-0.5;2.604639;1;15;1;;;;;
6.5;-0.5;-0.5;3.396024;1;15;1;;;;;
6.52;-0.5;-0.5;4.230757;1;15;1;;;;;
6.54;-0.5;-0.5;5.800707;1;15;1;;;;;
6.56;-0.5;-0.5;2.473752;1;15;1;;;;;
6.58;-0.5;-0.5;3.444838;1;15;1;;;;;
6.6;-0.5;-0.5;5.247493;1;15;1;;;;;
6.62;-0.5;-0.5;3.860848;1;15;1;;;;;
6.64;-0.5;-0.5;3.339489;1;15;1;;;;;
6.66;-0.5;-0.5;5.975405;1;15;1;;;;;
6.68;-0.5;-0.5;2.38471;1;15;1;;;;;
6.7;-0.5;-0.5;5.96695;1;15;1;;;;;
6.72;-0.5;-0.5;4.21915;1;15;1;;;;;
6.74;-0.5;-0.5;3.053165;1;15;1;;;;;
6.76;-0.5;-0.5;5.284855;1;15;1;;;;;
6.78;-0.5;-0.5;5.813412;1;15;1;;;;;
6.8;-0.5;-0.5;3.903994;1;15;1;;;;;
6.82;-0.5;-0.5;5.485095;1;15;1;;;;;
6.84;-0.5;-0.5;4.503327;1;15;1;;;;;
6.86;-0.5;-0.5;2.584643;1;15;1;;;;;
6.88;-0.5;-0.5;2.791648;1;15;1;;;;;
6.9;-0.5;-0.5;3.058952;1;15;1;;;;;
6.92;-0.5;-0.5;4.109774;1;15;1;;;;;
6.94;-0.5;-0.5;4.090842;1;15;1;;;;;
6.96;-0.5;-0.5;3.141948;1;15;1;;;;;
6.98;-0.5;-0.5;5.355332;1;15;1;;;;;
7;-0.5;-0.5;4.423589;1;15;1;;;;;
7.02;-0.5;-0.5;2.37465;1;15;1;;;;;
7.04;-0.5;-0.5;2.316778;1;15;1;;;;;
7.06;-0.5;-0.5;4.683989;1;15;1;;;;;
7.08;-0.5;-0.5;5.566496;1;15;1;;;;;
7.1;-0.5;-0.5;5.986389;1;15;1;;;;;
7.12;-0.5;-0.5;4.634206;1;15;1;;;;;
7.14;-0.5;-0.5;4.249465;1;15;1;;;;;
7.16;-0.5;-0.5;3.286534;1;15;1;;;;;
7.18;-0.5;-0.5;5.271731;1;15;1;;;;;
7.2;-0.5;-0.5;2.414778;1;15;1;;;;;
7.22;-0.5;-0.5;4.388063;1;15;1;;;;;
7.24;-0.5;-0.5;2.884132;1;15;1;;;;;
7.26;-0.5;-0.5;3.076813;1;15;1;;;;;
7.28;-0.5;-0.5;4.272278;1;15;1;;;;;
7.3;-0.5;-0.5;3.498015;1;15;1;;;;;
7.32;-0.5;-0.5;3.462443;1;15;1;;;;;
7.34;-0.5;-0.5;4.810447;1;15;1;;;;;
7.36;-0.5;-0.5;3.833869;1;15;1;;;;;
7.38;-0.5;-0.5;4.120908;1;15;1;;;;;
7.4;-0.5;-0.5;3.434831;1;15;1;;;;;
7.42;-0.5;-0.5;4.278731;1;15;1;;;;;
7.44;-0.5;-0.5;4.367659;1;15;1;;;;;
7.46;-0.5;-0.5;2.695317;1;15;1;;;;;
7.48;-0.5;-0.5;3.356566;1;15;1;;;;;
7.5;-0.5;-0.5;3.57435;1;15;1;;;;;
7.52;-0.5;-0.5;5.408258;1;15;1;;;;;
7.54;-0.5;-0.5;2.2883;1;15;1;;;;;
7.56;-0.5;-0.5;4.230865;1;15;1;;;;;
7.58;-0.5;-0.5;5.71547;1;15;1;;;;;
7.6;-0.5;-0.5;2.184924;1;15;1;;;;;
7.62;-0.5;-0.5;2.886876;1;15;1;;;;;
7.64;-0.5;-0.5;3.627057;1;15;1;;;;;
7.66;-0.5;-0.5;2.965956;1;15;1;;;;;
7.68;-0.5;-0.5;5.587815;1;15;1;;;;;
7.7;-0.5;-0.5;3.590879;1;15;1;;;;;
7.72;-0.5;-0.5;5.766789;1;15;1;;;;;
7.74;-0.5;-0.5;5.306998;1;15;1;;;;;
7.76;-0.5;-0.5;5.896218;1;15;1;;;;;
7.78;-0.5;-0.5;4.465055;1;15;1;;;;;
7.8;-0.5;-0.5;4.077252;1;15;1;;;;;
7.82;-0.5;-0.5;4.686174;1;15;1;;;;;
7.84;-0.5;-0.5;4.701285;1;15;1;;;;;
7.86;-0.5;-0.5;3.323683;1;15;1;;;;;
7.88;-0.5;-0.5;3.341006;1;15;1;;;;;
7.9;-0.5;-0.5;5.022865;1;15;1;;;;;
7.92;-0.5;-0.5;4.665272;1;15;1;;;;;
7.94;-0.5;-0.5;4.604465;1;15;1;;;;;
7.96;-0.5;-0.5;5.33272;1;15;1;;;;;
7.98;-0.5;-0.5;5.25775;1;15;1;;;;;
8;-0.5;-0.5;4.262074;1;15;1;;;;;
8.02;-0.5;-0.5;4.330178;1;15;1;;;;;
8.04;-0.5;-0.5;3.190015;1;15;1;;;;;
8.059999;-0.5;-0.5;2.302026;1;15;1;;;;;
8.08;-0.5;-0.5;5.812362;1;15;1;;;;;
8.099999;-0.5;-0.5;5.030075;1;15;1;;;;;
8.12;-0.5;-0.5;5.730273;1;15;1;;;;;
8.139999;-0.5;-0.5;4.951998;1;15;1;;;;;
8.16;-0.5;-0.5;2.877798;1;15;1;;;;;
8.179999;-0.5;-0.5;5.335088;1;15;1;;;;;
8.2;-0.5;-0.5;2.453381;1;15;1;;;;;
8.22;-0.5;-0.5;3.84404;1;15;1;;;;;
8.24;-0.5;-0.5;5.780708;1;15;1;;;;;
8.26;-0.5;-0.5;2.568953;1;15;1;;;;;
8.28;-0.5;-0.5;2.87278;1;15;1;;;;;
8.3;-0.5;-0.5;5.5139;1;15;1;;;;;
8.32;-0.5;-0.5;2.75888;1;15;1;;;;;
8.34;-0.5;-0.5;5.612164;1;15;1;;;;;
8.36;-0.5;-0.5;4.947761;1;15;1;;;;;
8.38;-0.5;-0.5;4.122146;1;15;1;;;;;
8.4;-0.5;-0.5;5.127526;1;15;1;;;;;
8.42;-0.5;-0.5;2.062912;1;15;1;;;;;
8.44;-0.5;-0.5;5.462567;1;15;1;;;;;
8.46;-0.5;-0.5;5.91668;1;15;1;;;;;
8.48;-0.5;-0.5;2.116953;1;15;1;;;;;
8.5;-0.5;-0.5;2.602572;1;15;1;;;;;
8.52;-0.5;-0.5;3.281955;1;15;1;;;;;
8.54;-0.5;-0.5;3.965449;1;15;1;;;;;
8.559999;-0.5;-0.5;3.936946;1;15;1;;;;;
8.58;-0.5;-0.5;2.580695;1;15;1;;;;;
8.599999;-0.5;-0.5;3.712963;1;15;1;;;;;
8.62;-0.5;-0.5;5.678253;1;15;1;;;;;
8.639999;-0.5;-0.5;2.871438;1;15;1;;;;;
8.66;-0.5;-0.5;3.058791;1;15;1;;;;;
8.679999;-0.5;-0.5;2.661215;1;15;1;;;;;
8.7;-0.5;-0.5;5.053468;1;15;1;;;;;
8.72;-0.5;-0.5;3.132102;1;15;1;;;;;
8.74;-0.5;-0.5;3.986045;1;15;1;;;;;
8.76;-0.5;-0.5;4.398536;1;15;1;;;;;
8.78;-0.5;-0.5;5.858882;1;15;1;;;;;
8.8;-0.5;-0.5;4.051182;1;15;1;;;;;
8.82;-0.5;-0.5;4.889375;1;15;1;;;;;
8.84;-0.5;-0.5;3.513383;1;15;1;;;;;
8.86;-0.5;-0.5;5.587998;1;15;1;;;;;
8.88;-0.5;-0.5;4.815491;1;15;1;;;;;
8.9;-0.5;-0.5;5.668453;1;15;1;;;;;
8.92;-0.5;-0.5;3.368188;1;15;1;;;;;
8.94;-0.5;-0.5;2.16138;1;15;1;;;;;
8.96;-0.5;-0.5;4.63673;1;15;1;;;;;
8.98;-0.5;-0.5;5.622171;1;15;1;;;;;
9;-0.5;-0.5;3.6365;1;15;1;;;;;
9.02;-0.5;-0.5;2.102715;1;15;1;;;;;
9.04;-0.5;-0.5;5.840372;1;15;1;;;;;
9.059999;-0.5;-0.5;2.079918;1;15;1;;;;;
9.08;-0.5;-0.5;5.395082;1;15;1;;;;;
9.099999;-0.5;-0.5;3.137642;1;15;1;;;;;
9.12;-0.5;-0.5;2.551159;1;15;1;;;;;
9.139999;-0.5;-0.5;2.197576;1;15;1;;;;;
9.16;-0.5;-0.5;3.405216;1;15;1;;;;;
9.179999;-0.5;-0.5;4.533403;1;15;1;;;;;
9.2;-0.5;-0.5;4.039624;1;15;1;;;;;
9.22;-0.5;-0.5;5.623697;1;15;1;;;;;
9.24;-0.5;-0.5;3.898783;1;15;1;;;;;
9.26;-0.5;-0.5;2.256324;1;15;1;;;;;
9.28;-0.5;-0.5;5.06666;1;15;1;;;;;
9.3;-0.5;-0.5;2.209979;1;15;1;;;;;
9.32;-0.5;-0.5;5.931411;1;15;1;;;;;
9.34;-0.5;-0.5;4.80421;1;15;1;;;;;
9.36;-0.5;-0.5;5.966492;1;15;1;;;;;
9.38;-0.5;-0.5;4.557652;1;15;1;;;;;
9.4;-0.5;-0.5;4.070327;1;15;1;;;;;
9.42;-0.5;-0.5;4.039494;1;15;1;;;;;
9.44;-0.5;-0.5;4.828443;1;15;1;;;;;
9.46;-0.5;-0.5;3.759526;1;15;1;;;;;
9.48;-0.5;-0.5;4.399261;1;15;1;;;;;
9.5;-0.5;-0.5;4.134074;1;15;1;;;;;
9.52;-0.5;-0.5;3.051117;1;15;1;;;;;
9.54;-0.5;-0.5;5.202467;1;15;1;;;;;
9.559999;-0.5;-0.5;2.733508;1;15;1;;;;;
9.58;-0.5;-0.5;5.275389;1;15;1;;;;;
9.599999;-0.5;-0.5;4.145252;1;15;1;;;;;
9.62;-0.5;-0.5;4.750298;1;15;1;;;;;
9.639999;-0.5;-0.5;2.858856;1;15;1;;;;;
9.66;-0.5;-0.5;4.476691;1;15;1;;;;;
9.679999;-0.5;-0.5;4.995499;1;15;1;;;;;
9.7;-0.5;-0.5;5.90266;1;15;1;;;;;
9.719999;-0.5;-0.5;2.015903;1;15;1;;;;;
9.74;-0.5;-0.5;2.789848;1;15;1;;;;;
9.76;-0.5;-0.5;5.258415;1;15;1;;;;;
9.78;-0.5;-0.5;4.714141;1;15;1;;;;;
9.8;-0.5;-0.5;4.143028;1;15;1;;;;;
9.82;-0.5;-0.5;3.302028;1;15;1;;;;;
9.84;-0.5;-0.5;3.317214;1;15;1;;;;;
9.86;-0.5;-0.5;3.183786;1;15;1;;;;;
9.88;-0.5;-0.5;4.997331;1;15;1;;;;;
9.9;-0.5;-0.5;5.27732;1;15;1;;;;;
9.92;-0.5;-0.5;5.982304;1;15;1;;;;;
9.94;-0.5;-0.5;4.625822;1;15;1;;;;;
9.96;-0.5;-0.5;5.323276;1;15;1;;;;;
9.98;-0.5;-0.5;2.627403;1;15;1;;;;;
10;-0.5;-0.5;3.866305;1;15;1;;;;;
10.02;-0.5;-0.5;4.734792;1;15;1;;;;;
10.04;-0.5;-0.5;4.182611;1;15;1;;;;;
10.06;-0.5;-0.5;5.127621;1;15;1;;;;;
10.08;-0.5;-0.5;2.870245;1;15;1;;;;;
10.1;-0.5;-0.5;5.385292;1;15;1;;;;;
10.12;-0.5;-0.5;2.790039;1;15;1;;;;;
10.14;-0.5;-0.5;4.391751;1;15;1;;;;;
10.16;-0.5;-0.5;2.791526;1;15;1;;;;;
10.18;-0.5;-0.5;5.844905;1;15;1;;;;;
10.2;-0.5;-0.5;5.608517;1;15;1;;;;;
10.22;-0.5;-0.5;5.862969;1;15;1;;;;;
10.24;-0.5;-0.5;5.875606;1;15;1;;;;;
10.26;-0.5;-0.5;3.717511;1;15;1;;;;;
10.28;-0.5;-0.5;3.48399;1;15;1;;;;;
10.3;-0.5;-0.5;5.806939;1;15;1;;;;;
10.32;-0.5;-0.5;3.497002;1;15;1;;;;;
10.34;-0.5;-0.5;5.82501;1;15;1;;;;;
10.36;-0.5;-0.5;3.645262;1;15;1;;;;;
10.38;-0.5;-0.5;5.444123;1;15;1;;;;;
10.4;-0.5;-0.5;4.470966;1;15;1;;;;;
10.42;-0.5;-0.5;4.300082;1;15;1;;;;;
10.44;-0.5;-0.5;3.911429;1;15;1;;;;;
10.46;-0.5;-0.5;2.156419;1;15;1;;;;;
10.48;-0.5;-0.5;2.745996;1;15;1;;;;;
10.5;-0.5;-0.5;5.798562;1;15;1;;;;;
10.52;-0.5;-0.5;2.418907;1;15;1;;;;;
10.54;-0.5;-0.5;2.491205;1;15;1;;;;;
10.56;-0.5;-0.5;2.28142;1;15;1;;;;;
10.58;-0.5;-0.5;3.154546;1;15;1;;;;;
10.6;-0.5;-0.5;4.146281;1;15;1;;;;;
10.62;-0.5;-0.5;2.521036;1;15;1;;;;;
10.64;-0.5;-0.5;3.452585;1;15;1;;;;;
10.66;-0.5;-0.5;4.813974;1;15;1;;;;;
10.68;-0.5;-0.5;2.910628;1;15;1;;;;;
10.7;-0.5;-0.5;4.041958;1;15;1;;;;;
10.72;-0.5;-0.5;4.97749;1;15;1;;;;;
10.74;-0.5;-0.5;4.15294;1;15;1;;;;;
10.76;-0.5;-0.5;3.333837;1;15;1;;;;;
10.78;-0.5;-0.5;5.007169;1;15;1;;;;;
10.8;-0.5;-0.5;3.390698;1;15;1;;;;;
10.82;-0.5;-0.5;4.760653;1;15;1;;;;;
10.84;-0.5;-0.5;4.478785;1;15;1;;;;;
10.86;-0.5;-0.5;4.745132;1;15;1;;;;;
10.88;-0.5;-0.5;5.983186;1;15;1;;;;;
10.9;-0.5;-0.5;4.787306;1;15;1;;;;;
10.92;-0.5;-0.5;4.930636;1;15;1;;;;;
10.94;-0.5;-0.5;5.146247;1;15;1;;;;;
10.96;-0.5;-0.5;2.070943;1;15;1;;;;;
10.98;-0.5;-0.5;2.690551;1;15;1;;;;;
11;-0.5;-0.5;5.908701;1;15;1;;;;;
11.02;-0.5;-0.5;3.039668;1;15;1;;;;;
11.04;-0.5;-0.5;4.172226;1;15;1;;;;;
11.06;-0.5;-0.5;4.254523;1;15;1;;;;;
11.08;-0.5;-0.5;4.717315;1;15;1;;;;;
11.1;-0.5;-0.5;5.19019;1;15;1;;;;;
11.12;-0.5;-0.5;5.051588;1;15;1;;;;;
11.14;-0.5;-0.5;4.215406;1;15;1;;;;;
11.16;-0.5;-0.5;5.616353;1;15;1;;;;;
11.18;-0.5;-0.5;5.997184;1;15;1;;;;;
11.2;-0.5;-0.5;5.094244;1;15;1;;;;;
11.22;-0.5;-0.5;3.028312;1;15;1;;;;;
11.24;-0.5;-0.5;2.660458;1;15;1;;;;;
11.26;-0.5;-0.5;3.269536;1;15;1;;;;;
11.28;-0.5;-0.5;2.989993;1;15;1;;;;;
11.3;-0.5;-0.5;3.673947;1;15;1;;;;;
11.32;-0.5;-0.5;2.046511;1;15;1;;;;;
11.34;-0.5;-0.5;5.374958;1;15;1;;;;;
11.36;-0.5;-0.5;4.145262;1;15;1;;;;;
11.38;-0.5;-0.5;4.051936;1;15;1;;;;;
11.4;-0.5;-0.5;3.327096;1;15;1;;;;;
11.42;-0.5;-0.5;4.150321;1;15;1;;;;;
11.44;-0.5;-0.5;5.46607;1;15;1;;;;;
11.46;-0.5;-0.5;4.481435;1;15;1;;;;;
11.48;-0.5;-0.5;5.364228;1;15;1;;;;;
11.5;-0.5;-0.5;5.316794;1;15;1;;;;;
11.52;-0.5;-0.5;4.46585;1;15;1;;;;;
11.54;-0.5;-0.5;3.552658;1;15;1;;;;;
11.56;-0.5;-0.5;3.137431;1;15;1;;;;;
11.58;-0.5;-0.5;2.200131;1;15;1;;;;;
11.6;-0.5;-0.5;2.527654;1;15;1;;;;;
11.62;-0.5;-0.5;3.166742;1;15;1;;;;;
11.64;-0.5;-0.5;5.011786;1;15;1;;;;;
11.66;-0.5;-0.5;2.660192;1;15;1;;;;;
11.68;-0.5;-0.5;3.347445;1;15;1;;;;;
11.7;-0.5;-0.5;2.640312;1;15;1;;;;;
11.72;-0.5;-0.5;4.421467;1;15;1;;;;;
11.74;-0.5;-0.5;4.975968;1;15;1;;;;;
11.76;-0.5;-0.5;3.804483;1;15;1;;;;;
11.78;-0.5;-0.5;5.984704;1;15;1;;;;;
11.8;-0.5;-0.5;2.666966;1;15;1;;;;;
11.82;-0.5;-0.5;3.828634;1;15;1;;;;;
11.84;-0.5;-0.5;4.333179;1;15;1;;;;;
11.86;-0.5;-0.5;3.038309;1;15;1;;;;;
11.88;-0.5;-0.5;3.630246;1;15;1;;;;;
11.9;-0.5;-0.5;4.821652;1;15;1;;;;;
11.92;-0.5;-0.5;5.97029;1;15;1;;;;;
11.94;-0.5;-0.5;5.728475;1;15;1;;;;;
11.96;-0.5;-0.5;2.205681;1;15;1;;;;;
11.98;-0.5;-0.5;3.664655;1;15;1;;;;;
12;-0.5;-0.5;3.222332;1;15;1;;;;;
12.02;-0.5;-0.5;3.317322;1;15;1;;;;;
12.04;-0.5;-0.5;2.038795;1;15;1;;;;;
12.06;-0.5;-0.5;5.815731;1;15;1;;;;;
12.08;-0.5;-0.5;4.105718;1;15;1;;;;;
12.1;-0.5;-0.5;4.147094;1;15;1;;;;;
12.12;-0.5;-0.5;5.67774;1;15;1;;;;;
12.14;-0.5;-0.5;5.375322;1;15;1;;;;;
12.16;-0.5;-0.5;3.456722;1;15;1;;;;;
12.18;-0.5;-0.5;3.348146;1;15;1;;;;;
12.2;-0.5;-0.5;4.941483;1;15;1;;;;;
12.22;-0.5;-0.5;4.188013;1;15;1;;;;;
12.24;-0.5;-0.5;3.059216;1;15;1;;;;;
12.26;-0.5;-0.5;3.287028;1;15;1;;;;;
12.28;-0.5;-0.5;4.712965;1;15;1;;;;;
12.3;-0.5;-0.5;4.827334;1;15;1;;;;;
12.32;-0.5;-0.5;4.211422;1;15;1;;;;;
12.34;-0.5;-0.5;4.192738;1;15;1;;;;;
12.36;-0.5;-0.5;5.275208;1;15;1;;;;;
12.38;-0.5;-0.5;3.689477;1;15;1;;;;;
12.4;-0.5;-0.5;4.891411;1;15;1;;;;;
12.42;-0.5;-0.5;4.269854;1;15;1;;;;;
12.44;-0.5;-0.5;2.50817;1;15;1;;;;;
12.46;-0.5;-0.5;3.437089;1;15;1;;;;;
12.48;-0.5;-0.5;3.39262;1;15;1;;;;;
12.5;-0.5;-0.5;4.908589;1;15;1;;;;;
12.52;-0.5;-0.5;4.204913;1;15;1;;;;;
12.54;-0.5;-0.5;3.496562;1;15;1;;;;;
12.56;-0.5;-0.5;3.323615;1;15;1;;;;;
12.58;-0.5;-0.5;4.355349;1;15;1;;;;;
12.6;-0.5;-0.5;4.943072;1;15;1;;;;;
12.62;-0.5;-0.5;4.367069;1;15;1;;;;;
12.64;-0.5;-0.5;5.878866;1;15;1;;;;;
12.66;-0.5;-0.5;4.130744;1;15;1;;;;;
12.68;-0.5;-0.5;4.635808;1;15;1;;;;;
12.7;-0.5;-0.5;3.421726;1;15;1;;;;;
12.72;-0.5;-0.5;4.035892;1;15;1;;;;;
12.74;-0.5;-0.5;5.54613;1;15;1;;;;;
12.76;-0.5;-0.5;2.445475;1;15;1;;;;;
12.78;-0.5;-0.5;3.109793;1;15;1;;;;;
12.8;-0.5;-0.5;2.491263;1;15;1;;;;;
12.82;-0.5;-0.5;4.835309;1;15;1;;;;;
12.84;-0.5;-0.5;2.117708;1;15;1;;;;;
12.86;-0.5;-0.5;5.477017;1;15;1;;;;;
12.88;-0.5;-0.5;2.930678;1;15;1;;;;;
12.9;-0.5;-0.5;4.126481;1;15;1;;;;;
12.92;-0.5;-0.5;4.02247;1;15;1;;;;;
12.94;-0.5;-0.5;4.729394;1;15;1;;;;;
12.96;-0.5;-0.5;5.808389;1;15;1;;;;;
12.98;-0.5;-0.5;3.326219;1;15;1;;;;;
13;-0.5;-0.5;2.054434;1;15;1;;;;;
13.02;-0.5;-0.5;3.770759;1;15;1;;;;;
13.04;-0.5;-0.5;4.377255;1;15;1;;;;;
13.06;-0.5;-0.5;3.187601;1;15;1;;;;;
13.08;-0.5;-0.5;4.776091;1;15;1;;;;;
13.1;-0.5;-0.5;2.209273;1;15;1;;;;;
13.12;-0.5;-0.5;5.899888;1;15;1;;;;;
13.14;-0.5;-0.5;5.359176;1;15;1;;;;;
13.16;-0.5;-0.5;3.544559;1;15;1;;;;;
13.18;-0.5;-0.5;2.57763;1;15;1;;;;;
13.2;-0.5;-0.5;4.280215;1;15;1;;;;;
13.22;-0.5;-0.5;2.584497;1;15;1;;;;;
13.24;-0.5;-0.5;4.713914;1;15;1;;;;;
13.26;-0.5;-0.5;4.626181;1;15;1;;;;;
13.28;-0.5;-0.5;5.85766;1;15;1;;;;;
13.3;-0.5;-0.5;5.796117;1;15;1;;;;;
13.32;-0.5;-0.5;2.299451;1;15;1;;;;;
13.34;-0.5;-0.5;4.380816;1;15;1;;;;;
13.36;-0.5;-0.5;4.329734;1;15;1;;;;;
13.38;-0.5;-0.5;2.209222;1;15;1;;;;;
13.4;-0.5;-0.5;3.234785;1;15;1;;;;;
13.42;-0.5;-0.5;5.492549;1;15;1;;;;;
13.44;-0.5;-0.5;2.273562;1;15;1;;;;;
13.46;-0.5;-0.5;4.498074;1;15;1;;;;;
13.48;-0.5;-0.5;2.330853;1;15;1;;;;;
13.5;-0.5;-0.5;2.089467;1;15;1;;;;;
13.52;-0.5;-0.5;2.980494;1;15;1;;;;;
13.54;-0.5;-0.5;2.763896;1;15;1;;;;;
13.56;-0.5;-0.5;3.82631;1;15;1;;;;;
13.58;-0.5;-0.5;4.865126;1;15;1;;;;;
13.6;-0.5;-0.5;3.068337;1;15;1;;;;;
13.62;-0.5;-0.5;4.694669;1;15;1;;;;;
13.64;-0.5;-0.5;4.479454;1;15;1;;;;;
13.66;-0.5;-0.5;3.640624;1;15;1;;;;;
13.68;-0.5;-0.5;3.314936;1;15;1;;;;;
13.7;-0.5;-0.5;3.371866;1;15;1;;;;;
13.72;-0.5;-0.5;3.028142;1;15;1;;;;;
13.74;-0.5;-0.5;4.01883;1;15;1;;;;;
13.76;-0.5;-0.5;2.935869;1;15;1;;;;;
13.78;-0.5;-0.5;3.183766;1;15;1;;;;;
13.8;-0.5;-0.5;2.195614;1;15;1;;;;;
13.82;-0.5;-0.5;3.78667;1;15;1;;;;;
13.84;-0.5;-0.5;3.912345;1;15;1;;;;;
13.86;-0.5;-0.5;2.015373;1;15;1;;;;;
13.88;-0.5;-0.5;5.878045;1;15;1;;;;;
13.9;-0.5;-0.5;3.165773;1;15;1;;;;;
13.92;-0.5;-0.5;2.641795;1;15;1;;;;;
13.94;-0.5;-0.5;2.447351;1;15;1;;;;;
13.96;-0.5;-0.5;5.090004;1;15;1;;;;;
13.98;-0.5;-0.5;5.941182;1;15;1;;;;;
14;-0.5;-0.5;2.436626;1;15;1;;;;;
14.02;-0.5;-0.5;3.564798;1;15;1;;;;;
14.04;-0.5;-0.5;2.575484;1;15;1;;;;;
14.06;-0.5;-0.5;2.411114;1;15;1;;;;;
14.08;-0.5;-0.5;2.5049;1;15;1;;;;;
14.1;-0.5;-0.5;2.10335;1;15;1;;;;;
14.12;-0.5;-0.5;4.989781;1;15;1;;;;;
14.14;-0.5;-0.5;2.933383;1;15;1;;;;;
14.16;-0.5;-0.5;4.548562;1;15;1;;;;;
14.18;-0.5;-0.5;3.128862;1;15;1;;;;;
14.2;-0.5;-0.5;2.979134;1;15;1;;;;;
14.22;-0.5;-0.5;2.18889;1;15;1;;;;;
14.24;-0.5;-0.5;4.083078;1;15;1;;;;;
14.26;-0.5;-0.5;5.665266;1;15;1;;;;;
14.28;-0.5;-0.5;2.229964;1;15;1;;;;;
14.3;-0.5;-0.5;5.909396;1;15;1;;;;;
14.32;-0.5;-0.5;4.078283;1;15;1;;;;;
14.34;-0.5;-0.5;5.860498;1;15;1;;;;;
14.36;-0.5;-0.5;2.604512;1;15;1;;;;;
14.38;-0.5;-0.5;4.488019;1;15;1;;;;;
14.4;-0.5;-0.5;3.226969;1;15;1;;;;;
14.42;-0.5;-0.5;3.217556;1;15;1;;;;;
14.44;-0.5;-0.5;3.911759;1;15;1;;;;;
14.46;-0.5;-0.5;3.412501;1;15;1;;;;;
14.48;-0.5;-0.5;5.091861;1;15;1;;;;;
14.5;-0.5;-0.5;4.653349;1;15;1;;;;;
14.52;-0.5;-0.5;5.49181;1;15;1;;;;;
14.54;-0.5;-0.5;4.990858;1;15;1;;;;;
14.56;-0.5;-0.5;5.156159;1;15;1;;;;;
14.58;-0.5;-0.5;3.521604;1;15;1;;;;;
14.6;-0.5;-0.5;2.425388;1;15;1;;;;;
14.62;-0.5;-0.5;4.779611;1;15;1;;;;;
14.64;-0.5;-0.5;2.252143;1;15;1;;;;;
14.66;-0.5;-0.5;5.640689;1;15;1;;;;;
14.68;-0.5;-0.5;3.37971;1;15;1;;;;;
14.7;-0.5;-0.5;3.151644;1;15;1;;;;;
14.72;-0.5;-0.5;3.63739;1;15;1;;;;;
14.74;-0.5;-0.5;2.932803;1;15;1;;;;;
14.76;-0.5;-0.5;3.230205;1;15;1;;;;;
14.78;-0.5;-0.5;4.479908;1;15;1;;;;;
14.8;-0.5;-0.5;5.364971;1;15;1;;;;;
14.82;-0.5;-0.5;2.431495;1;15;1;;;;;
14.84;-0.5;-0.5;2.938021;1;15;1;;;;;
14.86;-0.5;-0.5;3.357387;1;15;1;;;;;
14.88;-0.5;-0.5;5.03194;1;15;1;;;;;
14.9;-0.5;-0.5;4.261088;1;15;1;;;;;
14.92;-0.5;-0.5;5.603415;1;15;1;;;;;
14.94;-0.5;-0.5;2.502678;1;15;1;;;;;
14.96;-0.5;-0.5;5.588193;1;15;1;;;;;
14.98;-0.5;-0.5;4.34584;1;15;1;;;;;
15;-0.5;-0.5;3.982256;1;15;1;;;;;
15.02;-0.5;-0.5;3.221669;1;15;1;;;;;
15.04;-0.5;-0.5;2.648411;1;15;1;;;;;
15.06;-0.5;-0.5;4.620838;1;15;1;;;;;
15.08;-0.5;-0.5;4.144444;1;15;1;;;;;
15.1;-0.5;-0.5;4.491423;1;15;1;;;;;
15.12;-0.5;-0.5;4.755107;1;15;1;;;;;
15.14;-0.5;-0.5;4.37725;1;15;1;;;;;
15.16;-0.5;-0.5;3.411677;1;15;1;;;;;
15.18;-0.5;-0.5;2.252046;1;15;1;;;;;
15.2;-0.5;-0.5;2.343445;1;15;1;;;;;
15.22;-0.5;-0.5;5.565514;1;15;1;;;;;
15.24;-0.5;-0.5;3.133644;1;15;1;;;;;
15.26;-0.5;-0.5;3.450078;1;15;1;;;;;
15.28;-0.5;-0.5;4.399823;1;15;1;;;;;
15.3;-0.5;-0.5;3.674575;1;15;1;;;;;
15.32;-0.5;-0.5;4.220283;1;15;1;;;;;
15.34;-0.5;-0.5;3.688097;1;15;1;;;;;
15.36;-0.5;-0.5;3.783293;1;15;1;;;;;
15.38;-0.5;-0.5;2.693796;1;15;1;;;;;
15.4;-0.5;-0.5;2.85859;1;15;1;;;;;
15.42;-0.5;-0.5;4.253029;1;15;1;;;;;
15.44;-0.5;-0.5;3.690576;1;15;1;;;;;
15.46;-0.5;-0.5;4.775697;1;15;1;;;;;
15.48;-0.5;-0.5;2.419748;1;15;1;;;;;
15.5;-0.5;-0.5;4.44827;1;15;1;;;;;
15.52;-0.5;-0.5;3.223216;1;15;1;;;;;
15.54;-0.5;-0.5;4.593213;1;15;1;;;;;
15.56;-0.5;-0.5;5.855061;1;15;1;;;;;
15.58;-0.5;-0.5;3.067946;1;15;1;;;;;
15.6;-0.5;-0.5;2.845405;1;15;1;;;;;
15.62;-0.5;-0.5;3.960305;1;15;1;;;;;
15.64;-0.5;-0.5;4.411922;1;15;1;;;;;
15.66;-0.5;-0.5;3.848842;1;15;1;;;;;
15.68;-0.5;-0.5;4.789798;1;15;1;;;;;
15.7;-0.5;-0.5;3.446536;1;15;1;;;;;
15.72;-0.5;-0.5;2.586986;1;15;1;;;;;
15.74;-0.5;-0.5;4.217005;1;15;1;;;;;
15.76;-0.5;-0.5;5.618236;1;15;1;;;;;
15.78;-0.5;-0.5;3.787135;1;15;1;;;;;
15.8;-0.5;-0.5;4.772367;1;15;1;;;;;
15.82;-0.5;-0.5;5.296192;1;15;1;;;;;
15.84;-0.5;-0.5;2.386704;1;15;1;;;;;
15.86;-0.5;-0.5;3.973269;1;15;1;;;;;
15.88;-0.5;-0.5;2.064529;1;15;1;;;;;
15.9;-0.5;-0.5;4.55795;1;15;1;;;;;
15.92;-0.5;-0.5;3.097545;1;15;1;;;;;
15.94;-0.5;-0.5;5.103398;1;15;1;;;;;
15.96;-0.5;-0.5;5.644217;1;15;1;;;;;
15.98;-0.5;-0.5;5.154628;1;15;1;;;;;
16;-0.5;-0.5;3.339587;1;15;1;;;;;
16.02;-0.5;-0.5;4.649349;1;15;1;;;;;
16.04;-0.5;-0.5;5.335209;1;15;1;;;;;
16.06;-0.5;-0.5;2.759023;1;15;1;;;;;
16.08;-0.5;-0.5;5.505746;1;15;1;;;;;
16.1;-0.5;-0.5;3.091134;1;15;1;;;;;
16.12;-0.5;-0.5;2.693209;1;15;1;;;;;
16.14;-0.5;-0.5;5.679861;1;15;1;;;;;
16.16;-0.5;-0.5;5.344352;1;15;1;;;;;
16.18;-0.5;-0.5;5.127534;1;15;1;;;;;
16.2;-0.5;-0.5;4.547191;1;15;1;;;;;
16.22;-0.5;-0.5;3.968539;1;15;1;;;;;
16.24;-0.5;-0.5;4.971277;1;15;1;;;;;
16.26;-0.5;-0.5;5.176498;1;15;1;;;;;
16.28;-0.5;-0.5;3.108185;1;15;1;;;;;
16.3;-0.5;-0.5;2.424341;1;15;1;;;;;
16.32;-0.5;-0.5;2.927465;1;15;1;;;;;
16.34;-0.5;-0.5;4.394378;1;15;1;;;;;
16.36;-0.5;-0.5;3.645946;1;15;1;;;;;
16.38;-0.5;-0.5;2.425371;1;15;1;;;;;
16.4;-0.5;-0.5;4.411326;1;15;1;;;;;
16.42;-0.5;-0.5;5.203288;1;15;1;;;;;
16.44;-0.5;-0.5;2.390694;1;15;1;;;;;
16.46;-0.5;-0.5;2.757513;1;15;1;;;;;
16.48;-0.5;-0.5;3.153633;1;15;1;;;;;
16.5;-0.5;-0.5;5.662185;1;15;1;;;;;
16.52;-0.5;-0.5;2.848243;1;15;1;;;;;
16.54;-0.5;-0.5;3.628365;1;15;1;;;;;
16.56;-0.5;-0.5;3.931097;1;15;1;;;;;
16.58;-0.5;-0.5;2.546217;1;15;1;;;;;
16.6;-0.5;-0.5;2.355905;1;15;1;;;;;
16.62;-0.5;-0.5;4.70958;1;15;1;;;;;
16.64;-0.5;-0.5;4.084266;1;15;1;;;;;
16.66;-0.5;-0.5;5.462311;1;15;1;;;;;
16.68;-0.5;-0.5;5.567298;1;15;1;;;;;
16.7;-0.5;-0.5;3.373786;1;15;1;;;;;
16.72;-0.5;-0.5;2.939262;1;15;1;;;;;
16.74;-0.5;-0.5;5.371881;1;15;1;;;;;
16.76;-0.5;-0.5;3.839332;1;15;1;;;;;
16.78;-0.5;-0.5;2.187005;1;15;1;;;;;
16.8;-0.5;-0.5;4.712914;1;15;1;;;;;
16.82;-0.5;-0.5;4.659072;1;15;1;;;;;
16.84;-0.5;-0.5;3.873699;1;15;1;;;;;
16.86;-0.5;-0.5;5.316845;1;15;1;;;;;
16.88;-0.5;-0.5;2.819757;1;15;1;;;;;
16.9;-0.5;-0.5;2.585551;1;15;1;;;;;
16.92;-0.5;-0.5;4.682103;1;15;1;;;;;
16.94;-0.5;-0.5;3.107272;1;15;1;;;;;
16.96;-0.5;-0.5;5.770457;1;15;1;;;;;
16.98;-0.5;-0.5;2.285903;1;15;1;;;;;
17;-0.5;-0.5;3.029857;1;15;1;;;;;
17.02;-0.5;-0.5;3.359893;1;15;1;;;;;
17.04;-0.5;-0.5;5.240983;1;15;1;;;;;
17.06;-0.5;-0.5;5.125637;1;15;1;;;;;
17.08;-0.5;-0.5;4.099554;1;15;1;;;;;
17.1;-0.5;-0.5;5.532702;1;15;1;;;;;
17.12;-0.5;-0.5;3.425212;1;15;1;;;;;
17.14;-0.5;-0.5;3.575072;1;15;1;;;;;
17.16;-0.5;-0.5;4.978848;1;15;1;;;;;
17.18;-0.5;-0.5;2.175949;1;15;1;;;;;
17.2;-0.5;-0.5;3.132861;1;15;1;;;;;
17.22;-0.5;-0.5;5.337728;1;15;1;;;;;
17.24;-0.5;-0.5;2.875289;1;15;1;;;;;
17.26;-0.5;-0.5;4.347515;1;15;1;;;;;
17.28;-0.5;-0.5;5.967891;1;15;1;;;;;
17.3;-0.5;-0.5;3.654773;1;15;1;;;;;
17.32;-0.5;-0.5;3.452541;1;15;1;;;;;
17.34;-0.5;-0.5;2.701201;1;15;1;;;;;
17.36;-0.5;-0.5;4.27946;1;15;1;;;;;
17.38;-0.5;-0.5;5.341288;1;15;1;;;;;
17.4;-0.5;-0.5;3.420089;1;15;1;;;;;
17.42;-0.5;-0.5;5.671515;1;15;1;;;;;
17.44;-0.5;-0.5;5.535531;1;15;1;;;;;
17.46;-0.5;-0.5;5.110151;1;15;1;;;;;
17.48;-0.5;-0.5;2.191922;1;15;1;;;;;
17.5;-0.5;-0.5;4.308492;1;15;1;;;;;
17.52;-0.5;-0.5;2.863683;1;15;1;;;;;
17.54;-0.5;-0.5;4.419145;1;15;1;;;;;
17.56;-0.5;-0.5;5.634123;1;15;1;;;;;
17.58;-0.5;-0.5;4.356089;1;15;1;;;;;
17.6;-0.5;-0.5;5.465929;1;15;1;;;;;
17.62;-0.5;-0.5;5.302361;1;15;1;;;;;
17.64;-0.5;-0.5;2.708447;1;15;1;;;;;
17.66;-0.5;-0.5;5.261963;1;15;1;;;;;
17.68;-0.5;-0.5;4.581783;1;15;1;;;;;
17.7;-0.5;-0.5;3.427526;1;15;1;;;;;
17.72;-0.5;-0.5;2.377643;1;15;1;;;;;
17.74;-0.5;-0.5;3.70763;1;15;1;;;;;
17.76;-0.5;-0.5;4.196868;1;15;1;;;;;
17.78;-0.5;-0.5;5.323553;1;15;1;;;;;
17.8;-0.5;-0.5;4.078183;1;15;1;;;;;
17.82;-0.5;-0.5;2.629865;1;15;1;;;;;
17.84;-0.5;-0.5;4.209815;1;15;1;;;;;
17.86;-0.5;-0.5;2.53754;1;15;1;;;;;
17.88;-0.5;-0.5;3.079069;1;15;1;;;;;
17.9;-0.5;-0.5;3.547048;1;15;1;;;;;
17.92;-0.5;-0.5;5.162584;1;15;1;;;;;
17.94;-0.5;-0.5;3.967849;1;15;1;;;;;
17.96;-0.5;-0.5;5.336082;1;15;1;;;;;
17.98;-0.5;-0.5;2.22809;1;15;1;;;;;
18;-0.5;-0.5;3.713044;1;15;1;;;;;
18.02;-0.5;-0.5;4.895918;1;15;1;;;;;
18.04;-0.5;-0.5;2.769731;1;15;1;;;;;
18.06;-0.5;-0.5;4.293359;1;15;1;;;;;
18.08;-0.5;-0.5;5.855674;1;15;1;;;;;
18.1;-0.5;-0.5;2.843141;1;15;1;;;;;
18.12;-0.5;-0.5;4.890064;1;15;1;;;;;
18.14;-0.5;-0.5;3.310649;1;15;1;;;;;
18.16;-0.5;-0.5;5.403054;1;15;1;;;;;
18.18;-0.5;-0.5;4.40126;1;15;1;;;;;
18.2;-0.5;-0.5;4.310013;1;15;1;;;;;
18.22;-0.5;-0.5;3.239322;1;15;1;;;;;
18.24;-0.5;-0.5;4.288037;1;15;1;;;;;
18.26;-0.5;-0.5;3.865966;1;15;1;;;;;
18.28;-0.5;-0.5;2.675795;1;15;1;;;;;
18.3;-0.5;-0.5;3.739013;1;15;1;;;;;
18.32;-0.5;-0.5;4.919053;1;15;1;;;;;
18.34;-0.5;-0.5;4.486543;1;15;1;;;;;
18.36;-0.5;-0.5;5.06733;1;15;1;;;;;
18.38;-0.5;-0.5;2.362369;1;15;1;;;;;
18.4;-0.5;-0.5;4.339172;1;15;1;;;;;
18.42;-0.5;-0.5;4.479972;1;15;1;;;;;
18.44;-0.5;-0.5;4.240532;1;15;1;;;;;
18.46;-0.5;-0.5;2.455415;1;15;1;;;;;
18.48;-0.5;-0.5;2.499843;1;15;1;;;;;
18.5;-0.5;-0.5;5.947563;1;15;1;;;;;
18.52;-0.5;-0.5;4.983464;1;15;1;;;;;
18.54;-0.5;-0.5;2.830568;1;15;1;;;;;
18.56;-0.5;-0.5;3.82736;1;15;1;;;;;
18.58;-0.5;-0.5;2.007042;1;15;1;;;;;
18.6;-0.5;-0.5;2.497194;1;15;1;;;;;
18.62;-0.5;-0.5;4.523471;1;15;1;;;;;
18.64;-0.5;-0.5;5.064009;1;15;1;;;;;
18.66;-0.5;-0.5;4.66071;1;15;1;;;;;
18.68;-0.5;-0.5;3.908908;1;15;1;;;;;
18.7;-0.5;-0.5;3.64055;1;15;1;;;;;
18.72;-0.5;-0.5;5.545857;1;15;1;;;;;
18.74;-0.5;-0.5;5.001744;1;15;1;;;;;
18.76;-0.5;-0.5;5.73348;1;15;1;;;;;
18.78;-0.5;-0.5;4.109691;1;15;1;;;;;
18.8;-0.5;-0.5;5.569176;1;15;1;;;;;
18.82;-0.5;-0.5;3.959226;1;15;1;;;;;
18.84;-0.5;-0.5;2.951577;1;15;1;;;;;
18.86;-0.5;-0.5;2.054755;1;15;1;;;;;
18.88;-0.5;-0.5;2.826361;1;15;1;;;;;
18.9;-0.5;-0.5;2.026649;1;15;1;;;;;
18.92;-0.5;-0.5;4.656282;1;15;1;;;;;
18.94;-0.5;-0.5;2.432558;1;15;1;;;;;
18.96;-0.5;-0.5;5.383117;1;15;1;;;;;
18.98;-0.5;-0.5;5.220119;1;15;1;;;;;
19;-0.5;-0.5;3.556821;1;15;1;;;;;
19.02;-0.5;-0.5;2.439926;1;15;1;;;;;
19.04;-0.5;-0.5;4.866513;1;15;1;;;;;
19.06;-0.5;-0.5;4.824007;1;15;1;;;;;
19.08;-0.5;-0.5;4.816843;1;15;1;;;;;
19.1;-0.5;-0.5;2.755764;1;15;1;;;;;
19.12;-0.5;-0.5;3.418612;1;15;1;;;;;
19.14;-0.5;-0.5;3.652941;1;15;1;;;;;
19.16;-0.5;-0.5;5.85006;1;15;1;;;;;
19.18;-0.5;-0.5;4.081296;1;15;1;;;;;
19.2;-0.5;-0.5;3.504767;1;15;1;;;;;
19.22;-0.5;-0.5;3.066904;1;15;1;;;;;
19.24;-0.5;-0.5;5.556864;1;15;1;;;;;
19.26;-0.5;-0.5;2.667726;1;15;1;;;;;
19.28;-0.5;-0.5;3.106834;1;15;1;;;;;
19.3;-0.5;-0.5;2.72287;1;15;1;;;;;
19.32;-0.5;-0.5;5.212838;1;15;1;;;;;
19.34;-0.5;-0.5;2.15164;1;15;1;;;;;
19.36;-0.5;-0.5;3.034969;1;15;1;;;;;
19.38;-0.5;-0.5;2.613218;1;15;1;;;;;
19.4;-0.5;-0.5;5.313467;1;15;1;;;;;
19.42;-0.5;-0.5;3.527482;1;15;1;;;;;
19.44;-0.5;-0.5;3.85656;1;15;1;;;;;
19.46;-0.5;-0.5;3.987118;1;15;1;;;;;
19.48;-0.5;-0.5;4.864917;1;15;1;;;;;
19.5;-0.5;-0.5;4.78762;1;15;1;;;;;
19.52;-0.5;-0.5;2.703407;1;15;1;;;;;
19.54;-0.5;-0.5;3.291995;1;15;1;;;;;
19.56;-0.5;-0.5;3.669953;1;15;1;;;;;
19.58;-0.5;-0.5;5.337864;1;15;1;;;;;
19.6;-0.5;-0.5;5.543951;1;15;1;;;;;
19.62;-0.5;-0.5;4.245523;1;15;1;;;;;
19.64;-0.5;-0.5;3.153812;1;15;1;;;;;
19.66;-0.5;-0.5;4.846796;1;15;1;;;;;
19.68;-0.5;-0.5;3.065697;1;15;1;;;;;
19.7;-0.5;-0.5;5.524534;1;15;1;;;;;
19.72;-0.5;-0.5;4.010667;1;15;1;;;;;
19.74;-0.5;-0.5;5.016589;1;15;1;;;;;
19.76;-0.5;-0.5;2.532589;1;15;1;;;;;
19.78;-0.5;-0.5;3.168855;1;15;1;;;;;
19.8;-0.5;-0.5;5.424262;1;15;1;;;;;
19.82;-0.5;-0.5;5.018215;1;15;1;;;;;
19.84;-0.5;-0.5;2.903976;1;15;1;;;;;
19.86;-0.5;-0.5;3.535226;1;15;1;;;;;
19.88;-0.5;-0.5;2.229176;1;15;1;;;;;
19.9;-0.5;-0.5;5.813393;1;15;1;;;;;
19.92;-0.5;-0.5;5.214597;1;15;1;;;;;
19.94;-0.5;-0.5;5.246419;1;15;1;;;;;
19.96;-0.5;-0.5;4.693995;1;15;1;;;;;
19.98;-0.5;-0.5;5.238346;1;15;1;;;;;
20;-0.5;-0.5;5.373123;1;15;1;;;;;
20.02;-0.5;-0.5;2.179159;1;15;1;;;;;
20.04;-0.5;-0.5;3.695934;1;15;1;;;;;
20.06;-0.5;-0.5;2.079041;1;15;1;;;;;
20.08;-0.5;-0.5;5.788314;1;15;1;;;;;
20.1;-0.5;-0.5;3.513519;1;15;1;;;;;
20.12;-0.5;-0.5;5.352329;1;15;1;;;;;
20.14;-0.5;-0.5;5.204548;1;15;1;;;;;
20.16;-0.5;-0.5;5.444466;1;15;1;;;;;
20.18;-0.5;-0.5;5.021654;1;15;1;;;;;
20.2;-0.5;-0.5;5.08615;1;15;1;;;;;
20.22;-0.5;-0.5;4.189785;1;15;1;;;;;
20.24;-0.5;-0.5;4.382804;1;15;1;;;;;
20.26;-0.5;-0.5;3.208724;1;15;1;;;;;
20.28;-0.5;-0.5;5.064351;1;15;1;;;;;
20.3;-0.5;-0.5;2.401946;1;15;1;;;;;
20.32;-0.5;-0.5;4.160583;1;15;1;;;;;
20.34;-0.5;-0.5;3.97001;1;15;1;;;;;
20.36;-0.5;-0.5;5.190037;1;15;1;;;;;
20.38;-0.5;-0.5;4.598611;1;15;1;;;;;
20.4;-0.5;-0.5;5.684392;1;15;1;;;;;
20.42;-0.5;-0.5;3.283555;1;15;1;;;;;
20.44;-0.5;-0.5;3.398452;1;15;1;;;;;
20.46;-0.5;-0.5;3.524336;1;15;1;;;;;
20.48;-0.5;-0.5;5.455529;1;15;1;;;;;
20.5;-0.5;-0.5;3.70738;1;15;1;;;;;
20.52;-0.5;-0.5;2.493891;1;15;1;;;;;
20.54;-0.5;-0.5;5.578073;1;15;1;;;;;
20.56;-0.5;-0.5;5.790378;1;15;1;;;;;
20.58;-0.5;-0.5;4.238049;1;15;1;;;;;
20.6;-0.5;-0.5;4.093012;1;15;1;;;;;
20.62;-0.5;-0.5;5.638235;1;15;1;;;;;
20.64;-0.5;-0.5;5.78049;1;15;1;;;;;
20.66;-0.5;-0.5;4.158402;1;15;1;;;;;
20.68;-0.5;-0.5;4.061137;1;15;1;;;;;
20.7;-0.5;-0.5;4.848783;1;15;1;;;;;
20.72;-0.5;-0.5;5.216848;1;15;1;;;;;
20.74;-0.5;-0.5;4.408339;1;15;1;;;;;
20.76;-0.5;-0.5;4.500505;1;15;1;;;;;
20.78;-0.5;-0.5;5.759954;1;15;1;;;;;
20.8;-0.5;-0.5;4.323635;1;15;1;;;;;
20.82;-0.5;-0.5;4.517812;1;45;1;;;;;
20.84;-0.5;-0.5;3.481592;1;45;1;;;;;
20.86;-0.5;-0.5;2.840971;1;45;1;;;;;
20.88;-0.5;-0.5;4.430435;1;45;1;;;;;
20.9;-0.5;-0.5;2.614108;1;45;1;;;;;
20.92;-0.5;-0.5;4.23687;1;45;1;;;;;
20.94;-0.5;-0.5;4.330788;1;45;1;;;;;
20.96;-0.5;-0.5;2.583349;1;45;1;;;;;
20.98;-0.5;-0.5;4.833063;1;45;1;;;;;
21;-0.5;-0.5;2.870425;1;45;1;;;;;
21.02;-0.5;-0.5;5.202213;1;45;1;;;;;
21.04;-0.5;-0.5;4.25932;1;45;1;;;;;
21.06;-0.5;-0.5;5.355384;1;45;1;;;;;
21.08;-0.5;-0.5;5.798253;1;45;1;;;;;
21.1;-0.5;-0.5;3.192592;1;45;1;;;;;
21.12;-0.5;-0.5;4.154885;1;45;1;;;;;
21.14;-0.5;-0.5;2.674437;1;45;1;;;;;
21.16;-0.5;-0.5;2.309949;1;45;1;;;;;
21.18;-0.5;-0.5;2.90549;1;45;1;;;;;
21.2;-0.5;-0.5;2.001782;1;45;1;;;;;
21.22;-0.5;-0.5;2.404858;1;45;1;;;;;
21.24;-0.5;-0.5;2.516542;1;45;1;;;;;
21.26;-0.5;-0.5;2.771959;1;45;1;;;;;
21.28;-0.5;-0.5;4.799543;1;45;1;;;;;
21.3;-0.5;-0.5;3.327138;1;45;1;;;;;
21.32;-0.5;-0.5;4.026361;1;45;1;;;;;
21.34;-0.5;-0.5;2.451087;1;45;1;;;;;
21.36;-0.5;-0.5;3.036683;1;45;1;;;;;
21.38;-0.5;-0.5;3.287886;1;45;1;;;;;
21.4;-0.5;-0.5;2.891636;1;45;1;;;;;
21.42;-0.5;-0.5;4.580153;1;45;1;;;;;
21.44;-0.5;-0.5;4.266877;1;45;1;;;;;
21.46;-0.5;-0.5;3.47968;1;45;1;;;;;
21.48;-0.5;-0.5;2.983967;1;45;1;;;;;
21.5;-0.5;-0.5;5.233236;1;45;1;;;;;
21.52;-0.5;-0.5;3.160576;1;45;1;;;;;
21.54;-0.5;-0.5;3.339662;1;45;1;;;;;
21.56;-0.5;-0.5;4.881433;1;45;1;;;;;
21.58;-0.5;-0.5;2.023825;1;45;1;;;;;
21.6;-0.5;-0.5;4.304651;1;45;1;;;;;
21.62;-0.5;-0.5;4.444216;1;45;1;;;;;
21.64;-0.5;-0.5;3.398582;1;45;1;;;;;
21.66;-0.5;-0.5;3.085455;1;45;1;;;;;
21.68;-0.5;-0.5;3.039566;1;45;1;;;;;
21.7;-0.5;-0.5;2.90585;1;45;1;;;;;
21.72;-0.5;-0.5;4.279108;1;45;1;;;;;
21.74;-0.5;-0.5;4.477214;1;45;1;;;;;
21.76;-0.5;-0.5;3.623271;1;45;1;;;;;
21.78;-0.5;-0.5;2.038995;1;45;1;;;;;
21.8;-0.5;-0.5;3.269747;1;45;1;;;;;
21.82;-0.5;-0.5;2.279128;1;45;1;;;;;
21.84;-0.5;-0.5;2.68786;1;45;1;;;;;
21.86;-0.5;-0.5;3.992845;1;45;1;;;;;
21.88;-0.5;-0.5;5.517548;1;45;1;;;;;
21.9;-0.5;-0.5;4.577554;1;45;1;;;;;
21.92;-0.5;-0.5;3.957765;1;45;1;;;;;
21.94;-0.5;-0.5;5.06776;1;45;1;;;;;
21.96;-0.5;-0.5;4.571725;1;45;1;;;;;
21.98;-0.5;-0.5;3.337581;1;45;1;;;;;
22;-0.5;-0.5;5.012935;1;45;1;;;;;
22.02;-0.5;-0.5;5.004016;1;45;1;;;;;
22.04;-0.5;-0.5;3.665853;1;45;1;;;;;
22.06;-0.5;-0.5;5.541515;1;45;1;;;;;
22.08;-0.5;-0.5;4.002436;1;45;1;;;;;
22.1;-0.5;-0.5;2.119238;1;45;1;;;;;
22.12;-0.5;-0.5;3.282961;1;45;1;;;;;
22.14;-0.5;-0.5;4.202093;1;45;1;;;;;
22.16;-0.5;-0.5;2.526018;1;45;1;;;;;
22.18;-0.5;-0.5;4.840365;1;45;1;;;;;
22.2;-0.5;-0.5;5.082676;1;45;1;;;;;
22.22;-0.5;-0.5;2.587075;1;45;1;;;;;
22.24;-0.5;-0.5;4.404065;1;45;1;;;;;
22.26;-0.5;-0.5;4.550173;1;45;1;;;;;
22.28;-0.5;-0.5;3.999233;1;45;1;;;;;
22.3;-0.5;-0.5;3.495374;1;45;1;;;;;
22.32;-0.5;-0.5;2.291201;1;45;1;;;;;
22.34;-0.5;-0.5;5.824498;1;45;1;;;;;
22.36;-0.5;-0.5;5.031836;1;45;1;;;;;
22.38;-0.5;-0.5;5.571047;1;45;1;;;;;
22.4;-0.5;-0.5;4.998338;1;45;1;;;;;
22.42;-0.5;-0.5;3.334838;1;45;1;;;;;
22.44;-0.5;-0.5;5.667506;1;45;1;;;;;
22.46;-0.5;-0.5;5.64869;1;45;1;;;;;
22.48;-0.5;-0.5;2.148241;1;45;1;;;;;
22.5;-0.5;-0.5;4.966545;1;45;1;;;;;
22.52;-0.5;-0.5;2.230981;1;45;1;;;;;
22.54;-0.5;-0.5;2.218616;1;45;1;;;;;
22.56;-0.5;-0.5;5.869339;1;45;1;;;;;
22.58;-0.5;-0.5;2.971488;1;45;1;;;;;
22.6;-0.5;-0.5;5.004392;1;45;1;;;;;
22.62;-0.5;-0.5;4.224174;1;45;1;;;;;
22.64;-0.5;-0.5;3.005107;1;45;1;;;;;
22.66;-0.5;-0.5;2.06007;1;45;1;;;;;
22.68;-0.5;-0.5;4.144026;1;45;1;;;;;
22.7;-0.5;-0.5;4.422951;1;45;1;;;;;
22.72;-0.5;-0.5;2.000909;1;45;1;;;;;
22.74;-0.5;-0.5;2.729861;1;45;1;;;;;
22.76;-0.5;-0.5;3.499686;1;45;1;;;;;
22.78;-0.5;-0.5;2.385161;1;45;1;;;;;
22.8;-0.5;-0.5;3.62071;1;45;1;;;;;
22.82;-0.5;-0.5;2.213531;1;45;1;;;;;
22.84;-0.5;-0.5;2.178952;1;45;1;;;;;
22.86;-0.5;-0.5;5.749596;1;45;1;;;;;
22.88;-0.5;-0.5;5.119204;1;45;1;;;;;
22.9;-0.5;-0.5;5.282728;1;45;1;;;;;
22.92;-0.5;-0.5;5.428877;1;45;1;;;;;
22.94;-0.5;-0.5;2.342872;1;45;1;;;;;
22.96;-0.5;-0.5;4.16533;1;45;1;;;;;
22.98;-0.5;-0.5;5.926211;1;45;1;;;;;
23;-0.5;-0.5;3.143459;1;45;1;;;;;
23.02;-0.5;-0.5;4.868923;1;45;1;;;;;
23.04;-0.5;-0.5;4.607615;1;45;1;;;;;
23.06;-0.5;-0.5;5.684532;1;45;1;;;;;
23.08;-0.5;-0.5;2.96118;1;45;1;;;;;
23.1;-0.5;-0.5;3.030853;1;45;1;;;;;
23.12;-0.5;-0.5;2.056687;1;45;1;;;;;
23.14;-0.5;-0.5;4.538468;1;45;1;;;;;
23.16;-0.5;-0.5;4.654703;1;45;1;;;;;
23.18;-0.5;-0.5;3.134086;1;45;1;;;;;
23.2;-0.5;-0.5;3.500167;1;45;1;;;;;
23.22;-0.5;-0.5;3.032431;1;45;1;;;;;
23.24;-0.5;-0.5;2.457523;1;45;1;;;;;
23.26;-0.5;-0.5;5.168097;1;45;1;;;;;
23.28;-0.5;-0.5;3.8397;1;45;1;;;;;
23.3;-0.5;-0.5;4.856281;1;45;1;;;;;
23.32;-0.5;-0.5;3.29745;1;45;1;;;;;
23.34;-0.5;-0.5;3.315468;1;45;1;;;;;
23.36;-0.5;-0.5;2.949108;1;45;1;;;;;
23.38;-0.5;-0.5;5.202168;1;45;1;;;;;
23.4;-0.5;-0.5;3.386995;1;45;1;;;;;
23.42;-0.5;-0.5;3.67169;1;45;1;;;;;
23.44;-0.5;-0.5;2.768319;1;45;1;;;;;
23.46;-0.5;-0.5;5.945797;1;45;1;;;;;
23.48;-0.5;-0.5;4.412457;1;45;1;;;;;
23.5;-0.5;-0.5;3.74931;1;45;1;;;;;
23.52;-0.5;-0.5;3.262096;1;45;1;;;;;
23.54;-0.5;-0.5;3.05956;1;45;1;;;;;
23.56;-0.5;-0.5;3.148864;1;45;1;;;;;
23.58;-0.5;-0.5;5.907727;1;45;1;;;;;
23.6;-0.5;-0.5;4.666306;1;45;1;;;;;
23.62;-0.5;-0.5;4.4395;1;45;1;;;;;
23.64;-0.5;-0.5;2.194405;1;45;1;;;;;
23.66;-0.5;-0.5;3.386873;1;45;1;;;;;
23.68;-0.5;-0.5;4.684001;1;45;1;;;;;
23.7;-0.5;-0.5;2.457346;1;45;1;;;;;
23.72;-0.5;-0.5;3.438437;1;45;1;;;;;
23.74;-0.5;-0.5;2.210572;1;45;1;;;;;
23.76;-0.5;-0.5;3.38342;1;45;1;;;;;
23.78;-0.5;-0.5;2.221697;1;45;1;;;;;
23.8;-0.5;-0.5;3.62553;1;45;1;;;;;
23.82;-0.5;-0.5;5.072044;1;45;1;;;;;
23.84;-0.5;-0.5;2.689117;1;45;1;;;;;
23.86;-0.5;-0.5;3.332848;1;45;1;;;;;
23.88;-0.5;-0.5;3.595592;1;45;1;;;;;
23.9;-0.5;-0.5;4.798969;1;45;1;;;;;
23.92;-0.5;-0.5;5.017462;1;45;1;;;;;
23.94;-0.5;-0.5;5.527281;1;45;1;;;;;
23.96;-0.5;-0.5;2.002322;1;45;1;;;;;
23.98;-0.5;-0.5;4.718158;1;45;1;;;;;
24;-0.5;-0.5;2.272134;1;45;1;;;;;
24.02;-0.5;-0.5;4.048788;1;45;1;;;;;
24.04;-0.5;-0.5;4.318902;1;45;1;;;;;
24.06;-0.5;-0.5;3.609719;1;45;1;;;;;
24.08;-0.5;-0.5;2.487561;1;45;1;;;;;
24.1;-0.5;-0.5;5.374208;1;45;1;;;;;
24.12;-0.5;-0.5;2.666828;1;45;1;;;;;
24.14;-0.5;-0.5;5.899786;1;45;1;;;;;
24.16;-0.5;-0.5;5.639491;1;45;1;;;;;
24.18;-0.5;-0.5;4.685516;1;45;1;;;;;
24.2;-0.5;-0.5;2.449922;1;45;1;;;;;
24.22;-0.5;-0.5;3.265308;1;45;1;;;;;
24.24;-0.5;-0.5;3.834362;1;45;1;;;;;
24.26;-0.5;-0.5;2.446314;1;45;1;;;;;
24.28;-0.5;-0.5;5.499182;1;45;1;;;;;
24.3;-0.5;-0.5;4.361567;1;45;1;;;;;
24.32;-0.5;-0.5;4.175779;1;45;1;;;;;
24.34;-0.5;-0.5;5.385587;1;45;1;;;;;
24.36;-0.5;-0.5;5.116555;1;45;1;;;;;
24.38;-0.5;-0.5;2.491068;1;45;1;;;;;
24.4;-0.5;-0.5;4.010599;1;45;1;;;;;
24.42;-0.5;-0.5;2.290937;1;45;1;;;;;
24.44;-0.5;-0.5;3.818046;1;45;1;;;;;
24.46;-0.5;-0.5;2.616763;1;45;1;;;;;
24.48;-0.5;-0.5;2.558837;1;45;1;;;;;
24.5;-0.5;-0.5;2.398847;1;45;1;;;;;
24.52;-0.5;-0.5;5.625678;1;45;1;;;;;
24.54;-0.5;-0.5;2.747491;1;45;1;;;;;
24.56;-0.5;-0.5;2.76127;1;45;1;;;;;
24.58;-0.5;-0.5;2.690001;1;45;1;;;;;
24.6;-0.5;-0.5;2.766791;1;45;1;;;;;
24.62;-0.5;-0.5;3.030159;1;45;1;;;;;
24.64;-0.5;-0.5;4.623762;1;45;1;;;;;
24.66;-0.5;-0.5;5.301447;1;45;1;;;;;
24.68;-0.5;-0.5;5.86849;1;45;1;;;;;
24.7;-0.5;-0.5;3.387341;1;45;1;;;;;
24.72;-0.5;-0.5;5.167897;1;45;1;;;;;
24.74;-0.5;-0.5;2.009579;1;45;1;;;;;
24.76;-0.5;-0.5;4.036069;1;45;1;;;;;
24.78;-0.5;-0.5;3.486938;1;45;1;;;;;
24.8;-0.5;-0.5;2.016378;1;45;1;;;;;
24.82;-0.5;-0.5;4.929175;1;45;1;;;;;
24.84;-0.5;-0.5;4.915749;1;45;1;;;;;
24.86;-0.5;-0.5;5.933941;1;45;1;;;;;
24.88;-0.5;-0.5;3.652595;1;45;1;;;;;
24.9;-0.5;-0.5;4.708747;1;45;1;;;;;
24.92;-0.5;-0.5;2.42724;1;45;1;;;;;
24.94;-0.5;-0.5;3.501898;1;45;1;;;;;
24.96;-0.5;-0.5;2.397282;1;45;1;;;;;
24.98;-0.5;-0.5;2.552645;1;45;1;;;;;
25;-0.5;-0.5;4.200698;1;45;1;;;;;
25.02;-0.5;-0.5;5.500348;1;45;1;;;;;
25.04;-0.5;-0.5;5.041778;1;45;1;;;;;
25.06;-0.5;-0.5;5.720374;1;45;1;;;;;
25.08;-0.5;-0.5;2.804258;1;45;1;;;;;
25.1;-0.5;-0.5;4.042357;1;45;1;;;;;
25.12;-0.5;-0.5;2.29718;1;45;1;;;;;
25.14;-0.5;-0.5;3.731908;1;45;1;;;;;
25.16;-0.5;-0.5;2.247879;1;45;1;;;;;
25.18;-0.5;-0.5;2.93265;1;45;1;;;;;
25.2;-0.5;-0.5;2.983356;1;45;1;;;;;
25.22;-0.5;-0.5;4.171657;1;45;1;;;;;
25.24;-0.5;-0.5;2.375002;1;45;1;;;;;
25.26;-0.5;-0.5;5.155333;1;45;1;;;;;
25.28;-0.5;-0.5;3.625463;1;45;1;;;;;
25.3;-0.5;-0.5;3.010703;1;45;1;;;;;
25.32;-0.5;-0.5;3.536694;1;45;1;;;;;
25.34;-0.5;-0.5;4.960244;1;45;1;;;;;
25.36;-0.5;-0.5;2.952309;1;45;1;;;;;
25.38;-0.5;-0.5;5.967805;1;45;1;;;;;
25.4;-0.5;-0.5;5.709223;1;45;1;;;;;
25.42;-0.5;-0.5;3.080425;1;45;1;;;;;
25.44;-0.5;-0.5;4.955085;1;45;1;;;;;
25.46;-0.5;-0.5;5.449087;1;45;1;;;;;
25.48;-0.5;-0.5;2.653868;1;45;1;;;;;
25.5;-0.5;-0.5;5.450174;1;45;1;;;;;
25.52;-0.5;-0.5;2.069611;1;45;1;;;;;
25.54;-0.5;-0.5;3.995755;1;45;1;;;;;
25.56;-0.5;-0.5;2.21349;1;45;1;;;;;
25.58;-0.5;-0.5;5.793809;1;45;1;;;;;
25.6;-0.5;-0.5;5.083529;1;45;1;;;;;
25.62;-0.5;-0.5;4.555328;1;45;1;;;;;
25.64;-0.5;-0.5;3.124239;1;45;1;;;;;
25.66;-0.5;-0.5;5.808509;1;45;1;;;;;
25.68;-0.5;-0.5;4.247184;1;45;1;;;;;
25.7;-0.5;-0.5;4.662049;1;45;1;;;;;
25.72;-0.5;-0.5;4.019189;1;45;1;;;;;
25.74;-0.5;-0.5;4.166894;1;45;1;;;;;
25.76;-0.5;-0.5;2.437605;1;45;1;;;;;
25.78;-0.5;-0.5;2.394516;1;45;1;;;;;
25.8;-0.5;-0.5;3.16133;1;45;1;;;;;
25.82;-0.5;-0.5;5.25293;1;45;1;;;;;
25.84;-0.5;-0.5;5.912056;1;45;1;;;;;
25.86;-0.5;-0.5;2.821445;1;45;1;;;;;
25.88;-0.5;-0.5;3.388332;1;45;1;;;;;
25.9;-0.5;-0.5;4.22822;1;45;1;;;;;
25.92;-0.5;-0.5;3.814036;1;45;1;;;;;
25.94;-0.5;-0.5;5.738897;1;45;1;;;;;
25.96;-0.5;-0.5;2.602908;1;45;1;;;;;
25.98;-0.5;-0.5;3.381329;1;45;1;;;;;
26;-0.5;-0.5;4.429099;1;45;1;;;;;
26.02;-0.5;-0.5;5.195279;1;45;1;;;;;
26.04;-0.5;-0.5;4.340259;1;45;1;;;;;
26.06;-0.5;-0.5;2.949482;1;45;1;;;;;
26.08;-0.5;-0.5;4.434096;1;45;1;;;;;
26.1;-0.5;-0.5;2.408955;1;45;1;;;;;
26.12;-0.5;-0.5;3.085415;1;45;1;;;;;
26.14;-0.5;-0.5;3.420734;1;45;1;;;;;
26.16;-0.5;-0.5;3.277507;1;45;1;;;;;
26.18;-0.5;-0.5;4.988731;1;45;1;;;;;
26.2;-0.5;-0.5;4.928254;1;45;1;;;;;
26.22;-0.5;-0.5;2.250101;1;45;1;;;;;
26.24;-0.5;-0.5;5.505447;1;45;1;;;;;
26.26;-0.5;-0.5;2.979987;1;45;1;;;;;
26.28;-0.5;-0.5;3.763944;1;45;1;;;;;
26.3;-0.5;-0.5;4.731255;1;45;1;;;;;
26.32;-0.5;-0.5;4.386147;1;45;1;;;;;
26.34;-0.5;-0.5;5.091713;1;45;1;;;;;
26.36;-0.5;-0.5;5.792584;1;45;1;;;;;
26.38;-0.5;-0.5;2.952618;1;45;1;;;;;
26.4;-0.5;-0.5;2.933386;1;45;1;;;;;
26.42;-0.5;-0.5;2.293389;1;45;1;;;;;
26.44;-0.5;-0.5;4.276775;1;45;1;;;;;
26.46;-0.5;-0.5;3.381662;1;45;1;;;;;
26.48;-0.5;-0.5;4.762081;1;45;1;;;;;
26.5;-0.5;-0.5;3.77461;1;45;1;;;;;
26.52;-0.5;-0.5;5.282988;1;45;1;;;;;
26.54;-0.5;-0.5;5.272884;1;45;1;;;;;
26.56;-0.5;-0.5;5.949636;1;45;1;;;;;
26.58;-0.5;-0.5;4.639859;1;45;1;;;;;
26.6;-0.5;-0.5;5.293176;1;45;1;;;;;
26.62;-0.5;-0.5;2.241364;1;45;1;;;;;
26.64;-0.5;-0.5;3.131047;1;45;1;;;;;
26.66;-0.5;-0.5;2.803144;1;45;1;;;;;
26.68;-0.5;-0.5;2.458355;1;45;1;;;;;
26.7;-0.5;-0.5;4.842261;1;45;1;;;;;
26.72;-0.5;-0.5;2.791566;1;45;1;;;;;
26.74;-0.5;-0.5;2.057715;1;45;1;;;;;
26.76;-0.5;-0.5;4.662025;1;45;1;;;;;
26.78;-0.5;-0.5;3.345815;1;45;1;;;;;
26.8;-0.5;-0.5;2.488223;1;45;1;;;;;
26.82;-0.5;-0.5;4.984524;1;45;1;;;;;
26.84;-0.5;-0.5;2.976583;1;45;1;;;;;
26.86;-0.5;-0.5;5.714828;1;45;1;;;;;
26.88;-0.5;-0.5;4.90414;1;45;1;;;;;
26.9;-0.5;-0.5;2.97232;1;45;1;;;;;
26.92;-0.5;-0.5;4.735147;1;45;1;;;;;
26.94;-0.5;-0.5;3.044423;1;45;1;;;;;
26.96;-0.5;-0.5;5.604282;1;45;1;;;;;
26.98;-0.5;-0.5;3.974368;1;45;1;;;;;
27;-0.5;-0.5;4.727641;1;45;1;;;;;
27.02;-0.5;-0.5;5.104742;1;45;1;;;;;
27.04;-0.5;-0.5;4.449973;1;45;1;;;;;
27.06;-0.5;-0.5;2.461982;1;45;1;;;;;
27.08;-0.5;-0.5;5.320682;1;45;1;;;;;
27.1;-0.5;-0.5;3.857752;1;45;1;;;;;
27.12;-0.5;-0.5;2.7047;1;45;1;;;;;
27.14;-0.5;-0.5;2.949267;1;45;1;;;;;
27.16;-0.5;-0.5;2.597382;1;45;1;;;;;
27.18;-0.5;-0.5;2.068177;1;45;1;;;;;
27.2;-0.5;-0.5;2.648318;1;45;1;;;;;
27.22;-0.5;-0.5;5.230276;1;45;1;;;;;
27.24;-0.5;-0.5;4.809886;1;45;1;;;;;
27.26;-0.5;-0.5;3.759996;1;45;1;;;;;
27.28;-0.5;-0.5;5.661296;1;45;1;;;;;
27.3;-0.5;-0.5;4.423375;1;45;1;;;;;
27.32;-0.5;-0.5;2.679287;1;45;1;;;;;
27.34;-0.5;-0.5;2.338658;1;45;1;;;;;
27.36;-0.5;-0.5;5.149171;1;45;1;;;;;
27.38;-0.5;-0.5;3.133337;1;45;1;;;;;
27.4;-0.5;-0.5;5.63096;1;45;1;;;;;
27.42;-0.5;-0.5;4.902896;1;45;1;;;;;
27.44;-0.5;-0.5;2.745514;1;45;1;;;;;
27.46;-0.5;-0.5;4.105123;1;45;1;;;;;
27.48;-0.5;-0.5;3.19168;1;45;1;;;;;
27.5;-0.5;-0.5;5.658042;1;45;1;;;;;
27.52;-0.5;-0.5;4.084121;1;45;1;;;;;
27.54;-0.5;-0.5;4.699706;1;45;1;;;;;
27.56;-0.5;-0.5;4.590969;1;45;1;;;;;
27.58;-0.5;-0.5;3.691646;1;45;1;;;;;
27.6;-0.5;-0.5;4.822516;1;45;1;;;;;
27.62;-0.5;-0.5;5.723065;1;45;1;;;;;
27.64;-0.5;-0.5;2.798974;1;45;1;;;;;
27.66;-0.5;-0.5;5.934893;1;45;1;;;;;
27.68;-0.5;-0.5;3.385846;1;45;1;;;;;
27.7;-0.5;-0.5;2.485774;1;45;1;;;;;
27.72;-0.5;-0.5;4.500257;1;45;1;;;;;
27.74;-0.5;-0.5;5.87338;1;45;1;;;;;
27.76;-0.5;-0.5;2.027469;1;45;1;;;;;
27.78;-0.5;-0.5;5.363645;1;45;1;;;;;
27.8;-0.5;-0.5;4.308239;1;45;1;;;;;
27.82;-0.5;-0.5;5.481031;1;45;1;;;;;
27.84;-0.5;-0.5;3.963048;1;45;1;;;;;
27.86;-0.5;-0.5;4.886065;1;45;1;;;;;
27.88;-0.5;-0.5;2.479969;1;45;1;;;;;
27.9;-0.5;-0.5;2.833933;1;45;1;;;;;
27.92;-0.5;-0.5;5.267677;1;45;1;;;;;
27.94;-0.5;-0.5;2.003498;1;45;1;;;;;
27.96;-0.5;-0.5;3.727884;1;45;1;;;;;
27.98;-0.5;-0.5;4.253948;1;45;1;;;;;
28;-0.5;-0.5;2.642489;1;45;1;;;;;
28.02;-0.5;-0.5;3.096704;1;45;1;;;;;
28.04;-0.5;-0.5;5.439145;1;45;1;;;;;
28.06;-0.5;-0.5;4.137575;1;45;1;;;;;
28.08;-0.5;-0.5;3.846009;1;45;1;;;;;
28.1;-0.5;-0.5;4.345992;1;45;1;;;;;
28.12;-0.5;-0.5;3.870851;1;45;1;;;;;
28.14;-0.5;-0.5;4.921162;1;45;1;;;;;
28.16;-0.5;-0.5;4.671368;1;45;1;;;;;
28.18;-0.5;-0.5;4.831801;1;45;1;;;;;
28.2;-0.5;-0.5;5.713229;1;45;1;;;;;
28.22;-0.5;-0.5;3.334563;1;45;1;;;;;
28.24;-0.5;-0.5;5.966761;1;45;1;;;;;
28.26;-0.5;-0.5;4.480975;1;45;1;;;;;
28.28;-0.5;-0.5;4.162779;1;45;1;;;;;
28.3;-0.5;-0.5;5.407081;1;45;1;;;;;
28.32;-0.5;-0.5;2.467295;1;45;1;;;;;
28.34;-0.5;-0.5;4.213574;1;45;1;;;;;
28.36;-0.5;-0.5;4.987756;1;45;1;;;;;
28.38;-0.5;-0.5;4.862062;1;45;1;;;;;
28.4;-0.5;-0.5;5.004309;1;45;1;;;;;
28.42;-0.5;-0.5;3.135406;1;45;1;;;;;
28.44;-0.5;-0.5;3.35622;1;45;1;;;;;
28.46;-0.5;-0.5;3.144086;1;45;1;;;;;
28.48;-0.5;-0.5;5.639057;1;45;1;;;;;
28.5;-0.5;-0.5;4.588964;1;45;1;;;;;
28.52;-0.5;-0.5;5.197038;1;45;1;;;;;
28.54;-0.5;-0.5;2.433689;1;45;1;;;;;
28.56;-0.5;-0.5;4.864816;1;45;1;;;;;
28.58;-0.5;-0.5;5.840151;1;45;1;;;;;
28.6;-0.5;-0.5;5.554265;1;45;1;;;;;
28.62;-0.5;-0.5;5.663785;1;45;1;;;;;
28.64;-0.5;-0.5;4.618666;1;45;1;;;;;
28.66;-0.5;-0.5;5.162313;1;45;1;;;;;
28.68;-0.5;-0.5;5.30029;1;45;1;;;;;
28.7;-0.5;-0.5;5.68584;1;45;1;;;;;
28.72;-0.5;-0.5;3.229531;1;45;1;;;;;
28.74;-0.5;-0.5;2.104124;1;45;1;;;;;
28.76;-0.5;-0.5;2.037751;1;45;1;;;;;
28.78;-0.5;-0.5;5.830885;1;45;1;;;;;
28.8;-0.5;-0.5;4.592782;1;45;1;;;;;
28.82;-0.5;-0.5;2.445428;1;45;1;;;;;
28.84;-0.5;-0.5;5.319061;1;45;1;;;;;
28.86;-0.5;-0.5;4.851417;1;45;1;;;;;
28.88;-0.5;-0.5;2.576218;1;45;1;;;;;
28.9;-0.5;-0.5;2.068405;1;45;1;;;;;
28.92;-0.5;-0.5;5.622224;1;45;1;;;;;
28.94;-0.5;-0.5;2.493844;1;45;1;;;;;
28.96;-0.5;-0.5;5.127749;1;45;1;;;;;
28.98;-0.5;-0.5;5.469841;1;45;1;;;;;
29;-0.5;-0.5;3.102458;1;45;1;;;;;
29.02;-0.5;-0.5;4.866179;1;45;1;;;;;
29.04;-0.5;-0.5;2.561262;1;45;1;;;;;
29.06;-0.5;-0.5;2.634717;1;45;1;;;;;
29.08;-0.5;-0.5;5.06386;1;45;1;;;;;
29.1;-0.5;-0.5;5.623566;1;45;1;;;;;
29.12;-0.5;-0.5;4.013659;1;45;1;;;;;
29.14;-0.5;-0.5;3.054571;1;45;1;;;;;
29.16;-0.5;-0.5;2.205592;1;45;1;;;;;
29.18;-0.5;-0.5;5.199043;1;45;1;;;;;
29.2;-0.5;-0.5;3.479893;1;45;1;;;;;
29.22;-0.5;-0.5;4.753682;1;45;1;;;;;
29.24;-0.5;-0.5;3.154751;1;45;1;;;;;
29.26;-0.5;-0.5;5.682289;1;45;1;;;;;
29.28;-0.5;-0.5;2.400046;1;45;1;;;;;
29.3;-0.5;-0.5;5.628119;1;45;1;;;;;
29.32;-0.5;-0.5;3.436924;1;45;1;;;;;
29.34;-0.5;-0.5;4.021727;1;45;1;;;;;
29.36;-0.5;-0.5;2.579273;1;45;1;;;;;
29.38;-0.5;-0.5;3.185893;1;45;1;;;;;
29.4;-0.5;-0.5;3.296171;1;45;1;;;;;
29.42;-0.5;-0.5;4.356219;1;45;1;;;;;
29.44;-0.5;-0.5;5.701026;1;45;1;;;;;
29.46;-0.5;-0.5;2.040614;1;45;1;;;;;
29.48;-0.5;-0.5;4.596633;1;45;1;;;;;
29.5;-0.5;-0.5;3.280797;1;45;1;;;;;
29.52;-0.5;-0.5;2.523552;1;45;1;;;;;
29.54;-0.5;-0.5;2.26944;1;45;1;;;;;
;;;;;;;;;;;
