time;pos_x_right;pos_y_right;dil_right;pos_x_left;pos_y_left;dil_left;brightness;state;fov;trial;;
0;0;0;3.279222;1;Adaptation;15;1;;;;;
0.02;0;0;4.362127;1;Adaptation;15;1;;;;;
0.04;-0.5;-0.5;5.787986;1;Adaptation;15;1;;;;;
0.06;-0.5;-0.5;5.286065;1;Adaptation;15;1;;;;;
0.08;-0.5;-0.5;5.465459;1;Adaptation;15;1;;;;;
0.09999999;-0.5;-0.5;4.791403;1;Adaptation;15;1;;;;;
0.12;-0.5;-0.5;3.764838;1;Adaptation;15;1;;;;;
0.14;-0.5;-0.5;4.929893;1;Adaptation;15;1;;;;;
0.16;-0.5;-0.5;2.166778;1;Adaptation;15;1;;;;;
0.18;-0.5;-0.5;5.518775;1;Adaptation;15;1;;;;;
0.2;-0.5;-0.5;4.336648;1;Adaptation;15;1;;;;;
0.22;-0.5;-0.5;2.17879;1;Adaptation;15;1;;;;;
0.24;-0.5;-0.5;5.451099;1;Adaptation;15;1;;;;;
0.26;-0.5;-0.5;2.365666;1;Adaptation;15;1;;;;;
0.28;-0.5;-0.5;5.121419;1;Adaptation;15;1;;;;;
0.3;-0.5;-0.5;5.090449;1;Adaptation;15;1;;;;;
0.32;-0.5;-0.5;2.765875;1;Adaptation;15;1;;;;;
0.34;-0.5;-0.5;5.092311;1;Adaptation;15;1;;;;;
0.36;-0.5;-0.5;5.163084;1;Adaptation;15;1;;;;;
0.38;-0.5;-0.5;5.483703;1;Adaptation;15;1;;;;;
0.4;-0.5;-0.5;4.009592;1;Adaptation;15;1;;;;;
0.42;0;0;4.536407;1;Adaptation;15;1;;;;;
0.44;0;0;5.104452;1;Adaptation;15;1;;;;;
0.46;-0.5;-0.5;3.656281;1;Adaptation;15;1;;;;;
0.48;-0.5;-0.5;2.12941;1;Adaptation;15;1;;;;;
0.5;-0.5;-0.5;2.791652;1;Adaptation;15;1;;;;;
0.52;-0.5;-0.5;3.850066;1;Adaptation;15;1;;;;;
0.54;-0.5;-0.5;2.454658;1;Adaptation;15;1;;;;;
0.56;-0.5;-0.5;2.385474;1;Adaptation;15;1;;;;;
0.58;-0.5;-0.5;2.500564;1;Adaptation;15;1;;;;;
0.6;-0.5;-0.5;5.187077;1;Adaptation;15;1;;;;;
0.62;0;-0.125;5.295725;1;Adaptation;15;1;;;;;
0.64;2;0.25;2.442548;1;Adaptation;15;1;;;;;
0.66;-0.5;-0.5;2.951888;1;Adaptation;15;1;;;;;
0.68;-0.5;-0.5;5.773091;1;Adaptation;15;1;;;;;
0.7;-2;0.125;5.13058;1;Adaptation;15;1;;;;;
0.72;-0.5;-0.5;4.528592;1;Adaptation;15;1;;;;;
0.74;0;-0.125;4.060193;1;Adaptation;15;1;;;;;
0.76;-0.5;-0.5;5.241119;1;Adaptation;15;1;;;;;
0.78;-0.5;-0.5;4.177547;1;Adaptation;15;1;;;;;
0.8;-0.5;-0.5;4.100963;1;Adaptation;15;1;;;;;
0.82;-0.5;-0.5;4.094729;1;Adaptation;15;1;;;;;
0.84;-0.5;-0.5;5.171417;1;Adaptation;15;1;;;;;
0.86;-0.5;-0.5;4.82905;1;Adaptation;15;1;;;;;
0.88;-0.5;-0.5;5.223504;1;Adaptation;15;1;;;;;
0.9;-0.5;-0.5;3.217779;1;Adaptation;15;1;;;;;
0.92;-0.5;-0.5;5.805425;1;Adaptation;15;1;;;;;
0.94;0;0;4.071157;1;Adaptation;15;1;;;;;
0.96;-0.5;-0.5;4.709213;1;Adaptation;15;1;;;;;
0.98;0;0.125;3.668347;1;Adaptation;15;1;;;;;
1;-0.5;-0.5;4.794376;1;Adaptation;15;1;;;;;
1.02;-0.5;-0.5;4.708468;1;Adaptation;15;1;;;;;
1.04;0;0;4.417442;1;Adaptation;15;1;;;;;
1.06;-0.5;-0.5;2.902377;1;Adaptation;15;1;;;;;
1.08;-0.5;-0.5;3.138692;1;Adaptation;15;1;;;;;
1.1;-0.5;-0.5;3.398231;1;Adaptation;15;1;;;;;
1.12;-0.5;-0.5;2.1753;1;Adaptation;15;1;;;;;
1.14;-0.5;-0.5;2.257429;1;Adaptation;15;1;;;;;
1.16;-0.5;-0.5;5.857891;1;Adaptation;15;1;;;;;
1.18;-0.5;-0.5;2.620919;1;Adaptation;15;1;;;;;
1.2;-0.5;-0.5;5.19742;1;Adaptation;15;1;;;;;
1.22;0;0.25;4.090447;1;Adaptation;15;1;;;;;
1.24;-0.5;-0.5;3.680246;1;Adaptation;15;1;;;;;
1.26;-0.5;-0.5;2.798153;1;Adaptation;15;1;;;;;
1.28;-0.5;-0.5;5.056771;1;Adaptation;15;1;;;;;
1.3;0;0.125;2.25279;1;Adaptation;15;1;;;;;
1.32;-0.5;-0.5;4.830519;1;Adaptation;15;1;;;;;
1.34;-0.5;-0.5;3.808939;1;Adaptation;15;1;;;;;
1.36;-0.5;-0.5;4.486707;1;Adaptation;15;1;;;;;
1.38;2;0.125;3.967261;1;Adaptation;15;1;;;;;
1.4;-0.5;-0.5;5.498303;1;Adaptation;15;1;;;;;
1.42;2;0;3.112894;1;Adaptation;15;1;;;;;
1.44;-0.5;-0.5;3.392568;1;Adaptation;15;1;;;;;
1.46;-0.5;-0.5;4.745249;1;Adaptation;15;1;;;;;
1.48;-0.5;-0.5;5.834793;1;Adaptation;15;1;;;;;
1.5;-0.5;-0.5;2.735795;1;Adaptation;15;1;;;;;
1.52;-0.5;-0.5;4.549375;1;Adaptation;15;1;;;;;
1.54;-0.5;-0.5;2.974736;1;Adaptation;15;1;;;;;
1.56;-0.5;-0.5;2.284151;1;Adaptation;15;1;;;;;
1.58;-0.5;-0.5;3.013239;1;Adaptation;15;1;;;;;
1.6;2;-0.25;4.197015;1;Adaptation;15;1;;;;;
1.62;-0.5;-0.5;5.241971;1;Adaptation;15;1;;;;;
1.64;0;-0.25;4.645403;1;Adaptation;15;1;;;;;
1.66;-0.5;-0.5;5.383253;1;Adaptation;15;1;;;;;
1.68;2;0;3.249656;1;Adaptation;15;1;;;;;
1.7;-0.5;-0.5;4.518921;1;Adaptation;15;1;;;;;
1.72;-0.5;-0.5;4.665933;1;Adaptation;15;1;;;;;
1.74;-0.5;-0.5;4.217362;1;Adaptation;15;1;;;;;
1.76;-0.5;-0.5;3.208406;1;Adaptation;15;1;;;;;
1.78;-0.5;-0.5;5.455207;1;Adaptation;15;1;;;;;
1.8;-0.5;-0.5;5.699117;1;Adaptation;15;1;;;;;
1.82;2;0;5.569346;1;Adaptation;15;1;;;;;
1.84;-0.5;-0.5;5.76602;1;Adaptation;15;1;;;;;
1.86;2;-0.125;2.018412;1;Adaptation;15;1;;;;;
1.88;0;0.125;4.069953;1;Adaptation;15;1;;;;;
1.9;-0.5;-0.5;4.29378;1;Adaptation;15;1;;;;;
1.92;-0.5;-0.5;2.269137;1;Adaptation;15;1;;;;;
1.94;-0.5;-0.5;2.267476;1;Adaptation;15;1;;;;;
1.96;-0.5;-0.5;2.695736;1;Adaptation;15;1;;;;;
1.98;-0.5;-0.5;5.6691;1;Adaptation;15;1;;;;;
2;-0.5;-0.5;4.801035;1;Adaptation;15;1;;;;;
2.02;-0.5;-0.5;2.160314;1;Adaptation;15;1;;;;;
2.04;-0.5;-0.5;5.400222;1;Adaptation;15;1;;;;;
2.06;-0.5;-0.5;5.153595;1;Adaptation;15;1;;;;;
2.08;-0.5;-0.5;4.171033;1;Adaptation;15;1;;;;;
2.1;4;-0.25;3.749481;1;Adaptation;15;1;;;;;
2.12;-0.5;-0.5;2.91714;1;Adaptation;15;1;;;;;
2.14;-0.5;-0.5;2.58287;1;Adaptation;15;1;;;;;
2.16;-0.5;-0.5;5.428598;1;Adaptation;15;1;;;;;
2.18;-0.5;-0.5;2.29445;1;Adaptation;15;1;;;;;
2.2;0;-0.125;2.277974;1;Adaptation;15;1;;;;;
2.22;-0.5;-0.5;2.569054;1;Adaptation;15;1;;;;;
2.24;0;0.125;3.178842;1;Adaptation;15;1;;;;;
2.26;-0.5;-0.5;3.239768;1;Adaptation;15;1;;;;;
2.28;-0.5;-0.5;2.572966;1;Adaptation;15;1;;;;;
2.3;-0.5;-0.5;4.50249;1;Adaptation;15;1;;;;;
2.32;-0.5;-0.5;4.02652;1;Adaptation;15;1;;;;;
2.34;-0.5;-0.5;5.495553;1;Adaptation;15;1;;;;;
2.36;-0.5;-0.5;3.419491;1;Adaptation;15;1;;;;;
2.38;-0.5;-0.5;3.92124;1;Adaptation;15;1;;;;;
2.4;-0.5;-0.5;2.353318;1;Adaptation;15;1;;;;;
2.42;2;0.125;4.637429;1;Adaptation;15;1;;;;;
2.44;-0.5;-0.5;4.663904;1;Adaptation;15;1;;;;;
2.46;-0.5;-0.5;4.903021;1;Adaptation;15;1;;;;;
2.48;-0.5;-0.5;5.701264;1;Adaptation;15;1;;;;;
2.5;-2;0;2.250681;1;Adaptation;15;1;;;;;
2.52;-0.5;-0.5;2.778495;1;Adaptation;15;1;;;;;
2.54;-0.5;-0.5;2.726777;1;Adaptation;15;1;;;;;
2.56;-0.5;-0.5;3.700334;1;Adaptation;15;1;;;;;
2.58;-0.5;-0.5;5.331564;1;Adaptation;15;1;;;;;
2.6;-0.5;-0.5;3.929439;1;Adaptation;15;1;;;;;
2.62;-0.5;-0.5;4.213547;1;Adaptation;15;1;;;;;
2.64;-0.5;-0.5;3.60814;1;Adaptation;15;1;;;;;
2.66;-0.5;-0.5;5.547354;1;Adaptation;15;1;;;;;
2.68;-2;-0.125;4.225761;1;Adaptation;15;1;;;;;
2.7;-0.5;-0.5;5.69522;1;Adaptation;15;1;;;;;
2.72;-0.5;-0.5;5.027634;1;Adaptation;15;1;;;;;
2.74;-0.5;-0.5;3.997443;1;Adaptation;15;1;;;;;
2.76;-0.5;-0.5;4.896202;1;Adaptation;15;1;;;;;
2.78;-0.5;-0.5;3.730375;1;Adaptation;15;1;;;;;
2.8;-0.5;-0.5;4.977856;1;Adaptation;15;1;;;;;
2.82;-0.5;-0.5;4.915577;1;Adaptation;15;1;;;;;
2.84;-0.5;-0.5;2.882187;1;Adaptation;15;1;;;;;
2.86;-2;-0.125;4.558395;1;Adaptation;15;1;;;;;
2.88;0;0.125;4.14586;1;Adaptation;15;1;;;;;
2.9;-0.5;-0.5;3.882913;1;Adaptation;15;1;;;;;
2.92;-0.5;-0.5;3.560591;1;Adaptation;15;1;;;;;
2.94;2;0.125;5.228546;1;Adaptation;15;1;;;;;
2.96;2;-0.125;5.007062;1;Adaptation;15;1;;;;;
2.98;-2;-0.25;5.424693;1;Adaptation;15;1;;;;;
3;-0.5;-0.5;4.86959;1;Adaptation;15;1;;;;;
3.02;-0.5;-0.5;5.414559;1;Adaptation;15;1;;;;;
3.04;-2;0;2.636988;1;Adaptation;15;1;;;;;
3.06;-0.5;-0.5;4.42174;1;Adaptation;15;1;;;;;
3.08;-0.5;-0.5;5.669255;1;Adaptation;15;1;;;;;
3.1;-0.5;-0.5;2.16718;1;Adaptation;15;1;;;;;
3.12;0;0;4.567617;1;Adaptation;15;1;;;;;
3.14;-0.5;-0.5;5.298198;1;Adaptation;15;1;;;;;
3.16;-0.5;-0.5;3.677655;1;Adaptation;15;1;;;;;
3.18;-0.5;-0.5;5.56278;1;Adaptation;15;1;;;;;
3.2;-0.5;-0.5;2.251652;1;Adaptation;15;1;;;;;
3.22;0;0;5.762388;1;Adaptation;15;1;;;;;
3.24;-0.5;-0.5;3.263445;1;Adaptation;15;1;;;;;
3.26;-0.5;-0.5;4.347597;1;Adaptation;15;1;;;;;
3.28;-0.5;-0.5;5.999761;1;Adaptation;15;1;;;;;
3.3;-0.5;-0.5;2.190551;1;Adaptation;15;1;;;;;
3.32;-0.5;-0.5;2.903673;1;Adaptation;15;1;;;;;
3.34;2;0.125;5.440746;1;Adaptation;15;1;;;;;
3.36;-0.5;-0.5;2.769955;1;Adaptation;15;1;;;;;
3.38;-0.5;-0.5;2.123324;1;Adaptation;15;1;;;;;
3.4;-0.5;-0.5;4.113344;1;Adaptation;15;1;;;;;
3.42;0;-0.125;4.154268;1;Adaptation;15;1;;;;;
3.44;-0.5;-0.5;2.0634;1;Adaptation;15;1;;;;;
3.46;-0.5;-0.5;3.377375;1;Adaptation;15;1;;;;;
3.48;-0.5;-0.5;3.343472;1;Adaptation;15;1;;;;;
3.5;-0.5;-0.5;4.790449;1;Adaptation;15;1;;;;;
3.52;-0.5;-0.5;4.311382;1;Adaptation;15;1;;;;;
3.54;-0.5;-0.5;5.980095;1;Adaptation;15;1;;;;;
3.56;-2;0;3.950253;1;Adaptation;15;1;;;;;
3.58;2;0;2.349076;1;Adaptation;15;1;;;;;
3.6;-0.5;-0.5;4.873414;1;Adaptation;15;1;;;;;
3.62;-0.5;-0.5;4.628887;1;Adaptation;15;1;;;;;
3.64;-0.5;-0.5;4.043388;1;Adaptation;15;1;;;;;
3.66;0;0.125;4.405812;1;Adaptation;15;1;;;;;
3.68;0;0.125;3.978338;1;Adaptation;15;1;;;;;
3.7;-0.5;-0.5;3.708226;1;Adaptation;15;1;;;;;
3.72;-0.5;-0.5;2.440454;1;Adaptation;15;1;;;;;
3.74;-0.5;-0.5;2.485852;1;Adaptation;15;1;;;;;
3.76;-0.5;-0.5;5.326339;1;Adaptation;15;1;;;;;
3.78;-0.5;-0.5;4.461164;1;Adaptation;15;1;;;;;
3.8;-0.5;-0.5;3.206643;1;Adaptation;15;1;;;;;
3.82;-0.5;-0.5;3.132946;1;Adaptation;15;1;;;;;
3.84;0;0.125;5.357193;1;Adaptation;15;1;;;;;
3.86;-0.5;-0.5;3.975111;1;Adaptation;15;1;;;;;
3.88;-0.5;-0.5;4.031118;1;Adaptation;15;1;;;;;
3.9;-0.5;-0.5;2.967619;1;Adaptation;15;1;;;;;
3.92;-2;-0.125;3.003782;1;Adaptation;15;1;;;;;
3.94;-0.5;-0.5;3.335349;1;Adaptation;15;1;;;;;
3.96;-0.5;-0.5;4.865211;1;Adaptation;15;1;;;;;
3.98;-0.5;-0.5;3.591708;1;Adaptation;15;1;;;;;
4;-0.5;-0.5;3.69667;1;Adaptation;15;1;;;;;
4.02;-0.5;-0.5;4.645536;1;Adaptation;15;1;;;;;
4.04;-0.5;-0.5;5.556288;1;Adaptation;15;1;;;;;
4.06;-0.5;-0.5;5.656429;1;Adaptation;15;1;;;;;
4.08;-0.5;-0.5;3.7113;1;Adaptation;15;1;;;;;
4.1;2;0.125;4.591703;1;Adaptation;15;1;;;;;
4.12;-0.5;-0.5;4.895894;1;Adaptation;15;1;;;;;
4.14;-0.5;-0.5;3.934606;1;Adaptation;15;1;;;;;
4.16;-0.5;-0.5;3.78366;1;Adaptation;15;1;;;;;
4.18;-0.5;-0.5;5.236327;1;Adaptation;15;1;;;;;
4.2;0;0.125;4.836295;1;Adaptation;15;1;;;;;
4.22;-0.5;-0.5;2.615317;1;Adaptation;15;1;;;;;
4.24;-0.5;-0.5;2.326413;1;Adaptation;15;1;;;;;
4.26;0;-0.125;4.138955;1;Adaptation;15;1;;;;;
4.28;-0.5;-0.5;4.32199;1;Adaptation;15;1;;;;;
4.3;-0.5;-0.5;4.750472;1;Adaptation;15;1;;;;;
4.32;-0.5;-0.5;5.333715;1;Adaptation;15;1;;;;;
4.34;-0.5;-0.5;5.340467;1;Adaptation;15;1;;;;;
4.36;-0.5;-0.5;3.825978;1;Adaptation;15;1;;;;;
4.38;-0.5;-0.5;3.11404;1;Adaptation;15;1;;;;;
4.4;0;0;2.526749;1;Adaptation;15;1;;;;;
4.42;-2;-0.125;2.126873;1;Adaptation;15;1;;;;;
4.44;-0.5;-0.5;4.574882;1;Adaptation;15;1;;;;;
4.46;-0.5;-0.5;3.842754;1;Adaptation;15;1;;;;;
4.48;-0.5;-0.5;5.320716;1;Adaptation;15;1;;;;;
4.5;-0.5;-0.5;5.342797;1;Adaptation;15;1;;;;;
4.52;0;0;4.95715;1;Adaptation;15;1;;;;;
4.54;-0.5;-0.5;2.392467;1;Adaptation;15;1;;;;;
4.56;-0.5;-0.5;3.541034;1;Adaptation;15;1;;;;;
4.58;-0.5;-0.5;5.212874;1;Adaptation;15;1;;;;;
4.6;-0.5;-0.5;4.276746;1;Adaptation;15;1;;;;;
4.62;-0.5;-0.5;5.811076;1;Adaptation;15;1;;;;;
4.64;-2;-0.125;4.997136;1;Adaptation;15;1;;;;;
4.66;-0.5;-0.5;4.6822;1;Adaptation;15;1;;;;;
4.68;-0.5;-0.5;5.436332;1;Adaptation;15;1;;;;;
4.7;-0.5;-0.5;5.800551;1;Adaptation;15;1;;;;;
4.72;-0.5;-0.5;5.081485;1;Adaptation;15;1;;;;;
4.74;-0.5;-0.5;2.127429;1;Adaptation;15;1;;;;;
4.76;-0.5;-0.5;3.659353;1;Adaptation;15;1;;;;;
4.78;-0.5;-0.5;4.713291;1;Adaptation;15;1;;;;;
4.8;-0.5;-0.5;3.746038;1;Adaptation;15;1;;;;;
4.82;-0.5;-0.5;2.470925;1;Adaptation;15;1;;;;;
4.84;0;-0.25;5.759037;1;Adaptation;15;1;;;;;
4.86;-0.5;-0.5;2.233762;1;Adaptation;15;1;;;;;
4.88;-0.5;-0.5;4.651491;1;Adaptation;15;1;;;;;
4.9;-0.5;-0.5;2.39176;1;Adaptation;15;1;;;;;
4.92;0;-0.125;3.886628;1;Adaptation;15;1;;;;;
4.94;-0.5;-0.5;2.074838;1;Adaptation;15;1;;;;;
4.96;-0.5;-0.5;3.035315;1;Adaptation;15;1;;;;;
4.98;-0.5;-0.5;3.13617;1;Adaptation;15;1;;;;;
5;-0.5;-0.5;2.384043;1;Adaptation;15;1;;;;;
5.02;-0.5;-0.5;4.097983;1;Adaptation;15;1;;;;;
5.04;-0.5;-0.5;4.135737;1;Adaptation;15;1;;;;;
5.06;-0.5;-0.5;5.438467;1;Adaptation;15;1;;;;;
5.08;-0.5;-0.5;4.745492;1;Adaptation;15;1;;;;;
5.1;0;0;4.28881;1;Adaptation;15;1;;;;;
5.12;-0.5;-0.5;2.846498;1;Adaptation;15;1;;;;;
5.14;-0.5;-0.5;2.232363;1;Adaptation;15;1;;;;;
5.16;-0.5;-0.5;4.881046;1;Adaptation;15;1;;;;;
5.18;-2;-0.125;4.298838;1;Adaptation;15;1;;;;;
5.2;2;0.125;2.61869;1;Adaptation;15;1;;;;;
5.22;-0.5;-0.5;3.635414;1;Adaptation;15;1;;;;;
5.24;-0.5;-0.5;2.45372;1;Adaptation;15;1;;;;;
5.26;0;0.125;5.460951;1;Adaptation;15;1;;;;;
5.28;-0.5;-0.5;5.348339;1;Adaptation;15;1;;;;;
5.3;0;0.125;4.054074;1;Adaptation;15;1;;;;;
5.32;-0.5;-0.5;2.187074;1;Adaptation;15;1;;;;;
5.34;-2;0.125;3.095585;1;Adaptation;15;1;;;;;
5.36;-0.5;-0.5;3.615163;1;Adaptation;15;1;;;;;
5.38;-0.5;-0.5;3.659924;1;Adaptation;15;1;;;;;
5.4;-0.5;-0.5;4.175067;1;Adaptation;15;1;;;;;
5.42;-0.5;-0.5;5.260182;1;Adaptation;15;1;;;;;
5.44;-0.5;-0.5;3.011878;1;Adaptation;15;1;;;;;
5.46;-0.5;-0.5;2.196668;1;Adaptation;15;1;;;;;
5.48;-2;0.125;5.385049;1;Adaptation;15;1;;;;;
5.5;2;0.125;5.416235;1;Adaptation;15;1;;;;;
5.52;-0.5;-0.5;3.655287;1;Adaptation;15;1;;;;;
5.54;-0.5;-0.5;2.124913;1;Adaptation;15;1;;;;;
5.56;-0.5;-0.5;2.671904;1;Adaptation;15;1;;;;;
5.58;-0.5;-0.5;5.586677;1;Adaptation;15;1;;;;;
5.6;-0.5;-0.5;4.93533;1;Adaptation;15;1;;;;;
5.62;-0.5;-0.5;3.29273;1;Adaptation;15;1;;;;;
5.64;-0.5;-0.5;4.081083;1;Adaptation;15;1;;;;;
5.66;-0.5;-0.5;4.693323;1;Adaptation;15;1;;;;;
5.68;-0.5;-0.5;4.687956;1;Adaptation;15;1;;;;;
5.7;2;-0.125;4.775086;1;Adaptation;15;1;;;;;
5.72;2;0.125;3.890445;1;Adaptation;15;1;;;;;
5.74;-0.5;-0.5;4.21973;1;Adaptation;15;1;;;;;
5.76;-0.5;-0.5;5.774802;1;Adaptation;15;1;;;;;
5.78;-2;0;4.557497;1;Adaptation;15;1;;;;;
5.8;-0.5;-0.5;3.388538;1;Adaptation;15;1;;;;;
5.82;-0.5;-0.5;3.187772;1;Adaptation;15;1;;;;;
5.84;-0.5;-0.5;4.199953;1;Adaptation;15;1;;;;;
5.86;-0.5;-0.5;3.026901;1;Adaptation;15;1;;;;;
5.88;-0.5;-0.5;4.138878;1;Adaptation;15;1;;;;;
5.9;-0.5;-0.5;5.694663;1;Adaptation;15;1;;;;;
5.92;-0.5;-0.5;3.23702;1;Adaptation;15;1;;;;;
5.94;0;-0.125;2.057076;1;Adaptation;15;1;;;;;
5.96;2;-0.125;4.615295;1;Adaptation;15;1;;;;;
5.98;-0.5;-0.5;4.373815;1;Adaptation;15;1;;;;;
6;0;0.125;2.626375;1;Adaptation;15;1;;;;;
6.02;-0.5;-0.5;5.380796;1;Adaptation;15;1;;;;;
6.04;2;-0.125;5.123307;1;Adaptation;15;1;;;;;
6.06;-0.5;-0.5;5.059913;1;Adaptation;15;1;;;;;
6.08;-0.5;-0.5;2.533597;1;Adaptation;15;1;;;;;
6.1;-0.5;-0.5;2.460912;1;Adaptation;15;1;;;;;
6.12;-0.5;-0.5;2.865078;1;Adaptation;15;1;;;;;
6.14;-0.5;-0.5;3.404883;1;Adaptation;15;1;;;;;
6.16;-0.5;-0.5;4.428457;1;Adaptation;15;1;;;;;
6.18;-0.5;-0.5;4.927046;1;Adaptation;15;1;;;;;
;;;;;;;;;;;;
