time;pos_x_right;pos_y_right;dil_right;pos_x_left;pos_y_left;dil_left;brightness;state;fov;trial;;
0;-0.5;-0.5;4.427486;1;Adaptation;15;1;;;;;
0.02;-0.5;-0.5;4.940568;1;Adaptation;15;1;;;;;
0.04;-0.5;-0.5;5.855688;1;Adaptation;15;1;;;;;
0.06;-0.5;-0.5;5.262846;1;Adaptation;15;1;;;;;
0.08;-0.5;-0.5;2.100294;1;Adaptation;15;1;;;;;
0.09999999;-0.5;-0.5;5.58005;1;Adaptation;15;1;;;;;
0.12;-0.5;-0.5;3.698892;1;Adaptation;15;1;;;;;
0.14;-0.5;-0.5;5.337625;1;Adaptation;15;1;;;;;
0.16;-0.5;-0.5;4.688101;1;Adaptation;15;1;;;;;
0.18;-0.5;-0.5;5.575563;1;Adaptation;15;1;;;;;
0.2;-0.5;-0.5;2.306769;1;Adaptation;15;1;;;;;
0.22;-0.5;-0.5;5.99048;1;Adaptation;15;1;;;;;
0.24;-0.5;-0.5;4.870741;1;Adaptation;15;1;;;;;
0.26;-0.5;-0.5;5.80482;1;Adaptation;15;1;;;;;
0.28;-0.5;-0.5;3.800319;1;Adaptation;15;1;;;;;
0.3;-0.5;-0.5;4.771064;1;Adaptation;15;1;;;;;
0.32;-0.5;-0.5;5.447543;1;Adaptation;15;1;;;;;
0.34;-0.5;-0.5;2.054499;1;Adaptation;15;1;;;;;
0.36;0;0.1875;3.679721;1;Adaptation;15;1;;;;;
0.38;-0.5;-0.5;3.607518;1;Adaptation;15;1;;;;;
0.4;-0.5;-0.5;2.739865;1;Adaptation;15;1;;;;;
0.42;-0.5;-0.5;3.052824;1;Adaptation;15;1;;;;;
0.44;-0.5;-0.5;5.351535;1;Adaptation;15;1;;;;;
0.46;0;-0.25;5.502555;1;Adaptation;15;1;;;;;
0.48;-0.5;-0.5;5.382797;1;Adaptation;15;1;;;;;
0.5;-2;-0.0625;2.836614;1;Adaptation;15;1;;;;;
0.52;-0.5;-0.5;3.730277;1;Adaptation;15;1;;;;;
0.54;-0.5;-0.5;4.970929;1;Adaptation;15;1;;;;;
0.56;0;0;5.412574;1;Adaptation;15;1;;;;;
0.58;-0.5;-0.5;4.026072;1;Adaptation;15;1;;;;;
0.6;2;0.1875;5.08232;1;Adaptation;15;1;;;;;
0.62;-0.5;-0.5;3.493937;1;Adaptation;15;1;;;;;
0.64;-0.5;-0.5;4.560935;1;Adaptation;15;1;;;;;
0.66;-0.5;-0.5;5.123474;1;Adaptation;15;1;;;;;
0.68;-0.5;-0.5;4.088074;1;Adaptation;15;1;;;;;
0.7;-0.5;-0.5;2.23026;1;Adaptation;15;1;;;;;
0.72;-0.5;-0.5;5.33107;1;Adaptation;15;1;;;;;
0.74;-0.5;-0.5;2.963294;1;Adaptation;15;1;;;;;
0.76;0;0.25;3.046885;1;Adaptation;15;1;;;;;
0.78;-0.5;-0.5;5.495956;1;Adaptation;15;1;;;;;
0.8;-0.5;-0.5;4.307038;1;Adaptation;15;1;;;;;
0.82;-0.5;-0.5;3.340318;1;Adaptation;15;1;;;;;
0.84;-0.5;-0.5;2.034012;1;Adaptation;15;1;;;;;
0.86;-0.5;-0.5;4.767085;1;Adaptation;15;1;;;;;
0.88;0;-0.125;5.254131;1;Adaptation;15;1;;;;;
0.9;-0.5;-0.5;4.607844;1;Adaptation;15;1;;;;;
0.92;0;-0.0625;2.759704;1;Adaptation;15;1;;;;;
0.94;0;0.25;3.661473;1;Adaptation;15;1;;;;;
0.96;0;0;4.352559;1;Adaptation;15;1;;;;;
0.98;0;0;3.586479;1;Adaptation;15;1;;;;;
1;0;-0.125;5.574904;1;Adaptation;15;1;;;;;
1.02;-0.5;-0.5;4.216751;1;Adaptation;15;1;;;;;
1.04;-0.5;-0.5;5.272131;1;Adaptation;15;1;;;;;
1.06;-0.5;-0.5;5.424883;1;Adaptation;15;1;;;;;
1.08;-0.5;-0.5;4.142438;1;Adaptation;15;1;;;;;
1.1;0;0.125;3.774267;1;Adaptation;15;1;;;;;
1.12;-0.5;-0.5;5.793649;1;Adaptation;15;1;;;;;
1.14;-0.5;-0.5;2.795016;1;Adaptation;15;1;;;;;
1.16;-0.5;-0.5;3.728479;1;Adaptation;15;1;;;;;
1.18;2;-0.125;4.176933;1;Adaptation;15;1;;;;;
1.2;-0.5;-0.5;3.83917;1;Adaptation;15;1;;;;;
1.22;-0.5;-0.5;5.120674;1;Adaptation;15;1;;;;;
1.24;-0.5;-0.5;3.781239;1;Adaptation;15;1;;;;;
1.26;-0.5;-0.5;2.72456;1;Adaptation;15;1;;;;;
1.28;-0.5;-0.5;3.284452;1;Adaptation;15;1;;;;;
1.3;-0.5;-0.5;2.771276;1;Adaptation;15;1;;;;;
1.32;-0.5;-0.5;4.955342;1;Adaptation;15;1;;;;;
1.34;0;-0.125;4.80997;1;Adaptation;15;1;;;;;
1.36;-0.5;-0.5;2.056128;1;Adaptation;15;1;;;;;
1.38;0;-0.0625;5.362673;1;Adaptation;15;1;;;;;
1.4;-0.5;-0.5;2.908892;1;Adaptation;15;1;;;;;
1.42;-0.5;-0.5;2.021867;1;Adaptation;15;1;;;;;
1.44;-0.5;-0.5;5.516792;1;Adaptation;15;1;;;;;
1.46;-0.5;-0.5;5.314342;1;Adaptation;15;1;;;;;
1.48;-0.5;-0.5;2.534851;1;Adaptation;15;1;;;;;
1.5;-0.5;-0.5;5.556798;1;Adaptation;15;1;;;;;
1.52;-0.5;-0.5;2.505063;1;Adaptation;15;1;;;;;
1.54;-0.5;-0.5;3.433846;1;Adaptation;15;1;;;;;
1.56;-0.5;-0.5;2.785352;1;Adaptation;15;1;;;;;
1.58;-0.5;-0.5;4.144734;1;Adaptation;15;1;;;;;
1.6;-0.5;-0.5;5.870699;1;Adaptation;15;1;;;;;
1.62;0;0.1875;2.331744;1;Adaptation;15;1;;;;;
1.64;-0.5;-0.5;3.518372;1;Adaptation;15;1;;;;;
1.66;-0.5;-0.5;4.191658;1;Adaptation;15;1;;;;;
1.68;-0.5;-0.5;5.943125;1;Adaptation;15;1;;;;;
1.7;-0.5;-0.5;3.323035;1;Adaptation;15;1;;;;;
1.72;-0.5;-0.5;4.342879;1;Adaptation;15;1;;;;;
1.74;0;-0.25;3.246371;1;Adaptation;15;1;;;;;
1.76;-0.5;-0.5;5.322087;1;Adaptation;15;1;;;;;
1.78;-0.5;-0.5;5.923302;1;Adaptation;15;1;;;;;
1.8;-0.5;-0.5;5.495929;1;Adaptation;15;1;;;;;
1.82;-0.5;-0.5;2.610868;1;Adaptation;15;1;;;;;
1.84;-0.5;-0.5;2.758337;1;Adaptation;15;1;;;;;
1.86;-0.5;-0.5;4.172296;1;Adaptation;15;1;;;;;
1.88;-0.5;-0.5;3.564485;1;Adaptation;15;1;;;;;
1.9;-0.5;-0.5;4.062321;1;Adaptation;15;1;;;;;
1.92;-0.5;-0.5;2.180206;1;Adaptation;15;1;;;;;
1.94;-0.5;-0.5;4.098604;1;Adaptation;15;1;;;;;
1.96;2;0.25;4.070653;1;Adaptation;15;1;;;;;
1.98;-0.5;-0.5;4.641347;1;Adaptation;15;1;;;;;
2;-0.5;-0.5;3.539376;1;Adaptation;15;1;;;;;
2.02;-0.5;-0.5;3.209871;1;Adaptation;15;1;;;;;
2.04;-0.5;-0.5;2.209164;1;Adaptation;15;1;;;;;
2.06;0;-0.25;2.35623;1;Adaptation;15;1;;;;;
2.08;-0.5;-0.5;4.002567;1;Adaptation;15;1;;;;;
2.1;-0.5;-0.5;5.673326;1;Adaptation;15;1;;;;;
2.12;-0.5;-0.5;2.653289;1;Adaptation;15;1;;;;;
2.14;0;0.125;2.520134;1;Adaptation;15;1;;;;;
2.16;-0.5;-0.5;2.46538;1;Adaptation;15;1;;;;;
2.18;2;-0.125;2.28612;1;Adaptation;15;1;;;;;
2.2;-0.5;-0.5;5.155484;1;Adaptation;15;1;;;;;
2.22;-0.5;-0.5;3.002167;1;Adaptation;15;1;;;;;
2.24;-0.5;-0.5;4.135682;1;Adaptation;15;1;;;;;
2.26;-0.5;-0.5;4.185464;1;Adaptation;15;1;;;;;
2.28;0;0.125;2.996911;1;Adaptation;15;1;;;;;
2.3;-0.5;-0.5;5.828411;1;Adaptation;15;1;;;;;
2.32;-0.5;-0.5;4.312478;1;Adaptation;15;1;;;;;
2.34;-0.5;-0.5;5.591672;1;Adaptation;15;1;;;;;
2.36;2;-0.125;5.487759;1;Adaptation;15;1;;;;;
2.38;-0.5;-0.5;4.150459;1;Adaptation;15;1;;;;;
2.4;-0.5;-0.5;4.096338;1;Adaptation;15;1;;;;;
2.42;-0.5;-0.5;2.829321;1;Adaptation;15;1;;;;;
2.44;-0.5;-0.5;2.486731;1;Adaptation;15;1;;;;;
2.46;-0.5;-0.5;2.449813;1;Adaptation;15;1;;;;;
2.48;-2;0;2.641943;1;Adaptation;15;1;;;;;
2.5;-0.5;-0.5;3.270381;1;Adaptation;15;1;;;;;
2.52;-0.5;-0.5;2.320872;1;Adaptation;15;1;;;;;
2.54;-0.5;-0.5;3.622565;1;Adaptation;15;1;;;;;
2.56;-0.5;-0.5;3.298954;1;Adaptation;15;1;;;;;
2.58;-0.5;-0.5;3.260939;1;Adaptation;15;1;;;;;
2.6;-0.5;-0.5;4.352381;1;Adaptation;15;1;;;;;
2.62;-0.5;-0.5;5.003654;1;Adaptation;15;1;;;;;
2.64;-0.5;-0.5;5.599444;1;Adaptation;15;1;;;;;
2.66;-0.5;-0.5;5.632603;1;Adaptation;15;1;;;;;
2.68;0;0.125;2.264359;1;Adaptation;15;1;;;;;
2.7;-0.5;-0.5;2.26959;1;Adaptation;15;1;;;;;
2.72;-0.5;-0.5;4.441939;1;Adaptation;15;1;;;;;
2.74;-0.5;-0.5;3.373017;1;Adaptation;15;1;;;;;
2.76;-0.5;-0.5;3.168543;1;Adaptation;15;1;;;;;
2.78;0;-0.375;3.717799;1;Adaptation;15;1;;;;;
2.8;-0.5;-0.5;3.475048;1;Adaptation;15;1;;;;;
2.82;-0.5;-0.5;3.913063;1;Adaptation;15;1;;;;;
2.84;0;0;2.332;1;Adaptation;15;1;;;;;
2.86;0;-0.25;3.108281;1;Adaptation;15;1;;;;;
2.88;-0.5;-0.5;2.384024;1;Adaptation;15;1;;;;;
2.9;-0.5;-0.5;2.605226;1;Adaptation;15;1;;;;;
2.92;-0.5;-0.5;2.410077;1;Adaptation;15;1;;;;;
2.94;0;-0.125;5.157835;1;Adaptation;15;1;;;;;
2.96;-0.5;-0.5;4.424955;1;Adaptation;15;1;;;;;
2.98;-0.5;-0.5;2.924368;1;Adaptation;15;1;;;;;
3;-0.5;-0.5;3.069385;1;Adaptation;15;1;;;;;
3.02;0;0.1875;2.548959;1;Adaptation;15;1;;;;;
3.04;-0.5;-0.5;2.462648;1;Adaptation;15;1;;;;;
3.06;0;0;2.003727;1;Adaptation;15;1;;;;;
3.08;-0.5;-0.5;2.804304;1;Adaptation;15;1;;;;;
3.1;-0.5;-0.5;4.532681;1;Adaptation;15;1;;;;;
3.12;-0.5;-0.5;5.357467;1;Adaptation;15;1;;;;;
3.14;0;0.25;2.990256;1;Adaptation;15;1;;;;;
3.16;0;-0.125;4.80659;1;Adaptation;15;1;;;;;
3.18;-0.5;-0.5;5.459158;1;Adaptation;15;1;;;;;
3.2;-0.5;-0.5;5.746212;1;Adaptation;15;1;;;;;
3.22;-0.5;-0.5;2.665812;1;Adaptation;15;1;;;;;
3.24;-0.5;-0.5;3.493393;1;Adaptation;15;1;;;;;
3.26;-0.5;-0.5;5.913636;1;Adaptation;15;1;;;;;
3.28;-0.5;-0.5;3.424935;1;Adaptation;15;1;;;;;
3.3;-0.5;-0.5;3.402414;1;Adaptation;15;1;;;;;
3.32;-0.5;-0.5;4.484118;1;Adaptation;15;1;;;;;
3.34;-0.5;-0.5;2.05895;1;Adaptation;15;1;;;;;
3.36;-0.5;-0.5;2.293791;1;Adaptation;15;1;;;;;
3.38;0;0.125;2.857431;1;Adaptation;15;1;;;;;
3.4;-0.5;-0.5;5.354015;1;Adaptation;15;1;;;;;
3.42;-0.5;-0.5;5.459295;1;Adaptation;15;1;;;;;
3.44;0;0;5.983411;1;Adaptation;15;1;;;;;
3.46;-0.5;-0.5;5.109419;1;Adaptation;15;1;;;;;
3.48;-0.5;-0.5;3.186041;1;Adaptation;15;1;;;;;
3.5;0;-0.125;5.90497;1;Adaptation;15;1;;;;;
3.52;0;0;2.360576;1;Adaptation;15;1;;;;;
3.54;-0.5;-0.5;5.031526;1;Adaptation;15;1;;;;;
3.56;-0.5;-0.5;2.389285;1;Adaptation;15;1;;;;;
3.58;-0.5;-0.5;4.066258;1;Adaptation;15;1;;;;;
3.6;-0.5;-0.5;5.146728;1;Adaptation;15;1;;;;;
3.62;-0.5;-0.5;3.707443;1;Adaptation;15;1;;;;;
3.64;-0.5;-0.5;5.656276;1;Adaptation;15;1;;;;;
3.66;-0.5;-0.5;5.153077;1;Adaptation;15;1;;;;;
3.68;-0.5;-0.5;5.377695;1;Adaptation;15;1;;;;;
3.7;-0.5;-0.5;5.717797;1;Adaptation;15;1;;;;;
3.72;-0.5;-0.5;3.418302;1;Adaptation;15;1;;;;;
3.74;-0.5;-0.5;5.947209;1;Adaptation;15;1;;;;;
3.76;-0.5;-0.5;2.494171;1;Adaptation;15;1;;;;;
3.78;-0.5;-0.5;5.973634;1;Adaptation;15;1;;;;;
3.8;-0.5;-0.5;2.863733;1;Adaptation;15;1;;;;;
3.82;-0.5;-0.5;3.602176;1;Adaptation;15;1;;;;;
3.84;0;0.125;2.468858;1;Adaptation;15;1;;;;;
3.86;-0.5;-0.5;4.948494;1;Adaptation;15;1;;;;;
3.88;-0.5;-0.5;5.487809;1;Adaptation;15;1;;;;;
3.9;-0.5;-0.5;3.922024;1;Adaptation;15;1;;;;;
3.92;-0.5;-0.5;3.351387;1;Adaptation;15;1;;;;;
3.94;-0.5;-0.5;4.556802;1;Adaptation;15;1;;;;;
3.96;0;0.125;4.834859;1;Adaptation;15;1;;;;;
3.98;-0.5;-0.5;5.113117;1;Adaptation;15;1;;;;;
4;-0.5;-0.5;3.522948;1;Adaptation;15;1;;;;;
4.02;-0.5;-0.5;5.090617;1;Adaptation;15;1;;;;;
4.04;-0.5;-0.5;4.334828;1;Adaptation;15;1;;;;;
4.06;-0.5;-0.5;2.469263;1;Adaptation;15;1;;;;;
4.08;-0.5;-0.5;2.256868;1;Adaptation;15;1;;;;;
4.1;-0.5;-0.5;4.74943;1;Adaptation;15;1;;;;;
4.12;-0.5;-0.5;2.607961;1;Adaptation;15;1;;;;;
4.14;-0.5;-0.5;5.672224;1;Adaptation;15;1;;;;;
4.16;-0.5;-0.5;3.546516;1;Adaptation;15;1;;;;;
4.18;-0.5;-0.5;4.702447;1;Adaptation;15;1;;;;;
4.2;-0.5;-0.5;3.614342;1;Adaptation;15;1;;;;;
4.22;0;0;2.402476;1;Adaptation;15;1;;;;;
4.24;-0.5;-0.5;4.981125;1;Adaptation;15;1;;;;;
4.26;-0.5;-0.5;2.220296;1;Adaptation;15;1;;;;;
4.28;-0.5;-0.5;4.821932;1;Adaptation;15;1;;;;;
4.3;0;0.125;4.836749;1;Adaptation;15;1;;;;;
4.32;0;0.1875;3.194555;1;Adaptation;15;1;;;;;
4.34;-0.5;-0.5;4.248713;1;Adaptation;15;1;;;;;
4.36;-0.5;-0.5;3.327213;1;Adaptation;15;1;;;;;
4.38;-2;-0.1875;3.832533;1;Adaptation;15;1;;;;;
4.4;-0.5;-0.5;5.690623;1;Adaptation;15;1;;;;;
4.42;0;0;2.153537;1;Adaptation;15;1;;;;;
4.44;-0.5;-0.5;4.670729;1;Adaptation;15;1;;;;;
4.46;-0.5;-0.5;5.513933;1;Adaptation;15;1;;;;;
4.48;-0.5;-0.5;4.447949;1;Adaptation;15;1;;;;;
4.5;-0.5;-0.5;2.278757;1;Adaptation;15;1;;;;;
4.52;-0.5;-0.5;3.003037;1;Adaptation;15;1;;;;;
4.54;-2;0;5.900903;1;Adaptation;15;1;;;;;
4.56;-0.5;-0.5;3.12517;1;Adaptation;15;1;;;;;
4.58;0;0;5.835892;1;Adaptation;15;1;;;;;
4.6;0;0.1875;3.846702;1;Adaptation;15;1;;;;;
4.62;-0.5;-0.5;4.729794;1;Adaptation;15;1;;;;;
4.64;-0.5;-0.5;5.884502;1;Adaptation;15;1;;;;;
4.66;-0.5;-0.5;4.738445;1;Adaptation;15;1;;;;;
4.68;-0.5;-0.5;2.961758;1;Adaptation;15;1;;;;;
4.7;-0.5;-0.5;2.287417;1;Adaptation;15;1;;;;;
4.72;-0.5;-0.5;2.197208;1;Adaptation;15;1;;;;;
4.74;-0.5;-0.5;2.399245;1;Adaptation;15;1;;;;;
4.76;-2;-0.125;3.394665;1;Adaptation;15;1;;;;;
4.78;-0.5;-0.5;5.255282;1;Adaptation;15;1;;;;;
4.8;-0.5;-0.5;4.06706;1;Adaptation;15;1;;;;;
4.82;-0.5;-0.5;5.252867;1;Adaptation;15;1;;;;;
4.84;-0.5;-0.5;5.912331;1;Adaptation;15;1;;;;;
4.86;-0.5;-0.5;3.841947;1;Adaptation;15;1;;;;;
4.88;2;-0.125;4.409019;1;Adaptation;15;1;;;;;
4.9;0;0.25;2.950377;1;Adaptation;15;1;;;;;
4.92;-0.5;-0.5;3.36536;1;Adaptation;15;1;;;;;
4.94;2;-0.25;3.411832;1;Adaptation;15;1;;;;;
4.96;-0.5;-0.5;5.210552;1;Adaptation;15;1;;;;;
4.98;-0.5;-0.5;4.870628;1;Adaptation;15;1;;;;;
5;-0.5;-0.5;4.586038;1;Adaptation;15;1;;;;;
5.02;-0.5;-0.5;5.640488;1;Adaptation;15;1;;;;;
5.04;-0.5;-0.5;5.304807;1;Adaptation;15;1;;;;;
5.06;-0.5;-0.5;4.075965;1;Adaptation;15;1;;;;;
5.08;-0.5;-0.5;2.049738;1;Adaptation;15;1;;;;;
5.1;-0.5;-0.5;2.743564;1;Adaptation;15;1;;;;;
5.12;0;-0.0625;2.771528;1;Adaptation;15;1;;;;;
5.14;-0.5;-0.5;4.63599;1;Adaptation;15;1;;;;;
5.16;-0.5;-0.5;2.494455;1;Adaptation;15;1;;;;;
5.18;0;0.125;5.869868;1;Adaptation;15;1;;;;;
5.2;0;-0.125;4.353629;1;Adaptation;15;1;;;;;
5.22;-0.5;-0.5;5.66572;1;Adaptation;15;1;;;;;
5.24;-0.5;-0.5;4.955914;1;Adaptation;15;1;;;;;
5.26;-0.5;-0.5;4.809361;1;Adaptation;15;1;;;;;
5.28;2;0;3.603649;1;Adaptation;15;1;;;;;
5.3;-0.5;-0.5;2.305889;1;Adaptation;15;1;;;;;
5.32;-2;-0.1875;4.677682;1;Adaptation;15;1;;;;;
5.34;0;0.125;2.275509;1;Adaptation;15;1;;;;;
5.36;-0.5;-0.5;4.978405;1;Adaptation;15;1;;;;;
5.38;-0.5;-0.5;4.827452;1;Adaptation;15;1;;;;;
5.4;-0.5;-0.5;3.273197;1;Adaptation;15;1;;;;;
5.42;-2;-0.125;5.636982;1;Adaptation;15;1;;;;;
5.44;-0.5;-0.5;2.79806;1;Adaptation;15;1;;;;;
5.46;-0.5;-0.5;2.14122;1;Adaptation;15;1;;;;;
5.48;0;-0.0625;4.695322;1;Adaptation;15;1;;;;;
5.5;-0.5;-0.5;4.119792;1;Adaptation;15;1;;;;;
5.52;-0.5;-0.5;4.134864;1;Adaptation;15;1;;;;;
5.54;-0.5;-0.5;4.305262;1;Adaptation;15;1;;;;;
5.56;2;0.125;2.947607;1;Adaptation;15;1;;;;;
5.58;-0.5;-0.5;4.112425;1;Adaptation;15;1;;;;;
5.6;2;0;4.322717;1;Adaptation;15;1;;;;;
5.62;-0.5;-0.5;2.936714;1;Adaptation;15;1;;;;;
5.64;-0.5;-0.5;4.08727;1;Adaptation;15;1;;;;;
5.66;-2;0.0625;5.072722;1;Adaptation;15;1;;;;;
;;;;;;;;;;;;
