time;pos_x_right;pos_y_right;dil_right;pos_x_left;pos_y_left;dil_left;brightness;fov;trial;;
0;-0.5;-0.5;5.337541;1;15;1;;;;;
0.02;-0.5;-0.5;2.82081;1;15;1;;;;;
0.04;-0.5;-0.5;4.381394;1;15;1;;;;;
0.06;-0.5;-0.5;4.802809;1;15;1;;;;;
0.08;-0.5;-0.5;2.866829;1;15;1;;;;;
0.09999999;-0.5;-0.5;4.390542;1;15;1;;;;;
0.12;-0.5;-0.5;5.759989;1;15;1;;;;;
0.14;-0.5;-0.5;3.182605;1;15;1;;;;;
0.16;-0.5;-0.5;4.342905;1;15;1;;;;;
0.18;-0.5;-0.5;2.167306;1;15;1;;;;;
0.2;-0.5;-0.5;5.031275;1;15;1;;;;;
0.22;-0.5;-0.5;4.809102;1;15;1;;;;;
0.24;-0.5;-0.5;4.664658;1;15;1;;;;;
0.26;-0.5;-0.5;2.497684;1;15;1;;;;;
0.28;-0.5;-0.5;2.774909;1;15;1;;;;;
0.3;-0.5;-0.5;3.088597;1;15;1;;;;;
0.32;-0.5;-0.5;5.30747;1;15;1;;;;;
0.34;-0.5;-0.5;2.467485;1;15;1;;;;;
0.36;-0.5;-0.5;3.952292;1;15;1;;;;;
0.38;-0.5;-0.5;4.233772;1;15;1;;;;;
0.4;-0.5;-0.5;4.232448;1;15;1;;;;;
0.42;-0.5;-0.5;5.012398;1;15;1;;;;;
0.44;-0.5;-0.5;3.85032;1;15;1;;;;;
0.46;-0.5;-0.5;5.414866;1;15;1;;;;;
0.48;-0.5;-0.5;2.364638;1;15;1;;;;;
0.5;-0.5;-0.5;3.128839;1;15;1;;;;;
0.52;-0.5;-0.5;2.283618;1;15;1;;;;;
0.54;-0.5;-0.5;5.639822;1;15;1;;;;;
0.56;-0.5;-0.5;3.201313;1;15;1;;;;;
0.58;-0.5;-0.5;4.374343;1;15;1;;;;;
0.6;-0.5;-0.5;2.609272;1;15;1;;;;;
0.62;-0.5;-0.5;3.032657;1;15;1;;;;;
0.64;-0.5;-0.5;4.474569;1;15;1;;;;;
0.66;-0.5;-0.5;4.648511;1;15;1;;;;;
0.68;-0.5;-0.5;3.806554;1;15;1;;;;;
0.7;-0.5;-0.5;4.628331;1;15;1;;;;;
0.72;-0.5;-0.5;3.034663;1;15;1;;;;;
0.74;-0.5;-0.5;3.541762;1;15;1;;;;;
0.76;-0.5;-0.5;5.45295;1;15;1;;;;;
0.78;-0.5;-0.5;4.421403;1;15;1;;;;;
0.8;-0.5;-0.5;2.37481;1;15;1;;;;;
0.82;-0.5;-0.5;4.244603;1;15;1;;;;;
0.84;-0.5;-0.5;5.101536;1;15;1;;;;;
0.86;-0.5;-0.5;5.70022;1;15;1;;;;;
0.88;-0.5;-0.5;2.424072;1;15;1;;;;;
0.9;-0.5;-0.5;2.350004;1;15;1;;;;;
0.92;-0.5;-0.5;4.41518;1;15;1;;;;;
0.94;-0.5;-0.5;3.278981;1;15;1;;;;;
0.96;-0.5;-0.5;3.437803;1;15;1;;;;;
0.98;-0.5;-0.5;5.584736;1;15;1;;;;;
1;-0.5;-0.5;2.557938;1;15;1;;;;;
1.02;-0.5;-0.5;3.191927;1;15;1;;;;;
1.04;-0.5;-0.5;5.28161;1;15;1;;;;;
1.06;-0.5;-0.5;4.506394;1;15;1;;;;;
1.08;-0.5;-0.5;4.807427;1;15;1;;;;;
1.1;-0.5;-0.5;4.001565;1;15;1;;;;;
1.12;-0.5;-0.5;2.806856;1;15;1;;;;;
1.14;-0.5;-0.5;4.009041;1;15;1;;;;;
1.16;-0.5;-0.5;3.321217;1;15;1;;;;;
1.18;-0.5;-0.5;4.539711;1;15;1;;;;;
1.2;-0.5;-0.5;4.783358;1;15;1;;;;;
1.22;-0.5;-0.5;5.280046;1;15;1;;;;;
1.24;-0.5;-0.5;2.940701;1;15;1;;;;;
1.26;-0.5;-0.5;4.013017;1;15;1;;;;;
1.28;-0.5;-0.5;5.30417;1;15;1;;;;;
1.3;-0.5;-0.5;5.232687;1;15;1;;;;;
1.32;-0.5;-0.5;3.861273;1;15;1;;;;;
1.34;-0.5;-0.5;2.184327;1;15;1;;;;;
1.36;-0.5;-0.5;2.158146;1;15;1;;;;;
1.38;-0.5;-0.5;3.811893;1;15;1;;;;;
1.4;-0.5;-0.5;5.026826;1;15;1;;;;;
1.42;-0.5;-0.5;5.578466;1;15;1;;;;;
1.44;-0.5;-0.5;4.261433;1;15;1;;;;;
1.46;-0.5;-0.5;2.787803;1;15;1;;;;;
1.48;-0.5;-0.5;5.953709;1;15;1;;;;;
1.5;-0.5;-0.5;2.000473;1;15;1;;;;;
1.52;-0.5;-0.5;2.879661;1;15;1;;;;;
1.54;-0.5;-0.5;5.095095;1;15;1;;;;;
1.56;-0.5;-0.5;4.246638;1;15;1;;;;;
1.58;-0.5;-0.5;5.235692;1;15;1;;;;;
1.6;-0.5;-0.5;5.472022;1;15;1;;;;;
1.62;-0.5;-0.5;3.431798;1;15;1;;;;;
1.64;-0.5;-0.5;2.037938;1;15;1;;;;;
1.66;-0.5;-0.5;4.191769;1;15;1;;;;;
1.68;-0.5;-0.5;2.528842;1;15;1;;;;;
1.7;-0.5;-0.5;4.406584;1;15;1;;;;;
1.72;-0.5;-0.5;3.745537;1;15;1;;;;;
1.74;-0.5;-0.5;4.533553;1;15;1;;;;;
1.76;-0.5;-0.5;5.992894;1;15;1;;;;;
1.78;-0.5;-0.5;2.320519;1;15;1;;;;;
1.8;-0.5;-0.5;3.130504;1;15;1;;;;;
1.82;-0.5;-0.5;4.657426;1;15;1;;;;;
1.84;-0.5;-0.5;3.082603;1;15;1;;;;;
1.86;-0.5;-0.5;3.294623;1;15;1;;;;;
1.88;-0.5;-0.5;4.400441;1;15;1;;;;;
1.9;-0.5;-0.5;2.59124;1;15;1;;;;;
1.92;-0.5;-0.5;4.99916;1;15;1;;;;;
1.94;-0.5;-0.5;3.998055;1;15;1;;;;;
1.96;-0.5;-0.5;4.007177;1;15;1;;;;;
1.98;-0.5;-0.5;2.9655;1;15;1;;;;;
2;-0.5;-0.5;4.07517;1;15;1;;;;;
2.02;-0.5;-0.5;4.145896;1;15;1;;;;;
2.04;-0.5;-0.5;5.106157;1;15;1;;;;;
2.06;-0.5;-0.5;3.379169;1;15;1;;;;;
2.08;-0.5;-0.5;2.645969;1;15;1;;;;;
2.1;-0.5;-0.5;4.170761;1;15;1;;;;;
2.12;-0.5;-0.5;4.815719;1;15;1;;;;;
2.14;-0.5;-0.5;2.625398;1;15;1;;;;;
2.16;-0.5;-0.5;2.940856;1;15;1;;;;;
2.18;-0.5;-0.5;5.197989;1;15;1;;;;;
2.2;-0.5;-0.5;2.762506;1;15;1;;;;;
2.22;-0.5;-0.5;4.42977;1;15;1;;;;;
2.24;-0.5;-0.5;5.714392;1;15;1;;;;;
2.26;-0.5;-0.5;2.808686;1;15;1;;;;;
2.28;-0.5;-0.5;5.714583;1;15;1;;;;;
2.3;-0.5;-0.5;2.822819;1;15;1;;;;;
2.32;-0.5;-0.5;4.995992;1;15;1;;;;;
2.34;-0.5;-0.5;3.871635;1;15;1;;;;;
2.36;-0.5;-0.5;2.803861;1;15;1;;;;;
2.38;-0.5;-0.5;2.558797;1;15;1;;;;;
2.4;-0.5;-0.5;4.472777;1;15;1;;;;;
2.42;-0.5;-0.5;3.379342;1;15;1;;;;;
2.44;-0.5;-0.5;5.263066;1;15;1;;;;;
2.46;-0.5;-0.5;5.97454;1;15;1;;;;;
2.48;-0.5;-0.5;2.443542;1;15;1;;;;;
2.5;-0.5;-0.5;5.797483;1;15;1;;;;;
2.52;-0.5;-0.5;4.175743;1;15;1;;;;;
2.54;-0.5;-0.5;3.835886;1;15;1;;;;;
2.56;-0.5;-0.5;2.428869;1;15;1;;;;;
2.58;-0.5;-0.5;3.958205;1;15;1;;;;;
2.6;-0.5;-0.5;2.759428;1;15;1;;;;;
2.62;-0.5;-0.5;4.762042;1;15;1;;;;;
2.64;-0.5;-0.5;3.941887;1;15;1;;;;;
2.66;-0.5;-0.5;3.744931;1;15;1;;;;;
2.68;-0.5;-0.5;4.022318;1;15;1;;;;;
2.7;-0.5;-0.5;3.185731;1;15;1;;;;;
2.72;-0.5;-0.5;2.90309;1;15;1;;;;;
2.74;-0.5;-0.5;3.638079;1;15;1;;;;;
2.76;-0.5;-0.5;4.205994;1;15;1;;;;;
2.78;-0.5;-0.5;3.256663;1;15;1;;;;;
2.8;-0.5;-0.5;5.69583;1;15;1;;;;;
2.82;-0.5;-0.5;5.187456;1;15;1;;;;;
2.84;-0.5;-0.5;2.23963;1;15;1;;;;;
2.86;-0.5;-0.5;3.763918;1;15;1;;;;;
2.88;-0.5;-0.5;4.93415;1;15;1;;;;;
2.9;-0.5;-0.5;4.831711;1;15;1;;;;;
2.92;-0.5;-0.5;5.858534;1;15;1;;;;;
2.94;-0.5;-0.5;5.189324;1;15;1;;;;;
2.96;-0.5;-0.5;5.058785;1;15;1;;;;;
2.98;-0.5;-0.5;3.554727;1;15;1;;;;;
3;-0.5;-0.5;5.485959;1;15;1;;;;;
3.02;-0.5;-0.5;5.767609;1;15;1;;;;;
3.04;-0.5;-0.5;3.339182;1;15;1;;;;;
3.06;-0.5;-0.5;2.159081;1;15;1;;;;;
3.08;-0.5;-0.5;4.032755;1;15;1;;;;;
3.1;-0.5;-0.5;5.986028;1;15;1;;;;;
3.12;-0.5;-0.5;3.067207;1;15;1;;;;;
3.14;-0.5;-0.5;2.171497;1;15;1;;;;;
3.16;-0.5;-0.5;4.258487;1;15;1;;;;;
3.18;-0.5;-0.5;3.401829;1;15;1;;;;;
3.2;-0.5;-0.5;2.066195;1;15;1;;;;;
3.22;-0.5;-0.5;3.020641;1;15;1;;;;;
3.24;-0.5;-0.5;2.594442;1;15;1;;;;;
3.26;-0.5;-0.5;3.101597;1;15;1;;;;;
3.28;-0.5;-0.5;3.618964;1;15;1;;;;;
3.3;-0.5;-0.5;3.641895;1;15;1;;;;;
3.32;-0.5;-0.5;2.516449;1;15;1;;;;;
3.34;-0.5;-0.5;4.678656;1;15;1;;;;;
3.36;-0.5;-0.5;4.406415;1;15;1;;;;;
3.38;-0.5;-0.5;5.621756;1;15;1;;;;;
3.4;-0.5;-0.5;5.480686;1;15;1;;;;;
3.42;-0.5;-0.5;2.060247;1;15;1;;;;;
3.44;-0.5;-0.5;5.881359;1;15;1;;;;;
3.46;-0.5;-0.5;3.031136;1;15;1;;;;;
3.48;-0.5;-0.5;5.571199;1;15;1;;;;;
3.5;-0.5;-0.5;5.624077;1;15;1;;;;;
3.52;-0.5;-0.5;5.314698;1;15;1;;;;;
3.54;-0.5;-0.5;4.666672;1;15;1;;;;;
3.56;-0.5;-0.5;2.86133;1;15;1;;;;;
3.58;-0.5;-0.5;4.993454;1;15;1;;;;;
3.6;-0.5;-0.5;2.876162;1;15;1;;;;;
3.62;-0.5;-0.5;5.039444;1;15;1;;;;;
3.64;-0.5;-0.5;2.012622;1;15;1;;;;;
3.66;-0.5;-0.5;5.646434;1;15;1;;;;;
3.68;-0.5;-0.5;2.73096;1;15;1;;;;;
3.7;-0.5;-0.5;2.39037;1;15;1;;;;;
3.72;-0.5;-0.5;4.806928;1;15;1;;;;;
3.74;-0.5;-0.5;3.567943;1;15;1;;;;;
3.76;-0.5;-0.5;4.175363;1;15;1;;;;;
3.78;-0.5;-0.5;3.793634;1;15;1;;;;;
3.8;-0.5;-0.5;4.703452;1;15;1;;;;;
3.82;-0.5;-0.5;5.26055;1;15;1;;;;;
3.84;-0.5;-0.5;5.428618;1;15;1;;;;;
3.86;-0.5;-0.5;3.01367;1;15;1;;;;;
3.88;-0.5;-0.5;5.066709;1;15;1;;;;;
3.9;-0.5;-0.5;2.636443;1;15;1;;;;;
3.92;-0.5;-0.5;2.826458;1;15;1;;;;;
3.94;-0.5;-0.5;5.179837;1;15;1;;;;;
3.96;-0.5;-0.5;4.112039;1;15;1;;;;;
3.98;-0.5;-0.5;5.856503;1;15;1;;;;;
4;-0.5;-0.5;4.338798;1;15;1;;;;;
4.02;-0.5;-0.5;4.762936;1;15;1;;;;;
4.04;-0.5;-0.5;5.511209;1;15;1;;;;;
4.06;-0.5;-0.5;2.905541;1;15;1;;;;;
4.08;-0.5;-0.5;2.349307;1;15;1;;;;;
4.1;-0.5;-0.5;4.87673;1;15;1;;;;;
4.12;-0.5;-0.5;4.483576;1;15;1;;;;;
4.14;-0.5;-0.5;3.887515;1;15;1;;;;;
4.16;-0.5;-0.5;5.399092;1;15;1;;;;;
4.18;-0.5;-0.5;4.386411;1;15;1;;;;;
4.2;-0.5;-0.5;2.019828;1;15;1;;;;;
4.22;-0.5;-0.5;5.890241;1;15;1;;;;;
4.24;-0.5;-0.5;3.549921;1;15;1;;;;;
4.26;-0.5;-0.5;2.533821;1;15;1;;;;;
4.28;-0.5;-0.5;2.456891;1;15;1;;;;;
4.3;-0.5;-0.5;5.476046;1;15;1;;;;;
4.32;-0.5;-0.5;5.840106;1;15;1;;;;;
4.34;-0.5;-0.5;4.794709;1;15;1;;;;;
4.36;-0.5;-0.5;3.40998;1;15;1;;;;;
4.38;-0.5;-0.5;2.448892;1;15;1;;;;;
4.4;-0.5;-0.5;2.603871;1;15;1;;;;;
4.42;-0.5;-0.5;3.818459;1;15;1;;;;;
4.44;-0.5;-0.5;2.77101;1;15;1;;;;;
4.46;-0.5;-0.5;5.90095;1;15;1;;;;;
4.48;-0.5;-0.5;3.640506;1;15;1;;;;;
4.5;-0.5;-0.5;2.907102;1;15;1;;;;;
4.52;-0.5;-0.5;5.016745;1;15;1;;;;;
4.54;-0.5;-0.5;3.875601;1;15;1;;;;;
4.56;-0.5;-0.5;5.036922;1;15;1;;;;;
4.58;-0.5;-0.5;3.821353;1;15;1;;;;;
4.6;-0.5;-0.5;3.804866;1;15;1;;;;;
4.62;-0.5;-0.5;5.702362;1;15;1;;;;;
4.64;-0.5;-0.5;3.638305;1;15;1;;;;;
4.66;-0.5;-0.5;2.748538;1;15;1;;;;;
4.68;-0.5;-0.5;2.383731;1;15;1;;;;;
4.7;-0.5;-0.5;5.256399;1;15;1;;;;;
4.72;-0.5;-0.5;3.455928;1;15;1;;;;;
4.74;-0.5;-0.5;5.328694;1;15;1;;;;;
4.76;-0.5;-0.5;2.081715;1;15;1;;;;;
4.78;-0.5;-0.5;4.48949;1;15;1;;;;;
4.8;-0.5;-0.5;5.758712;1;15;1;;;;;
4.82;-0.5;-0.5;3.322876;1;15;1;;;;;
4.84;-0.5;-0.5;3.75399;1;15;1;;;;;
4.86;-0.5;-0.5;3.171838;1;15;1;;;;;
4.88;-0.5;-0.5;4.813882;1;15;1;;;;;
4.9;-0.5;-0.5;4.298094;1;15;1;;;;;
4.92;-0.5;-0.5;2.551535;1;15;1;;;;;
4.94;-0.5;-0.5;3.104293;1;15;1;;;;;
4.96;-0.5;-0.5;4.00104;1;15;1;;;;;
4.98;-0.5;-0.5;4.416555;1;15;1;;;;;
5;-0.5;-0.5;4.47997;1;15;1;;;;;
5.02;-0.5;-0.5;2.935102;1;15;1;;;;;
5.04;-0.5;-0.5;2.458754;1;15;1;;;;;
5.06;-0.5;-0.5;3.040447;1;15;1;;;;;
5.08;-0.5;-0.5;4.388952;1;15;1;;;;;
5.1;-0.5;-0.5;5.027614;1;15;1;;;;;
5.12;-0.5;-0.5;5.516005;1;15;1;;;;;
5.14;-0.5;-0.5;3.33494;1;15;1;;;;;
5.16;-0.5;-0.5;3.059461;1;15;1;;;;;
5.18;-0.5;-0.5;4.552993;1;15;1;;;;;
5.2;-0.5;-0.5;2.776084;1;15;1;;;;;
5.22;-0.5;-0.5;2.284323;1;15;1;;;;;
5.24;-0.5;-0.5;3.049276;1;15;1;;;;;
5.26;-0.5;-0.5;5.582803;1;15;1;;;;;
5.28;-0.5;-0.5;5.713791;1;15;1;;;;;
5.3;-0.5;-0.5;4.364828;1;15;1;;;;;
5.32;-0.5;-0.5;2.181474;1;15;1;;;;;
5.34;-0.5;-0.5;5.685181;1;15;1;;;;;
5.36;-0.5;-0.5;4.866143;1;15;1;;;;;
5.38;-0.5;-0.5;4.704524;1;15;1;;;;;
5.4;-0.5;-0.5;2.145207;1;15;1;;;;;
5.42;-0.5;-0.5;5.652936;1;15;1;;;;;
5.44;-0.5;-0.5;5.946365;1;15;1;;;;;
5.46;-0.5;-0.5;2.319036;1;15;1;;;;;
5.48;-0.5;-0.5;4.085909;1;15;1;;;;;
5.5;-0.5;-0.5;4.815576;1;15;1;;;;;
5.52;-0.5;-0.5;5.905883;1;15;1;;;;;
5.54;-0.5;-0.5;2.40437;1;15;1;;;;;
5.56;-0.5;-0.5;3.217725;1;15;1;;;;;
5.58;-0.5;-0.5;3.210731;1;15;1;;;;;
5.6;-0.5;-0.5;5.419174;1;15;1;;;;;
5.62;-0.5;-0.5;3.08543;1;15;1;;;;;
5.64;-0.5;-0.5;5.758234;1;15;1;;;;;
5.66;-0.5;-0.5;2.925728;1;15;1;;;;;
5.68;-0.5;-0.5;3.625918;1;15;1;;;;;
5.7;-0.5;-0.5;3.522879;1;15;1;;;;;
5.72;-0.5;-0.5;5.542571;1;15;1;;;;;
5.74;-0.5;-0.5;3.397743;1;15;1;;;;;
5.76;-0.5;-0.5;5.524599;1;15;1;;;;;
5.78;-0.5;-0.5;4.012617;1;15;1;;;;;
5.8;-0.5;-0.5;3.208646;1;15;1;;;;;
5.82;-0.5;-0.5;3.07556;1;15;1;;;;;
5.84;-0.5;-0.5;2.51005;1;15;1;;;;;
5.86;-0.5;-0.5;5.851496;1;15;1;;;;;
5.88;-0.5;-0.5;3.530136;1;15;1;;;;;
5.9;-0.5;-0.5;2.352271;1;15;1;;;;;
5.92;-0.5;-0.5;5.513882;1;15;1;;;;;
5.94;-0.5;-0.5;5.232892;1;15;1;;;;;
5.96;-0.5;-0.5;3.908247;1;15;1;;;;;
5.98;-0.5;-0.5;5.425067;1;15;1;;;;;
6;-0.5;-0.5;4.986286;1;15;1;;;;;
6.02;-0.5;-0.5;5.594316;1;15;1;;;;;
6.04;-0.5;-0.5;3.271448;1;15;1;;;;;
6.06;-0.5;-0.5;2.855544;1;15;1;;;;;
6.08;-0.5;-0.5;3.033734;1;15;1;;;;;
6.1;-0.5;-0.5;4.545552;1;15;1;;;;;
6.12;-0.5;-0.5;4.820233;1;15;1;;;;;
6.14;-0.5;-0.5;4.569381;1;15;1;;;;;
6.16;-0.5;-0.5;3.330524;1;15;1;;;;;
6.18;-0.5;-0.5;4.173319;1;15;1;;;;;
6.2;-0.5;-0.5;5.817135;1;15;1;;;;;
6.22;-0.5;-0.5;2.065208;1;15;1;;;;;
6.24;-0.5;-0.5;4.078171;1;15;1;;;;;
6.26;-0.5;-0.5;3.442873;1;15;1;;;;;
6.28;-0.5;-0.5;2.09638;1;15;1;;;;;
6.3;-0.5;-0.5;3.306439;1;15;1;;;;;
6.32;-0.5;-0.5;5.717938;1;15;1;;;;;
6.34;-0.5;-0.5;5.012106;1;15;1;;;;;
6.36;-0.5;-0.5;4.317196;1;15;1;;;;;
6.38;-0.5;-0.5;5.98141;1;15;1;;;;;
6.4;-0.5;-0.5;4.643076;1;15;1;;;;;
6.42;-0.5;-0.5;2.257728;1;15;1;;;;;
6.44;-0.5;-0.5;5.054286;1;15;1;;;;;
6.46;-0.5;-0.5;3.678796;1;15;1;;;;;
6.48;-0.5;-0.5;2.205904;1;15;1;;;;;
6.5;-0.5;-0.5;3.055645;1;15;1;;;;;
6.52;-0.5;-0.5;2.317858;1;15;1;;;;;
6.54;-0.5;-0.5;2.930153;1;15;1;;;;;
6.56;-0.5;-0.5;5.257802;1;15;1;;;;;
6.58;-0.5;-0.5;3.616417;1;15;1;;;;;
6.6;-0.5;-0.5;3.247071;1;15;1;;;;;
6.62;-0.5;-0.5;2.436288;1;15;1;;;;;
6.64;-0.5;-0.5;4.334194;1;15;1;;;;;
6.66;-0.5;-0.5;3.434358;1;15;1;;;;;
6.68;-0.5;-0.5;4.10315;1;15;1;;;;;
6.7;-0.5;-0.5;4.261961;1;15;1;;;;;
6.72;-0.5;-0.5;3.086531;1;15;1;;;;;
6.74;-0.5;-0.5;3.413229;1;15;1;;;;;
6.76;-0.5;-0.5;3.125549;1;15;1;;;;;
6.78;-0.5;-0.5;5.354014;1;15;1;;;;;
6.8;-0.5;-0.5;3.585782;1;15;1;;;;;
6.82;-0.5;-0.5;2.906031;1;15;1;;;;;
6.84;-0.5;-0.5;3.086764;1;15;1;;;;;
6.86;-0.5;-0.5;5.964856;1;15;1;;;;;
6.88;-0.5;-0.5;4.622681;1;15;1;;;;;
6.9;-0.5;-0.5;3.993017;1;15;1;;;;;
6.92;-0.5;-0.5;3.860341;1;15;1;;;;;
6.94;-0.5;-0.5;3.247016;1;15;1;;;;;
6.96;-0.5;-0.5;4.825299;1;15;1;;;;;
6.98;-0.5;-0.5;4.437978;1;15;1;;;;;
7;-0.5;-0.5;2.123734;1;15;1;;;;;
7.02;-0.5;-0.5;4.957287;1;15;1;;;;;
7.04;-0.5;-0.5;4.906344;1;15;1;;;;;
7.06;-0.5;-0.5;4.228108;1;15;1;;;;;
7.08;-0.5;-0.5;3.345011;1;15;1;;;;;
7.1;-0.5;-0.5;4.949766;1;15;1;;;;;
7.12;-0.5;-0.5;4.689114;1;15;1;;;;;
7.14;-0.5;-0.5;2.760189;1;15;1;;;;;
7.16;-0.5;-0.5;4.849668;1;15;1;;;;;
7.18;-0.5;-0.5;5.213432;1;15;1;;;;;
7.2;-0.5;-0.5;3.634989;1;15;1;;;;;
7.22;-0.5;-0.5;5.860178;1;15;1;;;;;
7.24;-0.5;-0.5;2.211942;1;15;1;;;;;
7.26;-0.5;-0.5;2.759074;1;15;1;;;;;
7.28;-0.5;-0.5;4.947876;1;15;1;;;;;
7.3;-0.5;-0.5;5.462554;1;15;1;;;;;
7.32;-0.5;-0.5;3.948495;1;15;1;;;;;
7.34;-0.5;-0.5;3.212801;1;15;1;;;;;
7.36;-0.5;-0.5;4.96559;1;15;1;;;;;
7.38;-0.5;-0.5;5.621792;1;15;1;;;;;
7.4;-0.5;-0.5;3.71565;1;15;1;;;;;
7.42;-0.5;-0.5;4.737689;1;15;1;;;;;
7.44;-0.5;-0.5;4.155603;1;15;1;;;;;
7.46;-0.5;-0.5;5.080039;1;15;1;;;;;
7.48;-0.5;-0.5;2.026914;1;15;1;;;;;
7.5;-0.5;-0.5;3.953682;1;15;1;;;;;
7.52;-0.5;-0.5;2.227916;1;15;1;;;;;
7.54;-0.5;-0.5;2.220793;1;15;1;;;;;
7.56;-0.5;-0.5;4.870753;1;15;1;;;;;
7.58;-0.5;-0.5;3.902044;1;15;1;;;;;
7.6;-0.5;-0.5;2.873664;1;15;1;;;;;
7.62;-0.5;-0.5;5.948987;1;15;1;;;;;
7.64;-0.5;-0.5;5.787322;1;15;1;;;;;
7.66;-0.5;-0.5;4.360311;1;15;1;;;;;
7.68;-0.5;-0.5;2.221252;1;15;1;;;;;
7.7;-0.5;-0.5;2.460945;1;15;1;;;;;
7.72;-0.5;-0.5;5.683194;1;15;1;;;;;
7.74;-0.5;-0.5;2.179423;1;15;1;;;;;
7.76;-0.5;-0.5;3.402648;1;15;1;;;;;
7.78;-0.5;-0.5;3.025805;1;15;1;;;;;
7.8;-0.5;-0.5;5.446963;1;15;1;;;;;
7.82;-0.5;-0.5;5.77811;1;15;1;;;;;
7.84;-0.5;-0.5;3.265923;1;15;1;;;;;
7.86;-0.5;-0.5;5.674891;1;15;1;;;;;
7.88;-0.5;-0.5;3.476589;1;15;1;;;;;
7.9;-0.5;-0.5;2.425564;1;15;1;;;;;
7.92;-0.5;-0.5;4.599072;1;15;1;;;;;
7.94;-0.5;-0.5;5.643168;1;15;1;;;;;
7.96;-0.5;-0.5;3.606108;1;15;1;;;;;
7.98;-0.5;-0.5;3.650556;1;15;1;;;;;
8;-0.5;-0.5;2.719534;1;15;1;;;;;
8.02;-0.5;-0.5;5.538402;1;15;1;;;;;
8.04;-0.5;-0.5;2.463756;1;15;1;;;;;
8.059999;-0.5;-0.5;2.887171;1;15;1;;;;;
8.08;-0.5;-0.5;4.377379;1;15;1;;;;;
8.099999;-0.5;-0.5;3.721647;1;15;1;;;;;
8.12;-0.5;-0.5;4.343739;1;15;1;;;;;
8.139999;-0.5;-0.5;3.287687;1;15;1;;;;;
8.16;-0.5;-0.5;5.388794;1;15;1;;;;;
8.179999;-0.5;-0.5;5.86144;1;15;1;;;;;
8.2;-0.5;-0.5;4.799661;1;15;1;;;;;
8.22;-0.5;-0.5;4.14359;1;15;1;;;;;
8.24;-0.5;-0.5;4.415842;1;15;1;;;;;
8.26;-0.5;-0.5;5.329467;1;15;1;;;;;
8.28;-0.5;-0.5;2.981997;1;15;1;;;;;
8.3;-0.5;-0.5;4.260025;1;15;1;;;;;
8.32;-0.5;-0.5;2.389713;1;15;1;;;;;
8.34;-0.5;-0.5;4.452985;1;15;1;;;;;
8.36;-0.5;-0.5;4.285156;1;15;1;;;;;
8.38;-0.5;-0.5;5.00552;1;15;1;;;;;
8.4;-0.5;-0.5;4.644958;1;15;1;;;;;
8.42;-0.5;-0.5;4.980944;1;15;1;;;;;
8.44;-0.5;-0.5;4.331221;1;15;1;;;;;
8.46;-0.5;-0.5;3.214935;1;15;1;;;;;
8.48;-0.5;-0.5;3.001093;1;15;1;;;;;
8.5;-0.5;-0.5;5.356623;1;15;1;;;;;
8.52;-0.5;-0.5;3.525919;1;15;1;;;;;
8.54;-0.5;-0.5;2.436541;1;15;1;;;;;
8.559999;-0.5;-0.5;5.19135;1;15;1;;;;;
8.58;-0.5;-0.5;3.112223;1;15;1;;;;;
8.599999;-0.5;-0.5;5.884329;1;15;1;;;;;
8.62;-0.5;-0.5;5.507997;1;15;1;;;;;
8.639999;-0.5;-0.5;5.344234;1;15;1;;;;;
8.66;-0.5;-0.5;2.802073;1;15;1;;;;;
8.679999;-0.5;-0.5;3.514658;1;15;1;;;;;
8.7;-0.5;-0.5;4.554361;1;15;1;;;;;
8.72;-0.5;-0.5;5.997846;1;15;1;;;;;
8.74;-0.5;-0.5;3.071222;1;15;1;;;;;
8.76;-0.5;-0.5;2.710456;1;15;1;;;;;
8.78;-0.5;-0.5;4.746858;1;15;1;;;;;
8.8;-0.5;-0.5;4.112081;1;15;1;;;;;
8.82;-0.5;-0.5;4.012699;1;15;1;;;;;
8.84;-0.5;-0.5;4.718542;1;15;1;;;;;
8.86;-0.5;-0.5;4.663737;1;15;1;;;;;
8.88;-0.5;-0.5;2.814588;1;15;1;;;;;
8.9;-0.5;-0.5;3.502163;1;15;1;;;;;
8.92;-0.5;-0.5;2.721896;1;15;1;;;;;
8.94;-0.5;-0.5;3.794974;1;15;1;;;;;
8.96;-0.5;-0.5;3.195112;1;15;1;;;;;
8.98;-0.5;-0.5;5.869529;1;15;1;;;;;
9;-0.5;-0.5;3.587364;1;15;1;;;;;
9.02;-0.5;-0.5;4.824937;1;15;1;;;;;
9.04;-0.5;-0.5;3.695211;1;15;1;;;;;
9.059999;-0.5;-0.5;2.465355;1;15;1;;;;;
9.08;-0.5;-0.5;3.960262;1;15;1;;;;;
9.099999;-0.5;-0.5;5.656219;1;15;1;;;;;
9.12;-0.5;-0.5;4.101726;1;15;1;;;;;
9.139999;-0.5;-0.5;4.42773;1;15;1;;;;;
9.16;-0.5;-0.5;3.577861;1;15;1;;;;;
9.179999;-0.5;-0.5;2.594547;1;15;1;;;;;
9.2;-0.5;-0.5;2.431087;1;15;1;;;;;
9.22;-0.5;-0.5;2.983151;1;15;1;;;;;
9.24;-0.5;-0.5;3.005406;1;15;1;;;;;
9.26;-0.5;-0.5;4.88669;1;15;1;;;;;
9.28;-0.5;-0.5;4.430619;1;15;1;;;;;
9.3;-0.5;-0.5;2.032408;1;15;1;;;;;
9.32;-0.5;-0.5;2.328158;1;15;1;;;;;
9.34;-0.5;-0.5;4.145128;1;15;1;;;;;
9.36;-0.5;-0.5;5.307255;1;15;1;;;;;
9.38;-0.5;-0.5;5.509224;1;15;1;;;;;
9.4;-0.5;-0.5;2.964409;1;15;1;;;;;
9.42;-0.5;-0.5;3.907083;1;15;1;;;;;
9.44;-0.5;-0.5;4.608953;1;15;1;;;;;
9.46;-0.5;-0.5;2.565731;1;15;1;;;;;
9.48;-0.5;-0.5;5.034357;1;15;1;;;;;
9.5;-0.5;-0.5;5.813217;1;15;1;;;;;
9.52;-0.5;-0.5;2.957213;1;15;1;;;;;
9.54;-0.5;-0.5;2.845801;1;15;1;;;;;
9.559999;-0.5;-0.5;4.772073;1;15;1;;;;;
9.58;-0.5;-0.5;2.317995;1;15;1;;;;;
9.599999;-0.5;-0.5;3.179832;1;15;1;;;;;
9.62;-0.5;-0.5;5.107671;1;15;1;;;;;
9.639999;-0.5;-0.5;4.418913;1;15;1;;;;;
9.66;-0.5;-0.5;3.215295;1;15;1;;;;;
9.679999;-0.5;-0.5;4.832723;1;15;1;;;;;
9.7;-0.5;-0.5;5.81997;1;15;1;;;;;
9.719999;-0.5;-0.5;4.313937;1;15;1;;;;;
9.74;-0.5;-0.5;3.793721;1;15;1;;;;;
9.76;-0.5;-0.5;2.682113;1;15;1;;;;;
9.78;-0.5;-0.5;2.583839;1;15;1;;;;;
9.8;-0.5;-0.5;3.060561;1;15;1;;;;;
9.82;-0.5;-0.5;4.110572;1;15;1;;;;;
9.84;-0.5;-0.5;5.689947;1;15;1;;;;;
9.86;-0.5;-0.5;2.401086;1;15;1;;;;;
9.88;-0.5;-0.5;4.216033;1;15;1;;;;;
9.9;-0.5;-0.5;2.306351;1;15;1;;;;;
9.92;-0.5;-0.5;4.50142;1;15;1;;;;;
9.94;-0.5;-0.5;2.829078;1;15;1;;;;;
9.96;-0.5;-0.5;3.783189;1;15;1;;;;;
9.98;-0.5;-0.5;5.369603;1;15;1;;;;;
10;-0.5;-0.5;5.366365;1;15;1;;;;;
10.02;-0.5;-0.5;5.211327;1;15;1;;;;;
10.04;-0.5;-0.5;4.159903;1;15;1;;;;;
10.06;-0.5;-0.5;4.300256;1;15;1;;;;;
10.08;-0.5;-0.5;5.405502;1;15;1;;;;;
10.1;-0.5;-0.5;2.473624;1;15;1;;;;;
10.12;-0.5;-0.5;4.076474;1;15;1;;;;;
10.14;-0.5;-0.5;3.215954;1;15;1;;;;;
10.16;-0.5;-0.5;4.444983;1;15;1;;;;;
10.18;-0.5;-0.5;3.07624;1;15;1;;;;;
10.2;-0.5;-0.5;5.42581;1;15;1;;;;;
10.22;-0.5;-0.5;4.797794;1;15;1;;;;;
10.24;-0.5;-0.5;2.18944;1;15;1;;;;;
10.26;-0.5;-0.5;4.929649;1;15;1;;;;;
10.28;-0.5;-0.5;5.207985;1;15;1;;;;;
10.3;-0.5;-0.5;2.205022;1;15;1;;;;;
10.32;-0.5;-0.5;5.234609;1;15;1;;;;;
10.34;-0.5;-0.5;5.684636;1;15;1;;;;;
10.36;-0.5;-0.5;4.789216;1;15;1;;;;;
10.38;-0.5;-0.5;2.692378;1;15;1;;;;;
10.4;-0.5;-0.5;5.18042;1;15;1;;;;;
10.42;-0.5;-0.5;3.852237;1;15;1;;;;;
10.44;-0.5;-0.5;2.898094;1;15;1;;;;;
10.46;-0.5;-0.5;3.716011;1;15;1;;;;;
10.48;-0.5;-0.5;3.207424;1;15;1;;;;;
10.5;-0.5;-0.5;5.994236;1;15;1;;;;;
10.52;-0.5;-0.5;3.114866;1;15;1;;;;;
10.54;-0.5;-0.5;5.567767;1;15;1;;;;;
10.56;-0.5;-0.5;5.40234;1;15;1;;;;;
10.58;-0.5;-0.5;5.874876;1;15;1;;;;;
10.6;-0.5;-0.5;4.653425;1;15;1;;;;;
10.62;-0.5;-0.5;5.162169;1;15;1;;;;;
10.64;-0.5;-0.5;3.181005;1;15;1;;;;;
10.66;-0.5;-0.5;3.01344;1;15;1;;;;;
10.68;-0.5;-0.5;5.833832;1;15;1;;;;;
10.7;-0.5;-0.5;3.78406;1;15;1;;;;;
10.72;-0.5;-0.5;2.867834;1;15;1;;;;;
10.74;-0.5;-0.5;5.430135;1;15;1;;;;;
10.76;-0.5;-0.5;2.457586;1;15;1;;;;;
10.78;-0.5;-0.5;3.765271;1;15;1;;;;;
10.8;-0.5;-0.5;3.519094;1;15;1;;;;;
10.82;-0.5;-0.5;4.041251;1;15;1;;;;;
10.84;-0.5;-0.5;3.892592;1;15;1;;;;;
10.86;-0.5;-0.5;4.132761;1;15;1;;;;;
10.88;-0.5;-0.5;4.62499;1;15;1;;;;;
10.9;-0.5;-0.5;3.700617;1;15;1;;;;;
10.92;-0.5;-0.5;4.437776;1;15;1;;;;;
10.94;-0.5;-0.5;5.570488;1;15;1;;;;;
10.96;-0.5;-0.5;5.740911;1;15;1;;;;;
10.98;-0.5;-0.5;3.151596;1;15;1;;;;;
11;-0.5;-0.5;3.368965;1;15;1;;;;;
11.02;-0.5;-0.5;2.908895;1;15;1;;;;;
11.04;-0.5;-0.5;4.4928;1;15;1;;;;;
11.06;-0.5;-0.5;2.827988;1;15;1;;;;;
11.08;-0.5;-0.5;4.734618;1;15;1;;;;;
11.1;-0.5;-0.5;3.545522;1;15;1;;;;;
11.12;-0.5;-0.5;3.310176;1;15;1;;;;;
11.14;-0.5;-0.5;4.585814;1;15;1;;;;;
11.16;-0.5;-0.5;2.196642;1;15;1;;;;;
11.18;-0.5;-0.5;4.974241;1;15;1;;;;;
11.2;-0.5;-0.5;2.739525;1;15;1;;;;;
11.22;-0.5;-0.5;2.102753;1;15;1;;;;;
11.24;-0.5;-0.5;2.498136;1;15;1;;;;;
11.26;-0.5;-0.5;5.130543;1;15;1;;;;;
11.28;-0.5;-0.5;3.293671;1;15;1;;;;;
11.3;-0.5;-0.5;2.98742;1;15;1;;;;;
11.32;-0.5;-0.5;2.265631;1;15;1;;;;;
11.34;-0.5;-0.5;5.766698;1;15;1;;;;;
11.36;-0.5;-0.5;3.292483;1;15;1;;;;;
11.38;-0.5;-0.5;4.527061;1;15;1;;;;;
11.4;-0.5;-0.5;4.04954;1;15;1;;;;;
11.42;-0.5;-0.5;3.799133;1;15;1;;;;;
11.44;-0.5;-0.5;3.592165;1;15;1;;;;;
11.46;-0.5;-0.5;3.386353;1;15;1;;;;;
11.48;-0.5;-0.5;2.696258;1;15;1;;;;;
11.5;-0.5;-0.5;2.679332;1;15;1;;;;;
11.52;-0.5;-0.5;4.421067;1;15;1;;;;;
11.54;-0.5;-0.5;5.944781;1;15;1;;;;;
11.56;-0.5;-0.5;5.326515;1;15;1;;;;;
11.58;-0.5;-0.5;2.023966;1;15;1;;;;;
11.6;-0.5;-0.5;4.863703;1;15;1;;;;;
11.62;-0.5;-0.5;5.424862;1;15;1;;;;;
11.64;-0.5;-0.5;4.13004;1;15;1;;;;;
11.66;-0.5;-0.5;3.349797;1;15;1;;;;;
11.68;-0.5;-0.5;4.349669;1;15;1;;;;;
11.7;-0.5;-0.5;3.931148;1;15;1;;;;;
11.72;-0.5;-0.5;3.473825;1;15;1;;;;;
11.74;-0.5;-0.5;5.729517;1;15;1;;;;;
11.76;-0.5;-0.5;5.096882;1;15;1;;;;;
11.78;-0.5;-0.5;3.342443;1;15;1;;;;;
11.8;-0.5;-0.5;2.452097;1;15;1;;;;;
11.82;-0.5;-0.5;4.998087;1;15;1;;;;;
11.84;-0.5;-0.5;3.96256;1;15;1;;;;;
11.86;-0.5;-0.5;3.516011;1;15;1;;;;;
11.88;-0.5;-0.5;2.388119;1;15;1;;;;;
11.9;-0.5;-0.5;5.914003;1;15;1;;;;;
11.92;-0.5;-0.5;4.411201;1;15;1;;;;;
11.94;-0.5;-0.5;3.061216;1;15;1;;;;;
11.96;-0.5;-0.5;5.208163;1;15;1;;;;;
11.98;-0.5;-0.5;4.651787;1;15;1;;;;;
12;-0.5;-0.5;5.75116;1;15;1;;;;;
12.02;-0.5;-0.5;5.631194;1;15;1;;;;;
12.04;-0.5;-0.5;3.033855;1;15;1;;;;;
12.06;-0.5;-0.5;3.84385;1;15;1;;;;;
12.08;-0.5;-0.5;5.417174;1;15;1;;;;;
12.1;-0.5;-0.5;4.105376;1;15;1;;;;;
12.12;-0.5;-0.5;5.432475;1;15;1;;;;;
12.14;-0.5;-0.5;2.395936;1;15;1;;;;;
12.16;-0.5;-0.5;2.385309;1;15;1;;;;;
12.18;-0.5;-0.5;5.548669;1;15;1;;;;;
12.2;-0.5;-0.5;3.902505;1;15;1;;;;;
12.22;-0.5;-0.5;2.613018;1;15;1;;;;;
12.24;-0.5;-0.5;2.428254;1;15;1;;;;;
12.26;-0.5;-0.5;5.686682;1;15;1;;;;;
12.28;-0.5;-0.5;5.239501;1;15;1;;;;;
12.3;-0.5;-0.5;2.010699;1;15;1;;;;;
12.32;-0.5;-0.5;3.662132;1;15;1;;;;;
12.34;-0.5;-0.5;4.530379;1;15;1;;;;;
12.36;-0.5;-0.5;4.538054;1;15;1;;;;;
12.38;-0.5;-0.5;3.387453;1;15;1;;;;;
12.4;-0.5;-0.5;2.23906;1;15;1;;;;;
12.42;-0.5;-0.5;4.376808;1;15;1;;;;;
12.44;-0.5;-0.5;3.678574;1;15;1;;;;;
12.46;-0.5;-0.5;4.856788;1;15;1;;;;;
12.48;-0.5;-0.5;3.233334;1;15;1;;;;;
12.5;-0.5;-0.5;4.516768;1;15;1;;;;;
12.52;-0.5;-0.5;3.811606;1;15;1;;;;;
12.54;-0.5;-0.5;5.763395;1;15;1;;;;;
12.56;-0.5;-0.5;2.632976;1;15;1;;;;;
12.58;-0.5;-0.5;5.811163;1;15;1;;;;;
12.6;-0.5;-0.5;2.874869;1;15;1;;;;;
12.62;-0.5;-0.5;3.031101;1;15;1;;;;;
12.64;-0.5;-0.5;3.57555;1;15;1;;;;;
12.66;-0.5;-0.5;5.188054;1;15;1;;;;;
12.68;-0.5;-0.5;2.073182;1;15;1;;;;;
12.7;-0.5;-0.5;5.376557;1;15;1;;;;;
12.72;-0.5;-0.5;4.38677;1;15;1;;;;;
12.74;-0.5;-0.5;3.733033;1;15;1;;;;;
12.76;-0.5;-0.5;5.847;1;15;1;;;;;
12.78;-0.5;-0.5;4.11414;1;15;1;;;;;
12.8;-0.5;-0.5;5.97288;1;15;1;;;;;
12.82;-0.5;-0.5;5.059605;1;15;1;;;;;
12.84;-0.5;-0.5;5.337806;1;15;1;;;;;
12.86;-0.5;-0.5;2.267317;1;15;1;;;;;
12.88;-0.5;-0.5;2.077887;1;15;1;;;;;
12.9;-0.5;-0.5;3.080137;1;15;1;;;;;
12.92;-0.5;-0.5;3.021485;1;15;1;;;;;
12.94;-0.5;-0.5;3.897967;1;15;1;;;;;
12.96;-0.5;-0.5;4.669683;1;15;1;;;;;
12.98;-0.5;-0.5;2.395073;1;15;1;;;;;
13;-0.5;-0.5;4.533159;1;15;1;;;;;
13.02;-0.5;-0.5;3.203315;1;15;1;;;;;
13.04;-0.5;-0.5;5.670473;1;15;1;;;;;
13.06;-0.5;-0.5;4.095181;1;15;1;;;;;
13.08;-0.5;-0.5;2.060916;1;15;1;;;;;
13.1;-0.5;-0.5;2.456845;1;15;1;;;;;
13.12;-0.5;-0.5;4.123366;1;15;1;;;;;
13.14;-0.5;-0.5;5.233661;1;15;1;;;;;
13.16;-0.5;-0.5;5.7068;1;15;1;;;;;
13.18;-0.5;-0.5;2.110412;1;15;1;;;;;
13.2;-0.5;-0.5;2.774801;1;15;1;;;;;
13.22;-0.5;-0.5;2.073113;1;15;1;;;;;
13.24;-0.5;-0.5;2.524383;1;15;1;;;;;
13.26;-0.5;-0.5;2.197007;1;15;1;;;;;
13.28;-0.5;-0.5;3.663869;1;15;1;;;;;
13.3;-0.5;-0.5;5.386362;1;15;1;;;;;
13.32;-0.5;-0.5;4.636138;1;15;1;;;;;
13.34;-0.5;-0.5;5.853032;1;15;1;;;;;
13.36;-0.5;-0.5;5.905776;1;15;1;;;;;
13.38;-0.5;-0.5;5.96038;1;15;1;;;;;
13.4;-0.5;-0.5;3.602765;1;15;1;;;;;
13.42;-0.5;-0.5;4.543903;1;15;1;;;;;
13.44;-0.5;-0.5;5.134031;1;15;1;;;;;
13.46;-0.5;-0.5;4.838138;1;15;1;;;;;
13.48;-0.5;-0.5;2.859559;1;15;1;;;;;
13.5;-0.5;-0.5;4.841362;1;15;1;;;;;
13.52;-0.5;-0.5;4.447735;1;15;1;;;;;
13.54;-0.5;-0.5;3.23117;1;15;1;;;;;
13.56;-0.5;-0.5;5.459393;1;15;1;;;;;
13.58;-0.5;-0.5;2.397117;1;15;1;;;;;
13.6;-0.5;-0.5;5.232782;1;15;1;;;;;
13.62;-0.5;-0.5;4.605937;1;15;1;;;;;
13.64;-0.5;-0.5;4.956325;1;15;1;;;;;
13.66;-0.5;-0.5;5.761644;1;15;1;;;;;
13.68;-0.5;-0.5;2.500979;1;15;1;;;;;
13.7;-0.5;-0.5;3.044207;1;15;1;;;;;
13.72;-0.5;-0.5;4.344197;1;15;1;;;;;
13.74;-0.5;-0.5;3.521091;1;15;1;;;;;
13.76;-0.5;-0.5;5.268335;1;15;1;;;;;
13.78;-0.5;-0.5;4.209884;1;15;1;;;;;
13.8;-0.5;-0.5;4.677482;1;15;1;;;;;
13.82;-0.5;-0.5;2.800146;1;15;1;;;;;
13.84;-0.5;-0.5;5.484279;1;15;1;;;;;
13.86;-0.5;-0.5;5.540451;1;15;1;;;;;
13.88;-0.5;-0.5;2.905753;1;15;1;;;;;
13.9;-0.5;-0.5;4.455648;1;15;1;;;;;
13.92;-0.5;-0.5;4.489448;1;15;1;;;;;
13.94;-0.5;-0.5;4.769453;1;15;1;;;;;
;;;;;;;;;;;
