time;pos_x_right;pos_y_right;dil_right;pos_x_left;pos_y_left;dil_left;brightness;state;fov;trial;;
0;2;-0.125;5.349024;1;Adaptation;15;1;;;;;
0.02;2;-0.125;5.730927;1;Adaptation;15;1;;;;;
0.04;2;-0.125;5.794555;1;Adaptation;15;1;;;;;
0.06;2;-0.125;3.454959;1;Adaptation;15;1;;;;;
0.08;2;-0.125;3.836859;1;Adaptation;15;1;;;;;
0.09999999;2;-0.125;5.419497;1;Adaptation;15;1;;;;;
0.12;2;-0.125;2.974221;1;Adaptation;15;1;;;;;
0.14;2;-0.125;4.258733;1;Adaptation;15;1;;;;;
0.16;2;-0.125;2.354706;1;Adaptation;15;1;;;;;
0.18;2;-0.125;4.056067;1;Adaptation;15;1;;;;;
0.2;2;-0.125;3.354097;1;Adaptation;15;1;;;;;
0.22;2;-0.125;5.755235;1;Adaptation;15;1;;;;;
0.24;2;-0.125;4.818054;1;Adaptation;15;1;;;;;
0.26;2;-0.125;4.393663;1;Adaptation;15;1;;;;;
0.28;2;-0.125;4.715796;1;Adaptation;15;1;;;;;
0.3;2;-0.125;5.579544;1;Adaptation;15;1;;;;;
0.32;2;-0.125;4.677594;1;Adaptation;15;1;;;;;
0.34;2;-0.125;5.095115;1;Adaptation;15;1;;;;;
0.36;0;0;4.829564;1;Adaptation;15;1;;;;;
0.38;-0.5;-0.5;3.316465;1;Adaptation;15;1;;;;;
0.4;-0.5;-0.5;4.076756;1;Adaptation;15;1;;;;;
0.42;-0.5;-0.5;5.109315;1;Adaptation;15;1;;;;;
0.44;-0.5;-0.5;5.171428;1;Adaptation;15;1;;;;;
0.46;-0.5;-0.5;4.535155;1;Adaptation;15;1;;;;;
0.48;-0.5;-0.5;4.723465;1;Adaptation;15;1;;;;;
0.5;-0.5;-0.5;3.832234;1;Adaptation;15;1;;;;;
0.52;-0.5;-0.5;5.796296;1;Adaptation;15;1;;;;;
0.54;-0.5;-0.5;2.033874;1;Adaptation;15;1;;;;;
0.56;-0.5;-0.5;3.474042;1;Adaptation;15;1;;;;;
0.58;-0.5;-0.5;2.012157;1;Adaptation;15;1;;;;;
0.6;-0.5;-0.5;3.81464;1;Adaptation;15;1;;;;;
0.62;-0.5;-0.5;3.580383;1;Adaptation;15;1;;;;;
0.64;-0.5;-0.5;3.434391;1;Adaptation;15;1;;;;;
0.66;-0.5;-0.5;3.062604;1;Adaptation;15;1;;;;;
0.68;0;0;4.440066;1;Adaptation;15;1;;;;;
0.7;-0.5;-0.5;4.892793;1;Adaptation;15;1;;;;;
0.72;-0.5;-0.5;3.338438;1;Adaptation;15;1;;;;;
0.74;-0.5;-0.5;3.255678;1;Adaptation;15;1;;;;;
0.76;-0.5;-0.5;5.282189;1;Adaptation;15;1;;;;;
0.78;-0.5;-0.5;5.64508;1;Adaptation;15;1;;;;;
0.8;-0.5;-0.5;3.731584;1;Adaptation;15;1;;;;;
0.82;-0.5;-0.5;5.386172;1;Adaptation;15;1;;;;;
0.84;0;-0.25;3.034846;1;Adaptation;15;1;;;;;
0.86;-0.5;-0.5;4.207748;1;Adaptation;15;1;;;;;
0.88;-0.5;-0.5;5.768247;1;Adaptation;15;1;;;;;
0.9;-0.5;-0.5;5.197574;1;Adaptation;15;1;;;;;
0.92;-0.5;-0.5;5.985581;1;Adaptation;15;1;;;;;
0.94;-0.5;-0.5;4.76772;1;Adaptation;15;1;;;;;
0.96;0;0;5.78367;1;Adaptation;15;1;;;;;
0.98;-0.5;-0.5;2.521275;1;Adaptation;15;1;;;;;
1;-0.5;-0.5;2.106955;1;Adaptation;15;1;;;;;
1.02;2;0.125;5.12475;1;Adaptation;15;1;;;;;
1.04;-0.5;-0.5;4.916504;1;Adaptation;15;1;;;;;
1.06;-0.5;-0.5;4.351493;1;Adaptation;15;1;;;;;
1.08;-0.5;-0.5;2.052425;1;Adaptation;15;1;;;;;
1.1;-0.5;-0.5;3.853147;1;Adaptation;15;1;;;;;
1.12;-0.5;-0.5;5.640725;1;Adaptation;15;1;;;;;
1.14;-0.5;-0.5;3.503859;1;Adaptation;15;1;;;;;
1.16;-0.5;-0.5;5.347818;1;Adaptation;15;1;;;;;
1.18;-0.5;-0.5;2.311384;1;Adaptation;15;1;;;;;
1.2;-0.5;-0.5;2.995058;1;Adaptation;15;1;;;;;
1.22;-0.5;-0.5;5.31183;1;Adaptation;15;1;;;;;
1.24;-0.5;-0.5;3.771274;1;Adaptation;15;1;;;;;
1.26;0;-0.125;4.338924;1;Adaptation;15;1;;;;;
1.28;2;-0.25;3.339976;1;Adaptation;15;1;;;;;
1.3;-0.5;-0.5;5.788363;1;Adaptation;15;1;;;;;
1.32;-0.5;-0.5;5.823441;1;Adaptation;15;1;;;;;
1.34;-0.5;-0.5;3.274742;1;Adaptation;15;1;;;;;
1.36;-0.5;-0.5;4.616491;1;Adaptation;15;1;;;;;
1.38;-0.5;-0.5;4.636603;1;Adaptation;15;1;;;;;
1.4;2;0.125;2.966965;1;Adaptation;15;1;;;;;
1.42;-0.5;-0.5;5.255163;1;Adaptation;15;1;;;;;
1.44;-0.5;-0.5;3.38486;1;Adaptation;15;1;;;;;
1.46;-0.5;-0.5;3.767204;1;Adaptation;15;1;;;;;
1.48;-0.5;-0.5;2.392329;1;Adaptation;15;1;;;;;
1.5;0;0.25;5.257311;1;Adaptation;15;1;;;;;
1.52;-0.5;-0.5;2.045233;1;Adaptation;15;1;;;;;
1.54;0;0;3.373569;1;Adaptation;15;1;;;;;
1.56;0;-0.25;4.915878;1;Adaptation;15;1;;;;;
1.58;-0.5;-0.5;3.194026;1;Adaptation;15;1;;;;;
1.6;-0.5;-0.5;2.797885;1;Adaptation;15;1;;;;;
1.62;-0.5;-0.5;3.571851;1;Adaptation;15;1;;;;;
1.64;-0.5;-0.5;3.581283;1;Adaptation;15;1;;;;;
1.66;-0.5;-0.5;2.471024;1;Adaptation;15;1;;;;;
1.68;-0.5;-0.5;2.703502;1;Adaptation;15;1;;;;;
1.7;-0.5;-0.5;2.107309;1;Adaptation;15;1;;;;;
1.72;-0.5;-0.5;4.566174;1;Adaptation;15;1;;;;;
1.74;2;0.125;2.592039;1;Adaptation;15;1;;;;;
1.76;0;0;5.016302;1;Adaptation;15;1;;;;;
1.78;-0.5;-0.5;4.964973;1;Adaptation;15;1;;;;;
1.8;0;0.125;2.025629;1;Adaptation;15;1;;;;;
1.82;2;0;3.875702;1;Adaptation;15;1;;;;;
1.84;-0.5;-0.5;2.021457;1;Adaptation;15;1;;;;;
1.86;-0.5;-0.5;4.414175;1;Adaptation;15;1;;;;;
1.88;-0.5;-0.5;4.98358;1;Adaptation;15;1;;;;;
1.9;-0.5;-0.5;5.534039;1;Adaptation;15;1;;;;;
1.92;-0.5;-0.5;3.361042;1;Adaptation;15;1;;;;;
1.94;0;0;2.188251;1;Adaptation;15;1;;;;;
1.96;-0.5;-0.5;3.405397;1;Adaptation;15;1;;;;;
1.98;-0.5;-0.5;3.159904;1;Adaptation;15;1;;;;;
2;-0.5;-0.5;4.671216;1;Adaptation;15;1;;;;;
2.02;-0.5;-0.5;4.437611;1;Adaptation;15;1;;;;;
2.04;-0.5;-0.5;2.266699;1;Adaptation;15;1;;;;;
2.06;-0.5;-0.5;2.428431;1;Adaptation;15;1;;;;;
2.08;-0.5;-0.5;3.000663;1;Adaptation;15;1;;;;;
2.1;-0.5;-0.5;5.4994;1;Adaptation;15;1;;;;;
2.12;-0.5;-0.5;4.54343;1;Adaptation;15;1;;;;;
2.14;-0.5;-0.5;3.111416;1;Adaptation;15;1;;;;;
2.16;-0.5;-0.5;2.037259;1;Adaptation;15;1;;;;;
2.18;-0.5;-0.5;2.750431;1;Adaptation;15;1;;;;;
2.2;-0.5;-0.5;2.897821;1;Adaptation;15;1;;;;;
2.22;-2;0;2.094143;1;Adaptation;15;1;;;;;
2.24;-0.5;-0.5;4.101624;1;Adaptation;15;1;;;;;
2.26;0;0;4.099879;1;Adaptation;15;1;;;;;
2.28;-0.5;-0.5;3.311506;1;Adaptation;15;1;;;;;
2.3;-0.5;-0.5;5.573259;1;Adaptation;15;1;;;;;
2.32;-0.5;-0.5;2.06085;1;Adaptation;15;1;;;;;
2.34;0;0.125;5.090114;1;Adaptation;15;1;;;;;
2.36;-0.5;-0.5;3.948346;1;Adaptation;15;1;;;;;
2.38;-0.5;-0.5;4.133058;1;Adaptation;15;1;;;;;
2.4;-0.5;-0.5;2.798975;1;Adaptation;15;1;;;;;
2.42;-0.5;-0.5;4.040178;1;Adaptation;15;1;;;;;
2.44;-0.5;-0.5;2.299865;1;Adaptation;15;1;;;;;
2.46;-2;0;2.309401;1;Adaptation;15;1;;;;;
2.48;-0.5;-0.5;5.389904;1;Adaptation;15;1;;;;;
2.5;-0.5;-0.5;4.453731;1;Adaptation;15;1;;;;;
2.52;0;-0.25;5.19452;1;Adaptation;15;1;;;;;
2.54;-0.5;-0.5;4.080231;1;Adaptation;15;1;;;;;
2.56;-0.5;-0.5;3.465463;1;Adaptation;15;1;;;;;
2.58;0;0;2.693835;1;Adaptation;15;1;;;;;
2.6;0;0;4.254726;1;Adaptation;15;1;;;;;
2.62;0;0.125;4.583156;1;Adaptation;15;1;;;;;
2.64;-0.5;-0.5;2.222489;1;Adaptation;15;1;;;;;
2.66;-0.5;-0.5;4.158069;1;Adaptation;15;1;;;;;
2.68;-0.5;-0.5;4.723348;1;Adaptation;15;1;;;;;
2.7;-0.5;-0.5;2.633467;1;Adaptation;15;1;;;;;
2.72;-0.5;-0.5;2.623763;1;Adaptation;15;1;;;;;
2.74;-0.5;-0.5;3.353915;1;Adaptation;15;1;;;;;
2.76;0;0.125;4.286745;1;Adaptation;15;1;;;;;
2.78;-0.5;-0.5;4.058043;1;Adaptation;15;1;;;;;
2.8;-0.5;-0.5;3.950046;1;Adaptation;15;1;;;;;
2.82;-0.5;-0.5;4.223343;1;Adaptation;15;1;;;;;
2.84;-0.5;-0.5;2.529164;1;Adaptation;15;1;;;;;
2.86;-0.5;-0.5;4.449804;1;Adaptation;15;1;;;;;
2.88;-0.5;-0.5;2.301823;1;Adaptation;15;1;;;;;
2.9;-0.5;-0.5;2.668981;1;Adaptation;15;1;;;;;
2.92;-0.5;-0.5;4.256803;1;Adaptation;15;1;;;;;
2.94;-0.5;-0.5;5.236704;1;Adaptation;15;1;;;;;
2.96;-0.5;-0.5;5.988945;1;Adaptation;15;1;;;;;
2.98;-0.5;-0.5;5.681062;1;Adaptation;15;1;;;;;
3;-0.5;-0.5;2.283222;1;Adaptation;15;1;;;;;
3.02;-0.5;-0.5;4.851643;1;Adaptation;15;1;;;;;
3.04;-0.5;-0.5;5.187733;1;Adaptation;15;1;;;;;
3.06;-0.5;-0.5;4.872531;1;Adaptation;15;1;;;;;
3.08;-0.5;-0.5;4.82627;1;Adaptation;15;1;;;;;
3.1;0;-0.25;4.500709;1;Adaptation;15;1;;;;;
3.12;-0.5;-0.5;4.993623;1;Adaptation;15;1;;;;;
3.14;-0.5;-0.5;3.681736;1;Adaptation;15;1;;;;;
3.16;-0.5;-0.5;2.723063;1;Adaptation;15;1;;;;;
3.18;-0.5;-0.5;2.500186;1;Adaptation;15;1;;;;;
3.2;-0.5;-0.5;2.729504;1;Adaptation;15;1;;;;;
3.22;-0.5;-0.5;5.671929;1;Adaptation;15;1;;;;;
3.24;-0.5;-0.5;2.149205;1;Adaptation;15;1;;;;;
3.26;-0.5;-0.5;3.019402;1;Adaptation;15;1;;;;;
3.28;-0.5;-0.5;5.437697;1;Adaptation;15;1;;;;;
3.3;2;0;2.501716;1;Adaptation;15;1;;;;;
3.32;0;0;4.046042;1;Adaptation;15;1;;;;;
3.34;-0.5;-0.5;5.466713;1;Adaptation;15;1;;;;;
3.36;-0.5;-0.5;5.2347;1;Adaptation;15;1;;;;;
3.38;-0.5;-0.5;5.750908;1;Adaptation;15;1;;;;;
3.4;-0.5;-0.5;2.627512;1;Adaptation;15;1;;;;;
3.42;-0.5;-0.5;2.576892;1;Adaptation;15;1;;;;;
3.44;-0.5;-0.5;2.898581;1;Adaptation;15;1;;;;;
3.46;-0.5;-0.5;2.74304;1;Adaptation;15;1;;;;;
3.48;-0.5;-0.5;4.904747;1;Adaptation;15;1;;;;;
3.5;-0.5;-0.5;4.729905;1;Adaptation;15;1;;;;;
3.52;0;0;2.646196;1;Adaptation;15;1;;;;;
3.54;-0.5;-0.5;2.49892;1;Adaptation;15;1;;;;;
3.56;-0.5;-0.5;2.606637;1;Adaptation;15;1;;;;;
3.58;-0.5;-0.5;2.080838;1;Adaptation;15;1;;;;;
3.6;-0.5;-0.5;2.5122;1;Adaptation;15;1;;;;;
3.62;2;0.25;3.581319;1;Adaptation;15;1;;;;;
3.64;0;-0.125;3.358701;1;Adaptation;15;1;;;;;
3.66;-0.5;-0.5;3.858007;1;Adaptation;15;1;;;;;
3.68;-0.5;-0.5;4.764526;1;Adaptation;15;1;;;;;
3.7;-0.5;-0.5;5.37241;1;Adaptation;15;1;;;;;
3.72;-0.5;-0.5;3.860665;1;Adaptation;15;1;;;;;
3.74;-0.5;-0.5;2.549381;1;Adaptation;15;1;;;;;
3.76;-0.5;-0.5;2.388982;1;Adaptation;15;1;;;;;
3.78;-0.5;-0.5;3.09681;1;Adaptation;15;1;;;;;
3.8;-0.5;-0.5;4.503039;1;Adaptation;15;1;;;;;
3.82;0;-0.125;3.127415;1;Adaptation;15;1;;;;;
3.84;-0.5;-0.5;3.447644;1;Adaptation;15;1;;;;;
3.86;-0.5;-0.5;4.294617;1;Adaptation;15;1;;;;;
3.88;-0.5;-0.5;4.898707;1;Adaptation;15;1;;;;;
3.9;-0.5;-0.5;3.091414;1;Adaptation;15;1;;;;;
3.92;-0.5;-0.5;2.54683;1;Adaptation;15;1;;;;;
3.94;-2;-0.25;5.332148;1;Adaptation;15;1;;;;;
3.96;0;0.125;2.504403;1;Adaptation;15;1;;;;;
3.98;-0.5;-0.5;4.665202;1;Adaptation;15;1;;;;;
4;-0.5;-0.5;4.416241;1;Adaptation;15;1;;;;;
4.02;-0.5;-0.5;3.759644;1;Adaptation;15;1;;;;;
4.04;-0.5;-0.5;4.671382;1;Adaptation;15;1;;;;;
4.06;-0.5;-0.5;4.932116;1;Adaptation;15;1;;;;;
4.08;-0.5;-0.5;5.052938;1;Adaptation;15;1;;;;;
4.1;-2;-0.125;3.692303;1;Adaptation;15;1;;;;;
4.12;-0.5;-0.5;5.067822;1;Adaptation;15;1;;;;;
4.14;-0.5;-0.5;5.165344;1;Adaptation;15;1;;;;;
4.16;-2;0.125;4.803257;1;Adaptation;15;1;;;;;
4.18;-0.5;-0.5;5.769284;1;Adaptation;15;1;;;;;
4.2;-0.5;-0.5;5.799982;1;Adaptation;15;1;;;;;
4.22;-0.5;-0.5;3.211494;1;Adaptation;15;1;;;;;
4.24;2;0.125;5.476226;1;Adaptation;15;1;;;;;
4.26;2;0.125;2.26516;1;Adaptation;15;1;;;;;
4.28;-0.5;-0.5;3.957402;1;Adaptation;15;1;;;;;
4.3;-0.5;-0.5;2.650968;1;Adaptation;15;1;;;;;
4.32;-0.5;-0.5;4.317508;1;Adaptation;15;1;;;;;
4.34;-0.5;-0.5;4.180651;1;Adaptation;15;1;;;;;
4.36;2;0.125;4.161453;1;Adaptation;15;1;;;;;
4.38;2;0;5.87627;1;Adaptation;15;1;;;;;
4.4;-0.5;-0.5;2.258603;1;Adaptation;15;1;;;;;
4.42;-0.5;-0.5;4.814228;1;Adaptation;15;1;;;;;
4.44;-0.5;-0.5;2.804263;1;Adaptation;15;1;;;;;
4.46;-0.5;-0.5;2.305657;1;Adaptation;15;1;;;;;
4.48;-0.5;-0.5;2.009797;1;Adaptation;15;1;;;;;
4.5;-0.5;-0.5;5.92748;1;Adaptation;15;1;;;;;
4.52;-0.5;-0.5;4.310431;1;Adaptation;15;1;;;;;
4.54;-0.5;-0.5;4.344683;1;Adaptation;15;1;;;;;
4.56;0;-0.125;2.854486;1;Adaptation;15;1;;;;;
4.58;2;-0.125;4.001366;1;Adaptation;15;1;;;;;
4.6;-0.5;-0.5;5.580917;1;Adaptation;15;1;;;;;
4.62;-0.5;-0.5;4.010585;1;Adaptation;15;1;;;;;
4.64;-0.5;-0.5;5.116746;1;Adaptation;15;1;;;;;
4.66;-0.5;-0.5;5.991923;1;Adaptation;15;1;;;;;
4.68;-0.5;-0.5;3.622957;1;Adaptation;15;1;;;;;
4.7;-0.5;-0.5;3.286128;1;Adaptation;15;1;;;;;
4.72;-0.5;-0.5;5.897187;1;Adaptation;15;1;;;;;
4.74;-0.5;-0.5;3.802304;1;Adaptation;15;1;;;;;
4.76;-0.5;-0.5;4.53895;1;Adaptation;15;1;;;;;
4.78;-0.5;-0.5;5.746518;1;Adaptation;15;1;;;;;
4.8;-0.5;-0.5;3.956902;1;Adaptation;15;1;;;;;
4.82;0;-0.25;5.160289;1;Adaptation;15;1;;;;;
4.84;0;0;2.722092;1;Adaptation;15;1;;;;;
4.86;-0.5;-0.5;4.900037;1;Adaptation;15;1;;;;;
4.88;2;0.375;4.391977;1;Adaptation;15;1;;;;;
4.9;2;0.125;3.637301;1;Adaptation;15;1;;;;;
4.92;-0.5;-0.5;2.29833;1;Adaptation;15;1;;;;;
4.94;-0.5;-0.5;3.629146;1;Adaptation;15;1;;;;;
4.96;-0.5;-0.5;3.658777;1;Adaptation;15;1;;;;;
4.98;-4;0;3.568999;1;Adaptation;15;1;;;;;
5;-0.5;-0.5;5.513338;1;Adaptation;15;1;;;;;
5.02;0;0;4.736174;1;Adaptation;15;1;;;;;
5.04;-2;0;2.932228;1;Adaptation;15;1;;;;;
5.06;-0.5;-0.5;2.183148;1;Adaptation;15;1;;;;;
5.08;-0.5;-0.5;5.724851;1;Adaptation;15;1;;;;;
5.1;2;0.125;2.858786;1;Adaptation;15;1;;;;;
5.12;-0.5;-0.5;4.816866;1;Adaptation;15;1;;;;;
5.14;-0.5;-0.5;5.82467;1;Adaptation;15;1;;;;;
5.16;-2;0;5.060062;1;Adaptation;15;1;;;;;
5.18;-0.5;-0.5;2.075282;1;Adaptation;15;1;;;;;
5.2;-0.5;-0.5;4.68542;1;Adaptation;15;1;;;;;
5.22;-0.5;-0.5;3.224138;1;Adaptation;15;1;;;;;
5.24;2;0.25;3.833788;1;Adaptation;15;1;;;;;
5.26;-0.5;-0.5;4.666925;1;Adaptation;15;1;;;;;
5.28;-2;0.125;4.969718;1;Adaptation;15;1;;;;;
5.3;-0.5;-0.5;5.844824;1;Adaptation;15;1;;;;;
5.32;-2;0.25;4.443913;1;Adaptation;15;1;;;;;
5.34;-0.5;-0.5;4.13293;1;Adaptation;15;1;;;;;
5.36;-0.5;-0.5;3.245776;1;Adaptation;15;1;;;;;
5.38;-0.5;-0.5;3.819877;1;Adaptation;15;1;;;;;
5.4;-0.5;-0.5;4.909748;1;Adaptation;15;1;;;;;
5.42;-0.5;-0.5;5.840615;1;Adaptation;15;1;;;;;
5.44;-0.5;-0.5;2.106894;1;Adaptation;15;1;;;;;
5.46;-0.5;-0.5;2.330958;1;Adaptation;15;1;;;;;
5.48;0;-0.25;2.786256;1;Adaptation;15;1;;;;;
5.5;-0.5;-0.5;2.031294;1;Adaptation;15;1;;;;;
5.52;0;-0.125;2.47083;1;Adaptation;15;1;;;;;
5.54;-0.5;-0.5;3.671286;1;Adaptation;15;1;;;;;
5.56;-0.5;-0.5;5.930749;1;Adaptation;15;1;;;;;
5.58;-0.5;-0.5;5.41327;1;Adaptation;15;1;;;;;
5.6;-0.5;-0.5;5.123195;1;Adaptation;15;1;;;;;
5.62;0;-0.25;4.882591;1;Adaptation;15;1;;;;;
5.64;-0.5;-0.5;4.078062;1;Adaptation;15;1;;;;;
5.66;0;0.25;3.525191;1;Adaptation;15;1;;;;;
5.68;-0.5;-0.5;2.13363;1;Adaptation;15;1;;;;;
5.7;-0.5;-0.5;4.396636;1;Adaptation;15;1;;;;;
5.72;-0.5;-0.5;5.297203;1;Adaptation;15;1;;;;;
5.74;-0.5;-0.5;3.611101;1;Adaptation;15;1;;;;;
5.76;-0.5;-0.5;2.373059;1;Adaptation;15;1;;;;;
5.78;-0.5;-0.5;5.879045;1;Adaptation;15;1;;;;;
5.8;-0.5;-0.5;5.175477;1;Adaptation;15;1;;;;;
5.82;-0.5;-0.5;4.246553;1;Adaptation;15;1;;;;;
5.84;-0.5;-0.5;2.089334;1;Adaptation;15;1;;;;;
5.86;0;-0.125;5.014704;1;Adaptation;15;1;;;;;
5.88;-0.5;-0.5;5.683917;1;Adaptation;15;1;;;;;
5.9;-2;0;4.888251;1;Adaptation;15;1;;;;;
5.92;0;0;2.967957;1;Adaptation;15;1;;;;;
5.94;0;0.125;4.660494;1;Adaptation;15;1;;;;;
5.96;-0.5;-0.5;2.965523;1;Adaptation;15;1;;;;;
5.98;-0.5;-0.5;5.066799;1;Adaptation;15;1;;;;;
6;-0.5;-0.5;3.342473;1;Adaptation;15;1;;;;;
6.02;-0.5;-0.5;5.652992;1;Adaptation;15;1;;;;;
6.04;-2;-0.25;4.479587;1;Adaptation;15;1;;;;;
6.06;-2;0;3.777412;1;Adaptation;15;1;;;;;
6.08;0;-0.125;3.749039;1;Adaptation;15;1;;;;;
6.1;0;0.25;5.848547;1;Adaptation;15;1;;;;;
6.12;-0.5;-0.5;5.67159;1;Adaptation;15;1;;;;;
6.14;-0.5;-0.5;4.794656;1;Adaptation;15;1;;;;;
6.16;-0.5;-0.5;3.19235;1;Adaptation;15;1;;;;;
6.18;-0.5;-0.5;5.328924;1;Adaptation;15;1;;;;;
6.2;-0.5;-0.5;4.397577;1;Adaptation;15;1;;;;;
6.22;-0.5;-0.5;3.190017;1;Adaptation;15;1;;;;;
6.24;-0.5;-0.5;4.754167;1;Adaptation;15;1;;;;;
6.26;-0.5;-0.5;5.436395;1;Adaptation;15;1;;;;;
6.28;-0.5;-0.5;5.123719;1;Adaptation;15;1;;;;;
6.3;-0.5;-0.5;2.801082;1;Adaptation;15;1;;;;;
6.32;-0.5;-0.5;2.11893;1;Adaptation;15;1;;;;;
6.34;-0.5;-0.5;4.553337;1;Adaptation;15;1;;;;;
6.36;-0.5;-0.5;3.706563;1;Adaptation;15;1;;;;;
6.38;-0.5;-0.5;2.271909;1;Adaptation;15;1;;;;;
6.4;0;0;5.123351;1;Adaptation;15;1;;;;;
6.42;-0.5;-0.5;5.762712;1;Adaptation;15;1;;;;;
6.44;-0.5;-0.5;2.122399;1;Adaptation;15;1;;;;;
6.46;-0.5;-0.5;5.786561;1;Adaptation;15;1;;;;;
6.48;-0.5;-0.5;2.633587;1;Adaptation;15;1;;;;;
6.5;-0.5;-0.5;3.483711;1;Adaptation;15;1;;;;;
6.52;-2;0;5.377902;1;Adaptation;15;1;;;;;
6.54;-0.5;-0.5;4.559366;1;Adaptation;15;1;;;;;
6.56;0;0;4.037476;1;Adaptation;15;1;;;;;
6.58;-2;0.125;3.403365;1;Adaptation;15;1;;;;;
6.6;-0.5;-0.5;4.962652;1;Adaptation;15;1;;;;;
6.62;-0.5;-0.5;4.25431;1;Adaptation;15;1;;;;;
6.64;-0.5;-0.5;2.098962;1;Adaptation;15;1;;;;;
6.66;-0.5;-0.5;5.38994;1;Adaptation;15;1;;;;;
6.68;-0.5;-0.5;4.337933;1;Adaptation;15;1;;;;;
6.7;-0.5;-0.5;4.691375;1;Adaptation;15;1;;;;;
6.72;-0.5;-0.5;4.608772;1;Adaptation;15;1;;;;;
6.74;-0.5;-0.5;4.447585;1;Adaptation;15;1;;;;;
6.76;-0.5;-0.5;5.505427;1;Adaptation;15;1;;;;;
6.78;-0.5;-0.5;5.169025;1;Adaptation;15;1;;;;;
6.8;-0.5;-0.5;5.906086;1;Adaptation;15;1;;;;;
6.82;2;0;5.543748;1;Adaptation;15;1;;;;;
6.84;-0.5;-0.5;4.420551;1;Adaptation;15;1;;;;;
6.86;-0.5;-0.5;2.854384;1;Adaptation;15;1;;;;;
6.88;-0.5;-0.5;3.928871;1;Adaptation;15;1;;;;;
6.9;-0.5;-0.5;3.056597;1;Adaptation;15;1;;;;;
6.92;-0.5;-0.5;5.385348;1;Adaptation;15;1;;;;;
6.94;-0.5;-0.5;3.078281;1;Adaptation;15;1;;;;;
6.96;-0.5;-0.5;4.378051;1;Adaptation;15;1;;;;;
6.98;-0.5;-0.5;5.066882;1;Adaptation;15;1;;;;;
7;-0.5;-0.5;4.681334;1;Adaptation;15;1;;;;;
7.02;2;0.125;5.884564;1;Adaptation;15;1;;;;;
7.04;-0.5;-0.5;3.618274;1;Adaptation;15;1;;;;;
7.06;0;0;5.988105;1;Adaptation;15;1;;;;;
7.08;-0.5;-0.5;5.432011;1;Adaptation;15;1;;;;;
7.1;-0.5;-0.5;2.49958;1;Adaptation;15;1;;;;;
7.12;-0.5;-0.5;5.168337;1;Adaptation;15;1;;;;;
7.14;-0.5;-0.5;4.176878;1;Adaptation;15;1;;;;;
7.16;-0.5;-0.5;3.529175;1;Adaptation;15;1;;;;;
7.18;-0.5;-0.5;2.087186;1;Adaptation;15;1;;;;;
7.2;-2;0;3.033633;1;Adaptation;15;1;;;;;
7.22;-0.5;-0.5;3.164141;1;Adaptation;15;1;;;;;
7.24;-0.5;-0.5;3.800648;1;Adaptation;15;1;;;;;
7.26;-0.5;-0.5;3.871989;1;Adaptation;15;1;;;;;
7.28;-0.5;-0.5;3.467253;1;Adaptation;15;1;;;;;
7.3;-0.5;-0.5;5.92135;1;Adaptation;15;1;;;;;
7.32;-0.5;-0.5;3.999087;1;Adaptation;15;1;;;;;
7.34;-0.5;-0.5;5.262012;1;Adaptation;15;1;;;;;
7.36;-0.5;-0.5;5.138899;1;Adaptation;15;1;;;;;
7.38;0;0;2.371328;1;Adaptation;15;1;;;;;
7.4;-0.5;-0.5;4.431026;1;Adaptation;15;1;;;;;
7.42;-0.5;-0.5;4.940952;1;Adaptation;15;1;;;;;
7.44;-0.5;-0.5;4.924195;1;Adaptation;15;1;;;;;
7.46;-0.5;-0.5;4.826665;1;Adaptation;15;1;;;;;
7.48;-0.5;-0.5;3.710509;1;Adaptation;15;1;;;;;
7.5;-0.5;-0.5;2.034842;1;Adaptation;15;1;;;;;
7.52;-0.5;-0.5;3.054789;1;Adaptation;15;1;;;;;
7.54;-0.5;-0.5;5.919273;1;Adaptation;15;1;;;;;
7.56;0;0;3.253603;1;Adaptation;15;1;;;;;
7.58;-0.5;-0.5;3.60058;1;Adaptation;15;1;;;;;
7.6;-0.5;-0.5;5.661626;1;Adaptation;15;1;;;;;
7.62;-0.5;-0.5;4.303019;1;Adaptation;15;1;;;;;
7.64;0;-0.25;4.959076;1;Adaptation;15;1;;;;;
7.66;-0.5;-0.5;4.284818;1;Adaptation;15;1;;;;;
7.68;-0.5;-0.5;3.291385;1;Adaptation;15;1;;;;;
7.7;-0.5;-0.5;4.424402;1;Adaptation;15;1;;;;;
7.72;-0.5;-0.5;4.482265;1;Adaptation;15;1;;;;;
7.74;0;0;5.801985;1;Adaptation;15;1;;;;;
7.76;-0.5;-0.5;3.556713;1;Adaptation;15;1;;;;;
7.78;-0.5;-0.5;2.64713;1;Adaptation;15;1;;;;;
7.8;-0.5;-0.5;4.704671;1;Adaptation;15;1;;;;;
7.82;-0.5;-0.5;3.216932;1;Adaptation;15;1;;;;;
7.84;-0.5;-0.5;5.209181;1;Adaptation;15;1;;;;;
7.86;-0.5;-0.5;3.423535;1;Adaptation;15;1;;;;;
7.88;-0.5;-0.5;4.937829;1;Adaptation;15;1;;;;;
7.9;0;0;5.93887;1;Adaptation;15;1;;;;;
7.92;-0.5;-0.5;4.300417;1;Adaptation;15;1;;;;;
7.94;-0.5;-0.5;3.462069;1;Adaptation;15;1;;;;;
7.96;-0.5;-0.5;3.755895;1;Adaptation;15;1;;;;;
7.98;-0.5;-0.5;4.092086;1;Adaptation;15;1;;;;;
8;-0.5;-0.5;3.038389;1;Adaptation;15;1;;;;;
8.02;-0.5;-0.5;5.613256;1;Adaptation;15;1;;;;;
8.04;2;0;3.338796;1;Adaptation;15;1;;;;;
8.059999;2;-0.25;3.856254;1;Adaptation;15;1;;;;;
8.08;0;-0.125;4.770433;1;Adaptation;15;1;;;;;
8.099999;-0.5;-0.5;3.530133;1;Adaptation;15;1;;;;;
8.12;0;-0.125;4.536455;1;Adaptation;15;1;;;;;
8.139999;-0.5;-0.5;3.63422;1;Adaptation;15;1;;;;;
8.16;-0.5;-0.5;4.782203;1;Adaptation;15;1;;;;;
8.179999;0;-0.25;5.301608;1;Adaptation;15;1;;;;;
8.2;-0.5;-0.5;4.798332;1;Adaptation;15;1;;;;;
8.22;0;0;4.644593;1;Adaptation;15;1;;;;;
8.24;-0.5;-0.5;2.685439;1;Adaptation;15;1;;;;;
8.26;-0.5;-0.5;2.867067;1;Adaptation;15;1;;;;;
8.28;-0.5;-0.5;2.301292;1;Adaptation;15;1;;;;;
8.3;-0.5;-0.5;5.400359;1;Adaptation;15;1;;;;;
8.32;-0.5;-0.5;2.855882;1;Adaptation;15;1;;;;;
8.34;-0.5;-0.5;4.617322;1;Adaptation;15;1;;;;;
8.36;-0.5;-0.5;3.998378;1;Adaptation;15;1;;;;;
8.38;-0.5;-0.5;2.267851;1;Adaptation;15;1;;;;;
8.4;-0.5;-0.5;3.500216;1;Adaptation;15;1;;;;;
8.42;-0.5;-0.5;2.148712;1;Adaptation;15;1;;;;;
8.44;-0.5;-0.5;3.091694;1;Adaptation;15;1;;;;;
8.46;0;0;3.808524;1;Adaptation;15;1;;;;;
8.48;-0.5;-0.5;3.108257;1;Adaptation;15;1;;;;;
8.5;-0.5;-0.5;4.109939;1;Adaptation;15;1;;;;;
8.52;-0.5;-0.5;2.23343;1;Adaptation;15;1;;;;;
8.54;-0.5;-0.5;4.021811;1;Adaptation;15;1;;;;;
8.559999;-0.5;-0.5;2.991308;1;Adaptation;15;1;;;;;
8.58;0;0;4.368264;1;Adaptation;15;1;;;;;
8.599999;-0.5;-0.5;5.123735;1;Adaptation;15;1;;;;;
8.62;0;0.125;5.486791;1;Adaptation;15;1;;;;;
8.639999;-0.5;-0.5;5.538145;1;Adaptation;15;1;;;;;
8.66;-0.5;-0.5;5.698221;1;Adaptation;15;1;;;;;
8.679999;2;0;3.906569;1;Adaptation;15;1;;;;;
8.7;-0.5;-0.5;3.529973;1;Adaptation;15;1;;;;;
8.72;-0.5;-0.5;5.402932;1;Adaptation;15;1;;;;;
8.74;-0.5;-0.5;2.92019;1;Adaptation;15;1;;;;;
8.76;-0.5;-0.5;2.951338;1;Adaptation;15;1;;;;;
8.78;-0.5;-0.5;2.053513;1;Adaptation;15;1;;;;;
8.8;-0.5;-0.5;3.080121;1;Adaptation;15;1;;;;;
8.82;-0.5;-0.5;2.46557;1;Adaptation;15;1;;;;;
8.84;0;0;5.143771;1;Adaptation;15;1;;;;;
8.86;0;0;2.944469;1;Adaptation;15;1;;;;;
8.88;-0.5;-0.5;4.226962;1;Adaptation;15;1;;;;;
8.9;-0.5;-0.5;4.109679;1;Adaptation;15;1;;;;;
8.92;-2;0.125;5.750053;1;Adaptation;15;1;;;;;
8.94;0;0.25;5.929696;1;Adaptation;15;1;;;;;
8.96;-0.5;-0.5;5.241717;1;Adaptation;15;1;;;;;
8.98;-0.5;-0.5;5.781402;1;Adaptation;15;1;;;;;
9;-0.5;-0.5;3.399515;1;Adaptation;15;1;;;;;
9.02;-0.5;-0.5;5.756403;1;Adaptation;15;1;;;;;
9.04;0;0;3.799858;1;Adaptation;15;1;;;;;
9.059999;0;0;2.064796;1;Adaptation;15;1;;;;;
9.08;-0.5;-0.5;5.657633;1;Adaptation;15;1;;;;;
9.099999;-0.5;-0.5;4.267809;1;Adaptation;15;1;;;;;
9.12;-0.5;-0.5;4.6446;1;Adaptation;15;1;;;;;
9.139999;-0.5;-0.5;4.620025;1;Adaptation;15;1;;;;;
9.16;-0.5;-0.5;3.304824;1;Adaptation;15;1;;;;;
9.179999;-0.5;-0.5;2.415115;1;Adaptation;15;1;;;;;
9.2;-0.5;-0.5;3.936424;1;Adaptation;15;1;;;;;
9.22;-0.5;-0.5;5.906986;1;Adaptation;15;1;;;;;
9.24;-0.5;-0.5;4.493983;1;Adaptation;15;1;;;;;
9.26;-0.5;-0.5;4.541272;1;Adaptation;15;1;;;;;
9.28;2;0.125;3.563371;1;Adaptation;15;1;;;;;
9.3;-0.5;-0.5;3.578824;1;Adaptation;15;1;;;;;
9.32;-2;0.125;3.311667;1;Adaptation;15;1;;;;;
9.34;0;0;2.363002;1;Adaptation;15;1;;;;;
9.36;-0.5;-0.5;3.591019;1;Adaptation;15;1;;;;;
9.38;-0.5;-0.5;5.111507;1;Adaptation;15;1;;;;;
9.4;-0.5;-0.5;4.712124;1;Adaptation;15;1;;;;;
9.42;-0.5;-0.5;3.145116;1;Adaptation;15;1;;;;;
9.44;-0.5;-0.5;5.487386;1;Adaptation;15;1;;;;;
9.46;-0.5;-0.5;2.993264;1;Adaptation;15;1;;;;;
9.48;0;0.25;4.195383;1;Adaptation;15;1;;;;;
9.5;-0.5;-0.5;3.633804;1;Adaptation;15;1;;;;;
9.52;-0.5;-0.5;4.025427;1;Adaptation;15;1;;;;;
9.54;-0.5;-0.5;3.810435;1;Adaptation;15;1;;;;;
9.559999;-0.5;-0.5;2.24943;1;Adaptation;15;1;;;;;
9.58;-0.5;-0.5;5.877603;1;Adaptation;15;1;;;;;
9.599999;2;0;4.158403;1;Adaptation;15;1;;;;;
9.62;-0.5;-0.5;2.548903;1;Adaptation;15;1;;;;;
9.639999;2;0;2.633004;1;Adaptation;15;1;;;;;
9.66;0;0.125;5.988434;1;Adaptation;15;1;;;;;
9.679999;-0.5;-0.5;5.559903;1;Adaptation;15;1;;;;;
9.7;-0.5;-0.5;5.924692;1;Adaptation;15;1;;;;;
9.719999;0;0.125;5.479152;1;Adaptation;15;1;;;;;
9.74;-0.5;-0.5;4.267018;1;Adaptation;15;1;;;;;
9.76;-0.5;-0.5;2.860709;1;Adaptation;15;1;;;;;
9.78;-0.5;-0.5;2.49066;1;Adaptation;15;1;;;;;
9.8;-0.5;-0.5;3.098129;1;Adaptation;15;1;;;;;
9.82;-0.5;-0.5;5.844522;1;Adaptation;15;1;;;;;
9.84;2;0.125;3.421351;1;Adaptation;15;1;;;;;
9.86;-0.5;-0.5;3.452769;1;Adaptation;15;1;;;;;
9.88;-0.5;-0.5;2.265402;1;Adaptation;15;1;;;;;
9.9;-2;0.125;4.319549;1;Adaptation;15;1;;;;;
9.92;-0.5;-0.5;2.81685;1;Adaptation;15;1;;;;;
9.94;-2;-0.25;2.494327;1;Adaptation;15;1;;;;;
9.96;-0.5;-0.5;4.240325;1;Adaptation;15;1;;;;;
9.98;2;0.125;3.239944;1;Adaptation;15;1;;;;;
10;-0.5;-0.5;5.123076;1;Adaptation;15;1;;;;;
10.02;-0.5;-0.5;5.219842;1;Adaptation;15;1;;;;;
10.04;-0.5;-0.5;5.514286;1;Adaptation;15;1;;;;;
10.06;-0.5;-0.5;4.953492;1;Adaptation;15;1;;;;;
10.08;-0.5;-0.5;3.690016;1;Adaptation;15;1;;;;;
10.1;-0.5;-0.5;5.033878;1;Adaptation;15;1;;;;;
10.12;-0.5;-0.5;4.3711;1;Adaptation;15;1;;;;;
10.14;-2;0.125;3.896433;1;Adaptation;15;1;;;;;
10.16;-0.5;-0.5;5.657738;1;Adaptation;15;1;;;;;
10.18;-0.5;-0.5;5.309504;1;Adaptation;15;1;;;;;
10.2;-0.5;-0.5;3.405268;1;Adaptation;15;1;;;;;
10.22;2;-0.125;5.954525;1;Adaptation;15;1;;;;;
10.24;-0.5;-0.5;4.570265;1;Adaptation;15;1;;;;;
10.26;0;-0.125;5.761297;1;Adaptation;15;1;;;;;
10.28;2;-0.125;2.825242;1;Adaptation;15;1;;;;;
10.3;-0.5;-0.5;2.394462;1;Adaptation;15;1;;;;;
10.32;-0.5;-0.5;5.213723;1;Adaptation;15;1;;;;;
10.34;-0.5;-0.5;4.374482;1;Adaptation;15;1;;;;;
10.36;0;0.125;4.393267;1;Adaptation;15;1;;;;;
10.38;-0.5;-0.5;4.23766;1;Adaptation;15;1;;;;;
10.4;-0.5;-0.5;5.304211;1;Adaptation;15;1;;;;;
10.42;-0.5;-0.5;5.058233;1;Adaptation;15;1;;;;;
10.44;-0.5;-0.5;5.685853;1;Adaptation;15;1;;;;;
10.46;2;0.125;5.388803;1;Adaptation;15;1;;;;;
10.48;-0.5;-0.5;3.953207;1;Adaptation;15;1;;;;;
10.5;0;0.125;5.190733;1;Adaptation;15;1;;;;;
10.52;-0.5;-0.5;2.470243;1;Adaptation;15;1;;;;;
10.54;-0.5;-0.5;4.820086;1;Adaptation;15;1;;;;;
10.56;-0.5;-0.5;2.461555;1;Adaptation;15;1;;;;;
10.58;-0.5;-0.5;2.281307;1;Adaptation;15;1;;;;;
10.6;-0.5;-0.5;4.63347;1;Adaptation;15;1;;;;;
10.62;-0.5;-0.5;2.168009;1;Adaptation;15;1;;;;;
10.64;-0.5;-0.5;3.350947;1;Adaptation;15;1;;;;;
10.66;-2;0;3.614145;1;Adaptation;15;1;;;;;
10.68;0;-0.125;2.544371;1;Adaptation;15;1;;;;;
10.7;0;0;3.339006;1;Adaptation;15;1;;;;;
10.72;-0.5;-0.5;4.005988;1;Adaptation;15;1;;;;;
10.74;-0.5;-0.5;2.210999;1;Adaptation;15;1;;;;;
10.76;-0.5;-0.5;2.742404;1;Adaptation;15;1;;;;;
10.78;-0.5;-0.5;3.183554;1;Adaptation;15;1;;;;;
10.8;-2;0;5.047406;1;Adaptation;15;1;;;;;
10.82;-0.5;-0.5;5.450335;1;Adaptation;15;1;;;;;
10.84;-0.5;-0.5;4.000308;1;Adaptation;15;1;;;;;
10.86;2;-0.125;4.072919;1;Adaptation;15;1;;;;;
10.88;-0.5;-0.5;4.564547;1;Adaptation;15;1;;;;;
10.9;2;0;5.645371;1;Adaptation;15;1;;;;;
10.92;-0.5;-0.5;3.66502;1;Adaptation;15;1;;;;;
10.94;-0.5;-0.5;5.985677;1;Adaptation;15;1;;;;;
10.96;-0.5;-0.5;3.397966;1;Adaptation;15;1;;;;;
10.98;0;-0.25;3.313018;1;Adaptation;15;1;;;;;
11;-0.5;-0.5;2.898309;1;Adaptation;15;1;;;;;
11.02;0;0.125;4.165201;1;Adaptation;15;1;;;;;
11.04;-0.5;-0.5;2.549311;1;Adaptation;15;1;;;;;
11.06;0;0;4.108724;1;Adaptation;15;1;;;;;
11.08;2;0.125;2.9385;1;Adaptation;15;1;;;;;
11.1;0;0.125;2.628689;1;Adaptation;15;1;;;;;
11.12;0;0;2.056303;1;Adaptation;15;1;;;;;
11.14;0;0;2.049816;1;Adaptation;15;1;;;;;
11.16;-0.5;-0.5;4.567919;1;Adaptation;15;1;;;;;
11.18;-0.5;-0.5;2.606828;1;Adaptation;15;1;;;;;
11.2;2;0;3.592376;1;Adaptation;15;1;;;;;
11.22;-0.5;-0.5;3.741512;1;Adaptation;15;1;;;;;
11.24;-0.5;-0.5;3.521139;1;Adaptation;15;1;;;;;
11.26;-0.5;-0.5;5.819179;1;Adaptation;15;1;;;;;
11.28;-0.5;-0.5;2.836951;1;Adaptation;15;1;;;;;
11.3;-0.5;-0.5;5.498416;1;Adaptation;15;1;;;;;
11.32;-0.5;-0.5;5.974774;1;Adaptation;15;1;;;;;
11.34;-0.5;-0.5;2.743458;1;Adaptation;15;1;;;;;
11.36;-0.5;-0.5;4.170018;1;Adaptation;15;1;;;;;
11.38;0;0;3.957349;1;Adaptation;15;1;;;;;
11.4;-0.5;-0.5;3.711472;1;Adaptation;15;1;;;;;
11.42;-0.5;-0.5;4.071666;1;Adaptation;15;1;;;;;
11.44;-0.5;-0.5;3.028496;1;Adaptation;15;1;;;;;
11.46;-2;-0.125;5.665702;1;Adaptation;15;1;;;;;
11.48;-0.5;-0.5;2.46804;1;Adaptation;15;1;;;;;
11.5;0;-0.25;2.519949;1;Adaptation;15;1;;;;;
11.52;0;0;3.827499;1;Adaptation;15;1;;;;;
11.54;-0.5;-0.5;3.039423;1;Adaptation;15;1;;;;;
11.56;-0.5;-0.5;4.947483;1;Adaptation;15;1;;;;;
11.58;-0.5;-0.5;4.465933;1;Adaptation;15;1;;;;;
11.6;-0.5;-0.5;4.957974;1;Adaptation;15;1;;;;;
11.62;-0.5;-0.5;4.723656;1;Adaptation;15;1;;;;;
11.64;-0.5;-0.5;2.819709;1;Adaptation;15;1;;;;;
11.66;-0.5;-0.5;4.820793;1;Adaptation;15;1;;;;;
11.68;-0.5;-0.5;3.195035;1;Adaptation;15;1;;;;;
11.7;0;0;5.974958;1;Adaptation;15;1;;;;;
11.72;-0.5;-0.5;5.579298;1;Adaptation;15;1;;;;;
11.74;-0.5;-0.5;2.376644;1;Adaptation;15;1;;;;;
11.76;-0.5;-0.5;5.197384;1;Adaptation;15;1;;;;;
11.78;-2;0.25;3.645858;1;Adaptation;15;1;;;;;
11.8;-0.5;-0.5;2.994272;1;Adaptation;15;1;;;;;
11.82;-0.5;-0.5;2.892728;1;Adaptation;15;1;;;;;
11.84;-0.5;-0.5;2.123793;1;Adaptation;15;1;;;;;
11.86;-0.5;-0.5;5.84359;1;Adaptation;15;1;;;;;
11.88;-2;-0.125;5.30661;1;Adaptation;15;1;;;;;
11.9;-0.5;-0.5;2.82392;1;Adaptation;15;1;;;;;
11.92;2;-0.25;5.254452;1;Adaptation;15;1;;;;;
11.94;2;-0.25;5.509837;1;Adaptation;15;1;;;;;
11.96;-0.5;-0.5;5.991338;1;Adaptation;15;1;;;;;
11.98;-2;0;4.289803;1;Adaptation;15;1;;;;;
12;-0.5;-0.5;2.175674;1;Adaptation;15;1;;;;;
12.02;-0.5;-0.5;2.510911;1;Adaptation;15;1;;;;;
12.04;-0.5;-0.5;3.295971;1;Adaptation;15;1;;;;;
12.06;-0.5;-0.5;5.324509;1;Adaptation;15;1;;;;;
12.08;-2;0.125;4.038378;1;Adaptation;15;1;;;;;
12.1;-0.5;-0.5;4.266541;1;Adaptation;15;1;;;;;
12.12;-0.5;-0.5;2.493391;1;Adaptation;15;1;;;;;
12.14;-0.5;-0.5;3.856454;1;Adaptation;15;1;;;;;
12.16;-0.5;-0.5;4.651375;1;Adaptation;15;1;;;;;
12.18;-0.5;-0.5;2.867373;1;Adaptation;15;1;;;;;
12.2;0;-0.25;4.241513;1;Adaptation;15;1;;;;;
12.22;-0.5;-0.5;3.513319;1;Adaptation;15;1;;;;;
12.24;0;0.125;4.719311;1;Adaptation;15;1;;;;;
12.26;-0.5;-0.5;3.635153;1;Adaptation;15;1;;;;;
12.28;-0.5;-0.5;3.352075;1;Adaptation;15;1;;;;;
12.3;-0.5;-0.5;3.770134;1;Adaptation;15;1;;;;;
12.32;-0.5;-0.5;3.195575;1;Adaptation;15;1;;;;;
12.34;-0.5;-0.5;2.989571;1;Adaptation;15;1;;;;;
12.36;-0.5;-0.5;2.4864;1;Adaptation;15;1;;;;;
12.38;-0.5;-0.5;5.259791;1;Adaptation;15;1;;;;;
12.4;-0.5;-0.5;5.370353;1;Adaptation;15;1;;;;;
12.42;-2;0;5.579517;1;Adaptation;15;1;;;;;
12.44;-0.5;-0.5;5.42745;1;Adaptation;15;1;;;;;
12.46;0;-0.25;4.478194;1;Adaptation;15;1;;;;;
12.48;-0.5;-0.5;4.307346;1;Adaptation;15;1;;;;;
12.5;-0.5;-0.5;2.822749;1;Adaptation;15;1;;;;;
12.52;-0.5;-0.5;2.928839;1;Adaptation;15;1;;;;;
12.54;0;0.125;2.953033;1;Adaptation;15;1;;;;;
12.56;0;0;4.876204;1;Adaptation;15;1;;;;;
12.58;-0.5;-0.5;4.652931;1;Adaptation;15;1;;;;;
12.6;-0.5;-0.5;5.180115;1;Adaptation;15;1;;;;;
12.62;-0.5;-0.5;3.287718;1;Adaptation;15;1;;;;;
12.64;0;0;3.855219;1;Adaptation;15;1;;;;;
12.66;-0.5;-0.5;2.414075;1;Adaptation;15;1;;;;;
12.68;-0.5;-0.5;3.351794;1;Adaptation;15;1;;;;;
12.7;-0.5;-0.5;2.541918;1;Adaptation;15;1;;;;;
12.72;-0.5;-0.5;5.855716;1;Adaptation;15;1;;;;;
12.74;-0.5;-0.5;3.229965;1;Adaptation;15;1;;;;;
12.76;-0.5;-0.5;3.23946;1;Adaptation;15;1;;;;;
12.78;-0.5;-0.5;4.078286;1;Adaptation;15;1;;;;;
12.8;-0.5;-0.5;3.734994;1;Adaptation;15;1;;;;;
12.82;-0.5;-0.5;3.682611;1;Adaptation;15;1;;;;;
12.84;-0.5;-0.5;3.766462;1;Adaptation;15;1;;;;;
12.86;-0.5;-0.5;3.509979;1;Adaptation;15;1;;;;;
12.88;-0.5;-0.5;4.641171;1;Adaptation;15;1;;;;;
12.9;-0.5;-0.5;5.47252;1;Adaptation;15;1;;;;;
12.92;0;0;4.445952;1;Adaptation;15;1;;;;;
12.94;-0.5;-0.5;5.329358;1;Adaptation;15;1;;;;;
12.96;-0.5;-0.5;2.193857;1;Adaptation;15;1;;;;;
12.98;-0.5;-0.5;3.950326;1;Adaptation;15;1;;;;;
13;0;0;3.133993;1;Adaptation;15;1;;;;;
13.02;-0.5;-0.5;5.734169;1;Adaptation;15;1;;;;;
13.04;-2;0.125;3.306051;1;Adaptation;15;1;;;;;
13.06;-0.5;-0.5;5.424688;1;Adaptation;15;1;;;;;
13.08;-0.5;-0.5;3.949288;1;Adaptation;15;1;;;;;
13.1;-0.5;-0.5;5.750588;1;Adaptation;15;1;;;;;
13.12;2;0;3.314445;1;Adaptation;15;1;;;;;
13.14;-0.5;-0.5;2.062583;1;Adaptation;15;1;;;;;
13.16;2;0.125;4.745081;1;Adaptation;15;1;;;;;
13.18;-0.5;-0.5;2.641029;1;Adaptation;15;1;;;;;
13.2;-0.5;-0.5;4.738128;1;Adaptation;15;1;;;;;
13.22;-0.5;-0.5;2.912111;1;Adaptation;15;1;;;;;
13.24;-0.5;-0.5;2.204226;1;Adaptation;15;1;;;;;
13.26;-0.5;-0.5;3.160448;1;Adaptation;15;1;;;;;
13.28;-0.5;-0.5;3.119502;1;Adaptation;15;1;;;;;
13.3;-0.5;-0.5;5.50084;1;Adaptation;15;1;;;;;
13.32;-0.5;-0.5;4.619465;1;Adaptation;15;1;;;;;
13.34;-0.5;-0.5;5.559492;1;Adaptation;15;1;;;;;
13.36;0;0.125;3.829913;1;Adaptation;15;1;;;;;
13.38;-0.5;-0.5;4.918318;1;Adaptation;15;1;;;;;
13.4;-0.5;-0.5;5.453603;1;Adaptation;15;1;;;;;
13.42;-0.5;-0.5;3.536263;1;Adaptation;15;1;;;;;
13.44;-0.5;-0.5;2.062323;1;Adaptation;15;1;;;;;
13.46;-0.5;-0.5;5.958711;1;Adaptation;15;1;;;;;
13.48;-0.5;-0.5;2.138877;1;Adaptation;15;1;;;;;
13.5;-0.5;-0.5;2.754565;1;Adaptation;15;1;;;;;
13.52;-0.5;-0.5;2.346413;1;Adaptation;15;1;;;;;
13.54;-0.5;-0.5;3.60861;1;Adaptation;15;1;;;;;
13.56;-0.5;-0.5;2.493313;1;Adaptation;15;1;;;;;
13.58;-2;0.125;5.668592;1;Adaptation;15;1;;;;;
13.6;-0.5;-0.5;4.464428;1;Adaptation;15;1;;;;;
13.62;-0.5;-0.5;2.969096;1;Adaptation;15;1;;;;;
13.64;-0.5;-0.5;2.522817;1;Adaptation;15;1;;;;;
13.66;-0.5;-0.5;3.705319;1;Adaptation;15;1;;;;;
13.68;-0.5;-0.5;3.277314;1;Adaptation;15;1;;;;;
13.7;0;0;3.819977;1;Adaptation;15;1;;;;;
13.72;-0.5;-0.5;3.902571;1;Adaptation;15;1;;;;;
13.74;-0.5;-0.5;5.494097;1;Adaptation;15;1;;;;;
13.76;-0.5;-0.5;4.393205;1;Adaptation;15;1;;;;;
13.78;-0.5;-0.5;2.452652;1;Adaptation;15;1;;;;;
13.8;-0.5;-0.5;5.569373;1;Adaptation;15;1;;;;;
13.82;2;0;4.072555;1;Adaptation;15;1;;;;;
13.84;-2;0;5.781928;1;Adaptation;15;1;;;;;
13.86;-0.5;-0.5;5.428683;1;Adaptation;15;1;;;;;
13.88;-0.5;-0.5;2.983989;1;Adaptation;15;1;;;;;
13.9;-0.5;-0.5;2.522006;1;Adaptation;15;1;;;;;
13.92;-0.5;-0.5;5.625136;1;Adaptation;15;1;;;;;
13.94;0;0;2.719909;1;Adaptation;15;1;;;;;
13.96;-0.5;-0.5;2.894705;1;Adaptation;15;1;;;;;
13.98;-0.5;-0.5;3.639719;1;Adaptation;15;1;;;;;
14;0;-0.125;3.122127;1;Adaptation;15;1;;;;;
14.02;-0.5;-0.5;5.43568;1;Adaptation;15;1;;;;;
14.04;-0.5;-0.5;5.886353;1;Adaptation;15;1;;;;;
14.06;-0.5;-0.5;5.851265;1;Adaptation;15;1;;;;;
14.08;0;-0.25;3.908396;1;Adaptation;15;1;;;;;
14.1;0;-0.25;5.055997;1;Adaptation;15;1;;;;;
14.12;0;0.25;3.005482;1;Adaptation;15;1;;;;;
14.14;-0.5;-0.5;4.425736;1;Adaptation;15;1;;;;;
14.16;-0.5;-0.5;2.651113;1;Adaptation;15;1;;;;;
14.18;-0.5;-0.5;3.395162;1;Adaptation;15;1;;;;;
14.2;-0.5;-0.5;5.524311;1;Adaptation;15;1;;;;;
14.22;-0.5;-0.5;4.336116;1;Adaptation;15;1;;;;;
14.24;-0.5;-0.5;5.383108;1;Adaptation;15;1;;;;;
14.26;-0.5;-0.5;4.52127;1;Adaptation;15;1;;;;;
14.28;-0.5;-0.5;5.179658;1;Adaptation;15;1;;;;;
14.3;0;0;4.158662;1;Adaptation;15;1;;;;;
14.32;-0.5;-0.5;3.071651;1;Adaptation;15;1;;;;;
14.34;0;0;4.165873;1;Adaptation;15;1;;;;;
14.36;-0.5;-0.5;2.840385;1;Adaptation;15;1;;;;;
14.38;-0.5;-0.5;4.570107;1;Adaptation;15;1;;;;;
14.4;0;0.125;4.971499;1;Adaptation;15;1;;;;;
14.42;-0.5;-0.5;2.737522;1;Adaptation;15;1;;;;;
14.44;-0.5;-0.5;4.747329;1;Adaptation;15;1;;;;;
14.46;-0.5;-0.5;2.352028;1;Adaptation;15;1;;;;;
14.48;2;-0.25;2.263275;1;Adaptation;15;1;;;;;
14.5;-0.5;-0.5;5.79807;1;Adaptation;15;1;;;;;
14.52;-0.5;-0.5;2.544448;1;Adaptation;15;1;;;;;
14.54;-0.5;-0.5;4.33847;1;Adaptation;15;1;;;;;
14.56;-0.5;-0.5;5.448282;1;Adaptation;15;1;;;;;
14.58;-0.5;-0.5;2.818174;1;Adaptation;15;1;;;;;
14.6;-0.5;-0.5;2.988058;1;Adaptation;15;1;;;;;
14.62;-0.5;-0.5;4.2388;1;Adaptation;15;1;;;;;
14.64;-0.5;-0.5;2.992815;1;Adaptation;15;1;;;;;
14.66;-0.5;-0.5;2.524004;1;Adaptation;15;1;;;;;
14.68;-0.5;-0.5;5.939463;1;Adaptation;15;1;;;;;
14.7;-0.5;-0.5;4.095843;1;Adaptation;15;1;;;;;
14.72;-0.5;-0.5;2.944253;1;Adaptation;15;1;;;;;
14.74;-0.5;-0.5;5.370866;1;Adaptation;15;1;;;;;
14.76;-0.5;-0.5;4.102165;1;Adaptation;15;1;;;;;
14.78;-0.5;-0.5;2.762104;1;Adaptation;15;1;;;;;
14.8;-0.5;-0.5;4.096107;1;Adaptation;15;1;;;;;
14.82;-0.5;-0.5;2.54566;1;Adaptation;15;1;;;;;
14.84;-0.5;-0.5;2.600066;1;Adaptation;15;1;;;;;
14.86;-0.5;-0.5;5.132516;1;Adaptation;15;1;;;;;
14.88;-0.5;-0.5;3.160011;1;Adaptation;15;1;;;;;
14.9;-0.5;-0.5;2.424565;1;Adaptation;15;1;;;;;
14.92;-0.5;-0.5;5.464463;1;Adaptation;15;1;;;;;
14.94;0;0.125;3.008869;1;Adaptation;15;1;;;;;
14.96;-0.5;-0.5;5.179541;1;Adaptation;15;1;;;;;
14.98;-0.5;-0.5;2.363736;1;Adaptation;15;1;;;;;
15;-0.5;-0.5;3.645019;1;Adaptation;15;1;;;;;
15.02;-0.5;-0.5;2.563814;1;Adaptation;15;1;;;;;
15.04;0;0.125;2.955966;1;Adaptation;15;1;;;;;
15.06;-0.5;-0.5;2.470144;1;Adaptation;15;1;;;;;
15.08;-0.5;-0.5;2.501276;1;Adaptation;15;1;;;;;
15.1;-0.5;-0.5;3.725156;1;Adaptation;15;1;;;;;
15.12;-0.5;-0.5;5.016679;1;Adaptation;15;1;;;;;
15.14;-0.5;-0.5;2.079727;1;Adaptation;15;1;;;;;
15.16;-0.5;-0.5;4.579464;1;Adaptation;15;1;;;;;
15.18;-0.5;-0.5;5.272895;1;Adaptation;15;1;;;;;
15.2;-0.5;-0.5;5.356186;1;Adaptation;15;1;;;;;
15.22;-0.5;-0.5;3.044719;1;Adaptation;15;1;;;;;
15.24;-0.5;-0.5;5.577169;1;Adaptation;15;1;;;;;
15.26;-0.5;-0.5;3.973089;1;Adaptation;15;1;;;;;
15.28;0;0;2.392838;1;Adaptation;15;1;;;;;
15.3;0;-0.125;3.218264;1;Adaptation;15;1;;;;;
15.32;-0.5;-0.5;2.422903;1;Adaptation;15;1;;;;;
15.34;-0.5;-0.5;3.257037;1;Adaptation;15;1;;;;;
15.36;-0.5;-0.5;5.762252;1;Adaptation;15;1;;;;;
15.38;-0.5;-0.5;3.260837;1;Adaptation;15;1;;;;;
15.4;-0.5;-0.5;3.846418;1;Adaptation;15;1;;;;;
15.42;-0.5;-0.5;2.432824;1;Adaptation;15;1;;;;;
15.44;-0.5;-0.5;4.805053;1;Adaptation;15;1;;;;;
15.46;-0.5;-0.5;2.489295;1;Adaptation;15;1;;;;;
15.48;-0.5;-0.5;5.949471;1;Adaptation;15;1;;;;;
15.5;-0.5;-0.5;4.82268;1;Adaptation;15;1;;;;;
15.52;-0.5;-0.5;5.270582;1;Adaptation;15;1;;;;;
15.54;-0.5;-0.5;5.525459;1;Adaptation;15;1;;;;;
15.56;-0.5;-0.5;5.938432;1;Adaptation;15;1;;;;;
15.58;-0.5;-0.5;5.212407;1;Adaptation;15;1;;;;;
15.6;-0.5;-0.5;5.856201;1;Adaptation;15;1;;;;;
15.62;0;0;4.610194;1;Adaptation;15;1;;;;;
15.64;-0.5;-0.5;3.536545;1;Adaptation;15;1;;;;;
15.66;-0.5;-0.5;2.643693;1;Adaptation;15;1;;;;;
15.68;-0.5;-0.5;4.739508;1;Adaptation;15;1;;;;;
15.7;-0.5;-0.5;3.849887;1;Adaptation;15;1;;;;;
15.72;-0.5;-0.5;2.633744;1;Adaptation;15;1;;;;;
15.74;-0.5;-0.5;3.052919;1;Adaptation;15;1;;;;;
15.76;2;0.125;3.272683;1;Adaptation;15;1;;;;;
15.78;-0.5;-0.5;3.629936;1;Adaptation;15;1;;;;;
15.8;2;-0.125;5.939236;1;Adaptation;15;1;;;;;
15.82;0;-0.125;3.416895;1;Adaptation;15;1;;;;;
15.84;-0.5;-0.5;2.733731;1;Adaptation;15;1;;;;;
15.86;-0.5;-0.5;4.164366;1;Adaptation;15;1;;;;;
15.88;-0.5;-0.5;3.518074;1;Adaptation;15;1;;;;;
15.9;-0.5;-0.5;4.321624;1;Adaptation;15;1;;;;;
15.92;-0.5;-0.5;2.186743;1;Adaptation;15;1;;;;;
15.94;-0.5;-0.5;5.345563;1;Adaptation;15;1;;;;;
15.96;-0.5;-0.5;3.134757;1;Adaptation;15;1;;;;;
15.98;-0.5;-0.5;3.450891;1;Adaptation;15;1;;;;;
16;-2;-0.125;2.157206;1;Adaptation;15;1;;;;;
16.02;-0.5;-0.5;5.484528;1;Adaptation;15;1;;;;;
16.04;2;0.125;3.789655;1;Adaptation;15;1;;;;;
16.06;-0.5;-0.5;4.053595;1;Adaptation;15;1;;;;;
16.08;-0.5;-0.5;5.644962;1;Adaptation;15;1;;;;;
16.1;-0.5;-0.5;2.7677;1;Adaptation;15;1;;;;;
16.12;-0.5;-0.5;5.256615;1;Adaptation;15;1;;;;;
16.14;-0.5;-0.5;3.707136;1;Adaptation;15;1;;;;;
16.16;-0.5;-0.5;4.326536;1;Adaptation;15;1;;;;;
16.18;0;0;4.833783;1;Adaptation;15;1;;;;;
16.2;-0.5;-0.5;2.670055;1;Adaptation;15;1;;;;;
16.22;-0.5;-0.5;3.057881;1;Adaptation;15;1;;;;;
16.24;-0.5;-0.5;3.513742;1;Adaptation;15;1;;;;;
16.26;-0.5;-0.5;5.883278;1;Adaptation;15;1;;;;;
16.28;-2;0.125;4.038343;1;Adaptation;15;1;;;;;
16.3;-0.5;-0.5;5.484854;1;Adaptation;15;1;;;;;
16.32;-0.5;-0.5;5.98944;1;Adaptation;15;1;;;;;
16.34;-0.5;-0.5;3.849002;1;Adaptation;15;1;;;;;
16.36;-0.5;-0.5;4.081314;1;Adaptation;15;1;;;;;
16.38;0;0;2.923963;1;Adaptation;15;1;;;;;
16.4;2;-0.125;4.572035;1;Adaptation;15;1;;;;;
16.42;-0.5;-0.5;4.051371;1;Adaptation;15;1;;;;;
16.44;-0.5;-0.5;5.228457;1;Adaptation;15;1;;;;;
16.46;-0.5;-0.5;5.488678;1;Adaptation;15;1;;;;;
16.48;-0.5;-0.5;2.551438;1;Adaptation;15;1;;;;;
16.5;-0.5;-0.5;4.689205;1;Adaptation;15;1;;;;;
16.52;-0.5;-0.5;2.317588;1;Adaptation;15;1;;;;;
16.54;-0.5;-0.5;5.947347;1;Adaptation;15;1;;;;;
16.56;-0.5;-0.5;4.148108;1;Adaptation;15;1;;;;;
16.58;-0.5;-0.5;4.20825;1;Adaptation;15;1;;;;;
16.6;0;0;2.255106;1;Adaptation;15;1;;;;;
16.62;-0.5;-0.5;2.564166;1;Adaptation;15;1;;;;;
16.64;-0.5;-0.5;4.595613;1;Adaptation;15;1;;;;;
16.66;-0.5;-0.5;3.830623;1;Adaptation;15;1;;;;;
16.68;0;0.125;5.762238;1;Adaptation;15;1;;;;;
16.7;-2;-0.25;5.965254;1;Adaptation;15;1;;;;;
16.72;-2;0;2.761755;1;Adaptation;15;1;;;;;
16.74;0;-0.375;3.510775;1;Adaptation;15;1;;;;;
16.76;-0.5;-0.5;3.180017;1;Adaptation;15;1;;;;;
16.78;-0.5;-0.5;2.230927;1;Adaptation;15;1;;;;;
16.8;-0.5;-0.5;3.973551;1;Adaptation;15;1;;;;;
16.82;-0.5;-0.5;4.03645;1;Adaptation;15;1;;;;;
16.84;-0.5;-0.5;5.181693;1;Adaptation;15;1;;;;;
16.86;0;0;5.503543;1;Adaptation;15;1;;;;;
16.88;-2;0.125;3.404551;1;Adaptation;15;1;;;;;
16.9;-0.5;-0.5;5.950929;1;Adaptation;15;1;;;;;
16.92;-0.5;-0.5;3.044065;1;Adaptation;15;1;;;;;
16.94;-2;0;3.230369;1;Adaptation;15;1;;;;;
16.96;-2;-0.125;4.414482;1;Adaptation;15;1;;;;;
16.98;-0.5;-0.5;2.338377;1;Adaptation;15;1;;;;;
17;-0.5;-0.5;2.308863;1;Adaptation;15;1;;;;;
17.02;0;0.125;5.460079;1;Adaptation;15;1;;;;;
17.04;-0.5;-0.5;2.883715;1;Adaptation;15;1;;;;;
17.06;-0.5;-0.5;4.229434;1;Adaptation;15;1;;;;;
17.08;-0.5;-0.5;5.553719;1;Adaptation;15;1;;;;;
17.1;-0.5;-0.5;2.698195;1;Adaptation;15;1;;;;;
17.12;-0.5;-0.5;4.945663;1;Adaptation;15;1;;;;;
17.14;-2;-0.25;4.30526;1;Adaptation;15;1;;;;;
17.16;-0.5;-0.5;4.86364;1;Adaptation;15;1;;;;;
17.18;-0.5;-0.5;3.458202;1;Adaptation;15;1;;;;;
17.2;-0.5;-0.5;5.0619;1;Adaptation;15;1;;;;;
17.22;-0.5;-0.5;5.906497;1;Adaptation;15;1;;;;;
17.24;-0.5;-0.5;4.334221;1;Adaptation;15;1;;;;;
17.26;-0.5;-0.5;3.047652;1;Adaptation;15;1;;;;;
17.28;-0.5;-0.5;5.561848;1;Adaptation;15;1;;;;;
17.3;-0.5;-0.5;2.17546;1;Adaptation;15;1;;;;;
17.32;-0.5;-0.5;2.667278;1;Adaptation;15;1;;;;;
17.34;0;0;4.146048;1;Adaptation;15;1;;;;;
17.36;-0.5;-0.5;2.564603;1;Adaptation;15;1;;;;;
17.38;0;0.125;5.450006;1;Adaptation;15;1;;;;;
17.4;-0.5;-0.5;2.837467;1;Adaptation;15;1;;;;;
17.42;-0.5;-0.5;3.269027;1;Adaptation;15;1;;;;;
17.44;-0.5;-0.5;2.474584;1;Adaptation;15;1;;;;;
17.46;-0.5;-0.5;4.70787;1;Adaptation;15;1;;;;;
17.48;-0.5;-0.5;3.587519;1;Adaptation;15;1;;;;;
17.5;-0.5;-0.5;5.253695;1;Adaptation;15;1;;;;;
17.52;-0.5;-0.5;2.817088;1;Adaptation;15;1;;;;;
17.54;-0.5;-0.5;3.976292;1;Adaptation;15;1;;;;;
17.56;0;0;3.851769;1;Adaptation;15;1;;;;;
17.58;-0.5;-0.5;3.087098;1;Adaptation;15;1;;;;;
17.6;-0.5;-0.5;4.318953;1;Adaptation;15;1;;;;;
17.62;-0.5;-0.5;5.111572;1;Adaptation;15;1;;;;;
17.64;-0.5;-0.5;2.68659;1;Adaptation;15;1;;;;;
17.66;-0.5;-0.5;2.540802;1;Adaptation;15;1;;;;;
17.68;-0.5;-0.5;3.005989;1;Adaptation;15;1;;;;;
17.7;-0.5;-0.5;4.072804;1;Adaptation;15;1;;;;;
17.72;-0.5;-0.5;3.519748;1;Adaptation;15;1;;;;;
17.74;-2;0.125;4.012947;1;Adaptation;15;1;;;;;
17.76;-0.5;-0.5;3.829534;1;Adaptation;15;1;;;;;
17.78;-0.5;-0.5;5.916399;1;Adaptation;15;1;;;;;
17.8;-0.5;-0.5;3.76857;1;Adaptation;15;1;;;;;
17.82;-0.5;-0.5;3.727638;1;Adaptation;15;1;;;;;
17.84;0;-0.25;3.209313;1;Adaptation;15;1;;;;;
17.86;-0.5;-0.5;5.964993;1;Adaptation;15;1;;;;;
17.88;-0.5;-0.5;3.589397;1;Adaptation;15;1;;;;;
17.9;-0.5;-0.5;2.983259;1;Adaptation;15;1;;;;;
17.92;-0.5;-0.5;5.156441;1;Adaptation;15;1;;;;;
17.94;-0.5;-0.5;2.832939;1;Adaptation;15;1;;;;;
17.96;-0.5;-0.5;3.619761;1;Adaptation;15;1;;;;;
17.98;-0.5;-0.5;3.118504;1;Adaptation;15;1;;;;;
18;-0.5;-0.5;2.294285;1;Adaptation;15;1;;;;;
18.02;-0.5;-0.5;2.201256;1;Adaptation;15;1;;;;;
18.04;0;0.125;4.609811;1;Adaptation;15;1;;;;;
18.06;-0.5;-0.5;2.853491;1;Adaptation;15;1;;;;;
18.08;-0.5;-0.5;4.88961;1;Adaptation;15;1;;;;;
18.1;0;-0.125;2.813332;1;Adaptation;15;1;;;;;
18.12;-0.5;-0.5;3.006403;1;Adaptation;15;1;;;;;
18.14;-0.5;-0.5;4.744482;1;Adaptation;15;1;;;;;
18.16;-0.5;-0.5;2.621405;1;Adaptation;15;1;;;;;
18.18;-0.5;-0.5;5.536965;1;Adaptation;15;1;;;;;
18.2;-0.5;-0.5;4.868148;1;Adaptation;15;1;;;;;
18.22;0;-0.25;4.914566;1;Adaptation;15;1;;;;;
18.24;0;0.25;3.907944;1;Adaptation;15;1;;;;;
18.26;-0.5;-0.5;3.737211;1;Adaptation;15;1;;;;;
18.28;-0.5;-0.5;3.420131;1;Adaptation;15;1;;;;;
18.3;-0.5;-0.5;3.927824;1;Adaptation;15;1;;;;;
18.32;0;-0.125;5.217843;1;Adaptation;15;1;;;;;
18.34;-0.5;-0.5;2.797612;1;Adaptation;15;1;;;;;
18.36;0;0;2.085572;1;Adaptation;15;1;;;;;
18.38;-0.5;-0.5;4.795918;1;Adaptation;15;1;;;;;
18.4;-0.5;-0.5;3.110704;1;Adaptation;15;1;;;;;
18.42;-0.5;-0.5;4.97544;1;Adaptation;15;1;;;;;
18.44;-0.5;-0.5;4.270926;1;Adaptation;15;1;;;;;
18.46;-0.5;-0.5;4.434428;1;Adaptation;15;1;;;;;
18.48;-2;0.125;5.946267;1;Adaptation;15;1;;;;;
18.5;-0.5;-0.5;2.690961;1;Adaptation;15;1;;;;;
18.52;-0.5;-0.5;3.673014;1;Adaptation;15;1;;;;;
18.54;-0.5;-0.5;3.839932;1;Adaptation;15;1;;;;;
18.56;-0.5;-0.5;5.98027;1;Adaptation;15;1;;;;;
18.58;-0.5;-0.5;4.114512;1;Adaptation;15;1;;;;;
18.6;0;-0.25;3.349014;1;Adaptation;15;1;;;;;
18.62;0;-0.25;4.701089;1;Adaptation;15;1;;;;;
18.64;-0.5;-0.5;5.049179;1;Adaptation;15;1;;;;;
18.66;-2;0;5.691002;1;Adaptation;15;1;;;;;
18.68;-0.5;-0.5;5.26047;1;Adaptation;15;1;;;;;
18.7;-0.5;-0.5;4.662179;1;Adaptation;15;1;;;;;
18.72;-0.5;-0.5;3.307193;1;Adaptation;15;1;;;;;
18.74;2;0;2.027277;1;Adaptation;15;1;;;;;
18.76;-0.5;-0.5;3.812504;1;Adaptation;15;1;;;;;
18.78;-0.5;-0.5;5.789864;1;Adaptation;15;1;;;;;
18.8;-0.5;-0.5;3.497716;1;Adaptation;15;1;;;;;
18.82;-0.5;-0.5;5.6475;1;Adaptation;15;1;;;;;
18.84;-0.5;-0.5;5.177114;1;Adaptation;15;1;;;;;
18.86;0;0;4.1457;1;Adaptation;15;1;;;;;
18.88;-0.5;-0.5;3.884794;1;Adaptation;15;1;;;;;
18.9;-0.5;-0.5;4.755199;1;Adaptation;15;1;;;;;
18.92;-0.5;-0.5;5.327246;1;Adaptation;15;1;;;;;
18.94;-0.5;-0.5;5.082263;1;Adaptation;15;1;;;;;
18.96;-0.5;-0.5;2.364655;1;Adaptation;15;1;;;;;
18.98;-0.5;-0.5;4.744472;1;Adaptation;15;1;;;;;
19;0;0.125;2.873446;1;Adaptation;15;1;;;;;
19.02;-0.5;-0.5;3.007739;1;Adaptation;15;1;;;;;
19.04;0;0.125;5.009239;1;Adaptation;15;1;;;;;
19.06;-0.5;-0.5;3.690087;1;Adaptation;15;1;;;;;
19.08;0;0.125;3.347127;1;Adaptation;15;1;;;;;
19.1;-0.5;-0.5;5.961911;1;Adaptation;15;1;;;;;
19.12;-2;-0.125;3.46659;1;Adaptation;15;1;;;;;
19.14;0;0;5.597059;1;Adaptation;15;1;;;;;
19.16;-0.5;-0.5;2.241225;1;Adaptation;15;1;;;;;
19.18;-0.5;-0.5;3.75719;1;Adaptation;15;1;;;;;
19.2;2;-0.125;5.951294;1;Adaptation;15;1;;;;;
19.22;0;0;3.562948;1;Adaptation;15;1;;;;;
19.24;0;-0.125;2.360013;1;Adaptation;15;1;;;;;
19.26;-0.5;-0.5;2.486819;1;Adaptation;15;1;;;;;
19.28;0;-0.125;5.019951;1;Adaptation;15;1;;;;;
19.3;-0.5;-0.5;4.932349;1;Adaptation;15;1;;;;;
19.32;-0.5;-0.5;3.87529;1;Adaptation;15;1;;;;;
19.34;-0.5;-0.5;5.275393;1;Adaptation;15;1;;;;;
19.36;2;-0.125;2.101934;1;Adaptation;15;1;;;;;
19.38;-0.5;-0.5;5.308095;1;Adaptation;15;1;;;;;
19.4;-0.5;-0.5;4.744124;1;Adaptation;15;1;;;;;
19.42;-0.5;-0.5;4.615592;1;Adaptation;15;1;;;;;
19.44;2;0.25;4.025963;1;Adaptation;15;1;;;;;
19.46;-0.5;-0.5;3.163264;1;Adaptation;15;1;;;;;
19.48;-0.5;-0.5;3.213992;1;Adaptation;15;1;;;;;
19.5;2;0.125;4.888597;1;Adaptation;15;1;;;;;
19.52;2;0;4.612584;1;Adaptation;15;1;;;;;
19.54;-0.5;-0.5;3.593324;1;Adaptation;15;1;;;;;
19.56;-0.5;-0.5;2.773429;1;Adaptation;15;1;;;;;
19.58;-0.5;-0.5;3.075744;1;Adaptation;15;1;;;;;
19.6;-0.5;-0.5;4.543815;1;Adaptation;15;1;;;;;
19.62;-0.5;-0.5;2.903169;1;Adaptation;15;1;;;;;
19.64;2;-0.125;3.949919;1;Adaptation;15;1;;;;;
19.66;-0.5;-0.5;3.795552;1;Adaptation;15;1;;;;;
19.68;0;0;2.789571;1;Adaptation;15;1;;;;;
19.7;-0.5;-0.5;5.511721;1;Adaptation;15;1;;;;;
19.72;0;-0.125;2.372129;1;Adaptation;15;1;;;;;
19.74;-0.5;-0.5;5.270834;1;Adaptation;15;1;;;;;
19.76;-0.5;-0.5;3.734452;1;Adaptation;15;1;;;;;
19.78;-0.5;-0.5;3.664659;1;Adaptation;15;1;;;;;
19.8;-0.5;-0.5;3.270682;1;Adaptation;15;1;;;;;
19.82;-0.5;-0.5;2.65499;1;Adaptation;15;1;;;;;
19.84;0;0.125;2.901672;1;Adaptation;15;1;;;;;
19.86;-0.5;-0.5;3.438333;1;Adaptation;15;1;;;;;
19.88;0;0;2.650913;1;Adaptation;15;1;;;;;
19.9;-0.5;-0.5;5.508967;1;Adaptation;15;1;;;;;
19.92;-0.5;-0.5;3.335849;1;Adaptation;15;1;;;;;
19.94;-0.5;-0.5;5.937054;1;Adaptation;15;1;;;;;
19.96;-0.5;-0.5;3.993897;1;Adaptation;15;1;;;;;
19.98;-0.5;-0.5;3.529226;1;Adaptation;15;1;;;;;
20;-0.5;-0.5;4.39578;1;Adaptation;15;1;;;;;
20.02;-2;0.375;2.787356;1;Adaptation;15;1;;;;;
20.04;-0.5;-0.5;2.857833;1;Adaptation;15;1;;;;;
20.06;-0.5;-0.5;4.220296;1;Adaptation;15;1;;;;;
20.08;-0.5;-0.5;5.415282;1;Adaptation;15;1;;;;;
20.1;-0.5;-0.5;2.250183;1;Adaptation;15;1;;;;;
20.12;-0.5;-0.5;2.286752;1;Adaptation;15;1;;;;;
20.14;-0.5;-0.5;5.077028;1;Adaptation;15;1;;;;;
20.16;-2;0;4.608631;1;Adaptation;15;1;;;;;
20.18;-0.5;-0.5;5.618998;1;Adaptation;15;1;;;;;
20.2;-0.5;-0.5;4.09887;1;Adaptation;15;1;;;;;
20.22;0;0.125;3.320904;1;Adaptation;15;1;;;;;
20.24;-0.5;-0.5;3.088769;1;Adaptation;15;1;;;;;
20.26;-0.5;-0.5;3.68522;1;Adaptation;15;1;;;;;
20.28;-0.5;-0.5;4.997306;1;Adaptation;15;1;;;;;
20.3;-2;0;5.388125;1;Adaptation;15;1;;;;;
20.32;-0.5;-0.5;2.8696;1;Adaptation;15;1;;;;;
20.34;-0.5;-0.5;4.042005;1;Adaptation;15;1;;;;;
20.36;-0.5;-0.5;4.212547;1;Adaptation;15;1;;;;;
20.38;-0.5;-0.5;5.897201;1;Adaptation;15;1;;;;;
20.4;-0.5;-0.5;4.644573;1;Adaptation;15;1;;;;;
20.42;-0.5;-0.5;4.054145;1;Adaptation;15;1;;;;;
20.44;-0.5;-0.5;3.349779;1;Adaptation;15;1;;;;;
20.46;-2;0;3.581564;1;Adaptation;15;1;;;;;
20.48;-0.5;-0.5;3.632481;1;Adaptation;15;1;;;;;
20.5;-0.5;-0.5;5.570809;1;Adaptation;15;1;;;;;
20.52;0;0.125;5.920402;1;Adaptation;15;1;;;;;
20.54;-0.5;-0.5;4.984916;1;Adaptation;15;1;;;;;
;;;;;;;;;;;;
