time;pos_x_right;pos_y_right;dil_right;pos_x_left;pos_y_left;dil_left;brightness;fov;trial;;
0;-0.5;-0.5;2.012831;1;15;1;;;;;
0.02;-0.5;-0.5;2.805421;1;15;1;;;;;
0.04;-0.5;-0.5;5.062932;1;15;1;;;;;
0.06;-0.5;-0.5;2.95771;1;15;1;;;;;
0.08;-0.5;-0.5;4.340767;1;15;1;;;;;
0.09999999;-0.5;-0.5;2.357617;1;15;1;;;;;
0.12;-0.5;-0.5;5.354867;1;15;1;;;;;
0.14;-0.5;-0.5;3.03302;1;15;1;;;;;
0.16;-0.5;-0.5;3.681275;1;15;1;;;;;
0.18;-0.5;-0.5;3.618061;1;15;1;;;;;
0.2;-0.5;-0.5;4.232269;1;15;1;;;;;
0.22;-0.5;-0.5;5.963296;1;15;1;;;;;
0.24;-0.5;-0.5;5.561116;1;15;1;;;;;
0.26;-0.5;-0.5;5.492814;1;15;1;;;;;
0.28;-0.5;-0.5;5.573325;1;15;1;;;;;
0.3;-0.5;-0.5;5.014536;1;15;1;;;;;
0.32;-0.5;-0.5;3.415426;1;15;1;;;;;
0.34;-0.5;-0.5;2.071251;1;15;1;;;;;
0.36;-0.5;-0.5;2.03495;1;15;1;;;;;
0.38;0;0.125;2.91895;1;15;1;;;;;
0.4;-0.5;-0.5;3.750898;1;15;1;;;;;
0.42;-0.5;-0.5;5.814304;1;15;1;;;;;
0.44;-2;0;5.677192;1;15;1;;;;;
0.46;0;0.125;4.581791;1;15;1;;;;;
0.48;-0.5;-0.5;5.61826;1;15;1;;;;;
0.5;-0.5;-0.5;3.295001;1;15;1;;;;;
0.52;-0.5;-0.5;5.248367;1;15;1;;;;;
0.54;-0.5;-0.5;5.463344;1;15;1;;;;;
0.56;-2;0;4.999492;1;15;1;;;;;
0.58;0;0;5.501253;1;15;1;;;;;
0.6;-0.5;-0.5;4.79042;1;15;1;;;;;
0.62;-0.5;-0.5;3.640774;1;15;1;;;;;
0.64;-0.5;-0.5;2.100039;1;15;1;;;;;
0.66;-0.5;-0.5;3.132755;1;15;1;;;;;
0.68;-0.5;-0.5;5.219744;1;15;1;;;;;
0.7;-0.5;-0.5;5.81216;1;15;1;;;;;
0.72;-0.5;-0.5;5.612165;1;15;1;;;;;
0.74;-0.5;-0.5;3.987915;1;15;1;;;;;
0.76;-0.5;-0.5;2.456372;1;15;1;;;;;
0.78;0;-0.125;3.722883;1;15;1;;;;;
0.8;-0.5;-0.5;5.847102;1;15;1;;;;;
0.82;-0.5;-0.5;2.505597;1;15;1;;;;;
0.84;-0.5;-0.5;2.853912;1;15;1;;;;;
0.86;-2;-0.125;3.607089;1;15;1;;;;;
0.88;-0.5;-0.5;4.802241;1;15;1;;;;;
0.9;-0.5;-0.5;5.799462;1;15;1;;;;;
0.92;-2;-0.25;5.92576;1;15;1;;;;;
0.94;-2;-0.125;2.253754;1;15;1;;;;;
0.96;-0.5;-0.5;4.475646;1;15;1;;;;;
0.98;-0.5;-0.5;5.487071;1;15;1;;;;;
1;-0.5;-0.5;5.977804;1;15;1;;;;;
1.02;-0.5;-0.5;3.558802;1;15;1;;;;;
1.04;-0.5;-0.5;4.429876;1;15;1;;;;;
1.06;-0.5;-0.5;3.25757;1;15;1;;;;;
1.08;-0.5;-0.5;5.449904;1;15;1;;;;;
1.1;-0.5;-0.5;5.043632;1;15;1;;;;;
1.12;-0.5;-0.5;2.520854;1;15;1;;;;;
1.14;-0.5;-0.5;2.634822;1;15;1;;;;;
1.16;2;0.25;2.659733;1;15;1;;;;;
1.18;-0.5;-0.5;2.555758;1;15;1;;;;;
1.2;-0.5;-0.5;3.534731;1;15;1;;;;;
1.22;-0.5;-0.5;5.358773;1;15;1;;;;;
1.24;-0.5;-0.5;4.922667;1;15;1;;;;;
1.26;-0.5;-0.5;3.35145;1;15;1;;;;;
1.28;-0.5;-0.5;3.009799;1;15;1;;;;;
1.3;0;-0.125;2.163238;1;15;1;;;;;
1.32;-0.5;-0.5;3.663882;1;15;1;;;;;
1.34;-0.5;-0.5;2.155296;1;15;1;;;;;
1.36;0;-0.125;4.893825;1;15;1;;;;;
1.38;-0.5;-0.5;2.812779;1;15;1;;;;;
1.4;2;0;2.909609;1;15;1;;;;;
1.42;0;0;5.621256;1;15;1;;;;;
1.44;-0.5;-0.5;4.840154;1;15;1;;;;;
1.46;-0.5;-0.5;5.089577;1;15;1;;;;;
1.48;2;0.125;4.594344;1;15;1;;;;;
1.5;-0.5;-0.5;2.293582;1;15;1;;;;;
1.52;-0.5;-0.5;5.760571;1;15;1;;;;;
1.54;-0.5;-0.5;3.830602;1;15;1;;;;;
1.56;-0.5;-0.5;2.157944;1;15;1;;;;;
1.58;-0.5;-0.5;5.882796;1;15;1;;;;;
1.6;-0.5;-0.5;2.29305;1;15;1;;;;;
1.62;0;-0.125;4.662822;1;15;1;;;;;
1.64;-0.5;-0.5;5.9764;1;15;1;;;;;
1.66;-0.5;-0.5;5.969943;1;15;1;;;;;
1.68;2;0;3.857785;1;15;1;;;;;
1.7;0;0.125;4.795413;1;15;1;;;;;
1.72;-0.5;-0.5;3.069554;1;15;1;;;;;
1.74;-0.5;-0.5;3.38543;1;15;1;;;;;
1.76;-0.5;-0.5;3.252632;1;15;1;;;;;
1.78;-0.5;-0.5;4.837136;1;15;1;;;;;
1.8;-0.5;-0.5;5.203917;1;15;1;;;;;
1.82;-2;-0.125;4.277611;1;15;1;;;;;
1.84;-0.5;-0.5;5.666251;1;15;1;;;;;
1.86;0;0;2.27845;1;15;1;;;;;
1.88;-0.5;-0.5;2.642684;1;15;1;;;;;
1.9;-0.5;-0.5;4.290358;1;15;1;;;;;
1.92;-0.5;-0.5;3.270154;1;15;1;;;;;
1.94;-0.5;-0.5;3.645964;1;15;1;;;;;
1.96;0;0;5.80528;1;15;1;;;;;
1.98;-0.5;-0.5;4.65863;1;15;1;;;;;
2;-0.5;-0.5;3.203255;1;15;1;;;;;
2.02;-0.5;-0.5;5.306811;1;15;1;;;;;
2.04;-0.5;-0.5;2.274071;1;15;1;;;;;
2.06;-0.5;-0.5;3.881226;1;15;1;;;;;
2.08;-0.5;-0.5;2.872022;1;15;1;;;;;
2.1;-0.5;-0.5;2.360417;1;15;1;;;;;
2.12;-0.5;-0.5;2.734076;1;15;1;;;;;
2.14;-0.5;-0.5;4.823264;1;15;1;;;;;
2.16;-0.5;-0.5;2.157007;1;15;1;;;;;
2.18;0;0;5.567798;1;15;1;;;;;
2.2;-0.5;-0.5;2.464564;1;15;1;;;;;
2.22;-0.5;-0.5;4.173274;1;15;1;;;;;
2.24;2;0.25;4.671405;1;15;1;;;;;
2.26;2;0;4.190638;1;15;1;;;;;
2.28;0;0.25;2.43581;1;15;1;;;;;
2.3;-0.5;-0.5;2.492509;1;15;1;;;;;
2.32;-0.5;-0.5;2.294617;1;15;1;;;;;
2.34;-0.5;-0.5;5.40658;1;15;1;;;;;
2.36;-0.5;-0.5;5.002903;1;15;1;;;;;
2.38;-0.5;-0.5;4.703843;1;15;1;;;;;
2.4;-0.5;-0.5;3.15016;1;15;1;;;;;
2.42;0;0.125;2.472785;1;15;1;;;;;
2.44;-0.5;-0.5;4.769463;1;15;1;;;;;
2.46;4;-0.125;5.808011;1;15;1;;;;;
2.48;-0.5;-0.5;5.105145;1;15;1;;;;;
2.5;-0.5;-0.5;5.115399;1;15;1;;;;;
2.52;-0.5;-0.5;2.066915;1;15;1;;;;;
2.54;0;-0.125;5.074502;1;15;1;;;;;
2.56;-0.5;-0.5;4.498441;1;15;1;;;;;
2.58;-0.5;-0.5;4.689758;1;15;1;;;;;
2.6;-0.5;-0.5;2.059834;1;15;1;;;;;
2.62;-0.5;-0.5;5.247491;1;15;1;;;;;
2.64;-0.5;-0.5;2.715303;1;15;1;;;;;
2.66;-0.5;-0.5;4.760422;1;15;1;;;;;
2.68;0;0;4.914092;1;15;1;;;;;
2.7;2;-0.25;4.398242;1;15;1;;;;;
2.72;2;0;4.279439;1;15;1;;;;;
2.74;0;-0.125;4.468882;1;15;1;;;;;
2.76;-0.5;-0.5;4.054003;1;15;1;;;;;
2.78;0;0;2.947823;1;15;1;;;;;
2.8;-0.5;-0.5;3.860749;1;15;1;;;;;
2.82;-0.5;-0.5;4.201046;1;15;1;;;;;
2.84;-0.5;-0.5;5.214026;1;15;1;;;;;
2.86;2;0;4.469299;1;15;1;;;;;
2.88;-0.5;-0.5;4.280108;1;15;1;;;;;
2.9;-0.5;-0.5;3.956062;1;15;1;;;;;
2.92;0;-0.25;5.639103;1;15;1;;;;;
2.94;-0.5;-0.5;3.410951;1;15;1;;;;;
2.96;-0.5;-0.5;5.676655;1;15;1;;;;;
2.98;-0.5;-0.5;5.879379;1;15;1;;;;;
3;-0.5;-0.5;5.355876;1;15;1;;;;;
3.02;-0.5;-0.5;4.637865;1;15;1;;;;;
3.04;-0.5;-0.5;3.749062;1;15;1;;;;;
3.06;-0.5;-0.5;4.167119;1;15;1;;;;;
3.08;-0.5;-0.5;3.80047;1;15;1;;;;;
3.1;-0.5;-0.5;3.480918;1;15;1;;;;;
3.12;-0.5;-0.5;3.192857;1;15;1;;;;;
3.14;0;-0.125;4.191142;1;15;1;;;;;
3.16;0;-0.125;2.697192;1;15;1;;;;;
3.18;-0.5;-0.5;4.091489;1;15;1;;;;;
3.2;-0.5;-0.5;3.551213;1;15;1;;;;;
3.22;-0.5;-0.5;4.504498;1;15;1;;;;;
3.24;-0.5;-0.5;3.427376;1;15;1;;;;;
3.26;-0.5;-0.5;5.440705;1;15;1;;;;;
3.28;-2;-0.25;2.292222;1;15;1;;;;;
3.3;0;-0.25;5.696737;1;15;1;;;;;
;;;;;;;;;;;
