time;pos_x_right;pos_y_right;dil_right;pos_x_left;pos_y_left;dil_left;brightness;state;fov;trial;;
0;0;0;3.267792;1;Adaptation;15;1;;;;;
0.02;0;0;2.299943;1;Adaptation;15;1;;;;;
0.04;-0.5;-0.5;3.044321;1;Adaptation;15;1;;;;;
0.06;-0.5;-0.5;3.918643;1;Adaptation;15;1;;;;;
0.08;-0.5;-0.5;5.996994;1;Adaptation;15;1;;;;;
0.09999999;-0.5;-0.5;3.067228;1;Adaptation;15;1;;;;;
0.12;-0.5;-0.5;2.937739;1;Adaptation;15;1;;;;;
0.14;-0.5;-0.5;3.564356;1;Adaptation;15;1;;;;;
0.16;-0.5;-0.5;4.915414;1;Adaptation;15;1;;;;;
0.18;-0.5;-0.5;5.980765;1;Adaptation;15;1;;;;;
0.2;-0.5;-0.5;4.180722;1;Adaptation;15;1;;;;;
0.22;-0.5;-0.5;2.530743;1;Adaptation;15;1;;;;;
0.24;-0.5;-0.5;3.059835;1;Adaptation;15;1;;;;;
0.26;-0.5;-0.5;3.251379;1;Adaptation;15;1;;;;;
0.28;-0.5;-0.5;4.88721;1;Adaptation;15;1;;;;;
0.3;-0.5;-0.5;3.678302;1;Adaptation;15;1;;;;;
0.32;-0.5;-0.5;2.706594;1;Adaptation;15;1;;;;;
0.34;-0.5;-0.5;3.838004;1;Adaptation;15;1;;;;;
0.36;-0.5;-0.5;3.689285;1;Adaptation;15;1;;;;;
0.38;-0.5;-0.5;4.328042;1;Adaptation;15;1;;;;;
0.4;-0.5;-0.5;4.734194;1;Adaptation;15;1;;;;;
0.42;-0.5;-0.5;3.48519;1;Adaptation;15;1;;;;;
0.44;-0.5;-0.5;4.782261;1;Adaptation;15;1;;;;;
0.46;0;0;2.984129;1;Adaptation;15;1;;;;;
0.48;-0.5;-0.5;3.469385;1;Adaptation;15;1;;;;;
0.5;-0.5;-0.5;5.476188;1;Adaptation;15;1;;;;;
0.52;0;0;5.256;1;Adaptation;15;1;;;;;
0.54;-0.5;-0.5;2.342112;1;Adaptation;15;1;;;;;
0.56;-0.5;-0.5;5.016706;1;Adaptation;15;1;;;;;
0.58;-0.5;-0.5;3.265021;1;Adaptation;15;1;;;;;
0.6;-0.5;-0.5;5.241036;1;Adaptation;15;1;;;;;
0.62;-0.5;-0.5;4.495261;1;Adaptation;15;1;;;;;
0.64;-0.5;-0.5;2.483979;1;Adaptation;15;1;;;;;
0.66;-0.5;-0.5;4.474126;1;Adaptation;15;1;;;;;
0.68;-0.5;-0.5;2.90087;1;Adaptation;15;1;;;;;
0.7;-0.5;-0.5;5.311057;1;Adaptation;15;1;;;;;
0.72;-0.5;-0.5;5.868668;1;Adaptation;15;1;;;;;
0.74;-0.5;-0.5;4.195204;1;Adaptation;15;1;;;;;
0.76;-0.5;-0.5;2.236659;1;Adaptation;15;1;;;;;
0.78;-0.5;-0.5;2.197322;1;Adaptation;15;1;;;;;
0.8;-0.5;-0.5;2.420703;1;Adaptation;15;1;;;;;
0.82;-0.5;-0.5;3.277658;1;Adaptation;15;1;;;;;
0.84;-0.5;-0.5;3.133128;1;Adaptation;15;1;;;;;
0.86;0;0;2.864449;1;Adaptation;15;1;;;;;
0.88;-0.5;-0.5;2.609042;1;Adaptation;15;1;;;;;
0.9;-0.5;-0.5;4.884425;1;Adaptation;15;1;;;;;
0.92;-0.5;-0.5;3.489202;1;Adaptation;15;1;;;;;
0.94;-0.5;-0.5;2.446562;1;Adaptation;15;1;;;;;
0.96;-0.5;-0.5;2.028862;1;Adaptation;15;1;;;;;
0.98;-0.5;-0.5;4.878532;1;Adaptation;15;1;;;;;
1;-0.5;-0.5;5.543317;1;Adaptation;15;1;;;;;
1.02;-0.5;-0.5;3.139293;1;Adaptation;15;1;;;;;
1.04;-0.5;-0.5;3.898384;1;Adaptation;15;1;;;;;
1.06;-0.5;-0.5;5.411159;1;Adaptation;15;1;;;;;
1.08;-0.5;-0.5;3.858427;1;Adaptation;15;1;;;;;
1.1;-0.5;-0.5;3.82496;1;Adaptation;15;1;;;;;
1.12;-0.5;-0.5;4.536112;1;Adaptation;15;1;;;;;
1.14;-0.5;-0.5;5.665313;1;Adaptation;15;1;;;;;
1.16;-0.5;-0.5;4.306169;1;Adaptation;15;1;;;;;
1.18;-0.5;-0.5;2.540701;1;Adaptation;15;1;;;;;
1.2;-0.5;-0.5;5.780901;1;Adaptation;15;1;;;;;
1.22;-0.5;-0.5;2.281551;1;Adaptation;15;1;;;;;
1.24;-0.5;-0.5;2.654961;1;Adaptation;15;1;;;;;
1.26;-0.5;-0.5;4.837492;1;Adaptation;15;1;;;;;
1.28;0;-0.125;5.685972;1;Adaptation;15;1;;;;;
1.3;-2;-0.25;5.163835;1;Adaptation;15;1;;;;;
1.32;0;0;4.588211;1;Adaptation;15;1;;;;;
1.34;-2;0;4.849132;1;Adaptation;15;1;;;;;
1.36;0;0;5.338344;1;Adaptation;15;1;;;;;
1.38;0;-0.125;4.537649;1;Adaptation;15;1;;;;;
1.4;-0.5;-0.5;3.555244;1;Adaptation;15;1;;;;;
1.42;2;-0.125;2.589845;1;Adaptation;15;1;;;;;
1.44;-0.5;-0.5;5.986206;1;Adaptation;15;1;;;;;
1.46;-0.5;-0.5;3.161455;1;Adaptation;15;1;;;;;
1.48;-0.5;-0.5;3.921506;1;Adaptation;15;1;;;;;
1.5;2;0;2.747962;1;Adaptation;15;1;;;;;
1.52;0;0;2.888837;1;Adaptation;15;1;;;;;
1.54;-0.5;-0.5;4.432118;1;Adaptation;15;1;;;;;
1.56;-0.5;-0.5;3.48413;1;Adaptation;15;1;;;;;
1.58;-0.5;-0.5;4.402449;1;Adaptation;15;1;;;;;
1.6;-0.5;-0.5;3.10743;1;Adaptation;15;1;;;;;
1.62;-0.5;-0.5;4.451839;1;Adaptation;15;1;;;;;
1.64;-0.5;-0.5;2.920507;1;Adaptation;15;1;;;;;
1.66;-0.5;-0.5;2.956528;1;Adaptation;15;1;;;;;
1.68;2;0.125;5.635439;1;Adaptation;15;1;;;;;
1.7;-0.5;-0.5;4.400673;1;Adaptation;15;1;;;;;
1.72;-0.5;-0.5;4.711831;1;Adaptation;15;1;;;;;
1.74;-2;-0.125;5.169827;1;Adaptation;15;1;;;;;
1.76;-0.5;-0.5;4.324176;1;Adaptation;15;1;;;;;
1.78;-0.5;-0.5;2.303443;1;Adaptation;15;1;;;;;
1.8;0;0.125;4.966971;1;Adaptation;15;1;;;;;
1.82;-0.5;-0.5;3.651913;1;Adaptation;15;1;;;;;
1.84;-0.5;-0.5;3.769287;1;Adaptation;15;1;;;;;
1.86;-0.5;-0.5;5.580223;1;Adaptation;15;1;;;;;
1.88;-0.5;-0.5;4.232651;1;Adaptation;15;1;;;;;
1.9;-0.5;-0.5;3.590403;1;Adaptation;15;1;;;;;
1.92;-0.5;-0.5;4.418417;1;Adaptation;15;1;;;;;
1.94;-0.5;-0.5;2.491918;1;Adaptation;15;1;;;;;
1.96;-0.5;-0.5;3.617941;1;Adaptation;15;1;;;;;
1.98;-0.5;-0.5;3.262363;1;Adaptation;15;1;;;;;
2;-0.5;-0.5;3.337002;1;Adaptation;15;1;;;;;
2.02;0;0.125;3.365533;1;Adaptation;15;1;;;;;
2.04;0;0.125;2.199997;1;Adaptation;15;1;;;;;
2.06;-0.5;-0.5;4.367255;1;Adaptation;15;1;;;;;
2.08;-2;-0.25;4.414707;1;Adaptation;15;1;;;;;
2.1;-0.5;-0.5;5.30589;1;Adaptation;15;1;;;;;
2.12;-0.5;-0.5;5.374074;1;Adaptation;15;1;;;;;
2.14;-0.5;-0.5;3.48225;1;Adaptation;15;1;;;;;
2.16;-0.5;-0.5;2.87957;1;Adaptation;15;1;;;;;
2.18;-0.5;-0.5;4.830316;1;Adaptation;15;1;;;;;
2.2;-0.5;-0.5;5.694963;1;Adaptation;15;1;;;;;
2.22;-0.5;-0.5;2.920156;1;Adaptation;15;1;;;;;
2.24;-0.5;-0.5;3.64854;1;Adaptation;15;1;;;;;
2.26;0;0;2.152979;1;Adaptation;15;1;;;;;
2.28;0;0;4.366527;1;Adaptation;15;1;;;;;
2.3;-0.5;-0.5;2.7347;1;Adaptation;15;1;;;;;
2.32;-0.5;-0.5;5.911215;1;Adaptation;15;1;;;;;
2.34;-0.5;-0.5;4.474065;1;Adaptation;15;1;;;;;
2.36;-0.5;-0.5;2.708408;1;Adaptation;15;1;;;;;
2.38;-0.5;-0.5;4.969253;1;Adaptation;15;1;;;;;
2.4;-0.5;-0.5;3.732385;1;Adaptation;15;1;;;;;
2.42;-0.5;-0.5;3.850914;1;Adaptation;15;1;;;;;
2.44;-0.5;-0.5;3.496686;1;Adaptation;15;1;;;;;
2.46;-0.5;-0.5;2.475852;1;Adaptation;15;1;;;;;
2.48;-0.5;-0.5;4.387652;1;Adaptation;15;1;;;;;
2.5;-0.5;-0.5;3.944666;1;Adaptation;15;1;;;;;
2.52;-0.5;-0.5;5.493566;1;Adaptation;15;1;;;;;
2.54;-0.5;-0.5;5.827288;1;Adaptation;15;1;;;;;
2.56;-0.5;-0.5;5.267583;1;Adaptation;15;1;;;;;
2.58;0;-0.125;3.802674;1;Adaptation;15;1;;;;;
2.6;-0.5;-0.5;5.057827;1;Adaptation;15;1;;;;;
2.62;0;0.125;4.969632;1;Adaptation;15;1;;;;;
;;;;;;;;;;;;
