time;pos_x_right;pos_y_right;dil_right;pos_x_left;pos_y_left;dil_left;brightness;state;fov;trial;;
0;-0.5;-0.5;2.92358;1;Adaptation;15;1;;;;;
0.02;-0.5;-0.5;3.894089;1;Adaptation;15;1;;;;;
0.04;0;-0.125;4.187133;1;Adaptation;15;1;;;;;
0.06;0;-0.125;2.201322;1;Adaptation;15;1;;;;;
0.08;0;-0.125;2.743836;1;Adaptation;15;1;;;;;
0.09999999;0;-0.125;3.437478;1;Adaptation;15;1;;;;;
0.12;0;-0.125;5.137991;1;Adaptation;15;1;;;;;
0.14;0;-0.125;4.804525;1;Adaptation;15;1;;;;;
0.16;0;-0.125;2.708474;1;Adaptation;15;1;;;;;
0.18;0;-0.125;4.205015;1;Adaptation;15;1;;;;;
0.2;0;-0.125;5.913587;1;Adaptation;15;1;;;;;
0.22;0;-0.125;3.01438;1;Adaptation;15;1;;;;;
0.24;0;-0.125;4.560121;1;Adaptation;15;1;;;;;
0.26;0;-0.125;5.829008;1;Adaptation;15;1;;;;;
0.28;0;-0.125;3.270718;1;Adaptation;15;1;;;;;
0.3;0;-0.125;5.319396;1;Adaptation;15;1;;;;;
0.32;0;-0.125;5.439397;1;Adaptation;15;1;;;;;
0.34;0;-0.125;5.612345;1;Adaptation;15;1;;;;;
0.36;0;0;4.163604;1;Adaptation;15;1;;;;;
0.38;-0.5;-0.5;2.477154;1;Adaptation;15;1;;;;;
0.4;-0.5;-0.5;4.752016;1;Adaptation;15;1;;;;;
0.42;-0.5;-0.5;2.687914;1;Adaptation;15;1;;;;;
0.44;-0.5;-0.5;4.975061;1;Adaptation;15;1;;;;;
0.46;-0.5;-0.5;4.928455;1;Adaptation;15;1;;;;;
0.48;-0.5;-0.5;3.51828;1;Adaptation;15;1;;;;;
0.5;-0.5;-0.5;4.471318;1;Adaptation;15;1;;;;;
0.52;-0.5;-0.5;3.565243;1;Adaptation;15;1;;;;;
0.54;-0.5;-0.5;3.790914;1;Adaptation;15;1;;;;;
0.56;-0.5;-0.5;5.787876;1;Adaptation;15;1;;;;;
0.58;-0.5;-0.5;4.196692;1;Adaptation;15;1;;;;;
0.6;2;0.125;2.132895;1;Adaptation;15;1;;;;;
0.62;2;0.125;4.746058;1;Adaptation;15;1;;;;;
0.64;-0.5;-0.5;4.927988;1;Adaptation;15;1;;;;;
0.66;-0.5;-0.5;2.279907;1;Adaptation;15;1;;;;;
0.68;-0.5;-0.5;3.428076;1;Adaptation;15;1;;;;;
0.7;-0.5;-0.5;3.275132;1;Adaptation;15;1;;;;;
0.72;-0.5;-0.5;5.585648;1;Adaptation;15;1;;;;;
0.74;0;0;2.554853;1;Adaptation;15;1;;;;;
0.76;-0.5;-0.5;3.602091;1;Adaptation;15;1;;;;;
0.78;-0.5;-0.5;3.973182;1;Adaptation;15;1;;;;;
0.8;-2;0;5.042239;1;Adaptation;15;1;;;;;
0.82;-0.5;-0.5;5.514262;1;Adaptation;15;1;;;;;
0.84;-0.5;-0.5;3.914273;1;Adaptation;15;1;;;;;
0.86;-2;0;3.380687;1;Adaptation;15;1;;;;;
0.88;-0.5;-0.5;4.974491;1;Adaptation;15;1;;;;;
0.9;-0.5;-0.5;2.284141;1;Adaptation;15;1;;;;;
0.92;-0.5;-0.5;3.94314;1;Adaptation;15;1;;;;;
0.94;-0.5;-0.5;3.248821;1;Adaptation;15;1;;;;;
0.96;-0.5;-0.5;3.151433;1;Adaptation;15;1;;;;;
0.98;-0.5;-0.5;5.687151;1;Adaptation;15;1;;;;;
1;2;0.25;5.464472;1;Adaptation;15;1;;;;;
1.02;-0.5;-0.5;3.242071;1;Adaptation;15;1;;;;;
1.04;-0.5;-0.5;2.204847;1;Adaptation;15;1;;;;;
1.06;-0.5;-0.5;2.683054;1;Adaptation;15;1;;;;;
1.08;0;-0.25;3.821271;1;Adaptation;15;1;;;;;
1.1;0;0;3.894665;1;Adaptation;15;1;;;;;
1.12;-0.5;-0.5;3.757346;1;Adaptation;15;1;;;;;
1.14;-0.5;-0.5;4.470771;1;Adaptation;15;1;;;;;
1.16;-0.5;-0.5;3.714706;1;Adaptation;15;1;;;;;
1.18;-2;-0.125;5.306666;1;Adaptation;15;1;;;;;
1.2;-0.5;-0.5;4.361308;1;Adaptation;15;1;;;;;
1.22;-2;0.125;3.390731;1;Adaptation;15;1;;;;;
1.24;-0.5;-0.5;4.194363;1;Adaptation;15;1;;;;;
1.26;-0.5;-0.5;5.381368;1;Adaptation;15;1;;;;;
1.28;-0.5;-0.5;4.125204;1;Adaptation;15;1;;;;;
1.3;2;-0.125;5.558692;1;Adaptation;15;1;;;;;
1.32;-0.5;-0.5;3.628342;1;Adaptation;15;1;;;;;
1.34;-0.5;-0.5;4.884068;1;Adaptation;15;1;;;;;
1.36;-0.5;-0.5;4.95471;1;Adaptation;15;1;;;;;
1.38;-0.5;-0.5;4.577589;1;Adaptation;15;1;;;;;
1.4;-0.5;-0.5;3.457803;1;Adaptation;15;1;;;;;
1.42;-0.5;-0.5;5.619612;1;Adaptation;15;1;;;;;
1.44;-0.5;-0.5;5.454581;1;Adaptation;15;1;;;;;
1.46;-0.5;-0.5;3.594321;1;Adaptation;15;1;;;;;
1.48;-0.5;-0.5;5.388515;1;Adaptation;15;1;;;;;
1.5;-0.5;-0.5;2.759774;1;Adaptation;15;1;;;;;
1.52;-0.5;-0.5;4.816704;1;Adaptation;15;1;;;;;
1.54;-2;-0.125;5.813908;1;Adaptation;15;1;;;;;
1.56;-0.5;-0.5;5.39678;1;Adaptation;15;1;;;;;
1.58;-0.5;-0.5;5.420814;1;Adaptation;15;1;;;;;
1.6;-0.5;-0.5;5.007457;1;Adaptation;15;1;;;;;
1.62;-0.5;-0.5;5.504075;1;Adaptation;15;1;;;;;
1.64;2;0.125;4.886059;1;Adaptation;15;1;;;;;
1.66;-0.5;-0.5;3.305496;1;Adaptation;15;1;;;;;
1.68;-0.5;-0.5;4.4624;1;Adaptation;15;1;;;;;
1.7;-0.5;-0.5;5.912664;1;Adaptation;15;1;;;;;
1.72;2;0;2.171645;1;Adaptation;15;1;;;;;
1.74;-0.5;-0.5;5.672995;1;Adaptation;15;1;;;;;
1.76;0;-0.25;4.179669;1;Adaptation;15;1;;;;;
1.78;0;0;3.518898;1;Adaptation;15;1;;;;;
1.8;0;-0.25;2.859574;1;Adaptation;15;1;;;;;
1.82;-0.5;-0.5;4.181291;1;Adaptation;15;1;;;;;
1.84;-0.5;-0.5;2.668187;1;Adaptation;15;1;;;;;
1.86;-0.5;-0.5;3.259937;1;Adaptation;15;1;;;;;
1.88;-0.5;-0.5;2.141995;1;Adaptation;15;1;;;;;
1.9;-0.5;-0.5;2.917706;1;Adaptation;15;1;;;;;
1.92;-0.5;-0.5;2.901479;1;Adaptation;15;1;;;;;
1.94;-0.5;-0.5;3.521741;1;Adaptation;15;1;;;;;
1.96;-0.5;-0.5;2.648801;1;Adaptation;15;1;;;;;
1.98;-0.5;-0.5;2.205967;1;Adaptation;15;1;;;;;
2;-0.5;-0.5;2.24387;1;Adaptation;15;1;;;;;
2.02;-2;-0.25;3.607609;1;Adaptation;15;1;;;;;
2.04;-0.5;-0.5;4.096638;1;Adaptation;15;1;;;;;
2.06;-0.5;-0.5;3.730558;1;Adaptation;15;1;;;;;
2.08;-0.5;-0.5;5.769489;1;Adaptation;15;1;;;;;
2.1;-0.5;-0.5;3.916698;1;Adaptation;15;1;;;;;
2.12;-0.5;-0.5;4.60991;1;Adaptation;15;1;;;;;
2.14;0;-0.125;2.654598;1;Adaptation;15;1;;;;;
2.16;0;-0.125;3.938457;1;Adaptation;15;1;;;;;
2.18;2;0;3.180927;1;Adaptation;15;1;;;;;
2.2;-0.5;-0.5;3.483104;1;Adaptation;15;1;;;;;
2.22;-0.5;-0.5;3.526865;1;Adaptation;15;1;;;;;
2.24;-0.5;-0.5;4.258669;1;Adaptation;15;1;;;;;
2.26;-0.5;-0.5;4.804253;1;Adaptation;15;1;;;;;
2.28;-0.5;-0.5;4.991645;1;Adaptation;15;1;;;;;
2.3;-0.5;-0.5;2.444602;1;Adaptation;15;1;;;;;
2.32;-0.5;-0.5;3.698373;1;Adaptation;15;1;;;;;
2.34;-0.5;-0.5;3.501122;1;Adaptation;15;1;;;;;
2.36;-0.5;-0.5;4.993223;1;Adaptation;15;1;;;;;
2.38;-2;0;5.06595;1;Adaptation;15;1;;;;;
2.4;-0.5;-0.5;5.28315;1;Adaptation;15;1;;;;;
2.42;-0.5;-0.5;2.18427;1;Adaptation;15;1;;;;;
2.44;-0.5;-0.5;3.451435;1;Adaptation;15;1;;;;;
2.46;0;0;5.375448;1;Adaptation;15;1;;;;;
2.48;-0.5;-0.5;2.595531;1;Adaptation;15;1;;;;;
2.5;-0.5;-0.5;3.163846;1;Adaptation;15;1;;;;;
2.52;-0.5;-0.5;5.477099;1;Adaptation;15;1;;;;;
2.54;-0.5;-0.5;3.275391;1;Adaptation;15;1;;;;;
2.56;-0.5;-0.5;5.252688;1;Adaptation;15;1;;;;;
2.58;-0.5;-0.5;3.233958;1;Adaptation;15;1;;;;;
2.6;-0.5;-0.5;4.416149;1;Adaptation;15;1;;;;;
2.62;0;-0.125;5.604722;1;Adaptation;15;1;;;;;
2.64;-0.5;-0.5;2.388916;1;Adaptation;15;1;;;;;
2.66;-0.5;-0.5;5.966561;1;Adaptation;15;1;;;;;
2.68;-0.5;-0.5;5.224882;1;Adaptation;15;1;;;;;
2.7;-0.5;-0.5;2.782354;1;Adaptation;15;1;;;;;
2.72;0;-0.25;4.307836;1;Adaptation;15;1;;;;;
2.74;-0.5;-0.5;5.333636;1;Adaptation;15;1;;;;;
2.76;-0.5;-0.5;4.058395;1;Adaptation;15;1;;;;;
2.78;-0.5;-0.5;2.605963;1;Adaptation;15;1;;;;;
2.8;-0.5;-0.5;5.786207;1;Adaptation;15;1;;;;;
2.82;-0.5;-0.5;2.131791;1;Adaptation;15;1;;;;;
2.84;-2;-0.125;2.047932;1;Adaptation;15;1;;;;;
2.86;2;-0.125;3.59832;1;Adaptation;15;1;;;;;
2.88;-0.5;-0.5;3.751272;1;Adaptation;15;1;;;;;
2.9;-0.5;-0.5;4.286438;1;Adaptation;15;1;;;;;
2.92;-0.5;-0.5;4.173177;1;Adaptation;15;1;;;;;
2.94;-0.5;-0.5;3.485647;1;Adaptation;15;1;;;;;
2.96;-0.5;-0.5;4.540055;1;Adaptation;15;1;;;;;
2.98;-0.5;-0.5;2.076405;1;Adaptation;15;1;;;;;
3;0;0;3.970287;1;Adaptation;15;1;;;;;
3.02;0;-0.125;4.311906;1;Adaptation;15;1;;;;;
3.04;-0.5;-0.5;3.963686;1;Adaptation;15;1;;;;;
3.06;-0.5;-0.5;2.188459;1;Adaptation;15;1;;;;;
3.08;-0.5;-0.5;3.203594;1;Adaptation;15;1;;;;;
3.1;-0.5;-0.5;4.273358;1;Adaptation;15;1;;;;;
3.12;-0.5;-0.5;3.779008;1;Adaptation;15;1;;;;;
3.14;-0.5;-0.5;4.215628;1;Adaptation;15;1;;;;;
3.16;-0.5;-0.5;2.479237;1;Adaptation;15;1;;;;;
3.18;2;0.125;5.110065;1;Adaptation;15;1;;;;;
3.2;0;0.125;5.159903;1;Adaptation;15;1;;;;;
3.22;-0.5;-0.5;3.23172;1;Adaptation;15;1;;;;;
3.24;-0.5;-0.5;5.062345;1;Adaptation;15;1;;;;;
3.26;0;0.25;2.124569;1;Adaptation;15;1;;;;;
3.28;-0.5;-0.5;5.551212;1;Adaptation;15;1;;;;;
3.3;-0.5;-0.5;4.992471;1;Adaptation;15;1;;;;;
3.32;-0.5;-0.5;4.950296;1;Adaptation;15;1;;;;;
3.34;0;0.25;5.657072;1;Adaptation;15;1;;;;;
3.36;-0.5;-0.5;5.337871;1;Adaptation;15;1;;;;;
3.38;-0.5;-0.5;5.030439;1;Adaptation;15;1;;;;;
3.4;-2;0;3.636155;1;Adaptation;15;1;;;;;
3.42;0;0.125;2.82498;1;Adaptation;15;1;;;;;
3.44;-0.5;-0.5;5.356629;1;Adaptation;15;1;;;;;
3.46;-0.5;-0.5;2.353457;1;Adaptation;15;1;;;;;
3.48;-0.5;-0.5;4.829824;1;Adaptation;15;1;;;;;
3.5;-0.5;-0.5;2.27297;1;Adaptation;15;1;;;;;
3.52;0;0;3.554951;1;Adaptation;15;1;;;;;
3.54;-0.5;-0.5;3.71601;1;Adaptation;15;1;;;;;
3.56;2;0;3.13513;1;Adaptation;15;1;;;;;
3.58;-0.5;-0.5;3.24346;1;Adaptation;15;1;;;;;
3.6;-0.5;-0.5;3.642154;1;Adaptation;15;1;;;;;
3.62;0;-0.25;4.048432;1;Adaptation;15;1;;;;;
3.64;-0.5;-0.5;3.814265;1;Adaptation;15;1;;;;;
3.66;-0.5;-0.5;3.587557;1;Adaptation;15;1;;;;;
3.68;-0.5;-0.5;3.158527;1;Adaptation;15;1;;;;;
3.7;-0.5;-0.5;3.393982;1;Adaptation;15;1;;;;;
3.72;0;0.125;4.646272;1;Adaptation;15;1;;;;;
3.74;-2;0.25;3.401067;1;Adaptation;15;1;;;;;
3.76;-0.5;-0.5;3.0322;1;Adaptation;15;1;;;;;
3.78;2;-0.125;2.297788;1;Adaptation;15;1;;;;;
3.8;-0.5;-0.5;2.716065;1;Adaptation;15;1;;;;;
3.82;-0.5;-0.5;5.56984;1;Adaptation;15;1;;;;;
3.84;-2;-0.125;4.452925;1;Adaptation;15;1;;;;;
3.86;-0.5;-0.5;2.585014;1;Adaptation;15;1;;;;;
3.88;-0.5;-0.5;2.421323;1;Adaptation;15;1;;;;;
3.9;-0.5;-0.5;5.424541;1;Adaptation;15;1;;;;;
3.92;2;0;3.950497;1;Adaptation;15;1;;;;;
3.94;-0.5;-0.5;4.998342;1;Adaptation;15;1;;;;;
3.96;-0.5;-0.5;5.825773;1;Adaptation;15;1;;;;;
3.98;-0.5;-0.5;4.298478;1;Adaptation;15;1;;;;;
;;;;;;;;;;;;
