time;pos_x_right;pos_y_right;dil_right;pos_x_left;pos_y_left;dil_left;brightness;fov;trial;;
0;-0.5;-0.5;4.48077;1;15;1;;;;;
0.02;-0.01886767;0.004171848;5.953465;1;15;1;;;;;
0.04;-0.01191807;-0.000785619;3.734051;1;15;1;;;;;
0.06;-0.01191807;-0.000785619;3.689701;1;15;1;;;;;
0.08;-0.01191807;-0.000785619;2.05581;1;15;1;;;;;
0.09999999;-0.01191807;-0.000785619;3.516681;1;15;1;;;;;
0.12;-0.01191807;-0.000785619;5.41469;1;15;1;;;;;
0.14;-0.01191807;-0.000785619;4.301534;1;15;1;;;;;
0.16;-0.01191807;-0.000785619;5.147418;1;15;1;;;;;
0.18;-0.01191807;-0.000785619;4.332856;1;15;1;;;;;
0.2;-0.01191807;-0.000785619;4.157017;1;15;1;;;;;
0.22;-0.01191807;-0.000785619;2.433155;1;15;1;;;;;
0.24;-0.01191807;-0.000785619;2.56639;1;15;1;;;;;
0.26;-0.01191807;-0.000785619;3.750273;1;15;1;;;;;
0.28;-0.01191807;-0.000785619;3.412387;1;15;1;;;;;
0.3;-0.01191807;-0.000785619;2.275768;1;15;1;;;;;
0.32;-0.01191807;-0.000785619;5.486415;1;15;1;;;;;
0.34;-0.01191807;-0.000785619;5.038121;1;15;1;;;;;
0.36;-0.01219133;-0.001298755;3.702345;1;15;1;;;;;
0.38;-0.01193014;-0.001074225;2.100059;1;15;1;;;;;
0.4;-0.01035079;-0.0009619296;5.626373;1;15;1;;;;;
0.42;-0.01036859;-0.0006145239;5.313626;1;15;1;;;;;
0.44;-0.01043978;-0.0006893873;5.462096;1;15;1;;;;;
0.46;-0.009442717;-0.001351893;3.254275;1;15;1;;;;;
0.48;-0.009703994;-0.001977175;5.058482;1;15;1;;;;;
0.5;-0.009359688;-0.001191586;4.037558;1;15;1;;;;;
0.52;-0.009602964;-0.001116782;4.951992;1;15;1;;;;;
0.54;-0.008689046;-0.001041919;3.616173;1;15;1;;;;;
0.56;-0.008160889;-0.0006304383;4.133172;1;15;1;;;;;
0.58;-0.008184612;-0.0007052422;3.461325;1;15;1;;;;;
0.6;-0.006938756;-0.0004861653;5.253087;1;15;1;;;;;
0.62;-0.006553084;-0.0002137423;3.558363;1;15;1;;;;;
0.64;0.01633996;0.004544973;4.784189;1;15;1;;;;;
0.66;0.01058924;0.004975617;4.013083;1;15;1;;;;;
0.68;0.01102293;0.00545156;2.992872;1;15;1;;;;;
0.7;0.0111596;0.005670786;2.560404;1;15;1;;;;;
0.72;0.01205653;0.006152391;4.660848;1;15;1;;;;;
0.74;0.01259112;0.006264925;5.775692;1;15;1;;;;;
0.76;0.01297128;0.006099403;4.895462;1;15;1;;;;;
0.78;0.01317334;0.006479144;2.769552;1;15;1;;;;;
0.8;0.01319712;0.006292045;3.41863;1;15;1;;;;;
0.82;0.01440901;0.005913019;5.721107;1;15;1;;;;;
0.84;0.01452172;0.005720556;4.906912;1;15;1;;;;;
0.86;0.01463497;0.006271422;4.056098;1;15;1;;;;;
0.88;0.01463497;0.006276727;3.770473;1;15;1;;;;;
0.9;0.0145877;0.006512105;5.592018;1;15;1;;;;;
0.92;0.01433206;0.006292701;5.200434;1;15;1;;;;;
0.94;0.01403511;0.006554544;3.034496;1;15;1;;;;;
0.96;0.01399952;0.006843269;5.846432;1;15;1;;;;;
0.98;0.01348811;0.006163836;2.739903;1;15;1;;;;;
1;0.01344067;0.006265402;5.864055;1;15;1;;;;;
1.02;0.01348788;0.005720019;2.250005;1;15;1;;;;;
1.04;0.0125618;0.0066607;2.179681;1;15;1;;;;;
1.06;0.0121997;0.007050812;4.595594;1;15;1;;;;;
1.08;0.01130259;0.00677222;4.142363;1;15;1;;;;;
1.1;0.01157629;0.007264376;5.938023;1;15;1;;;;;
1.12;0.01120794;0.006932676;2.922757;1;15;1;;;;;
1.14;0.01152879;0.007408738;5.450877;1;15;1;;;;;
1.16;0.01069778;0.007782698;3.319003;1;15;1;;;;;
1.18;0.01072156;0.007846832;5.149241;1;15;1;;;;;
1.2;0.009468794;0.007659018;3.632534;1;15;1;;;;;
1.22;0.008886695;0.007353961;3.480775;1;15;1;;;;;
1.24;0.008886755;0.007353902;5.727455;1;15;1;;;;;
1.26;0.008239865;0.007337689;5.809584;1;15;1;;;;;
1.28;0.00847739;0.00772804;3.596941;1;15;1;;;;;
1.3;0.008833528;0.007685423;4.610319;1;15;1;;;;;
1.32;0.009545863;0.007712483;3.051608;1;15;1;;;;;
1.34;0.009195685;0.007845998;4.276866;1;15;1;;;;;
1.36;0.008981943;0.007680178;4.232952;1;15;1;;;;;
1.38;0.008933961;0.00668031;2.575131;1;15;1;;;;;
1.4;0.008453488;0.00720942;5.148202;1;15;1;;;;;
1.42;0.008049965;0.007358909;3.701535;1;15;1;;;;;
1.44;0.00826478;0.009332359;3.563769;1;15;1;;;;;
1.46;0.01928574;0.04145378;2.389905;1;15;1;;;;;
1.48;0.01477683;0.03894162;4.762733;1;15;1;;;;;
1.5;0.0114274;0.03819013;5.645004;1;15;1;;;;;
1.52;0.01687533;0.03990906;3.911294;1;15;1;;;;;
1.54;0.01172668;0.03839201;5.273293;1;15;1;;;;;
1.56;0.0120188;0.03826773;4.09919;1;15;1;;;;;
1.58;0.01152855;0.03808683;4.720979;1;15;1;;;;;
1.6;0.009824991;0.03748995;3.57764;1;15;1;;;;;
1.62;0.009407878;0.0377335;4.065724;1;15;1;;;;;
1.64;0.009257972;0.03749955;3.211235;1;15;1;;;;;
1.66;0.009083629;0.03704244;4.182244;1;15;1;;;;;
1.68;0.009780049;0.03644633;5.331101;1;15;1;;;;;
1.7;0.01007682;0.03588265;5.673462;1;15;1;;;;;
1.72;0.0106228;0.03683937;5.634196;1;15;1;;;;;
1.74;0.01062274;0.03683937;5.386601;1;15;1;;;;;
1.76;0.01076835;0.03565115;3.025328;1;15;1;;;;;
1.78;0.01076335;0.03599823;4.867784;1;15;1;;;;;
1.8;0.01000565;0.0360288;2.08399;1;15;1;;;;;
1.82;0.009493113;0.0362072;2.606104;1;15;1;;;;;
1.84;0.008267403;0.04990137;4.260405;1;15;1;;;;;
1.86;0.008493841;0.04952216;3.202625;1;15;1;;;;;
1.88;0.00813961;0.04930633;4.215831;1;15;1;;;;;
1.9;0.008718789;0.04870844;2.519928;1;15;1;;;;;
1.92;0.009209871;0.04863292;5.495108;1;15;1;;;;;
1.94;0.008785069;0.0488348;4.317225;1;15;1;;;;;
1.96;0.008508146;0.04841655;3.985083;1;15;1;;;;;
1.98;0.00780499;0.04765606;3.374063;1;15;1;;;;;
2;0.008937061;0.0477252;4.903634;1;15;1;;;;;
2.02;0.01161891;0.04728371;2.596377;1;15;1;;;;;
2.04;0.01250511;0.04840767;5.016432;1;15;1;;;;;
2.06;0.012573;0.04630482;4.026776;1;15;1;;;;;
2.08;0.01251167;0.0459919;3.087924;1;15;1;;;;;
2.1;0.01355875;0.04452193;3.836152;1;15;1;;;;;
2.12;0.008975506;0.03896725;5.977262;1;15;1;;;;;
2.14;0.008587062;0.03884125;2.012795;1;15;1;;;;;
2.16;0.008449852;0.03885198;4.221561;1;15;1;;;;;
2.18;0.007791996;0.0383718;5.190348;1;15;1;;;;;
2.2;0.00772804;0.03909504;3.872859;1;15;1;;;;;
2.22;0.007883072;0.03899771;3.371489;1;15;1;;;;;
2.24;0.007883132;0.03899771;3.266213;1;15;1;;;;;
2.26;0.008081973;0.03974938;3.991999;1;15;1;;;;;
2.28;0.008136809;0.040169;2.775902;1;15;1;;;;;
2.3;0.008200884;0.03956407;4.54249;1;15;1;;;;;
2.32;0.009269774;0.03953427;2.799449;1;15;1;;;;;
2.34;0.009582102;0.04011768;3.068931;1;15;1;;;;;
2.36;0.009582102;0.04011768;2.495638;1;15;1;;;;;
2.38;0.01169199;0.03866976;2.159972;1;15;1;;;;;
2.4;0.01664937;0.03672904;5.589081;1;15;1;;;;;
2.42;0.0140326;0.03828555;3.762937;1;15;1;;;;;
2.44;-0.5;-0.5;4.307112;1;15;1;;;;;
2.46;-0.5;-0.5;3.088919;1;15;1;;;;;
2.48;0.1029825;0.0462122;2.603719;1;15;1;;;;;
2.5;0.129362;0.05392307;2.444488;1;15;1;;;;;
2.52;0.1481012;0.05146581;3.890169;1;15;1;;;;;
2.54;0.1443922;0.04747909;4.418889;1;15;1;;;;;
2.56;0.1456898;0.04517311;2.253059;1;15;1;;;;;
2.58;0.1465298;0.04766434;4.699386;1;15;1;;;;;
2.6;0.148021;0.04311502;2.714375;1;15;1;;;;;
2.62;0.1477901;0.04470485;3.391822;1;15;1;;;;;
2.64;0.1475921;0.04525745;5.753477;1;15;1;;;;;
2.66;0.1471677;0.04395217;5.927941;1;15;1;;;;;
2.68;0.1479425;0.0452593;5.727185;1;15;1;;;;;
2.7;0.1481962;0.04315019;2.184414;1;15;1;;;;;
2.72;0.1442496;0.04239607;2.022751;1;15;1;;;;;
2.74;0.1442496;0.04239607;3.276508;1;15;1;;;;;
2.76;0.1449718;0.04191065;2.730499;1;15;1;;;;;
2.78;0.1368642;0.04346228;2.053601;1;15;1;;;;;
2.8;0.07465637;0.04336017;4.765211;1;15;1;;;;;
2.82;0.01263458;0.03162462;3.255037;1;15;1;;;;;
2.84;0.01233238;0.03032595;4.821287;1;15;1;;;;;
2.86;0.01165408;0.02867121;2.654191;1;15;1;;;;;
2.88;0.009205163;0.02808392;4.127271;1;15;1;;;;;
2.9;0.00914973;0.02726907;4.564617;1;15;1;;;;;
2.92;0.008985758;0.02545851;5.737144;1;15;1;;;;;
2.94;0.008981586;0.02643347;4.558502;1;15;1;;;;;
2.96;0.009554088;0.02974683;2.723712;1;15;1;;;;;
2.98;0.008600175;0.02922708;2.045195;1;15;1;;;;;
3;0.007926226;0.02859986;4.111109;1;15;1;;;;;
3.02;0.02546716;0.03939474;2.111363;1;15;1;;;;;
3.04;0.006820798;0.02978563;2.212249;1;15;1;;;;;
3.06;0.001515031;0.02219188;5.960757;1;15;1;;;;;
3.08;0.02368307;0.03583932;4.233994;1;15;1;;;;;
3.1;0.02116746;0.03959244;2.69634;1;15;1;;;;;
3.12;-2.974272E-05;0.02599525;3.515882;1;15;1;;;;;
3.14;-0.0009688139;0.02409518;5.286612;1;15;1;;;;;
3.16;-0.0009688139;0.02409518;3.820091;1;15;1;;;;;
3.18;-0.003240913;0.02634132;5.188451;1;15;1;;;;;
3.2;-0.001629472;0.02673894;4.764638;1;15;1;;;;;
3.22;-0.0005413592;0.02860981;2.322865;1;15;1;;;;;
3.24;-0.0001665354;0.02886885;2.529693;1;15;1;;;;;
3.26;6.020069E-06;0.0285669;5.25026;1;15;1;;;;;
3.28;-0.0002556741;0.02622181;3.103555;1;15;1;;;;;
3.3;0.0004165173;0.02884203;3.106202;1;15;1;;;;;
3.32;0.02145338;0.04433787;5.883099;1;15;1;;;;;
3.34;0.01838428;0.046579;4.989198;1;15;1;;;;;
3.36;0.01838428;0.046579;3.716375;1;15;1;;;;;
3.38;0.01365048;0.05278468;2.137327;1;15;1;;;;;
3.4;0.01201642;0.05151266;4.833589;1;15;1;;;;;
3.42;0.01804852;0.07160461;5.480458;1;15;1;;;;;
3.44;0.01803362;0.07544923;4.959723;1;15;1;;;;;
3.46;0.0159148;0.0832876;4.219892;1;15;1;;;;;
3.48;0.01739895;0.08044034;2.673846;1;15;1;;;;;
3.5;0.0156846;0.0876348;4.097983;1;15;1;;;;;
3.52;0.01543701;0.09370184;2.117847;1;15;1;;;;;
3.54;0.01488376;0.09661055;5.276945;1;15;1;;;;;
3.56;-0.5;-0.5;3.931289;1;15;1;;;;;
3.58;-0.5;-0.5;2.382083;1;15;1;;;;;
3.6;-0.5;-0.5;3.702162;1;15;1;;;;;
3.62;-0.5;-0.5;5.287004;1;15;1;;;;;
3.64;-0.5;-0.5;5.983422;1;15;1;;;;;
3.66;-0.5;-0.5;4.888118;1;15;1;;;;;
3.68;-0.5;-0.5;3.039514;1;15;1;;;;;
3.7;-0.5;-0.5;4.781083;1;15;1;;;;;
3.72;-0.5;-0.5;2.879872;1;15;1;;;;;
3.74;-0.5;-0.5;2.038593;1;15;1;;;;;
3.76;-0.5;-0.5;3.961272;1;15;1;;;;;
3.78;-0.5;-0.5;2.452795;1;15;1;;;;;
3.8;-0.5;-0.5;4.323111;1;15;1;;;;;
3.82;-0.5;-0.5;4.889926;1;15;1;;;;;
3.84;-0.5;-0.5;4.813933;1;15;1;;;;;
3.86;-0.5;-0.5;5.35434;1;15;1;;;;;
3.88;-0.5;-0.5;2.072831;1;15;1;;;;;
3.9;-0.5;-0.5;2.210504;1;15;1;;;;;
3.92;0.00642103;-0.03286177;2.5215;1;15;1;;;;;
3.94;0.004721761;-0.03172904;4.364676;1;15;1;;;;;
3.96;0.004644156;-0.03624776;4.877576;1;15;1;;;;;
3.98;0.004644215;-0.03624776;4.399143;1;15;1;;;;;
4;0.005407393;-0.03230309;3.711066;1;15;1;;;;;
4.02;0.005610824;-0.0328339;5.250181;1;15;1;;;;;
4.04;0.00555855;-0.03374898;3.283701;1;15;1;;;;;
4.06;0.005661428;-0.03082708;2.702606;1;15;1;;;;;
4.08;0.005680084;-0.0313516;3.377549;1;15;1;;;;;
4.1;0.007448852;-0.03129455;4.269637;1;15;1;;;;;
4.12;0.04552209;-0.005658835;4.989825;1;15;1;;;;;
4.14;0.04878837;0.00497514;2.853115;1;15;1;;;;;
4.16;0.04746062;0.001173198;4.888502;1;15;1;;;;;
4.18;0.04601836;0.0001129508;2.987956;1;15;1;;;;;
4.2;0.0443247;0.001150548;2.601134;1;15;1;;;;;
4.22;0.04430616;-0.0002419353;5.4993;1;15;1;;;;;
4.24;0.04384714;-0.0009300113;3.620101;1;15;1;;;;;
4.26;0.04295343;-0.001048028;5.670993;1;15;1;;;;;
4.28;0.04273546;-0.0005911887;4.542996;1;15;1;;;;;
4.3;0.04167396;-0.001171231;5.837214;1;15;1;;;;;
4.32;0.03551865;-0.002789408;4.204329;1;15;1;;;;;
4.34;0.0329634;-0.003522366;5.165691;1;15;1;;;;;
4.36;0.03350461;-0.004793793;2.364833;1;15;1;;;;;
4.38;0.03386974;-0.004118472;3.335982;1;15;1;;;;;
4.4;0.03410608;-0.006108642;2.847005;1;15;1;;;;;
4.42;0.04193366;-0.002385616;2.370614;1;15;1;;;;;
4.44;0.04206747;-0.00314337;2.796863;1;15;1;;;;;
4.46;0.04282683;-0.002015412;4.830168;1;15;1;;;;;
4.48;0.04282683;-0.002015412;5.206062;1;15;1;;;;;
4.5;0.04371452;-0.001752406;3.3225;1;15;1;;;;;
4.52;0.0437749;-0.001752466;4.258408;1;15;1;;;;;
4.54;0.04382467;-0.003150344;5.621468;1;15;1;;;;;
4.56;0.04390287;-0.003198743;4.057865;1;15;1;;;;;
4.58;0.04394007;-0.003591299;5.492502;1;15;1;;;;;
4.6;0.04375833;-0.003209382;3.298841;1;15;1;;;;;
4.62;0.04244244;-0.004030466;5.090515;1;15;1;;;;;
4.64;0.04272676;-0.004412413;4.288074;1;15;1;;;;;
4.66;0.04237217;-0.005336523;4.989787;1;15;1;;;;;
4.68;0.04259682;-0.005949676;3.926257;1;15;1;;;;;
4.7;0.0425179;-0.005578727;4.689212;1;15;1;;;;;
4.72;0.04234898;-0.005599946;3.025375;1;15;1;;;;;
4.74;0.04231787;-0.005336404;2.526935;1;15;1;;;;;
4.76;0.04260939;-0.006218523;5.325068;1;15;1;;;;;
4.78;0.04205471;-0.006362766;3.553948;1;15;1;;;;;
4.8;0.04192156;-0.006330222;4.327316;1;15;1;;;;;
4.82;0.04090875;-0.006543458;4.718979;1;15;1;;;;;
4.84;0.04090875;-0.006543517;3.852272;1;15;1;;;;;
4.86;0.04058427;-0.007064134;3.960909;1;15;1;;;;;
4.88;0.04066712;-0.006467789;4.754189;1;15;1;;;;;
4.9;0.03769249;-0.006205112;4.871569;1;15;1;;;;;
4.92;0.03011405;-0.004490286;3.53324;1;15;1;;;;;
4.94;0.02829254;-0.006503314;3.88383;1;15;1;;;;;
4.96;0.02829254;-0.006503314;2.47311;1;15;1;;;;;
4.98;0.02769494;-0.006513357;3.949054;1;15;1;;;;;
5;0.02789205;-0.006572455;5.842555;1;15;1;;;;;
5.02;0.02766013;-0.007284909;3.719923;1;15;1;;;;;
5.04;0.02766013;-0.007284909;2.71782;1;15;1;;;;;
5.06;0.02727157;-0.007300407;2.638171;1;15;1;;;;;
5.08;0.02675188;-0.007272899;4.480818;1;15;1;;;;;
5.1;0.02666783;-0.006908596;5.479183;1;15;1;;;;;
5.12;0.02578288;-0.006178975;3.807921;1;15;1;;;;;
5.14;0.02502465;-0.005798012;2.588938;1;15;1;;;;;
5.16;0.02496517;-0.005883694;4.661562;1;15;1;;;;;
5.18;0.02492279;-0.005626529;3.342799;1;15;1;;;;;
5.2;0.02470219;-0.00553;5.467778;1;15;1;;;;;
5.22;0.0245291;-0.005733252;3.149989;1;15;1;;;;;
5.24;0.02416587;-0.006043553;5.446042;1;15;1;;;;;
5.26;0.02377266;-0.006369799;4.628382;1;15;1;;;;;
5.28;0.02382618;-0.006353766;5.497859;1;15;1;;;;;
5.3;0.02389777;-0.006321669;2.351606;1;15;1;;;;;
5.32;0.02304596;-0.007123977;2.28399;1;15;1;;;;;
5.34;0.02297544;-0.00782007;3.910838;1;15;1;;;;;
5.36;0.02317321;-0.008436203;3.317561;1;15;1;;;;;
5.38;0.02326375;-0.009073764;3.50261;1;15;1;;;;;
5.4;0.02318692;-0.009496808;2.565958;1;15;1;;;;;
5.42;0.02930975;-0.007013738;3.820063;1;15;1;;;;;
5.44;0.02933437;-0.007297903;4.127341;1;15;1;;;;;
5.46;0.0293225;-0.007410467;3.274993;1;15;1;;;;;
5.48;0.0293225;-0.007410467;5.707569;1;15;1;;;;;
5.5;0.02916014;-0.006793857;4.445711;1;15;1;;;;;
5.52;0.0291062;-0.006954491;2.371034;1;15;1;;;;;
5.54;0.02269751;-0.009212196;4.53291;1;15;1;;;;;
5.56;0.02264971;-0.009254932;3.240812;1;15;1;;;;;
5.58;0.02260745;-0.00892815;2.667925;1;15;1;;;;;
5.6;0.02262586;-0.009158581;3.548149;1;15;1;;;;;
5.62;0.02225614;-0.009040266;2.732379;1;15;1;;;;;
5.64;0.02238727;-0.009056479;2.159816;1;15;1;;;;;
5.66;0.02264863;-0.008649707;4.959129;1;15;1;;;;;
5.68;0.02275002;-0.008628368;5.391747;1;15;1;;;;;
5.7;0.02266783;-0.009346038;3.851205;1;15;1;;;;;
5.72;0.02235824;-0.009570569;2.003995;1;15;1;;;;;
5.74;0.02223307;-0.009559721;4.757776;1;15;1;;;;;
5.76;0.02161413;-0.01007313;5.993031;1;15;1;;;;;
5.78;0.02155447;-0.01000339;5.819953;1;15;1;;;;;
5.8;0.02164948;-0.009810716;2.959139;1;15;1;;;;;
5.82;0.02108312;-0.009697467;4.31085;1;15;1;;;;;
5.84;0.02101153;-0.009643763;3.703923;1;15;1;;;;;
5.86;0.02092212;-0.009691775;4.274616;1;15;1;;;;;
5.88;0.02107686;-0.009526014;5.680534;1;15;1;;;;;
5.9;0.02066702;-0.01017359;3.581261;1;15;1;;;;;
5.92;0.0204469;-0.01039824;5.863641;1;15;1;;;;;
5.94;0.02063137;-0.01022711;3.763301;1;15;1;;;;;
5.96;0.02063131;-0.01022711;4.514037;1;15;1;;;;;
5.98;0.02048844;-0.01035538;4.387089;1;15;1;;;;;
6;0.02048254;-0.01041421;4.05121;1;15;1;;;;;
6.02;0.02061349;-0.01037696;3.62947;1;15;1;;;;;
6.04;0.02061349;-0.01037696;5.687504;1;15;1;;;;;
6.06;0.02070981;-0.0109556;2.277709;1;15;1;;;;;
6.08;0.02137679;-0.01079589;2.281432;1;15;1;;;;;
6.1;0.02155542;-0.01059261;5.622448;1;15;1;;;;;
6.12;0.02137029;-0.01039946;2.001602;1;15;1;;;;;
6.14;0.02116168;-0.0103938;3.278223;1;15;1;;;;;
6.16;0.02110821;-0.01041526;5.357997;1;15;1;;;;;
6.18;0.02109635;-0.01043129;3.829843;1;15;1;;;;;
6.2;0.02101874;-0.01042044;5.169391;1;15;1;;;;;
6.22;0.02022547;-0.00995326;3.873206;1;15;1;;;;;
6.24;0.02138638;-0.009349734;5.905256;1;15;1;;;;;
6.26;0.02138644;-0.009349734;3.281679;1;15;1;;;;;
6.28;0.0209921;-0.008717269;2.793764;1;15;1;;;;;
6.3;0.02094489;-0.00901705;3.159609;1;15;1;;;;;
6.32;0.0207001;-0.008534938;2.85332;1;15;1;;;;;
6.34;0.02074701;-0.008020997;5.573063;1;15;1;;;;;
6.36;0.0204556;-0.008448929;5.816005;1;15;1;;;;;
6.38;0.02035439;-0.008432746;5.572696;1;15;1;;;;;
6.4;0.02036691;-0.008796841;5.432621;1;15;1;;;;;
6.42;0.02005172;-0.009187371;3.273787;1;15;1;;;;;
6.44;0.01986134;-0.009240717;2.902261;1;15;1;;;;;
6.46;0.01985669;-0.01014027;4.160947;1;15;1;;;;;
6.48;0.01963627;-0.01006502;5.502761;1;15;1;;;;;
6.5;0.01873791;-0.010519;5.091572;1;15;1;;;;;
6.52;0.01832652;-0.01009002;3.563888;1;15;1;;;;;
6.54;0.0186305;-0.0102244;5.641845;1;15;1;;;;;
6.56;0.01863045;-0.01022446;2.312817;1;15;1;;;;;
6.58;0.0189631;-0.009753644;5.426568;1;15;1;;;;;
6.6;0.018641;-0.00936231;4.607893;1;15;1;;;;;
6.62;0.01892656;-0.009255618;3.758059;1;15;1;;;;;
6.64;0.01944482;-0.009325862;2.137937;1;15;1;;;;;
6.66;0.01937258;-0.008811861;2.973577;1;15;1;;;;;
6.68;0.01976514;-0.008640915;4.450545;1;15;1;;;;;
6.7;0.01955694;-0.008720994;3.163817;1;15;1;;;;;
6.72;0.02055126;-0.008759528;5.627427;1;15;1;;;;;
6.74;0.02039027;-0.008513123;4.974211;1;15;1;;;;;
6.76;0.02031243;-0.008213222;3.279775;1;15;1;;;;;
6.78;0.020033;-0.008555502;2.25978;1;15;1;;;;;
6.8;0.01972914;-0.008480281;5.443735;1;15;1;;;;;
6.82;0.01893193;-0.008880824;2.766658;1;15;1;;;;;
6.84;0.01848006;-0.0091106;5.567044;1;15;1;;;;;
6.86;0.01848006;-0.0091106;2.758713;1;15;1;;;;;
6.88;0.01820636;-0.009260118;5.963408;1;15;1;;;;;
6.9;0.01818848;-0.009206593;4.485555;1;15;1;;;;;
6.92;0.01776016;-0.009227604;5.455738;1;15;1;;;;;
6.94;0.01786083;-0.008927941;3.967928;1;15;1;;;;;
6.96;0.01783651;-0.008654833;3.387866;1;15;1;;;;;
6.98;0.01762199;-0.008263946;2.216915;1;15;1;;;;;
7;0.01797849;-0.007841498;4.359109;1;15;1;;;;;
;;;;;;;;;;;
