time;pos_x_right;pos_y_right;dil_right;pos_x_left;pos_y_left;dil_left;brightness;state;fov;trial;;
0;-0.5;-0.5;4.687984;1;Adaptation;15;1;;;;;
0.02;-0.5;-0.5;4.236029;1;Adaptation;15;1;;;;;
0.04;0;-0.125;2.7325;1;Adaptation;15;1;;;;;
0.06;0;-0.125;3.633435;1;Adaptation;15;1;;;;;
0.08;0;-0.125;2.3743;1;Adaptation;15;1;;;;;
0.09999999;0;-0.125;4.666023;1;Adaptation;15;1;;;;;
0.12;0;-0.125;4.796844;1;Adaptation;15;1;;;;;
0.14;0;-0.125;5.46368;1;Adaptation;15;1;;;;;
0.16;0;-0.125;3.897231;1;Adaptation;15;1;;;;;
0.18;0;-0.125;4.949662;1;Adaptation;15;1;;;;;
0.2;0;-0.125;5.048119;1;Adaptation;15;1;;;;;
0.22;0;-0.125;4.176213;1;Adaptation;15;1;;;;;
0.24;0;-0.125;4.744946;1;Adaptation;15;1;;;;;
0.26;0;-0.125;4.557653;1;Adaptation;15;1;;;;;
0.28;0;-0.125;2.49769;1;Adaptation;15;1;;;;;
0.3;0;-0.125;3.085306;1;Adaptation;15;1;;;;;
0.32;0;-0.125;3.442635;1;Adaptation;15;1;;;;;
0.34;0;-0.125;4.373037;1;Adaptation;15;1;;;;;
0.36;-0.5;-0.5;2.612464;1;Adaptation;15;1;;;;;
0.38;-0.5;-0.5;5.041452;1;Adaptation;15;1;;;;;
0.4;-0.5;-0.5;3.485352;1;Adaptation;15;1;;;;;
0.42;0;-0.125;2.038893;1;Adaptation;15;1;;;;;
0.44;-0.5;-0.5;3.706701;1;Adaptation;15;1;;;;;
0.46;-0.5;-0.5;2.385445;1;Adaptation;15;1;;;;;
0.48;-0.5;-0.5;3.130489;1;Adaptation;15;1;;;;;
0.5;-0.5;-0.5;5.423202;1;Adaptation;15;1;;;;;
0.52;-4;0;2.669181;1;Adaptation;15;1;;;;;
0.54;-0.5;-0.5;2.374618;1;Adaptation;15;1;;;;;
0.56;0;-0.125;2.361463;1;Adaptation;15;1;;;;;
0.58;-0.5;-0.5;2.773732;1;Adaptation;15;1;;;;;
0.6;-0.5;-0.5;5.805954;1;Adaptation;15;1;;;;;
0.62;-0.5;-0.5;4.264357;1;Adaptation;15;1;;;;;
0.64;-0.5;-0.5;4.638315;1;Adaptation;15;1;;;;;
0.66;0;-0.25;4.759914;1;Adaptation;15;1;;;;;
0.68;-0.5;-0.5;4.895697;1;Adaptation;15;1;;;;;
0.7;-0.5;-0.5;2.780704;1;Adaptation;15;1;;;;;
0.72;0;0.125;3.947265;1;Adaptation;15;1;;;;;
0.74;-2;-0.25;5.243096;1;Adaptation;15;1;;;;;
0.76;-0.5;-0.5;5.7198;1;Adaptation;15;1;;;;;
0.78;-0.5;-0.5;3.975484;1;Adaptation;15;1;;;;;
0.8;-0.5;-0.5;4.304377;1;Adaptation;15;1;;;;;
0.82;2;-0.125;2.517691;1;Adaptation;15;1;;;;;
0.84;-0.5;-0.5;4.466029;1;Adaptation;15;1;;;;;
0.86;2;0;4.932339;1;Adaptation;15;1;;;;;
0.88;-0.5;-0.5;5.762673;1;Adaptation;15;1;;;;;
0.9;-2;-0.25;2.450855;1;Adaptation;15;1;;;;;
0.92;-0.5;-0.5;3.647153;1;Adaptation;15;1;;;;;
0.94;2;0;3.198477;1;Adaptation;15;1;;;;;
0.96;-0.5;-0.5;4.581759;1;Adaptation;15;1;;;;;
0.98;-0.5;-0.5;2.193542;1;Adaptation;15;1;;;;;
1;0;0;5.756471;1;Adaptation;15;1;;;;;
1.02;-0.5;-0.5;2.704017;1;Adaptation;15;1;;;;;
1.04;-0.5;-0.5;5.97998;1;Adaptation;15;1;;;;;
1.06;-0.5;-0.5;2.527923;1;Adaptation;15;1;;;;;
1.08;-0.5;-0.5;4.023723;1;Adaptation;15;1;;;;;
1.1;-0.5;-0.5;5.148934;1;Adaptation;15;1;;;;;
1.12;-0.5;-0.5;4.949219;1;Adaptation;15;1;;;;;
1.14;0;-0.125;5.598412;1;Adaptation;15;1;;;;;
1.16;-0.5;-0.5;5.474603;1;Adaptation;15;1;;;;;
1.18;2;0;2.892034;1;Adaptation;15;1;;;;;
1.2;0;0;4.617359;1;Adaptation;15;1;;;;;
1.22;-0.5;-0.5;4.96803;1;Adaptation;15;1;;;;;
1.24;-0.5;-0.5;3.127627;1;Adaptation;15;1;;;;;
1.26;2;-0.375;3.173618;1;Adaptation;15;1;;;;;
1.28;-0.5;-0.5;2.862568;1;Adaptation;15;1;;;;;
1.3;-0.5;-0.5;2.491291;1;Adaptation;15;1;;;;;
1.32;0;0;5.824089;1;Adaptation;15;1;;;;;
1.34;-0.5;-0.5;3.821123;1;Adaptation;15;1;;;;;
1.36;0;0.25;4.485913;1;Adaptation;15;1;;;;;
1.38;-0.5;-0.5;4.843394;1;Adaptation;15;1;;;;;
1.4;-0.5;-0.5;3.287592;1;Adaptation;15;1;;;;;
1.42;-0.5;-0.5;5.177022;1;Adaptation;15;1;;;;;
1.44;-0.5;-0.5;3.113623;1;Adaptation;15;1;;;;;
1.46;0;-0.25;4.754947;1;Adaptation;15;1;;;;;
1.48;-0.5;-0.5;2.528243;1;Adaptation;15;1;;;;;
1.5;-0.5;-0.5;4.088675;1;Adaptation;15;1;;;;;
1.52;-0.5;-0.5;2.571414;1;Adaptation;15;1;;;;;
1.54;-2;-0.375;4.569553;1;Adaptation;15;1;;;;;
1.56;-0.5;-0.5;5.416706;1;Adaptation;15;1;;;;;
1.58;-2;0.25;4.428981;1;Adaptation;15;1;;;;;
1.6;-0.5;-0.5;5.716774;1;Adaptation;15;1;;;;;
1.62;-0.5;-0.5;4.738787;1;Adaptation;15;1;;;;;
1.64;-0.5;-0.5;3.201789;1;Adaptation;15;1;;;;;
1.66;-0.5;-0.5;2.580128;1;Adaptation;15;1;;;;;
1.68;-0.5;-0.5;2.913407;1;Adaptation;15;1;;;;;
1.7;-0.5;-0.5;2.58103;1;Adaptation;15;1;;;;;
1.72;-0.5;-0.5;2.256965;1;Adaptation;15;1;;;;;
1.74;-0.5;-0.5;3.041996;1;Adaptation;15;1;;;;;
1.76;0;0;3.745605;1;Adaptation;15;1;;;;;
1.78;-0.5;-0.5;5.802687;1;Adaptation;15;1;;;;;
1.8;-0.5;-0.5;3.221047;1;Adaptation;15;1;;;;;
1.82;-0.5;-0.5;3.886493;1;Adaptation;15;1;;;;;
1.84;-0.5;-0.5;5.028428;1;Adaptation;15;1;;;;;
1.86;-0.5;-0.5;3.182125;1;Adaptation;15;1;;;;;
1.88;-0.5;-0.5;2.782389;1;Adaptation;15;1;;;;;
1.9;-0.5;-0.5;5.763813;1;Adaptation;15;1;;;;;
1.92;-0.5;-0.5;2.457954;1;Adaptation;15;1;;;;;
1.94;-0.5;-0.5;3.909619;1;Adaptation;15;1;;;;;
1.96;-0.5;-0.5;3.397328;1;Adaptation;15;1;;;;;
1.98;-2;0;4.682094;1;Adaptation;15;1;;;;;
2;-0.5;-0.5;2.373189;1;Adaptation;15;1;;;;;
2.02;-0.5;-0.5;2.076119;1;Adaptation;15;1;;;;;
2.04;-0.5;-0.5;3.060856;1;Adaptation;15;1;;;;;
2.06;-0.5;-0.5;5.803005;1;Adaptation;15;1;;;;;
;;;;;;;;;;;;
