time;pos_x_right;pos_y_right;dil_right;pos_x_left;pos_y_left;dil_left;brightness;state;fov;trial;;
0;0;0;3.602156;1;Adaptation;15;1;;;;;
0.02;0;0;5.295254;1;Adaptation;15;1;;;;;
0.04;-0.5;-0.5;3.037025;1;Adaptation;15;1;;;;;
0.06;-0.5;-0.5;4.225968;1;Adaptation;15;1;;;;;
0.08;-0.5;-0.5;4.58446;1;Adaptation;15;1;;;;;
0.09999999;-0.5;-0.5;4.811659;1;Adaptation;15;1;;;;;
0.12;-0.5;-0.5;5.694412;1;Adaptation;15;1;;;;;
0.14;-0.5;-0.5;5.133192;1;Adaptation;15;1;;;;;
0.16;-0.5;-0.5;4.4589;1;Adaptation;15;1;;;;;
0.18;-0.5;-0.5;3.726393;1;Adaptation;15;1;;;;;
0.2;-0.5;-0.5;4.026688;1;Adaptation;15;1;;;;;
0.22;-0.5;-0.5;3.687891;1;Adaptation;15;1;;;;;
0.24;-0.5;-0.5;2.990776;1;Adaptation;15;1;;;;;
0.26;-0.5;-0.5;2.08579;1;Adaptation;15;1;;;;;
0.28;-0.5;-0.5;5.623079;1;Adaptation;15;1;;;;;
0.3;-0.5;-0.5;3.717801;1;Adaptation;15;1;;;;;
0.32;-0.5;-0.5;3.199076;1;Adaptation;15;1;;;;;
0.34;-0.5;-0.5;5.032694;1;Adaptation;15;1;;;;;
0.36;-0.5;-0.5;5.603272;1;Adaptation;15;1;;;;;
0.38;-0.5;-0.5;4.899945;1;Adaptation;15;1;;;;;
0.4;-2;-0.125;2.067881;1;Adaptation;15;1;;;;;
0.42;-0.5;-0.5;5.107499;1;Adaptation;15;1;;;;;
0.44;-2;0;2.406964;1;Adaptation;15;1;;;;;
0.46;-0.5;-0.5;4.874943;1;Adaptation;15;1;;;;;
0.48;0;0;3.073068;1;Adaptation;15;1;;;;;
0.5;-0.5;-0.5;4.276356;1;Adaptation;15;1;;;;;
0.52;-0.5;-0.5;5.39519;1;Adaptation;15;1;;;;;
0.54;-0.5;-0.5;4.798196;1;Adaptation;15;1;;;;;
0.56;0;0.125;3.761924;1;Adaptation;15;1;;;;;
0.58;-0.5;-0.5;2.941526;1;Adaptation;15;1;;;;;
0.6;-0.5;-0.5;5.057931;1;Adaptation;15;1;;;;;
0.62;2;0.125;4.761762;1;Adaptation;15;1;;;;;
0.64;-2;0.125;4.334021;1;Adaptation;15;1;;;;;
0.66;0;0;5.49817;1;Adaptation;15;1;;;;;
0.68;0;0;2.691594;1;Adaptation;15;1;;;;;
0.7;2;-0.125;2.475261;1;Adaptation;15;1;;;;;
0.72;-0.5;-0.5;4.966811;1;Adaptation;15;1;;;;;
0.74;-0.5;-0.5;5.756963;1;Adaptation;15;1;;;;;
0.76;-0.5;-0.5;5.068157;1;Adaptation;15;1;;;;;
0.78;-0.5;-0.5;4.351934;1;Adaptation;15;1;;;;;
0.8;-0.5;-0.5;2.81175;1;Adaptation;15;1;;;;;
0.82;-0.5;-0.5;3.465734;1;Adaptation;15;1;;;;;
0.84;0;-0.125;3.710911;1;Adaptation;15;1;;;;;
0.86;-0.5;-0.5;4.713684;1;Adaptation;15;1;;;;;
0.88;-0.5;-0.5;5.320053;1;Adaptation;15;1;;;;;
0.9;-0.5;-0.5;4.620562;1;Adaptation;15;1;;;;;
0.92;-0.5;-0.5;3.057446;1;Adaptation;15;1;;;;;
0.94;-0.5;-0.5;4.742335;1;Adaptation;15;1;;;;;
0.96;-0.5;-0.5;5.363163;1;Adaptation;15;1;;;;;
0.98;2;0;4.524395;1;Adaptation;15;1;;;;;
1;-0.5;-0.5;2.754318;1;Adaptation;15;1;;;;;
1.02;-0.5;-0.5;4.265565;1;Adaptation;15;1;;;;;
1.04;2;0;3.811696;1;Adaptation;15;1;;;;;
1.06;-0.5;-0.5;4.109856;1;Adaptation;15;1;;;;;
1.08;2;0;2.157797;1;Adaptation;15;1;;;;;
1.1;-2;-0.375;2.487809;1;Adaptation;15;1;;;;;
1.12;-0.5;-0.5;5.296316;1;Adaptation;15;1;;;;;
1.14;-0.5;-0.5;2.947533;1;Adaptation;15;1;;;;;
1.16;-0.5;-0.5;5.870052;1;Adaptation;15;1;;;;;
1.18;-0.5;-0.5;5.657294;1;Adaptation;15;1;;;;;
1.2;-0.5;-0.5;4.185992;1;Adaptation;15;1;;;;;
1.22;0;0;2.966547;1;Adaptation;15;1;;;;;
1.24;0;0;5.548817;1;Adaptation;15;1;;;;;
1.26;-0.5;-0.5;3.792017;1;Adaptation;15;1;;;;;
1.28;-0.5;-0.5;3.493206;1;Adaptation;15;1;;;;;
1.3;-0.5;-0.5;2.531067;1;Adaptation;15;1;;;;;
1.32;-2;-0.25;2.713977;1;Adaptation;15;1;;;;;
1.34;-0.5;-0.5;4.642782;1;Adaptation;15;1;;;;;
1.36;-0.5;-0.5;2.339501;1;Adaptation;15;1;;;;;
1.38;-0.5;-0.5;3.790177;1;Adaptation;15;1;;;;;
1.4;-0.5;-0.5;2.534691;1;Adaptation;15;1;;;;;
1.42;-0.5;-0.5;2.49945;1;Adaptation;15;1;;;;;
1.44;0;0;4.828436;1;Adaptation;15;1;;;;;
1.46;0;0;4.793319;1;Adaptation;15;1;;;;;
1.48;0;-0.125;5.919613;1;Adaptation;15;1;;;;;
1.5;-0.5;-0.5;2.573232;1;Adaptation;15;1;;;;;
1.52;-0.5;-0.5;2.978712;1;Adaptation;15;1;;;;;
1.54;-0.5;-0.5;2.692733;1;Adaptation;15;1;;;;;
1.56;0;0;3.331539;1;Adaptation;15;1;;;;;
1.58;-0.5;-0.5;2.708417;1;Adaptation;15;1;;;;;
1.6;2;0.25;4.17841;1;Adaptation;15;1;;;;;
1.62;0;0.125;4.120586;1;Adaptation;15;1;;;;;
1.64;-0.5;-0.5;3.548441;1;Adaptation;15;1;;;;;
1.66;0;0.125;2.211055;1;Adaptation;15;1;;;;;
1.68;0;0;4.346906;1;Adaptation;15;1;;;;;
1.7;0;0.125;3.159209;1;Adaptation;15;1;;;;;
1.72;-0.5;-0.5;3.524458;1;Adaptation;15;1;;;;;
1.74;-0.5;-0.5;3.175324;1;Adaptation;15;1;;;;;
1.76;-0.5;-0.5;2.281835;1;Adaptation;15;1;;;;;
1.78;-2;0;2.985285;1;Adaptation;15;1;;;;;
1.8;-0.5;-0.5;3.780572;1;Adaptation;15;1;;;;;
1.82;-0.5;-0.5;2.35438;1;Adaptation;15;1;;;;;
1.84;-0.5;-0.5;5.069213;1;Adaptation;15;1;;;;;
1.86;-2;0.25;4.896948;1;Adaptation;15;1;;;;;
1.88;0;0;2.729889;1;Adaptation;15;1;;;;;
1.9;-0.5;-0.5;3.901064;1;Adaptation;15;1;;;;;
1.92;-0.5;-0.5;3.057282;1;Adaptation;15;1;;;;;
1.94;-0.5;-0.5;4.421564;1;Adaptation;15;1;;;;;
1.96;-0.5;-0.5;3.42779;1;Adaptation;15;1;;;;;
1.98;-0.5;-0.5;2.512448;1;Adaptation;15;1;;;;;
2;-0.5;-0.5;5.415956;1;Adaptation;15;1;;;;;
2.02;-0.5;-0.5;3.567872;1;Adaptation;15;1;;;;;
2.04;-0.5;-0.5;5.739625;1;Adaptation;15;1;;;;;
2.06;-2;0;4.405071;1;Adaptation;15;1;;;;;
2.08;-0.5;-0.5;2.821038;1;Adaptation;15;1;;;;;
2.1;-0.5;-0.5;3.01932;1;Adaptation;15;1;;;;;
2.12;-0.5;-0.5;5.403715;1;Adaptation;15;1;;;;;
2.14;2;0;2.07212;1;Adaptation;15;1;;;;;
2.16;2;0.125;4.205039;1;Adaptation;15;1;;;;;
2.18;-0.5;-0.5;3.000154;1;Adaptation;15;1;;;;;
2.2;-0.5;-0.5;2.9125;1;Adaptation;15;1;;;;;
2.22;-0.5;-0.5;4.144273;1;Adaptation;15;1;;;;;
2.24;-2;-0.125;5.564552;1;Adaptation;15;1;;;;;
2.26;-0.5;-0.5;4.566145;1;Adaptation;15;1;;;;;
2.28;0;-0.125;3.024697;1;Adaptation;15;1;;;;;
2.3;-0.5;-0.5;3.908194;1;Adaptation;15;1;;;;;
2.32;-0.5;-0.5;2.639209;1;Adaptation;15;1;;;;;
2.34;-0.5;-0.5;5.111117;1;Adaptation;15;1;;;;;
2.36;-0.5;-0.5;5.272431;1;Adaptation;15;1;;;;;
2.38;-0.5;-0.5;5.804545;1;Adaptation;15;1;;;;;
2.4;-0.5;-0.5;5.754216;1;Adaptation;15;1;;;;;
2.42;-0.5;-0.5;5.771018;1;Adaptation;15;1;;;;;
2.44;-0.5;-0.5;3.461272;1;Adaptation;15;1;;;;;
2.46;-0.5;-0.5;3.668851;1;Adaptation;15;1;;;;;
2.48;-2;-0.125;4.655499;1;Adaptation;15;1;;;;;
2.5;-0.5;-0.5;3.055968;1;Adaptation;15;1;;;;;
2.52;-0.5;-0.5;5.907419;1;Adaptation;15;1;;;;;
2.54;-0.5;-0.5;4.881928;1;Adaptation;15;1;;;;;
2.56;-0.5;-0.5;5.176635;1;Adaptation;15;1;;;;;
2.58;-0.5;-0.5;2.422607;1;Adaptation;15;1;;;;;
2.6;0;0;3.777316;1;Adaptation;15;1;;;;;
2.62;-0.5;-0.5;4.86454;1;Adaptation;15;1;;;;;
2.64;-0.5;-0.5;3.268959;1;Adaptation;15;1;;;;;
2.66;-0.5;-0.5;4.533442;1;Adaptation;15;1;;;;;
2.68;2;0.25;2.430213;1;Adaptation;15;1;;;;;
2.7;-0.5;-0.5;4.612897;1;Adaptation;15;1;;;;;
2.72;-0.5;-0.5;3.443325;1;Adaptation;15;1;;;;;
2.74;-0.5;-0.5;3.862355;1;Adaptation;15;1;;;;;
2.76;-0.5;-0.5;2.08129;1;Adaptation;15;1;;;;;
2.78;-0.5;-0.5;4.625289;1;Adaptation;15;1;;;;;
2.8;2;-0.125;4.763571;1;Adaptation;15;1;;;;;
2.82;0;0;3.355543;1;Adaptation;15;1;;;;;
2.84;0;-0.25;5.13481;1;Adaptation;15;1;;;;;
2.86;-0.5;-0.5;4.219622;1;Adaptation;15;1;;;;;
2.88;-0.5;-0.5;5.306316;1;Adaptation;15;1;;;;;
2.9;-0.5;-0.5;2.707143;1;Adaptation;15;1;;;;;
2.92;-0.5;-0.5;3.003232;1;Adaptation;15;1;;;;;
2.94;-0.5;-0.5;4.304208;1;Adaptation;15;1;;;;;
2.96;-0.5;-0.5;4.866201;1;Adaptation;15;1;;;;;
2.98;-0.5;-0.5;3.582624;1;Adaptation;15;1;;;;;
3;0;0.25;3.576663;1;Adaptation;15;1;;;;;
3.02;-0.5;-0.5;4.641105;1;Adaptation;15;1;;;;;
3.04;0;-0.125;4.703335;1;Adaptation;15;1;;;;;
3.06;-0.5;-0.5;5.355121;1;Adaptation;15;1;;;;;
3.08;-0.5;-0.5;4.556654;1;Adaptation;15;1;;;;;
3.1;-0.5;-0.5;5.178977;1;Adaptation;15;1;;;;;
3.12;2;-0.125;2.677413;1;Adaptation;15;1;;;;;
3.14;-0.5;-0.5;4.59768;1;Adaptation;15;1;;;;;
3.16;-0.5;-0.5;2.414952;1;Adaptation;15;1;;;;;
3.18;-0.5;-0.5;3.149268;1;Adaptation;15;1;;;;;
3.2;-0.5;-0.5;5.797352;1;Adaptation;15;1;;;;;
3.22;-0.5;-0.5;4.042781;1;Adaptation;15;1;;;;;
3.24;-0.5;-0.5;5.446078;1;Adaptation;15;1;;;;;
3.26;-0.5;-0.5;3.584153;1;Adaptation;15;1;;;;;
3.28;-4;-0.125;5.046858;1;Adaptation;15;1;;;;;
3.3;-0.5;-0.5;3.245292;1;Adaptation;15;1;;;;;
3.32;-2;-0.125;5.032906;1;Adaptation;15;1;;;;;
3.34;-0.5;-0.5;4.931458;1;Adaptation;15;1;;;;;
3.36;0;0.125;2.345182;1;Adaptation;15;1;;;;;
3.38;-0.5;-0.5;3.622164;1;Adaptation;15;1;;;;;
3.4;-0.5;-0.5;2.007049;1;Adaptation;15;1;;;;;
3.42;0;0.125;5.482415;1;Adaptation;15;1;;;;;
3.44;-0.5;-0.5;3.60041;1;Adaptation;15;1;;;;;
3.46;-0.5;-0.5;4.380766;1;Adaptation;15;1;;;;;
3.48;-0.5;-0.5;5.703617;1;Adaptation;15;1;;;;;
3.5;-0.5;-0.5;3.037814;1;Adaptation;15;1;;;;;
3.52;-0.5;-0.5;4.994415;1;Adaptation;15;1;;;;;
3.54;-0.5;-0.5;3.939709;1;Adaptation;15;1;;;;;
3.56;2;0;5.542133;1;Adaptation;15;1;;;;;
3.58;-0.5;-0.5;3.025161;1;Adaptation;15;1;;;;;
3.6;0;0.25;4.159739;1;Adaptation;15;1;;;;;
3.62;0;0.125;5.483554;1;Adaptation;15;1;;;;;
3.64;-0.5;-0.5;2.345673;1;Adaptation;15;1;;;;;
3.66;-0.5;-0.5;2.547664;1;Adaptation;15;1;;;;;
3.68;-0.5;-0.5;5.845966;1;Adaptation;15;1;;;;;
3.7;-0.5;-0.5;3.777669;1;Adaptation;15;1;;;;;
3.72;-0.5;-0.5;3.027567;1;Adaptation;15;1;;;;;
3.74;2;0.25;5.644827;1;Adaptation;15;1;;;;;
3.76;-0.5;-0.5;3.80753;1;Adaptation;15;1;;;;;
3.78;-0.5;-0.5;2.444864;1;Adaptation;15;1;;;;;
3.8;-0.5;-0.5;5.677018;1;Adaptation;15;1;;;;;
3.82;2;-0.125;5.683565;1;Adaptation;15;1;;;;;
3.84;-0.5;-0.5;5.660238;1;Adaptation;15;1;;;;;
3.86;2;-0.125;2.452971;1;Adaptation;15;1;;;;;
3.88;-0.5;-0.5;2.484903;1;Adaptation;15;1;;;;;
3.9;0;-0.125;5.774239;1;Adaptation;15;1;;;;;
3.92;0;0;4.575169;1;Adaptation;15;1;;;;;
3.94;0;-0.125;2.446616;1;Adaptation;15;1;;;;;
3.96;-0.5;-0.5;2.615777;1;Adaptation;15;1;;;;;
3.98;2;0.25;4.124282;1;Adaptation;15;1;;;;;
4;-2;-0.125;2.277872;1;Adaptation;15;1;;;;;
4.02;-0.5;-0.5;3.806527;1;Adaptation;15;1;;;;;
4.04;0;-0.125;3.021027;1;Adaptation;15;1;;;;;
4.06;2;0;2.403995;1;Adaptation;15;1;;;;;
4.08;-0.5;-0.5;5.463983;1;Adaptation;15;1;;;;;
4.1;-0.5;-0.5;3.46072;1;Adaptation;15;1;;;;;
4.12;-0.5;-0.5;5.058994;1;Adaptation;15;1;;;;;
4.14;-0.5;-0.5;2.070085;1;Adaptation;15;1;;;;;
4.16;2;0.25;2.891542;1;Adaptation;15;1;;;;;
4.18;-0.5;-0.5;4.286519;1;Adaptation;15;1;;;;;
4.2;-0.5;-0.5;2.50426;1;Adaptation;15;1;;;;;
4.22;0;0;4.457441;1;Adaptation;15;1;;;;;
4.24;-0.5;-0.5;4.807652;1;Adaptation;15;1;;;;;
4.26;-0.5;-0.5;4.111685;1;Adaptation;15;1;;;;;
4.28;0;0.125;5.464566;1;Adaptation;15;1;;;;;
4.3;-0.5;-0.5;2.847818;1;Adaptation;15;1;;;;;
4.32;-0.5;-0.5;5.977098;1;Adaptation;15;1;;;;;
4.34;-0.5;-0.5;3.820094;1;Adaptation;15;1;;;;;
4.36;-0.5;-0.5;5.769942;1;Adaptation;15;1;;;;;
4.38;-0.5;-0.5;2.738337;1;Adaptation;15;1;;;;;
4.4;-0.5;-0.5;4.961142;1;Adaptation;15;1;;;;;
4.42;-2;0;4.181298;1;Adaptation;15;1;;;;;
4.44;-2;0.125;2.923769;1;Adaptation;15;1;;;;;
4.46;-2;0.125;5.30671;1;Adaptation;15;1;;;;;
4.48;-0.5;-0.5;2.393608;1;Adaptation;15;1;;;;;
4.5;-2;0.125;3.486101;1;Adaptation;15;1;;;;;
4.52;-0.5;-0.5;3.979306;1;Adaptation;15;1;;;;;
4.54;-0.5;-0.5;4.93277;1;Adaptation;15;1;;;;;
4.56;-0.5;-0.5;2.342363;1;Adaptation;15;1;;;;;
4.58;-0.5;-0.5;4.036482;1;Adaptation;15;1;;;;;
4.6;-0.5;-0.5;3.437458;1;Adaptation;15;1;;;;;
4.62;-0.5;-0.5;5.567699;1;Adaptation;15;1;;;;;
4.64;0;0.125;3.706628;1;Adaptation;15;1;;;;;
4.66;0;0.25;5.606232;1;Adaptation;15;1;;;;;
4.68;2;0;2.445752;1;Adaptation;15;1;;;;;
4.7;-0.5;-0.5;2.675166;1;Adaptation;15;1;;;;;
4.72;-0.5;-0.5;3.498537;1;Adaptation;15;1;;;;;
4.74;0;-0.125;2.972488;1;Adaptation;15;1;;;;;
4.76;-0.5;-0.5;4.905694;1;Adaptation;15;1;;;;;
4.78;-0.5;-0.5;4.125436;1;Adaptation;15;1;;;;;
4.8;-0.5;-0.5;5.835827;1;Adaptation;15;1;;;;;
4.82;-0.5;-0.5;2.502818;1;Adaptation;15;1;;;;;
4.84;0;0;2.034387;1;Adaptation;15;1;;;;;
4.86;-0.5;-0.5;5.995745;1;Adaptation;15;1;;;;;
4.88;-0.5;-0.5;4.786855;1;Adaptation;15;1;;;;;
4.9;-0.5;-0.5;5.084223;1;Adaptation;15;1;;;;;
4.92;-0.5;-0.5;4.266375;1;Adaptation;15;1;;;;;
4.94;-0.5;-0.5;2.686069;1;Adaptation;15;1;;;;;
4.96;-0.5;-0.5;5.852188;1;Adaptation;15;1;;;;;
4.98;-0.5;-0.5;5.009528;1;Adaptation;15;1;;;;;
5;-0.5;-0.5;5.05996;1;Adaptation;15;1;;;;;
5.02;-0.5;-0.5;4.819284;1;Adaptation;15;1;;;;;
5.04;-0.5;-0.5;4.209081;1;Adaptation;15;1;;;;;
5.06;-0.5;-0.5;4.091273;1;Adaptation;15;1;;;;;
5.08;-0.5;-0.5;5.205204;1;Adaptation;15;1;;;;;
5.1;-0.5;-0.5;5.000168;1;Adaptation;15;1;;;;;
5.12;2;0;4.186034;1;Adaptation;15;1;;;;;
5.14;-0.5;-0.5;2.317268;1;Adaptation;15;1;;;;;
5.16;-0.5;-0.5;2.714113;1;Adaptation;15;1;;;;;
5.18;-0.5;-0.5;3.610436;1;Adaptation;15;1;;;;;
5.2;-0.5;-0.5;3.12082;1;Adaptation;15;1;;;;;
5.22;-0.5;-0.5;2.905146;1;Adaptation;15;1;;;;;
5.24;-0.5;-0.5;3.120371;1;Adaptation;15;1;;;;;
5.26;-0.5;-0.5;2.462393;1;Adaptation;15;1;;;;;
5.28;-0.5;-0.5;2.072359;1;Adaptation;15;1;;;;;
5.3;-2;0.25;5.178972;1;Adaptation;15;1;;;;;
5.32;-0.5;-0.5;5.403266;1;Adaptation;15;1;;;;;
5.34;-0.5;-0.5;5.858266;1;Adaptation;15;1;;;;;
5.36;2;0;4.348592;1;Adaptation;15;1;;;;;
5.38;-0.5;-0.5;4.217932;1;Adaptation;15;1;;;;;
5.4;-0.5;-0.5;3.80735;1;Adaptation;15;1;;;;;
5.42;-0.5;-0.5;4.904167;1;Adaptation;15;1;;;;;
5.44;-0.5;-0.5;5.649355;1;Adaptation;15;1;;;;;
5.46;-0.5;-0.5;4.577314;1;Adaptation;15;1;;;;;
5.48;2;0;4.404055;1;Adaptation;15;1;;;;;
5.5;-0.5;-0.5;5.384345;1;Adaptation;15;1;;;;;
5.52;-0.5;-0.5;5.6568;1;Adaptation;15;1;;;;;
5.54;-0.5;-0.5;5.824599;1;Adaptation;15;1;;;;;
5.56;-0.5;-0.5;4.11458;1;Adaptation;15;1;;;;;
5.58;-0.5;-0.5;5.048344;1;Adaptation;15;1;;;;;
5.6;-0.5;-0.5;2.486982;1;Adaptation;15;1;;;;;
5.62;-0.5;-0.5;2.804982;1;Adaptation;15;1;;;;;
5.64;2;0.125;5.856343;1;Adaptation;15;1;;;;;
5.66;-0.5;-0.5;3.113852;1;Adaptation;15;1;;;;;
5.68;-0.5;-0.5;5.220318;1;Adaptation;15;1;;;;;
5.7;-0.5;-0.5;4.906531;1;Adaptation;15;1;;;;;
5.72;-2;0.125;4.573681;1;Adaptation;15;1;;;;;
5.74;0;0;3.82715;1;Adaptation;15;1;;;;;
5.76;-0.5;-0.5;4.691217;1;Adaptation;15;1;;;;;
5.78;-0.5;-0.5;5.486631;1;Adaptation;15;1;;;;;
5.8;-0.5;-0.5;4.972878;1;Adaptation;15;1;;;;;
5.82;-0.5;-0.5;5.104709;1;Adaptation;15;1;;;;;
5.84;-0.5;-0.5;5.060096;1;Adaptation;15;1;;;;;
5.86;-0.5;-0.5;2.335026;1;Adaptation;15;1;;;;;
5.88;-0.5;-0.5;3.586369;1;Adaptation;15;1;;;;;
5.9;-0.5;-0.5;5.709828;1;Adaptation;15;1;;;;;
5.92;-0.5;-0.5;2.650413;1;Adaptation;15;1;;;;;
5.94;-0.5;-0.5;3.052331;1;Adaptation;15;1;;;;;
5.96;-0.5;-0.5;5.318414;1;Adaptation;15;1;;;;;
5.98;-0.5;-0.5;3.459198;1;Adaptation;15;1;;;;;
6;-0.5;-0.5;2.029964;1;Adaptation;15;1;;;;;
6.02;-0.5;-0.5;5.611316;1;Adaptation;15;1;;;;;
6.04;-0.5;-0.5;4.789433;1;Adaptation;15;1;;;;;
6.06;-0.5;-0.5;5.212873;1;Adaptation;15;1;;;;;
6.08;-0.5;-0.5;2.423865;1;Adaptation;15;1;;;;;
6.1;-0.5;-0.5;4.562663;1;Adaptation;15;1;;;;;
6.12;-0.5;-0.5;4.629034;1;Adaptation;15;1;;;;;
6.14;-0.5;-0.5;5.687078;1;Adaptation;15;1;;;;;
6.16;-0.5;-0.5;2.666841;1;Adaptation;15;1;;;;;
6.18;-0.5;-0.5;3.291298;1;Adaptation;15;1;;;;;
6.2;-0.5;-0.5;5.055134;1;Adaptation;15;1;;;;;
6.22;-0.5;-0.5;3.148989;1;Adaptation;15;1;;;;;
6.24;-0.5;-0.5;3.747271;1;Adaptation;15;1;;;;;
6.26;-0.5;-0.5;4.819352;1;Adaptation;15;1;;;;;
6.28;-2;0;2.950057;1;Adaptation;15;1;;;;;
6.3;0;-0.125;5.730494;1;Adaptation;15;1;;;;;
6.32;-0.5;-0.5;4.469304;1;Adaptation;15;1;;;;;
6.34;-0.5;-0.5;4.396159;1;Adaptation;15;1;;;;;
6.36;-0.5;-0.5;5.503748;1;Adaptation;15;1;;;;;
6.38;2;-0.125;3.004153;1;Adaptation;15;1;;;;;
6.4;-0.5;-0.5;2.43513;1;Adaptation;15;1;;;;;
6.42;-0.5;-0.5;3.535835;1;Adaptation;15;1;;;;;
6.44;-0.5;-0.5;2.385961;1;Adaptation;15;1;;;;;
6.46;-0.5;-0.5;4.116302;1;Adaptation;15;1;;;;;
6.48;-2;-0.125;3.120375;1;Adaptation;15;1;;;;;
6.5;-0.5;-0.5;2.164785;1;Adaptation;15;1;;;;;
6.52;-0.5;-0.5;2.11109;1;Adaptation;15;1;;;;;
6.54;-0.5;-0.5;2.105551;1;Adaptation;15;1;;;;;
6.56;-0.5;-0.5;2.58974;1;Adaptation;15;1;;;;;
6.58;-0.5;-0.5;3.402668;1;Adaptation;15;1;;;;;
6.6;-0.5;-0.5;5.782815;1;Adaptation;15;1;;;;;
6.62;-0.5;-0.5;3.723057;1;Adaptation;15;1;;;;;
6.64;0;0;5.612162;1;Adaptation;15;1;;;;;
6.66;-0.5;-0.5;5.381919;1;Adaptation;15;1;;;;;
6.68;2;0.125;4.743155;1;Adaptation;15;1;;;;;
6.7;-0.5;-0.5;5.417926;1;Adaptation;15;1;;;;;
6.72;0;0.125;3.813998;1;Adaptation;15;1;;;;;
6.74;-0.5;-0.5;5.576113;1;Adaptation;15;1;;;;;
6.76;-0.5;-0.5;5.592603;1;Adaptation;15;1;;;;;
6.78;-0.5;-0.5;5.92668;1;Adaptation;15;1;;;;;
6.8;-0.5;-0.5;4.09069;1;Adaptation;15;1;;;;;
6.82;-0.5;-0.5;3.390743;1;Adaptation;15;1;;;;;
6.84;-0.5;-0.5;3.615771;1;Adaptation;15;1;;;;;
6.86;-0.5;-0.5;5.003464;1;Adaptation;15;1;;;;;
6.88;2;0;3.134162;1;Adaptation;15;1;;;;;
6.9;-0.5;-0.5;4.929686;1;Adaptation;15;1;;;;;
6.92;0;-0.125;2.473793;1;Adaptation;15;1;;;;;
6.94;-0.5;-0.5;4.250583;1;Adaptation;15;1;;;;;
6.96;-0.5;-0.5;4.686957;1;Adaptation;15;1;;;;;
6.98;2;0.125;5.359336;1;Adaptation;15;1;;;;;
7;-0.5;-0.5;2.400447;1;Adaptation;15;1;;;;;
7.02;-0.5;-0.5;3.098087;1;Adaptation;15;1;;;;;
7.04;-0.5;-0.5;5.820436;1;Adaptation;15;1;;;;;
7.06;-0.5;-0.5;4.975081;1;Adaptation;15;1;;;;;
7.08;-0.5;-0.5;4.54968;1;Adaptation;15;1;;;;;
7.1;2;0;2.062752;1;Adaptation;15;1;;;;;
7.12;-0.5;-0.5;4.39244;1;Adaptation;15;1;;;;;
7.14;-0.5;-0.5;3.035342;1;Adaptation;15;1;;;;;
7.16;-0.5;-0.5;3.722476;1;Adaptation;15;1;;;;;
7.18;-0.5;-0.5;2.649661;1;Adaptation;15;1;;;;;
7.2;-0.5;-0.5;4.574163;1;Adaptation;15;1;;;;;
7.22;2;-0.125;2.528831;1;Adaptation;15;1;;;;;
7.24;-0.5;-0.5;2.110028;1;Adaptation;15;1;;;;;
7.26;-0.5;-0.5;5.90872;1;Adaptation;15;1;;;;;
7.28;-0.5;-0.5;3.391921;1;Adaptation;15;1;;;;;
7.3;-0.5;-0.5;3.536261;1;Adaptation;15;1;;;;;
7.32;-0.5;-0.5;5.897506;1;Adaptation;15;1;;;;;
7.34;2;0;5.269238;1;Adaptation;15;1;;;;;
7.36;-0.5;-0.5;2.068631;1;Adaptation;15;1;;;;;
7.38;0;0;2.902865;1;Adaptation;15;1;;;;;
7.4;-0.5;-0.5;3.474306;1;Adaptation;15;1;;;;;
7.42;-0.5;-0.5;5.452287;1;Adaptation;15;1;;;;;
7.44;-0.5;-0.5;3.265774;1;Adaptation;15;1;;;;;
7.46;-0.5;-0.5;3.16656;1;Adaptation;15;1;;;;;
7.48;-0.5;-0.5;2.421052;1;Adaptation;15;1;;;;;
7.5;0;0.125;4.297631;1;Adaptation;15;1;;;;;
7.52;-0.5;-0.5;5.311578;1;Adaptation;15;1;;;;;
7.54;-0.5;-0.5;2.214338;1;Adaptation;15;1;;;;;
7.56;-0.5;-0.5;4.651149;1;Adaptation;15;1;;;;;
7.58;-0.5;-0.5;4.622587;1;Adaptation;15;1;;;;;
7.6;0;-0.25;5.57726;1;Adaptation;15;1;;;;;
7.62;-0.5;-0.5;3.973446;1;Adaptation;15;1;;;;;
7.64;-2;0.125;5.01199;1;Adaptation;15;1;;;;;
7.66;-0.5;-0.5;2.17725;1;Adaptation;15;1;;;;;
7.68;-0.5;-0.5;4.547328;1;Adaptation;15;1;;;;;
7.7;-0.5;-0.5;3.744604;1;Adaptation;15;1;;;;;
7.72;-0.5;-0.5;4.970895;1;Adaptation;15;1;;;;;
7.74;-2;-0.125;5.525423;1;Adaptation;15;1;;;;;
7.76;2;0;2.58014;1;Adaptation;15;1;;;;;
7.78;-0.5;-0.5;2.432921;1;Adaptation;15;1;;;;;
7.8;-0.5;-0.5;5.346483;1;Adaptation;15;1;;;;;
7.82;0;-0.25;2.922856;1;Adaptation;15;1;;;;;
7.84;0;0;5.745139;1;Adaptation;15;1;;;;;
7.86;-0.5;-0.5;4.568245;1;Adaptation;15;1;;;;;
7.88;2;0;3.947265;1;Adaptation;15;1;;;;;
7.9;-0.5;-0.5;3.572342;1;Adaptation;15;1;;;;;
7.92;-0.5;-0.5;5.557712;1;Adaptation;15;1;;;;;
7.94;-0.5;-0.5;5.80724;1;Adaptation;15;1;;;;;
7.96;-0.5;-0.5;5.147819;1;Adaptation;15;1;;;;;
7.98;-0.5;-0.5;2.579093;1;Adaptation;15;1;;;;;
8;-2;0;2.782291;1;Adaptation;15;1;;;;;
8.02;-0.5;-0.5;4.235725;1;Adaptation;15;1;;;;;
8.04;-0.5;-0.5;4.95331;1;Adaptation;15;1;;;;;
8.059999;-0.5;-0.5;2.212678;1;Adaptation;15;1;;;;;
8.08;-0.5;-0.5;3.45364;1;Adaptation;15;1;;;;;
8.099999;-0.5;-0.5;3.495691;1;Adaptation;15;1;;;;;
8.12;-0.5;-0.5;2.975633;1;Adaptation;15;1;;;;;
8.139999;-2;0;2.189649;1;Adaptation;15;1;;;;;
8.16;0;-0.125;4.432656;1;Adaptation;15;1;;;;;
8.179999;-0.5;-0.5;2.673956;1;Adaptation;15;1;;;;;
8.2;-0.5;-0.5;5.641368;1;Adaptation;15;1;;;;;
8.22;0;-0.25;2.061799;1;Adaptation;15;1;;;;;
8.24;-0.5;-0.5;2.058176;1;Adaptation;15;1;;;;;
8.26;0;0.25;2.324733;1;Adaptation;15;1;;;;;
8.28;-2;-0.125;3.325082;1;Adaptation;15;1;;;;;
8.3;-0.5;-0.5;2.544591;1;Adaptation;15;1;;;;;
8.32;-0.5;-0.5;4.396365;1;Adaptation;15;1;;;;;
8.34;0;-0.125;2.270184;1;Adaptation;15;1;;;;;
8.36;-0.5;-0.5;5.207658;1;Adaptation;15;1;;;;;
8.38;-0.5;-0.5;2.697977;1;Adaptation;15;1;;;;;
8.4;-0.5;-0.5;3.910897;1;Adaptation;15;1;;;;;
8.42;-0.5;-0.5;3.395612;1;Adaptation;15;1;;;;;
8.44;-2;0.25;3.980206;1;Adaptation;15;1;;;;;
8.46;2;0;5.537111;1;Adaptation;15;1;;;;;
8.48;-4;0.125;3.659145;1;Adaptation;15;1;;;;;
8.5;-0.5;-0.5;3.443165;1;Adaptation;15;1;;;;;
8.52;-0.5;-0.5;4.686147;1;Adaptation;15;1;;;;;
8.54;-0.5;-0.5;4.128989;1;Adaptation;15;1;;;;;
8.559999;-0.5;-0.5;4.916365;1;Adaptation;15;1;;;;;
8.58;0;-0.125;2.77876;1;Adaptation;15;1;;;;;
8.599999;-0.5;-0.5;5.121924;1;Adaptation;15;1;;;;;
8.62;-2;0.125;5.583302;1;Adaptation;15;1;;;;;
8.639999;2;0;3.942288;1;Adaptation;15;1;;;;;
8.66;-0.5;-0.5;3.541327;1;Adaptation;15;1;;;;;
8.679999;-0.5;-0.5;4.54481;1;Adaptation;15;1;;;;;
8.7;-2;0;3.735423;1;Adaptation;15;1;;;;;
8.72;-0.5;-0.5;2.975224;1;Adaptation;15;1;;;;;
8.74;-0.5;-0.5;2.091706;1;Adaptation;15;1;;;;;
8.76;-0.5;-0.5;2.272996;1;Adaptation;15;1;;;;;
8.78;-0.5;-0.5;4.878418;1;Adaptation;15;1;;;;;
8.8;-0.5;-0.5;2.05435;1;Adaptation;15;1;;;;;
8.82;-0.5;-0.5;5.119175;1;Adaptation;15;1;;;;;
8.84;-0.5;-0.5;3.975059;1;Adaptation;15;1;;;;;
8.86;-0.5;-0.5;5.705662;1;Adaptation;15;1;;;;;
8.88;-0.5;-0.5;5.435263;1;Adaptation;15;1;;;;;
8.9;-0.5;-0.5;3.810002;1;Adaptation;15;1;;;;;
8.92;-0.5;-0.5;2.534481;1;Adaptation;15;1;;;;;
8.94;-0.5;-0.5;3.517578;1;Adaptation;15;1;;;;;
8.96;-2;0;3.765951;1;Adaptation;15;1;;;;;
8.98;-0.5;-0.5;4.40715;1;Adaptation;15;1;;;;;
9;0;0;3.591487;1;Adaptation;15;1;;;;;
9.02;-0.5;-0.5;4.103453;1;Adaptation;15;1;;;;;
9.04;-0.5;-0.5;2.11341;1;Adaptation;15;1;;;;;
9.059999;-0.5;-0.5;2.608196;1;Adaptation;15;1;;;;;
9.08;-0.5;-0.5;4.582511;1;Adaptation;15;1;;;;;
9.099999;0;0.25;3.87714;1;Adaptation;15;1;;;;;
9.12;0;0;4.972491;1;Adaptation;15;1;;;;;
9.139999;0;-0.125;3.283458;1;Adaptation;15;1;;;;;
9.16;-0.5;-0.5;2.410944;1;Adaptation;15;1;;;;;
9.179999;-0.5;-0.5;3.95388;1;Adaptation;15;1;;;;;
9.2;-0.5;-0.5;3.536133;1;Adaptation;15;1;;;;;
9.22;-0.5;-0.5;4.23823;1;Adaptation;15;1;;;;;
9.24;0;0.125;2.046241;1;Adaptation;15;1;;;;;
9.26;0;0.25;2.876065;1;Adaptation;15;1;;;;;
9.28;-0.5;-0.5;2.769821;1;Adaptation;15;1;;;;;
9.3;-0.5;-0.5;4.127316;1;Adaptation;15;1;;;;;
9.32;-0.5;-0.5;5.740605;1;Adaptation;15;1;;;;;
9.34;-0.5;-0.5;4.806367;1;Adaptation;15;1;;;;;
9.36;0;0.125;2.531838;1;Adaptation;15;1;;;;;
9.38;-0.5;-0.5;5.550641;1;Adaptation;15;1;;;;;
9.4;-0.5;-0.5;2.439949;1;Adaptation;15;1;;;;;
9.42;-0.5;-0.5;5.388781;1;Adaptation;15;1;;;;;
9.44;-0.5;-0.5;4.424416;1;Adaptation;15;1;;;;;
9.46;-0.5;-0.5;5.595881;1;Adaptation;15;1;;;;;
9.48;-0.5;-0.5;3.190855;1;Adaptation;15;1;;;;;
9.5;-0.5;-0.5;4.506035;1;Adaptation;15;1;;;;;
9.52;-0.5;-0.5;4.028049;1;Adaptation;15;1;;;;;
9.54;0;0.25;5.369427;1;Adaptation;15;1;;;;;
9.559999;-0.5;-0.5;5.18282;1;Adaptation;15;1;;;;;
9.58;-0.5;-0.5;2.077344;1;Adaptation;15;1;;;;;
9.599999;2;0.125;2.066005;1;Adaptation;15;1;;;;;
9.62;-0.5;-0.5;3.260761;1;Adaptation;15;1;;;;;
9.639999;-0.5;-0.5;4.528667;1;Adaptation;15;1;;;;;
9.66;-0.5;-0.5;5.462489;1;Adaptation;15;1;;;;;
9.679999;-0.5;-0.5;5.416972;1;Adaptation;15;1;;;;;
9.7;2;0;5.222513;1;Adaptation;15;1;;;;;
9.719999;0;0.125;4.223518;1;Adaptation;15;1;;;;;
9.74;-0.5;-0.5;5.185144;1;Adaptation;15;1;;;;;
9.76;2;0.125;3.874507;1;Adaptation;15;1;;;;;
9.78;-0.5;-0.5;3.563689;1;Adaptation;15;1;;;;;
9.8;-0.5;-0.5;3.934788;1;Adaptation;15;1;;;;;
9.82;-0.5;-0.5;2.489835;1;Adaptation;15;1;;;;;
9.84;2;0;3.798565;1;Adaptation;15;1;;;;;
9.86;-0.5;-0.5;5.297936;1;Adaptation;15;1;;;;;
9.88;-0.5;-0.5;4.647524;1;Adaptation;15;1;;;;;
9.9;-0.5;-0.5;5.761178;1;Adaptation;15;1;;;;;
9.92;-0.5;-0.5;5.034323;1;Adaptation;15;1;;;;;
9.94;-0.5;-0.5;3.174917;1;Adaptation;15;1;;;;;
9.96;-0.5;-0.5;4.258767;1;Adaptation;15;1;;;;;
9.98;-0.5;-0.5;5.486914;1;Adaptation;15;1;;;;;
10;-0.5;-0.5;2.817389;1;Adaptation;15;1;;;;;
10.02;-0.5;-0.5;4.138558;1;Adaptation;15;1;;;;;
10.04;-0.5;-0.5;5.764209;1;Adaptation;15;1;;;;;
10.06;-0.5;-0.5;5.787576;1;Adaptation;15;1;;;;;
10.08;-0.5;-0.5;3.012897;1;Adaptation;15;1;;;;;
10.1;-0.5;-0.5;2.719258;1;Adaptation;15;1;;;;;
10.12;-0.5;-0.5;2.441514;1;Adaptation;15;1;;;;;
10.14;-0.5;-0.5;5.982184;1;Adaptation;15;1;;;;;
10.16;-0.5;-0.5;5.922878;1;Adaptation;15;1;;;;;
10.18;-0.5;-0.5;5.518753;1;Adaptation;15;1;;;;;
10.2;-0.5;-0.5;2.953103;1;Adaptation;15;1;;;;;
10.22;0;0.25;5.059587;1;Adaptation;15;1;;;;;
10.24;-0.5;-0.5;4.705098;1;Adaptation;15;1;;;;;
10.26;-0.5;-0.5;4.612469;1;Adaptation;15;1;;;;;
10.28;2;-0.125;2.769866;1;Adaptation;15;1;;;;;
10.3;-0.5;-0.5;2.519441;1;Adaptation;15;1;;;;;
10.32;-0.5;-0.5;3.805679;1;Adaptation;15;1;;;;;
10.34;-0.5;-0.5;3.708261;1;Adaptation;15;1;;;;;
10.36;-0.5;-0.5;4.787661;1;Adaptation;15;1;;;;;
10.38;-0.5;-0.5;4.652556;1;Adaptation;15;1;;;;;
10.4;-0.5;-0.5;4.182552;1;Adaptation;15;1;;;;;
10.42;-0.5;-0.5;4.202659;1;Adaptation;15;1;;;;;
10.44;-0.5;-0.5;4.523591;1;Adaptation;15;1;;;;;
10.46;-2;0.125;4.55463;1;Adaptation;15;1;;;;;
10.48;0;-0.125;2.303144;1;Adaptation;15;1;;;;;
10.5;-0.5;-0.5;2.857923;1;Adaptation;15;1;;;;;
10.52;-0.5;-0.5;4.429684;1;Adaptation;15;1;;;;;
10.54;-0.5;-0.5;5.276171;1;Adaptation;15;1;;;;;
10.56;-0.5;-0.5;3.566837;1;Adaptation;15;1;;;;;
10.58;-0.5;-0.5;2.088902;1;Adaptation;15;1;;;;;
10.6;-0.5;-0.5;5.568243;1;Adaptation;15;1;;;;;
10.62;-0.5;-0.5;5.514946;1;Adaptation;15;1;;;;;
10.64;-0.5;-0.5;4.808092;1;Adaptation;15;1;;;;;
10.66;-0.5;-0.5;4.485755;1;Adaptation;15;1;;;;;
10.68;0;0.125;3.620069;1;Adaptation;15;1;;;;;
10.7;-0.5;-0.5;4.297626;1;Adaptation;15;1;;;;;
10.72;-0.5;-0.5;5.905242;1;Adaptation;15;1;;;;;
10.74;-0.5;-0.5;2.744347;1;Adaptation;15;1;;;;;
10.76;-0.5;-0.5;4.484898;1;Adaptation;15;1;;;;;
10.78;-0.5;-0.5;4.624622;1;Adaptation;15;1;;;;;
10.8;-0.5;-0.5;3.947712;1;Adaptation;15;1;;;;;
10.82;0;0.125;3.045532;1;Adaptation;15;1;;;;;
10.84;-0.5;-0.5;5.174527;1;Adaptation;15;1;;;;;
10.86;2;0;2.276731;1;Adaptation;15;1;;;;;
10.88;-0.5;-0.5;5.36695;1;Adaptation;15;1;;;;;
10.9;-2;-0.125;5.197359;1;Adaptation;15;1;;;;;
10.92;-2;-0.125;2.520197;1;Adaptation;15;1;;;;;
10.94;0;0;4.487162;1;Adaptation;15;1;;;;;
10.96;-0.5;-0.5;2.279967;1;Adaptation;15;1;;;;;
10.98;-0.5;-0.5;3.776742;1;Adaptation;15;1;;;;;
11;-0.5;-0.5;4.07546;1;Adaptation;15;1;;;;;
11.02;-0.5;-0.5;2.35244;1;Adaptation;15;1;;;;;
11.04;-2;0;4.395462;1;Adaptation;15;1;;;;;
11.06;-0.5;-0.5;3.163813;1;Adaptation;15;1;;;;;
11.08;0;0;3.851509;1;Adaptation;15;1;;;;;
11.1;-0.5;-0.5;3.674485;1;Adaptation;15;1;;;;;
11.12;-0.5;-0.5;4.110519;1;Adaptation;15;1;;;;;
11.14;-0.5;-0.5;5.432146;1;Adaptation;15;1;;;;;
11.16;-0.5;-0.5;3.873149;1;Adaptation;15;1;;;;;
11.18;0;0;2.88954;1;Adaptation;15;1;;;;;
11.2;-0.5;-0.5;3.694808;1;Adaptation;15;1;;;;;
11.22;-0.5;-0.5;4.51048;1;Adaptation;15;1;;;;;
11.24;-0.5;-0.5;5.90961;1;Adaptation;15;1;;;;;
11.26;-0.5;-0.5;3.178417;1;Adaptation;15;1;;;;;
11.28;-0.5;-0.5;2.305023;1;Adaptation;15;1;;;;;
11.3;-0.5;-0.5;2.109457;1;Adaptation;15;1;;;;;
11.32;-0.5;-0.5;4.99735;1;Adaptation;15;1;;;;;
11.34;-0.5;-0.5;2.988796;1;Adaptation;15;1;;;;;
11.36;-0.5;-0.5;5.032736;1;Adaptation;15;1;;;;;
11.38;-0.5;-0.5;4.354408;1;Adaptation;15;1;;;;;
11.4;-0.5;-0.5;4.455782;1;Adaptation;15;1;;;;;
11.42;-0.5;-0.5;3.61399;1;Adaptation;15;1;;;;;
11.44;-0.5;-0.5;3.355657;1;Adaptation;15;1;;;;;
11.46;-0.5;-0.5;2.111375;1;Adaptation;15;1;;;;;
11.48;2;0;4.352287;1;Adaptation;15;1;;;;;
11.5;0;-0.25;5.967261;1;Adaptation;15;1;;;;;
11.52;0;0.125;4.477379;1;Adaptation;15;1;;;;;
11.54;-0.5;-0.5;5.302437;1;Adaptation;15;1;;;;;
11.56;-0.5;-0.5;5.85853;1;Adaptation;15;1;;;;;
11.58;-0.5;-0.5;3.690601;1;Adaptation;15;1;;;;;
11.6;-0.5;-0.5;4.573895;1;Adaptation;15;1;;;;;
11.62;-0.5;-0.5;3.164511;1;Adaptation;15;1;;;;;
11.64;0;-0.125;5.326463;1;Adaptation;15;1;;;;;
11.66;-0.5;-0.5;5.819992;1;Adaptation;15;1;;;;;
11.68;-2;-0.125;2.337622;1;Adaptation;15;1;;;;;
11.7;-0.5;-0.5;5.73933;1;Adaptation;15;1;;;;;
11.72;0;0;3.082309;1;Adaptation;15;1;;;;;
11.74;-0.5;-0.5;3.194119;1;Adaptation;15;1;;;;;
11.76;-0.5;-0.5;2.509268;1;Adaptation;15;1;;;;;
11.78;-0.5;-0.5;3.208103;1;Adaptation;15;1;;;;;
11.8;-0.5;-0.5;3.973829;1;Adaptation;15;1;;;;;
11.82;-2;0;4.331598;1;Adaptation;15;1;;;;;
11.84;-0.5;-0.5;2.676497;1;Adaptation;15;1;;;;;
11.86;-0.5;-0.5;2.858428;1;Adaptation;15;1;;;;;
11.88;-0.5;-0.5;3.118439;1;Adaptation;15;1;;;;;
11.9;-0.5;-0.5;2.309186;1;Adaptation;15;1;;;;;
11.92;-0.5;-0.5;4.869919;1;Adaptation;15;1;;;;;
11.94;-0.5;-0.5;2.810983;1;Adaptation;15;1;;;;;
11.96;0;-0.25;4.776714;1;Adaptation;15;1;;;;;
11.98;0;0;5.256051;1;Adaptation;15;1;;;;;
12;-0.5;-0.5;5.404725;1;Adaptation;15;1;;;;;
12.02;-0.5;-0.5;3.907802;1;Adaptation;15;1;;;;;
12.04;-0.5;-0.5;5.566618;1;Adaptation;15;1;;;;;
12.06;-0.5;-0.5;4.861963;1;Adaptation;15;1;;;;;
12.08;-0.5;-0.5;3.339229;1;Adaptation;15;1;;;;;
12.1;-0.5;-0.5;3.037356;1;Adaptation;15;1;;;;;
12.12;-0.5;-0.5;2.562021;1;Adaptation;15;1;;;;;
12.14;-0.5;-0.5;4.483369;1;Adaptation;15;1;;;;;
12.16;-0.5;-0.5;5.805992;1;Adaptation;15;1;;;;;
12.18;-0.5;-0.5;5.196026;1;Adaptation;15;1;;;;;
12.2;0;-0.125;5.319147;1;Adaptation;15;1;;;;;
12.22;-0.5;-0.5;5.164991;1;Adaptation;15;1;;;;;
12.24;0;0.25;4.284562;1;Adaptation;15;1;;;;;
12.26;-0.5;-0.5;2.225574;1;Adaptation;15;1;;;;;
12.28;-0.5;-0.5;2.021001;1;Adaptation;15;1;;;;;
12.3;-0.5;-0.5;4.767163;1;Adaptation;15;1;;;;;
12.32;-0.5;-0.5;5.075288;1;Adaptation;15;1;;;;;
12.34;-0.5;-0.5;3.914186;1;Adaptation;15;1;;;;;
12.36;-0.5;-0.5;3.797767;1;Adaptation;15;1;;;;;
12.38;0;0;5.696866;1;Adaptation;15;1;;;;;
12.4;-0.5;-0.5;4.90428;1;Adaptation;15;1;;;;;
12.42;-0.5;-0.5;3.244668;1;Adaptation;15;1;;;;;
12.44;-0.5;-0.5;4.235921;1;Adaptation;15;1;;;;;
12.46;-0.5;-0.5;3.772896;1;Adaptation;15;1;;;;;
12.48;-0.5;-0.5;2.626842;1;Adaptation;15;1;;;;;
12.5;-0.5;-0.5;5.883894;1;Adaptation;15;1;;;;;
12.52;0;0;4.333192;1;Adaptation;15;1;;;;;
12.54;-0.5;-0.5;3.785844;1;Adaptation;15;1;;;;;
12.56;-0.5;-0.5;5.585374;1;Adaptation;15;1;;;;;
12.58;-0.5;-0.5;2.708035;1;Adaptation;15;1;;;;;
12.6;2;0;3.970797;1;Adaptation;15;1;;;;;
12.62;0;0;2.888741;1;Adaptation;15;1;;;;;
12.64;-0.5;-0.5;2.878491;1;Adaptation;15;1;;;;;
12.66;-0.5;-0.5;3.293192;1;Adaptation;15;1;;;;;
12.68;-0.5;-0.5;2.686305;1;Adaptation;15;1;;;;;
12.7;0;0;5.158317;1;Adaptation;15;1;;;;;
12.72;-0.5;-0.5;2.891765;1;Adaptation;15;1;;;;;
12.74;-0.5;-0.5;2.552156;1;Adaptation;15;1;;;;;
12.76;-0.5;-0.5;3.066462;1;Adaptation;15;1;;;;;
12.78;-0.5;-0.5;4.415604;1;Adaptation;15;1;;;;;
12.8;-2;0.125;3.504237;1;Adaptation;15;1;;;;;
12.82;-0.5;-0.5;3.674612;1;Adaptation;15;1;;;;;
12.84;-0.5;-0.5;2.150537;1;Adaptation;15;1;;;;;
12.86;-0.5;-0.5;5.734755;1;Adaptation;15;1;;;;;
12.88;-0.5;-0.5;2.748461;1;Adaptation;15;1;;;;;
12.9;-0.5;-0.5;3.511092;1;Adaptation;15;1;;;;;
12.92;-0.5;-0.5;3.004277;1;Adaptation;15;1;;;;;
12.94;-2;0;2.14167;1;Adaptation;15;1;;;;;
12.96;-0.5;-0.5;3.283919;1;Adaptation;15;1;;;;;
12.98;-0.5;-0.5;4.135113;1;Adaptation;15;1;;;;;
13;-0.5;-0.5;3.671246;1;Adaptation;15;1;;;;;
13.02;-0.5;-0.5;3.662331;1;Adaptation;15;1;;;;;
13.04;-0.5;-0.5;2.116917;1;Adaptation;15;1;;;;;
13.06;-0.5;-0.5;2.759291;1;Adaptation;15;1;;;;;
13.08;-0.5;-0.5;3.391601;1;Adaptation;15;1;;;;;
13.1;-0.5;-0.5;2.978906;1;Adaptation;15;1;;;;;
13.12;0;0.125;4.991754;1;Adaptation;15;1;;;;;
13.14;-2;-0.25;4.949216;1;Adaptation;15;1;;;;;
13.16;-0.5;-0.5;2.419528;1;Adaptation;15;1;;;;;
13.18;-0.5;-0.5;3.313515;1;Adaptation;15;1;;;;;
13.2;0;-0.125;2.946708;1;Adaptation;15;1;;;;;
13.22;-0.5;-0.5;2.098032;1;Adaptation;15;1;;;;;
13.24;-0.5;-0.5;5.753108;1;Adaptation;15;1;;;;;
13.26;-0.5;-0.5;5.708637;1;Adaptation;15;1;;;;;
13.28;-0.5;-0.5;3.199377;1;Adaptation;15;1;;;;;
13.3;-0.5;-0.5;3.518321;1;Adaptation;15;1;;;;;
13.32;0;0.25;4.392685;1;Adaptation;15;1;;;;;
13.34;-0.5;-0.5;3.116733;1;Adaptation;15;1;;;;;
13.36;-0.5;-0.5;5.110082;1;Adaptation;15;1;;;;;
13.38;-0.5;-0.5;4.798187;1;Adaptation;15;1;;;;;
13.4;-0.5;-0.5;5.307089;1;Adaptation;15;1;;;;;
13.42;0;0.25;4.949209;1;Adaptation;15;1;;;;;
13.44;-0.5;-0.5;2.945017;1;Adaptation;15;1;;;;;
13.46;2;-0.125;4.679857;1;Adaptation;15;1;;;;;
13.48;-0.5;-0.5;4.151229;1;Adaptation;15;1;;;;;
13.5;-0.5;-0.5;5.155558;1;Adaptation;15;1;;;;;
13.52;-0.5;-0.5;5.163554;1;Adaptation;15;1;;;;;
13.54;-0.5;-0.5;5.684608;1;Adaptation;15;1;;;;;
13.56;-0.5;-0.5;4.927818;1;Adaptation;15;1;;;;;
13.58;-0.5;-0.5;2.325664;1;Adaptation;15;1;;;;;
13.6;-0.5;-0.5;5.952257;1;Adaptation;15;1;;;;;
13.62;-0.5;-0.5;5.943399;1;Adaptation;15;1;;;;;
13.64;0;0;3.735471;1;Adaptation;15;1;;;;;
13.66;0;0;4.500932;1;Adaptation;15;1;;;;;
13.68;-0.5;-0.5;2.778059;1;Adaptation;15;1;;;;;
13.7;-0.5;-0.5;5.991869;1;Adaptation;15;1;;;;;
13.72;-0.5;-0.5;2.104084;1;Adaptation;15;1;;;;;
13.74;-0.5;-0.5;4.994852;1;Adaptation;15;1;;;;;
13.76;-0.5;-0.5;3.513179;1;Adaptation;15;1;;;;;
13.78;-0.5;-0.5;2.026172;1;Adaptation;15;1;;;;;
13.8;0;0.25;3.098221;1;Adaptation;15;1;;;;;
13.82;-0.5;-0.5;2.446;1;Adaptation;15;1;;;;;
13.84;-0.5;-0.5;5.780727;1;Adaptation;15;1;;;;;
13.86;-0.5;-0.5;5.12472;1;Adaptation;15;1;;;;;
13.88;-0.5;-0.5;2.824029;1;Adaptation;15;1;;;;;
13.9;-0.5;-0.5;3.582345;1;Adaptation;15;1;;;;;
13.92;-0.5;-0.5;5.786822;1;Adaptation;15;1;;;;;
13.94;-0.5;-0.5;5.090315;1;Adaptation;15;1;;;;;
13.96;-0.5;-0.5;5.081671;1;Adaptation;15;1;;;;;
13.98;-0.5;-0.5;3.875074;1;Adaptation;15;1;;;;;
14;-0.5;-0.5;2.253143;1;Adaptation;15;1;;;;;
14.02;-0.5;-0.5;3.546479;1;Adaptation;15;1;;;;;
14.04;2;0.125;3.226891;1;Adaptation;15;1;;;;;
14.06;-0.5;-0.5;3.533393;1;Adaptation;15;1;;;;;
14.08;-0.5;-0.5;4.40392;1;Adaptation;15;1;;;;;
14.1;-0.5;-0.5;5.355171;1;Adaptation;15;1;;;;;
14.12;-0.5;-0.5;2.107701;1;Adaptation;15;1;;;;;
14.14;-0.5;-0.5;4.837945;1;Adaptation;15;1;;;;;
14.16;-0.5;-0.5;4.543918;1;Adaptation;15;1;;;;;
14.18;0;-0.125;4.657514;1;Adaptation;15;1;;;;;
14.2;-0.5;-0.5;4.294904;1;Adaptation;15;1;;;;;
14.22;-0.5;-0.5;5.105131;1;Adaptation;15;1;;;;;
14.24;2;-0.125;5.627756;1;Adaptation;15;1;;;;;
14.26;0;0.125;2.080617;1;Adaptation;15;1;;;;;
14.28;-0.5;-0.5;5.228655;1;Adaptation;15;1;;;;;
14.3;-0.5;-0.5;2.294596;1;Adaptation;15;1;;;;;
14.32;-0.5;-0.5;4.004642;1;Adaptation;15;1;;;;;
14.34;-0.5;-0.5;4.292347;1;Adaptation;15;1;;;;;
14.36;-0.5;-0.5;5.759537;1;Adaptation;15;1;;;;;
14.38;-0.5;-0.5;5.079718;1;Adaptation;15;1;;;;;
14.4;-0.5;-0.5;4.440345;1;Adaptation;15;1;;;;;
14.42;-0.5;-0.5;5.988293;1;Adaptation;15;1;;;;;
14.44;-0.5;-0.5;2.839636;1;Adaptation;15;1;;;;;
14.46;-0.5;-0.5;5.065587;1;Adaptation;15;1;;;;;
14.48;-0.5;-0.5;3.254861;1;Adaptation;15;1;;;;;
14.5;-0.5;-0.5;2.834037;1;Adaptation;15;1;;;;;
14.52;-0.5;-0.5;3.031176;1;Adaptation;15;1;;;;;
14.54;-0.5;-0.5;2.424374;1;Adaptation;15;1;;;;;
14.56;-0.5;-0.5;3.358709;1;Adaptation;15;1;;;;;
14.58;-0.5;-0.5;4.680557;1;Adaptation;15;1;;;;;
14.6;-0.5;-0.5;5.528413;1;Adaptation;15;1;;;;;
14.62;-0.5;-0.5;3.936033;1;Adaptation;15;1;;;;;
14.64;-0.5;-0.5;5.670271;1;Adaptation;15;1;;;;;
14.66;-0.5;-0.5;2.048083;1;Adaptation;15;1;;;;;
14.68;0;-0.125;3.554344;1;Adaptation;15;1;;;;;
14.7;-0.5;-0.5;5.447318;1;Adaptation;15;1;;;;;
14.72;-0.5;-0.5;4.137859;1;Adaptation;15;1;;;;;
14.74;-0.5;-0.5;5.786829;1;Adaptation;15;1;;;;;
14.76;0;-0.125;5.204794;1;Adaptation;15;1;;;;;
14.78;-2;-0.25;2.858355;1;Adaptation;15;1;;;;;
14.8;-0.5;-0.5;5.36332;1;Adaptation;15;1;;;;;
14.82;-0.5;-0.5;4.947268;1;Adaptation;15;1;;;;;
14.84;-0.5;-0.5;5.806085;1;Adaptation;15;1;;;;;
14.86;-0.5;-0.5;3.561668;1;Adaptation;15;1;;;;;
14.88;-0.5;-0.5;5.956139;1;Adaptation;15;1;;;;;
14.9;-0.5;-0.5;5.45119;1;Adaptation;15;1;;;;;
14.92;-0.5;-0.5;5.514692;1;Adaptation;15;1;;;;;
14.94;-0.5;-0.5;2.475429;1;Adaptation;15;1;;;;;
14.96;-0.5;-0.5;3.814707;1;Adaptation;15;1;;;;;
14.98;-0.5;-0.5;3.709659;1;Adaptation;15;1;;;;;
15;0;0;3.496002;1;Adaptation;15;1;;;;;
15.02;-0.5;-0.5;2.238751;1;Adaptation;15;1;;;;;
15.04;-0.5;-0.5;5.663514;1;Adaptation;15;1;;;;;
15.06;-0.5;-0.5;4.214101;1;Adaptation;15;1;;;;;
15.08;-0.5;-0.5;3.460196;1;Adaptation;15;1;;;;;
15.1;-0.5;-0.5;2.578867;1;Adaptation;15;1;;;;;
15.12;-0.5;-0.5;4.647898;1;Adaptation;15;1;;;;;
15.14;-0.5;-0.5;3.022995;1;Adaptation;15;1;;;;;
15.16;-0.5;-0.5;5.10184;1;Adaptation;15;1;;;;;
15.18;-0.5;-0.5;2.091807;1;Adaptation;15;1;;;;;
15.2;-0.5;-0.5;3.232387;1;Adaptation;15;1;;;;;
15.22;-0.5;-0.5;2.914745;1;Adaptation;15;1;;;;;
15.24;-0.5;-0.5;5.426035;1;Adaptation;15;1;;;;;
15.26;-0.5;-0.5;5.388947;1;Adaptation;15;1;;;;;
15.28;2;0;5.41721;1;Adaptation;15;1;;;;;
15.3;-0.5;-0.5;4.558028;1;Adaptation;15;1;;;;;
15.32;0;-0.125;4.585648;1;Adaptation;15;1;;;;;
15.34;-0.5;-0.5;2.083838;1;Adaptation;15;1;;;;;
15.36;-0.5;-0.5;4.691869;1;Adaptation;15;1;;;;;
15.38;-0.5;-0.5;5.073929;1;Adaptation;15;1;;;;;
15.4;0;-0.125;2.212949;1;Adaptation;15;1;;;;;
15.42;-0.5;-0.5;3.397279;1;Adaptation;15;1;;;;;
15.44;-0.5;-0.5;5.066005;1;Adaptation;15;1;;;;;
15.46;0;-0.25;2.780489;1;Adaptation;15;1;;;;;
15.48;-0.5;-0.5;4.636301;1;Adaptation;15;1;;;;;
15.5;0;0;2.360919;1;Adaptation;15;1;;;;;
15.52;-0.5;-0.5;5.966744;1;Adaptation;15;1;;;;;
15.54;-0.5;-0.5;4.957827;1;Adaptation;15;1;;;;;
15.56;-0.5;-0.5;5.721098;1;Adaptation;15;1;;;;;
15.58;0;0.125;3.02607;1;Adaptation;15;1;;;;;
15.6;-0.5;-0.5;5.916039;1;Adaptation;15;1;;;;;
15.62;0;0.125;3.409303;1;Adaptation;15;1;;;;;
15.64;-0.5;-0.5;3.542966;1;Adaptation;15;1;;;;;
15.66;-0.5;-0.5;3.538226;1;Adaptation;15;1;;;;;
15.68;-0.5;-0.5;3.841798;1;Adaptation;15;1;;;;;
15.7;-0.5;-0.5;5.0163;1;Adaptation;15;1;;;;;
15.72;-0.5;-0.5;3.83255;1;Adaptation;15;1;;;;;
15.74;-0.5;-0.5;3.251938;1;Adaptation;15;1;;;;;
15.76;-0.5;-0.5;2.011265;1;Adaptation;15;1;;;;;
15.78;0;0;2.837873;1;Adaptation;15;1;;;;;
15.8;-0.5;-0.5;3.278488;1;Adaptation;15;1;;;;;
15.82;-0.5;-0.5;4.447211;1;Adaptation;15;1;;;;;
15.84;2;0;5.599223;1;Adaptation;15;1;;;;;
15.86;-0.5;-0.5;4.556107;1;Adaptation;15;1;;;;;
15.88;0;0;4.003861;1;Adaptation;15;1;;;;;
15.9;-0.5;-0.5;3.442266;1;Adaptation;15;1;;;;;
15.92;-0.5;-0.5;4.750548;1;Adaptation;15;1;;;;;
15.94;-0.5;-0.5;5.995207;1;Adaptation;15;1;;;;;
15.96;-0.5;-0.5;2.407829;1;Adaptation;15;1;;;;;
15.98;-0.5;-0.5;3.02019;1;Adaptation;15;1;;;;;
16;-0.5;-0.5;3.871609;1;Adaptation;15;1;;;;;
16.02;-0.5;-0.5;5.055736;1;Adaptation;15;1;;;;;
16.04;-0.5;-0.5;2.988328;1;Adaptation;15;1;;;;;
16.06;-0.5;-0.5;4.288429;1;Adaptation;15;1;;;;;
16.08;-0.5;-0.5;4.147372;1;Adaptation;15;1;;;;;
16.1;-0.5;-0.5;5.432582;1;Adaptation;15;1;;;;;
16.12;2;-0.25;4.58068;1;Adaptation;15;1;;;;;
16.14;2;0.125;4.429605;1;Adaptation;15;1;;;;;
16.16;-0.5;-0.5;3.222546;1;Adaptation;15;1;;;;;
16.18;-0.5;-0.5;3.157852;1;Adaptation;15;1;;;;;
16.2;-0.5;-0.5;3.500387;1;Adaptation;15;1;;;;;
16.22;-0.5;-0.5;5.914662;1;Adaptation;15;1;;;;;
16.24;-2;0.125;5.706209;1;Adaptation;15;1;;;;;
16.26;-0.5;-0.5;5.881225;1;Adaptation;15;1;;;;;
16.28;-2;0;2.981008;1;Adaptation;15;1;;;;;
16.3;-0.5;-0.5;5.387836;1;Adaptation;15;1;;;;;
16.32;-0.5;-0.5;4.105091;1;Adaptation;15;1;;;;;
16.34;-0.5;-0.5;4.678457;1;Adaptation;15;1;;;;;
16.36;-0.5;-0.5;5.185292;1;Adaptation;15;1;;;;;
16.38;0;-0.125;5.099735;1;Adaptation;15;1;;;;;
16.4;-0.5;-0.5;5.270526;1;Adaptation;15;1;;;;;
16.42;-0.5;-0.5;4.535179;1;Adaptation;15;1;;;;;
16.44;-0.5;-0.5;5.143558;1;Adaptation;15;1;;;;;
16.46;-0.5;-0.5;2.547943;1;Adaptation;15;1;;;;;
16.48;-0.5;-0.5;2.834777;1;Adaptation;15;1;;;;;
16.5;-0.5;-0.5;4.633727;1;Adaptation;15;1;;;;;
16.52;-0.5;-0.5;5.902282;1;Adaptation;15;1;;;;;
16.54;-2;0;5.031166;1;Adaptation;15;1;;;;;
16.56;0;0;3.051634;1;Adaptation;15;1;;;;;
16.58;-0.5;-0.5;3.946223;1;Adaptation;15;1;;;;;
16.6;0;0.125;3.752475;1;Adaptation;15;1;;;;;
16.62;-0.5;-0.5;5.338963;1;Adaptation;15;1;;;;;
16.64;-0.5;-0.5;4.775876;1;Adaptation;15;1;;;;;
16.66;-0.5;-0.5;2.418092;1;Adaptation;15;1;;;;;
16.68;-0.5;-0.5;5.671291;1;Adaptation;15;1;;;;;
16.7;-0.5;-0.5;4.342877;1;Adaptation;15;1;;;;;
16.72;-0.5;-0.5;4.693878;1;Adaptation;15;1;;;;;
16.74;-0.5;-0.5;3.717438;1;Adaptation;15;1;;;;;
16.76;-0.5;-0.5;3.805587;1;Adaptation;15;1;;;;;
16.78;-0.5;-0.5;5.001686;1;Adaptation;15;1;;;;;
16.8;-0.5;-0.5;2.030479;1;Adaptation;15;1;;;;;
16.82;-0.5;-0.5;4.45476;1;Adaptation;15;1;;;;;
16.84;-0.5;-0.5;5.91523;1;Adaptation;15;1;;;;;
16.86;-0.5;-0.5;4.8328;1;Adaptation;15;1;;;;;
16.88;-0.5;-0.5;3.456115;1;Adaptation;15;1;;;;;
16.9;-0.5;-0.5;4.774963;1;Adaptation;15;1;;;;;
16.92;-0.5;-0.5;4.784435;1;Adaptation;15;1;;;;;
16.94;-0.5;-0.5;2.249292;1;Adaptation;15;1;;;;;
16.96;-0.5;-0.5;4.722685;1;Adaptation;15;1;;;;;
16.98;-0.5;-0.5;3.810503;1;Adaptation;15;1;;;;;
17;-0.5;-0.5;5.335864;1;Adaptation;15;1;;;;;
17.02;-0.5;-0.5;4.330269;1;Adaptation;15;1;;;;;
17.04;-0.5;-0.5;5.753981;1;Adaptation;15;1;;;;;
17.06;-0.5;-0.5;3.659882;1;Adaptation;15;1;;;;;
17.08;-0.5;-0.5;3.51369;1;Adaptation;15;1;;;;;
17.1;0;-0.125;3.88863;1;Adaptation;15;1;;;;;
17.12;2;0.125;2.79491;1;Adaptation;15;1;;;;;
17.14;-0.5;-0.5;4.047318;1;Adaptation;15;1;;;;;
17.16;-0.5;-0.5;2.927323;1;Adaptation;15;1;;;;;
17.18;-0.5;-0.5;4.129512;1;Adaptation;15;1;;;;;
17.2;-0.5;-0.5;5.132305;1;Adaptation;15;1;;;;;
17.22;-0.5;-0.5;5.42684;1;Adaptation;15;1;;;;;
17.24;-0.5;-0.5;5.284326;1;Adaptation;15;1;;;;;
17.26;-0.5;-0.5;3.616153;1;Adaptation;15;1;;;;;
17.28;-0.5;-0.5;5.447551;1;Adaptation;15;1;;;;;
17.3;-0.5;-0.5;2.26463;1;Adaptation;15;1;;;;;
17.32;0;0.125;2.565095;1;Adaptation;15;1;;;;;
17.34;-0.5;-0.5;5.230288;1;Adaptation;15;1;;;;;
17.36;-0.5;-0.5;2.349804;1;Adaptation;15;1;;;;;
17.38;-0.5;-0.5;3.188095;1;Adaptation;15;1;;;;;
17.4;-0.5;-0.5;2.284585;1;Adaptation;15;1;;;;;
17.42;-0.5;-0.5;2.643604;1;Adaptation;15;1;;;;;
17.44;0;0;4.070075;1;Adaptation;15;1;;;;;
17.46;-0.5;-0.5;2.254788;1;Adaptation;15;1;;;;;
17.48;-0.5;-0.5;4.455743;1;Adaptation;15;1;;;;;
17.5;0;0.125;3.069532;1;Adaptation;15;1;;;;;
17.52;-0.5;-0.5;5.272202;1;Adaptation;15;1;;;;;
17.54;-0.5;-0.5;4.723939;1;Adaptation;15;1;;;;;
17.56;-4;0.125;5.380171;1;Adaptation;15;1;;;;;
17.58;-0.5;-0.5;3.806057;1;Adaptation;15;1;;;;;
17.6;-0.5;-0.5;3.359993;1;Adaptation;15;1;;;;;
17.62;-0.5;-0.5;5.462624;1;Adaptation;15;1;;;;;
17.64;-0.5;-0.5;3.602764;1;Adaptation;15;1;;;;;
17.66;-0.5;-0.5;5.245492;1;Adaptation;15;1;;;;;
17.68;0;0.125;2.598558;1;Adaptation;15;1;;;;;
17.7;-0.5;-0.5;5.321145;1;Adaptation;15;1;;;;;
17.72;-0.5;-0.5;4.607589;1;Adaptation;15;1;;;;;
17.74;-0.5;-0.5;3.329399;1;Adaptation;15;1;;;;;
17.76;-0.5;-0.5;4.808373;1;Adaptation;15;1;;;;;
17.78;-0.5;-0.5;2.114346;1;Adaptation;15;1;;;;;
17.8;0;0.25;2.160251;1;Adaptation;15;1;;;;;
17.82;-0.5;-0.5;3.284153;1;Adaptation;15;1;;;;;
17.84;-0.5;-0.5;3.478449;1;Adaptation;15;1;;;;;
17.86;-0.5;-0.5;5.904116;1;Adaptation;15;1;;;;;
17.88;0;0;5.305411;1;Adaptation;15;1;;;;;
17.9;-0.5;-0.5;5.294757;1;Adaptation;15;1;;;;;
17.92;2;0;2.023839;1;Adaptation;15;1;;;;;
17.94;-0.5;-0.5;5.298191;1;Adaptation;15;1;;;;;
17.96;-2;0;5.03;1;Adaptation;15;1;;;;;
17.98;0;0.125;2.734171;1;Adaptation;15;1;;;;;
18;0;0.125;3.324105;1;Adaptation;15;1;;;;;
18.02;0;0;4.016455;1;Adaptation;15;1;;;;;
18.04;0;-0.25;4.769451;1;Adaptation;15;1;;;;;
18.06;-0.5;-0.5;3.464917;1;Adaptation;15;1;;;;;
18.08;-0.5;-0.5;5.775898;1;Adaptation;15;1;;;;;
18.1;-0.5;-0.5;5.671667;1;Adaptation;15;1;;;;;
18.12;0;0.125;3.152514;1;Adaptation;15;1;;;;;
18.14;2;0.125;5.226234;1;Adaptation;15;1;;;;;
18.16;-0.5;-0.5;2.01486;1;Adaptation;15;1;;;;;
18.18;2;0;4.770935;1;Adaptation;15;1;;;;;
18.2;-2;0.125;2.051849;1;Adaptation;15;1;;;;;
18.22;-0.5;-0.5;3.838098;1;Adaptation;15;1;;;;;
18.24;-0.5;-0.5;4.600673;1;Adaptation;15;1;;;;;
18.26;-2;-0.125;2.073559;1;Adaptation;15;1;;;;;
18.28;-0.5;-0.5;3.678757;1;Adaptation;15;1;;;;;
18.3;-0.5;-0.5;2.893149;1;Adaptation;15;1;;;;;
18.32;-0.5;-0.5;4.599172;1;Adaptation;15;1;;;;;
18.34;-0.5;-0.5;5.653974;1;Adaptation;15;1;;;;;
18.36;0;0;5.610047;1;Adaptation;15;1;;;;;
18.38;-0.5;-0.5;3.04968;1;Adaptation;15;1;;;;;
18.4;-0.5;-0.5;2.323719;1;Adaptation;15;1;;;;;
18.42;-0.5;-0.5;2.595741;1;Adaptation;15;1;;;;;
18.44;-0.5;-0.5;2.760763;1;Adaptation;15;1;;;;;
18.46;-0.5;-0.5;2.603883;1;Adaptation;15;1;;;;;
18.48;-0.5;-0.5;3.334053;1;Adaptation;15;1;;;;;
18.5;0;0;2.804257;1;Adaptation;15;1;;;;;
18.52;-0.5;-0.5;2.182157;1;Adaptation;15;1;;;;;
18.54;2;-0.125;5.854432;1;Adaptation;15;1;;;;;
18.56;-0.5;-0.5;3.133983;1;Adaptation;15;1;;;;;
18.58;-0.5;-0.5;5.870245;1;Adaptation;15;1;;;;;
18.6;-0.5;-0.5;2.366349;1;Adaptation;15;1;;;;;
18.62;-0.5;-0.5;3.764752;1;Adaptation;15;1;;;;;
18.64;-0.5;-0.5;5.321338;1;Adaptation;15;1;;;;;
18.66;-2;-0.25;4.762707;1;Adaptation;15;1;;;;;
18.68;-0.5;-0.5;3.358109;1;Adaptation;15;1;;;;;
18.7;-0.5;-0.5;4.571511;1;Adaptation;15;1;;;;;
18.72;-0.5;-0.5;2.325054;1;Adaptation;15;1;;;;;
18.74;0;0.125;4.594977;1;Adaptation;15;1;;;;;
18.76;-0.5;-0.5;3.314658;1;Adaptation;15;1;;;;;
18.78;-0.5;-0.5;4.300691;1;Adaptation;15;1;;;;;
18.8;-0.5;-0.5;4.108007;1;Adaptation;15;1;;;;;
18.82;-0.5;-0.5;2.573003;1;Adaptation;15;1;;;;;
18.84;-0.5;-0.5;5.549315;1;Adaptation;15;1;;;;;
18.86;-0.5;-0.5;5.638524;1;Adaptation;15;1;;;;;
18.88;-2;0.25;5.414201;1;Adaptation;15;1;;;;;
18.9;-0.5;-0.5;4.403639;1;Adaptation;15;1;;;;;
18.92;-0.5;-0.5;3.855634;1;Adaptation;15;1;;;;;
18.94;-0.5;-0.5;4.421095;1;Adaptation;15;1;;;;;
18.96;-0.5;-0.5;4.327585;1;Adaptation;15;1;;;;;
18.98;-0.5;-0.5;2.262463;1;Adaptation;15;1;;;;;
19;-0.5;-0.5;5.586769;1;Adaptation;15;1;;;;;
19.02;0;0;4.065025;1;Adaptation;15;1;;;;;
19.04;-0.5;-0.5;2.674535;1;Adaptation;15;1;;;;;
19.06;-0.5;-0.5;4.941558;1;Adaptation;15;1;;;;;
19.08;0;0;4.977169;1;Adaptation;15;1;;;;;
19.1;2;-0.125;5.876907;1;Adaptation;15;1;;;;;
19.12;-0.5;-0.5;4.074043;1;Adaptation;15;1;;;;;
19.14;2;-0.125;3.815397;1;Adaptation;15;1;;;;;
19.16;-0.5;-0.5;2.746296;1;Adaptation;15;1;;;;;
19.18;-0.5;-0.5;3.610697;1;Adaptation;15;1;;;;;
19.2;-0.5;-0.5;4.36377;1;Adaptation;15;1;;;;;
19.22;-0.5;-0.5;2.603446;1;Adaptation;15;1;;;;;
19.24;-0.5;-0.5;4.653857;1;Adaptation;15;1;;;;;
19.26;-0.5;-0.5;5.136325;1;Adaptation;15;1;;;;;
19.28;0;0;2.81136;1;Adaptation;15;1;;;;;
19.3;-0.5;-0.5;2.130889;1;Adaptation;15;1;;;;;
19.32;-0.5;-0.5;4.480408;1;Adaptation;15;1;;;;;
19.34;-0.5;-0.5;2.755522;1;Adaptation;15;1;;;;;
19.36;0;-0.25;2.816828;1;Adaptation;15;1;;;;;
19.38;-0.5;-0.5;2.586959;1;Adaptation;15;1;;;;;
19.4;-0.5;-0.5;3.158002;1;Adaptation;15;1;;;;;
19.42;-0.5;-0.5;3.363312;1;Adaptation;15;1;;;;;
19.44;0;0.125;3.067212;1;Adaptation;15;1;;;;;
19.46;0;-0.25;3.097782;1;Adaptation;15;1;;;;;
19.48;-0.5;-0.5;3.239494;1;Adaptation;15;1;;;;;
19.5;-0.5;-0.5;4.071511;1;Adaptation;15;1;;;;;
19.52;-0.5;-0.5;2.638781;1;Adaptation;15;1;;;;;
19.54;-0.5;-0.5;2.734979;1;Adaptation;15;1;;;;;
19.56;-2;-0.125;5.599684;1;Adaptation;15;1;;;;;
19.58;0;-0.125;3.673486;1;Adaptation;15;1;;;;;
19.6;-0.5;-0.5;4.969635;1;Adaptation;15;1;;;;;
19.62;-0.5;-0.5;5.776742;1;Adaptation;15;1;;;;;
19.64;-0.5;-0.5;4.022099;1;Adaptation;15;1;;;;;
19.66;-0.5;-0.5;2.664357;1;Adaptation;15;1;;;;;
19.68;-0.5;-0.5;5.977384;1;Adaptation;15;1;;;;;
19.7;2;-0.125;5.813131;1;Adaptation;15;1;;;;;
19.72;-0.5;-0.5;4.77605;1;Adaptation;15;1;;;;;
19.74;-0.5;-0.5;4.246131;1;Adaptation;15;1;;;;;
19.76;-0.5;-0.5;4.565824;1;Adaptation;15;1;;;;;
19.78;-0.5;-0.5;5.4762;1;Adaptation;15;1;;;;;
19.8;-0.5;-0.5;4.734213;1;Adaptation;15;1;;;;;
19.82;0;0.125;3.19418;1;Adaptation;15;1;;;;;
19.84;-0.5;-0.5;3.73476;1;Adaptation;15;1;;;;;
19.86;-0.5;-0.5;3.749896;1;Adaptation;15;1;;;;;
19.88;-0.5;-0.5;2.036087;1;Adaptation;15;1;;;;;
19.9;-0.5;-0.5;2.31615;1;Adaptation;15;1;;;;;
19.92;-2;-0.125;5.078084;1;Adaptation;15;1;;;;;
19.94;-0.5;-0.5;2.38468;1;Adaptation;15;1;;;;;
19.96;-0.5;-0.5;4.637197;1;Adaptation;15;1;;;;;
19.98;-0.5;-0.5;4.508258;1;Adaptation;15;1;;;;;
20;-0.5;-0.5;5.89357;1;Adaptation;15;1;;;;;
20.02;-0.5;-0.5;2.125294;1;Adaptation;15;1;;;;;
20.04;-0.5;-0.5;5.589884;1;Adaptation;15;1;;;;;
20.06;0;-0.125;3.573689;1;Adaptation;15;1;;;;;
20.08;0;0.125;3.968267;1;Adaptation;15;1;;;;;
20.1;-0.5;-0.5;2.484615;1;Adaptation;15;1;;;;;
20.12;-0.5;-0.5;3.8696;1;Adaptation;15;1;;;;;
20.14;-0.5;-0.5;4.098097;1;Adaptation;15;1;;;;;
20.16;-2;0;4.407906;1;Adaptation;15;1;;;;;
20.18;-0.5;-0.5;2.437253;1;Adaptation;15;1;;;;;
20.2;0;0.125;2.608969;1;Adaptation;15;1;;;;;
20.22;-0.5;-0.5;3.046643;1;Adaptation;15;1;;;;;
20.24;-2;0.125;3.645284;1;Adaptation;15;1;;;;;
20.26;-0.5;-0.5;3.351322;1;Adaptation;15;1;;;;;
20.28;-0.5;-0.5;3.683391;1;Adaptation;15;1;;;;;
20.3;-0.5;-0.5;4.208169;1;Adaptation;15;1;;;;;
20.32;-0.5;-0.5;5.958747;1;Adaptation;15;1;;;;;
20.34;-0.5;-0.5;4.680109;1;Adaptation;15;1;;;;;
20.36;-2;0.25;2.383003;1;Adaptation;15;1;;;;;
20.38;-0.5;-0.5;2.520211;1;Adaptation;15;1;;;;;
20.4;-0.5;-0.5;3.857302;1;Adaptation;15;1;;;;;
20.42;-0.5;-0.5;3.375866;1;Adaptation;15;1;;;;;
20.44;-0.5;-0.5;5.09921;1;Adaptation;15;1;;;;;
20.46;-0.5;-0.5;5.836044;1;Adaptation;15;1;;;;;
20.48;-0.5;-0.5;5.303564;1;Adaptation;15;1;;;;;
20.5;-0.5;-0.5;3.095871;1;Adaptation;15;1;;;;;
20.52;-0.5;-0.5;3.732237;1;Adaptation;15;1;;;;;
20.54;-0.5;-0.5;2.95479;1;Adaptation;15;1;;;;;
20.56;-0.5;-0.5;3.248866;1;Adaptation;15;1;;;;;
20.58;-0.5;-0.5;4.072309;1;Adaptation;15;1;;;;;
20.6;-0.5;-0.5;5.422416;1;Adaptation;15;1;;;;;
20.62;-0.5;-0.5;2.871461;1;Adaptation;15;1;;;;;
20.64;0;0;4.783082;1;Adaptation;15;1;;;;;
20.66;-0.5;-0.5;2.811419;1;Adaptation;15;1;;;;;
20.68;2;-0.125;5.119899;1;Adaptation;15;1;;;;;
20.7;-0.5;-0.5;5.299005;1;Adaptation;15;1;;;;;
20.72;-0.5;-0.5;3.203665;1;Adaptation;15;1;;;;;
20.74;-0.5;-0.5;5.449975;1;Adaptation;15;1;;;;;
20.76;-0.5;-0.5;2.720982;1;Adaptation;15;1;;;;;
20.78;-0.5;-0.5;3.15727;1;Adaptation;15;1;;;;;
20.8;-0.5;-0.5;3.641743;1;Adaptation;15;1;;;;;
20.82;-0.5;-0.5;3.292043;1;Adaptation;15;1;;;;;
20.84;-0.5;-0.5;2.532529;1;Adaptation;15;1;;;;;
20.86;-0.5;-0.5;3.827111;1;Adaptation;15;1;;;;;
20.88;-0.5;-0.5;2.420805;1;Adaptation;15;1;;;;;
20.9;-0.5;-0.5;3.852831;1;Adaptation;15;1;;;;;
20.92;-0.5;-0.5;4.990887;1;Adaptation;15;1;;;;;
20.94;0;0;5.141156;1;Adaptation;15;1;;;;;
20.96;-0.5;-0.5;4.764123;1;Adaptation;15;1;;;;;
20.98;-0.5;-0.5;2.778265;1;Adaptation;15;1;;;;;
21;-0.5;-0.5;4.996374;1;Adaptation;15;1;;;;;
21.02;-0.5;-0.5;3.938677;1;Adaptation;15;1;;;;;
21.04;-0.5;-0.5;5.466902;1;Adaptation;15;1;;;;;
21.06;-0.5;-0.5;4.804883;1;Adaptation;15;1;;;;;
21.08;-0.5;-0.5;2.452533;1;Adaptation;15;1;;;;;
21.1;-0.5;-0.5;5.491925;1;Adaptation;15;1;;;;;
21.12;-0.5;-0.5;4.448242;1;Adaptation;15;1;;;;;
21.14;-0.5;-0.5;3.158489;1;Adaptation;15;1;;;;;
21.16;-0.5;-0.5;2.267121;1;Adaptation;15;1;;;;;
21.18;-0.5;-0.5;5.909301;1;Adaptation;15;1;;;;;
21.2;-2;0;5.854268;1;Adaptation;15;1;;;;;
21.22;-0.5;-0.5;2.288827;1;Adaptation;15;1;;;;;
21.24;-0.5;-0.5;2.073991;1;Adaptation;15;1;;;;;
21.26;-0.5;-0.5;5.333416;1;Adaptation;15;1;;;;;
21.28;0;0;2.71082;1;Adaptation;15;1;;;;;
21.3;-0.5;-0.5;2.158972;1;Adaptation;15;1;;;;;
21.32;-0.5;-0.5;4.027298;1;Adaptation;15;1;;;;;
21.34;-0.5;-0.5;4.816442;1;Adaptation;15;1;;;;;
21.36;-0.5;-0.5;5.975154;1;Adaptation;15;1;;;;;
21.38;-0.5;-0.5;4.35857;1;Adaptation;15;1;;;;;
21.4;-0.5;-0.5;5.49115;1;Adaptation;15;1;;;;;
21.42;0;0;5.55425;1;Adaptation;15;1;;;;;
21.44;-0.5;-0.5;4.986694;1;Adaptation;15;1;;;;;
21.46;0;0;4.816307;1;Adaptation;15;1;;;;;
21.48;-0.5;-0.5;5.955554;1;Adaptation;15;1;;;;;
21.5;-0.5;-0.5;4.828638;1;Adaptation;15;1;;;;;
21.52;-0.5;-0.5;5.70822;1;Adaptation;15;1;;;;;
21.54;0;0;2.950757;1;Adaptation;15;1;;;;;
21.56;-2;0.125;3.126201;1;Adaptation;15;1;;;;;
21.58;2;-0.125;5.919902;1;Adaptation;15;1;;;;;
21.6;-0.5;-0.5;2.882454;1;Adaptation;15;1;;;;;
21.62;0;0.25;3.779716;1;Adaptation;15;1;;;;;
21.64;-2;0.25;5.240761;1;Adaptation;15;1;;;;;
21.66;-0.5;-0.5;3.930123;1;Adaptation;15;1;;;;;
21.68;-0.5;-0.5;5.409394;1;Adaptation;15;1;;;;;
21.7;-2;0;5.340671;1;Adaptation;15;1;;;;;
21.72;2;-0.25;2.473415;1;Adaptation;15;1;;;;;
21.74;-0.5;-0.5;5.720576;1;Adaptation;15;1;;;;;
21.76;0;0.25;4.537077;1;Adaptation;15;1;;;;;
21.78;-0.5;-0.5;5.047056;1;Adaptation;15;1;;;;;
21.8;-0.5;-0.5;4.868757;1;Adaptation;15;1;;;;;
21.82;-0.5;-0.5;3.19762;1;Adaptation;15;1;;;;;
21.84;-0.5;-0.5;5.957266;1;Adaptation;15;1;;;;;
21.86;-0.5;-0.5;5.820473;1;Adaptation;15;1;;;;;
21.88;-0.5;-0.5;2.341049;1;Adaptation;15;1;;;;;
21.9;-0.5;-0.5;4.822074;1;Adaptation;15;1;;;;;
21.92;-2;-0.125;2.427992;1;Adaptation;15;1;;;;;
21.94;2;0;2.495261;1;Adaptation;15;1;;;;;
21.96;-0.5;-0.5;3.507187;1;Adaptation;15;1;;;;;
21.98;-0.5;-0.5;2.990494;1;Adaptation;15;1;;;;;
22;-2;0;2.121673;1;Adaptation;15;1;;;;;
22.02;-0.5;-0.5;4.117942;1;Adaptation;15;1;;;;;
22.04;-0.5;-0.5;3.846619;1;Adaptation;15;1;;;;;
22.06;-0.5;-0.5;2.920673;1;Adaptation;15;1;;;;;
22.08;-0.5;-0.5;3.34972;1;Adaptation;15;1;;;;;
22.1;-0.5;-0.5;2.124423;1;Adaptation;15;1;;;;;
22.12;-0.5;-0.5;4.024793;1;Adaptation;15;1;;;;;
22.14;-0.5;-0.5;5.330419;1;Adaptation;15;1;;;;;
22.16;-0.5;-0.5;3.849053;1;Adaptation;15;1;;;;;
22.18;-0.5;-0.5;2.386494;1;Adaptation;15;1;;;;;
22.2;-0.5;-0.5;2.462391;1;Adaptation;15;1;;;;;
22.22;-0.5;-0.5;2.027653;1;Adaptation;15;1;;;;;
22.24;-0.5;-0.5;3.867792;1;Adaptation;15;1;;;;;
22.26;-0.5;-0.5;3.705894;1;Adaptation;15;1;;;;;
22.28;-0.5;-0.5;4.300683;1;Adaptation;15;1;;;;;
22.3;-0.5;-0.5;5.243687;1;Adaptation;15;1;;;;;
22.32;-0.5;-0.5;3.733179;1;Adaptation;15;1;;;;;
22.34;-0.5;-0.5;4.316596;1;Adaptation;15;1;;;;;
22.36;-0.5;-0.5;3.223735;1;Adaptation;15;1;;;;;
22.38;-0.5;-0.5;5.94853;1;Adaptation;15;1;;;;;
22.4;-0.5;-0.5;2.836491;1;Adaptation;15;1;;;;;
22.42;-0.5;-0.5;2.352583;1;Adaptation;15;1;;;;;
22.44;-0.5;-0.5;4.487795;1;Adaptation;15;1;;;;;
22.46;-2;0;3.585677;1;Adaptation;15;1;;;;;
22.48;0;-0.125;5.647739;1;Adaptation;15;1;;;;;
22.5;-0.5;-0.5;5.551505;1;Adaptation;15;1;;;;;
22.52;-0.5;-0.5;5.294379;1;Adaptation;15;1;;;;;
22.54;-0.5;-0.5;3.719095;1;Adaptation;15;1;;;;;
22.56;4;0;3.255159;1;Adaptation;15;1;;;;;
22.58;0;0;5.490131;1;Adaptation;15;1;;;;;
22.6;-0.5;-0.5;2.861161;1;Adaptation;15;1;;;;;
22.62;-0.5;-0.5;5.242733;1;Adaptation;15;1;;;;;
22.64;-0.5;-0.5;2.392697;1;Adaptation;15;1;;;;;
22.66;0;-0.125;3.115196;1;Adaptation;15;1;;;;;
22.68;0;-0.25;2.107028;1;Adaptation;15;1;;;;;
22.7;-2;-0.125;5.690895;1;Adaptation;15;1;;;;;
22.72;-0.5;-0.5;2.735958;1;Adaptation;15;1;;;;;
22.74;-0.5;-0.5;3.905276;1;Adaptation;15;1;;;;;
22.76;-0.5;-0.5;5.362474;1;Adaptation;15;1;;;;;
22.78;-2;-0.125;2.823355;1;Adaptation;15;1;;;;;
22.8;0;-0.125;2.174717;1;Adaptation;15;1;;;;;
22.82;-0.5;-0.5;4.845117;1;Adaptation;15;1;;;;;
22.84;-0.5;-0.5;2.511741;1;Adaptation;15;1;;;;;
22.86;0;0.125;3.812743;1;Adaptation;15;1;;;;;
22.88;-0.5;-0.5;3.841141;1;Adaptation;15;1;;;;;
22.9;-0.5;-0.5;2.694824;1;Adaptation;15;1;;;;;
22.92;-0.5;-0.5;2.18218;1;Adaptation;15;1;;;;;
22.94;0;0.125;5.224384;1;Adaptation;15;1;;;;;
22.96;0;0.125;3.137086;1;Adaptation;15;1;;;;;
22.98;-0.5;-0.5;3.433548;1;Adaptation;15;1;;;;;
23;0;0.125;4.20458;1;Adaptation;15;1;;;;;
23.02;-0.5;-0.5;2.330301;1;Adaptation;15;1;;;;;
23.04;0;-0.125;5.904393;1;Adaptation;15;1;;;;;
23.06;-0.5;-0.5;4.739337;1;Adaptation;15;1;;;;;
23.08;-0.5;-0.5;2.480278;1;Adaptation;15;1;;;;;
23.1;0;-0.125;4.66525;1;Adaptation;15;1;;;;;
23.12;-0.5;-0.5;5.207856;1;Adaptation;15;1;;;;;
23.14;2;0;4.926424;1;Adaptation;15;1;;;;;
23.16;2;-0.25;2.03538;1;Adaptation;15;1;;;;;
23.18;-0.5;-0.5;3.732114;1;Adaptation;15;1;;;;;
23.2;-0.5;-0.5;2.234418;1;Adaptation;15;1;;;;;
23.22;0;0;3.008111;1;Adaptation;15;1;;;;;
23.24;-0.5;-0.5;4.571545;1;Adaptation;15;1;;;;;
23.26;-0.5;-0.5;3.421842;1;Adaptation;15;1;;;;;
23.28;-0.5;-0.5;2.374119;1;Adaptation;15;1;;;;;
23.3;-0.5;-0.5;2.013358;1;Adaptation;15;1;;;;;
23.32;-0.5;-0.5;3.070442;1;Adaptation;15;1;;;;;
23.34;-0.5;-0.5;3.572803;1;Adaptation;15;1;;;;;
23.36;-0.5;-0.5;4.368446;1;Adaptation;15;1;;;;;
23.38;-0.5;-0.5;3.012773;1;Adaptation;15;1;;;;;
23.4;-0.5;-0.5;5.189635;1;Adaptation;15;1;;;;;
23.42;-0.5;-0.5;4.847499;1;Adaptation;15;1;;;;;
23.44;0;-0.125;5.928422;1;Adaptation;15;1;;;;;
23.46;-0.5;-0.5;3.413179;1;Adaptation;15;1;;;;;
23.48;0;-0.125;3.942604;1;Adaptation;15;1;;;;;
23.5;-0.5;-0.5;4.921163;1;Adaptation;15;1;;;;;
23.52;-0.5;-0.5;4.908954;1;Adaptation;15;1;;;;;
23.54;-0.5;-0.5;4.638763;1;Adaptation;15;1;;;;;
23.56;-0.5;-0.5;5.417166;1;Adaptation;15;1;;;;;
23.58;0;0;5.556138;1;Adaptation;15;1;;;;;
23.6;-0.5;-0.5;4.0336;1;Adaptation;15;1;;;;;
23.62;-0.5;-0.5;4.659654;1;Adaptation;15;1;;;;;
23.64;-0.5;-0.5;3.268917;1;Adaptation;15;1;;;;;
23.66;-0.5;-0.5;3.623505;1;Adaptation;15;1;;;;;
23.68;-0.5;-0.5;5.900037;1;Adaptation;15;1;;;;;
23.7;0;-0.125;3.111589;1;Adaptation;15;1;;;;;
23.72;-0.5;-0.5;4.540979;1;Adaptation;15;1;;;;;
23.74;-0.5;-0.5;4.433482;1;Adaptation;15;1;;;;;
23.76;-0.5;-0.5;5.959087;1;Adaptation;15;1;;;;;
23.78;-0.5;-0.5;2.037773;1;Adaptation;15;1;;;;;
23.8;-0.5;-0.5;2.070306;1;Adaptation;15;1;;;;;
23.82;-0.5;-0.5;4.657557;1;Adaptation;15;1;;;;;
23.84;0;0;3.356652;1;Adaptation;15;1;;;;;
23.86;-0.5;-0.5;3.641833;1;Adaptation;15;1;;;;;
23.88;-0.5;-0.5;4.321542;1;Adaptation;15;1;;;;;
23.9;-0.5;-0.5;2.346428;1;Adaptation;15;1;;;;;
23.92;-0.5;-0.5;4.821589;1;Adaptation;15;1;;;;;
23.94;-0.5;-0.5;5.791451;1;Adaptation;15;1;;;;;
23.96;-0.5;-0.5;3.859059;1;Adaptation;15;1;;;;;
23.98;-0.5;-0.5;4.546698;1;Adaptation;15;1;;;;;
24;-2;0;2.710251;1;Adaptation;15;1;;;;;
24.02;0;0;4.22482;1;Adaptation;15;1;;;;;
24.04;-0.5;-0.5;2.706101;1;Adaptation;15;1;;;;;
24.06;-0.5;-0.5;4.562934;1;Adaptation;15;1;;;;;
24.08;0;0;5.642388;1;Adaptation;15;1;;;;;
24.1;-0.5;-0.5;5.747924;1;Adaptation;15;1;;;;;
24.12;-0.5;-0.5;4.984213;1;Adaptation;15;1;;;;;
24.14;-0.5;-0.5;5.028395;1;Adaptation;15;1;;;;;
24.16;-0.5;-0.5;4.722967;1;Adaptation;15;1;;;;;
24.18;-0.5;-0.5;4.310514;1;Adaptation;15;1;;;;;
24.2;-0.5;-0.5;5.100134;1;Adaptation;15;1;;;;;
24.22;-0.5;-0.5;5.596436;1;Adaptation;15;1;;;;;
24.24;-0.5;-0.5;2.4555;1;Adaptation;15;1;;;;;
24.26;-0.5;-0.5;4.171712;1;Adaptation;15;1;;;;;
24.28;-0.5;-0.5;5.8394;1;Adaptation;15;1;;;;;
24.3;-0.5;-0.5;4.954213;1;Adaptation;15;1;;;;;
24.32;-0.5;-0.5;4.724958;1;Adaptation;15;1;;;;;
24.34;-2;0.125;2.409368;1;Adaptation;15;1;;;;;
24.36;-0.5;-0.5;5.983296;1;Adaptation;15;1;;;;;
24.38;-0.5;-0.5;5.756816;1;Adaptation;15;1;;;;;
24.4;-0.5;-0.5;5.095566;1;Adaptation;15;1;;;;;
24.42;-2;-0.25;5.638179;1;Adaptation;15;1;;;;;
24.44;-0.5;-0.5;4.829905;1;Adaptation;15;1;;;;;
24.46;-0.5;-0.5;4.781719;1;Adaptation;15;1;;;;;
24.48;-0.5;-0.5;4.940803;1;Adaptation;15;1;;;;;
24.5;-2;0.125;3.109644;1;Adaptation;15;1;;;;;
24.52;-0.5;-0.5;5.594705;1;Adaptation;15;1;;;;;
24.54;0;0.125;5.128148;1;Adaptation;15;1;;;;;
24.56;-0.5;-0.5;5.222998;1;Adaptation;15;1;;;;;
24.58;-0.5;-0.5;5.909184;1;Adaptation;15;1;;;;;
24.6;0;0;4.293434;1;Adaptation;15;1;;;;;
24.62;-0.5;-0.5;4.678769;1;Adaptation;15;1;;;;;
24.64;0;0.125;4.301806;1;Adaptation;15;1;;;;;
24.66;-0.5;-0.5;3.818806;1;Adaptation;15;1;;;;;
24.68;-0.5;-0.5;2.727623;1;Adaptation;15;1;;;;;
24.7;-0.5;-0.5;3.032088;1;Adaptation;15;1;;;;;
24.72;-0.5;-0.5;4.715069;1;Adaptation;15;1;;;;;
24.74;-0.5;-0.5;5.410539;1;Adaptation;15;1;;;;;
24.76;-0.5;-0.5;2.607153;1;Adaptation;15;1;;;;;
24.78;-0.5;-0.5;3.413579;1;Adaptation;15;1;;;;;
24.8;-0.5;-0.5;5.658605;1;Adaptation;15;1;;;;;
24.82;0;0.25;2.662832;1;Adaptation;15;1;;;;;
24.84;-0.5;-0.5;4.481514;1;Adaptation;15;1;;;;;
24.86;-0.5;-0.5;5.607983;1;Adaptation;15;1;;;;;
24.88;-0.5;-0.5;4.792036;1;Adaptation;15;1;;;;;
24.9;0;0.125;3.004655;1;Adaptation;15;1;;;;;
24.92;-0.5;-0.5;4.835604;1;Adaptation;15;1;;;;;
24.94;-0.5;-0.5;5.44047;1;Adaptation;15;1;;;;;
24.96;-0.5;-0.5;5.169573;1;Adaptation;15;1;;;;;
24.98;-0.5;-0.5;2.547093;1;Adaptation;15;1;;;;;
25;2;0;3.674262;1;Adaptation;15;1;;;;;
25.02;-0.5;-0.5;4.192976;1;Adaptation;15;1;;;;;
25.04;-0.5;-0.5;3.967451;1;Adaptation;15;1;;;;;
25.06;-0.5;-0.5;2.540524;1;Adaptation;15;1;;;;;
25.08;0;-0.125;5.739804;1;Adaptation;15;1;;;;;
25.1;-0.5;-0.5;2.473307;1;Adaptation;15;1;;;;;
25.12;-0.5;-0.5;2.86067;1;Adaptation;15;1;;;;;
25.14;-0.5;-0.5;2.295469;1;Adaptation;15;1;;;;;
25.16;-0.5;-0.5;5.686928;1;Adaptation;15;1;;;;;
25.18;2;-0.125;2.850696;1;Adaptation;15;1;;;;;
25.2;-0.5;-0.5;2.560706;1;Adaptation;15;1;;;;;
25.22;-0.5;-0.5;2.468994;1;Adaptation;15;1;;;;;
25.24;0;-0.125;2.455661;1;Adaptation;15;1;;;;;
25.26;-0.5;-0.5;3.079344;1;Adaptation;15;1;;;;;
25.28;-0.5;-0.5;5.567534;1;Adaptation;15;1;;;;;
25.3;2;0;4.062813;1;Adaptation;15;1;;;;;
25.32;0;0.25;4.384853;1;Adaptation;15;1;;;;;
25.34;-0.5;-0.5;3.539146;1;Adaptation;15;1;;;;;
25.36;-0.5;-0.5;2.519826;1;Adaptation;15;1;;;;;
25.38;-2;0;2.343573;1;Adaptation;15;1;;;;;
25.4;-0.5;-0.5;2.062418;1;Adaptation;15;1;;;;;
25.42;-0.5;-0.5;2.177064;1;Adaptation;15;1;;;;;
25.44;-0.5;-0.5;3.402647;1;Adaptation;15;1;;;;;
25.46;-0.5;-0.5;2.377885;1;Adaptation;15;1;;;;;
25.48;-0.5;-0.5;5.256483;1;Adaptation;15;1;;;;;
25.5;-0.5;-0.5;5.29356;1;Adaptation;15;1;;;;;
25.52;-0.5;-0.5;2.758378;1;Adaptation;15;1;;;;;
25.54;-0.5;-0.5;3.683233;1;Adaptation;15;1;;;;;
25.56;0;0;4.300739;1;Adaptation;15;1;;;;;
25.58;-0.5;-0.5;4.683074;1;Adaptation;15;1;;;;;
25.6;-0.5;-0.5;5.237745;1;Adaptation;15;1;;;;;
25.62;-0.5;-0.5;3.272379;1;Adaptation;15;1;;;;;
25.64;-0.5;-0.5;5.63685;1;Adaptation;15;1;;;;;
25.66;-2;0.125;5.038778;1;Adaptation;15;1;;;;;
25.68;-0.5;-0.5;5.292131;1;Adaptation;15;1;;;;;
25.7;-0.5;-0.5;3.260619;1;Adaptation;15;1;;;;;
25.72;-0.5;-0.5;2.156204;1;Adaptation;15;1;;;;;
25.74;-0.5;-0.5;3.175499;1;Adaptation;15;1;;;;;
25.76;-0.5;-0.5;2.437566;1;Adaptation;15;1;;;;;
25.78;-0.5;-0.5;5.046664;1;Adaptation;15;1;;;;;
25.8;-0.5;-0.5;4.231663;1;Adaptation;15;1;;;;;
25.82;-0.5;-0.5;4.595889;1;Adaptation;15;1;;;;;
25.84;-0.5;-0.5;4.032661;1;Adaptation;15;1;;;;;
25.86;-0.5;-0.5;4.442199;1;Adaptation;15;1;;;;;
25.88;-2;0.125;5.989915;1;Adaptation;15;1;;;;;
25.9;-0.5;-0.5;5.479356;1;Adaptation;15;1;;;;;
25.92;-0.5;-0.5;2.535452;1;Adaptation;15;1;;;;;
25.94;-0.5;-0.5;2.920005;1;Adaptation;15;1;;;;;
25.96;0;0;4.492753;1;Adaptation;15;1;;;;;
25.98;-0.5;-0.5;5.395591;1;Adaptation;15;1;;;;;
26;0;0;4.121635;1;Adaptation;15;1;;;;;
26.02;-0.5;-0.5;3.534287;1;Adaptation;15;1;;;;;
26.04;-0.5;-0.5;4.36882;1;Adaptation;15;1;;;;;
26.06;0;0;2.143973;1;Adaptation;15;1;;;;;
26.08;2;0;4.521935;1;Adaptation;15;1;;;;;
26.1;-2;0.125;4.513804;1;Adaptation;15;1;;;;;
26.12;0;0;2.800206;1;Adaptation;15;1;;;;;
26.14;-0.5;-0.5;4.428551;1;Adaptation;15;1;;;;;
26.16;-0.5;-0.5;4.768433;1;Adaptation;15;1;;;;;
26.18;-0.5;-0.5;3.267104;1;Adaptation;15;1;;;;;
26.2;-0.5;-0.5;4.059501;1;Adaptation;15;1;;;;;
26.22;-0.5;-0.5;5.236359;1;Adaptation;15;1;;;;;
26.24;-0.5;-0.5;3.486425;1;Adaptation;15;1;;;;;
26.26;-0.5;-0.5;2.997202;1;Adaptation;15;1;;;;;
26.28;-0.5;-0.5;5.010808;1;Adaptation;15;1;;;;;
26.3;-0.5;-0.5;2.73607;1;Adaptation;15;1;;;;;
26.32;-0.5;-0.5;2.480951;1;Adaptation;15;1;;;;;
26.34;-0.5;-0.5;3.425812;1;Adaptation;15;1;;;;;
26.36;-0.5;-0.5;5.768095;1;Adaptation;15;1;;;;;
26.38;-0.5;-0.5;4.720119;1;Adaptation;15;1;;;;;
26.4;-2;0.125;4.914187;1;Adaptation;15;1;;;;;
26.42;-0.5;-0.5;3.556501;1;Adaptation;15;1;;;;;
26.44;-0.5;-0.5;4.023099;1;Adaptation;15;1;;;;;
26.46;-0.5;-0.5;4.626808;1;Adaptation;15;1;;;;;
26.48;-0.5;-0.5;4.153445;1;Adaptation;15;1;;;;;
26.5;-0.5;-0.5;5.482405;1;Adaptation;15;1;;;;;
26.52;-2;-0.125;4.969241;1;Adaptation;15;1;;;;;
26.54;2;-0.25;2.640903;1;Adaptation;15;1;;;;;
26.56;2;0.125;4.195235;1;Adaptation;15;1;;;;;
26.58;0;0;3.954665;1;Adaptation;15;1;;;;;
26.6;0;0;2.432905;1;Adaptation;15;1;;;;;
26.62;0;0.125;5.070618;1;Adaptation;15;1;;;;;
26.64;-2;-0.125;5.498974;1;Adaptation;15;1;;;;;
26.66;2;0.125;4.357959;1;Adaptation;15;1;;;;;
26.68;-0.5;-0.5;5.354991;1;Adaptation;15;1;;;;;
26.7;-0.5;-0.5;4.89207;1;Adaptation;15;1;;;;;
26.72;-2;-0.125;3.433786;1;Adaptation;15;1;;;;;
26.74;-0.5;-0.5;3.427671;1;Adaptation;15;1;;;;;
26.76;-0.5;-0.5;5.852004;1;Adaptation;15;1;;;;;
26.78;-2;0;4.385983;1;Adaptation;15;1;;;;;
26.8;0;-0.25;3.998796;1;Adaptation;15;1;;;;;
26.82;-0.5;-0.5;5.171494;1;Adaptation;15;1;;;;;
26.84;0;0.125;5.119183;1;Adaptation;15;1;;;;;
26.86;-0.5;-0.5;4.829382;1;Adaptation;15;1;;;;;
26.88;-0.5;-0.5;4.641275;1;Adaptation;15;1;;;;;
26.9;-2;0.125;4.090124;1;Adaptation;15;1;;;;;
26.92;0;0;2.859648;1;Adaptation;15;1;;;;;
26.94;-0.5;-0.5;4.372078;1;Adaptation;15;1;;;;;
26.96;-0.5;-0.5;5.085392;1;Adaptation;15;1;;;;;
26.98;-0.5;-0.5;3.455848;1;Adaptation;15;1;;;;;
27;0;0.25;2.623432;1;Adaptation;15;1;;;;;
27.02;-0.5;-0.5;3.932731;1;Adaptation;15;1;;;;;
27.04;2;0.25;4.118405;1;Adaptation;15;1;;;;;
27.06;-0.5;-0.5;5.951998;1;Adaptation;15;1;;;;;
27.08;-0.5;-0.5;2.150753;1;Adaptation;15;1;;;;;
27.1;-0.5;-0.5;4.87686;1;Adaptation;15;1;;;;;
27.12;0;0;5.041982;1;Adaptation;15;1;;;;;
27.14;-0.5;-0.5;4.600965;1;Adaptation;15;1;;;;;
27.16;2;-0.25;2.399678;1;Adaptation;15;1;;;;;
27.18;-0.5;-0.5;5.429071;1;Adaptation;15;1;;;;;
27.2;0;-0.125;5.891961;1;Adaptation;15;1;;;;;
27.22;-0.5;-0.5;4.104734;1;Adaptation;15;1;;;;;
27.24;-0.5;-0.5;4.986186;1;Adaptation;15;1;;;;;
27.26;-0.5;-0.5;5.039472;1;Adaptation;15;1;;;;;
27.28;-0.5;-0.5;2.867423;1;Adaptation;15;1;;;;;
27.3;2;0.125;3.427538;1;Adaptation;15;1;;;;;
27.32;-0.5;-0.5;4.280442;1;Adaptation;15;1;;;;;
27.34;-0.5;-0.5;2.332646;1;Adaptation;15;1;;;;;
27.36;-0.5;-0.5;3.814962;1;Adaptation;15;1;;;;;
27.38;-0.5;-0.5;5.967884;1;Adaptation;15;1;;;;;
27.4;-0.5;-0.5;3.648211;1;Adaptation;15;1;;;;;
27.42;0;0;4.016873;1;Adaptation;15;1;;;;;
27.44;-0.5;-0.5;5.663786;1;Adaptation;15;1;;;;;
27.46;-0.5;-0.5;5.82856;1;Adaptation;15;1;;;;;
27.48;-2;0;3.023259;1;Adaptation;15;1;;;;;
27.5;0;0.25;3.640702;1;Adaptation;15;1;;;;;
27.52;-0.5;-0.5;5.991857;1;Adaptation;15;1;;;;;
27.54;-0.5;-0.5;5.523957;1;Adaptation;15;1;;;;;
27.56;-0.5;-0.5;3.057614;1;Adaptation;15;1;;;;;
27.58;-0.5;-0.5;2.707347;1;Adaptation;15;1;;;;;
27.6;-0.5;-0.5;5.879681;1;Adaptation;15;1;;;;;
27.62;0;0;4.182409;1;Adaptation;15;1;;;;;
27.64;-0.5;-0.5;3.100564;1;Adaptation;15;1;;;;;
27.66;0;0;3.543737;1;Adaptation;15;1;;;;;
27.68;0;0;3.968911;1;Adaptation;15;1;;;;;
27.7;-0.5;-0.5;5.022655;1;Adaptation;15;1;;;;;
27.72;-0.5;-0.5;2.529508;1;Adaptation;15;1;;;;;
27.74;-0.5;-0.5;5.272206;1;Adaptation;15;1;;;;;
27.76;-2;0.125;2.075911;1;Adaptation;15;1;;;;;
27.78;-0.5;-0.5;2.675559;1;Adaptation;15;1;;;;;
27.8;-0.5;-0.5;2.31346;1;Adaptation;15;1;;;;;
27.82;-0.5;-0.5;3.427513;1;Adaptation;15;1;;;;;
27.84;-0.5;-0.5;5.36825;1;Adaptation;15;1;;;;;
27.86;-0.5;-0.5;4.22462;1;Adaptation;15;1;;;;;
27.88;-2;-0.25;5.378218;1;Adaptation;15;1;;;;;
27.9;-0.5;-0.5;4.055735;1;Adaptation;15;1;;;;;
27.92;-0.5;-0.5;5.652301;1;Adaptation;15;1;;;;;
27.94;-0.5;-0.5;3.552795;1;Adaptation;15;1;;;;;
27.96;0;0;3.614345;1;Adaptation;15;1;;;;;
27.98;-2;0.125;3.566955;1;Adaptation;15;1;;;;;
28;-0.5;-0.5;5.8133;1;Adaptation;15;1;;;;;
28.02;-0.5;-0.5;3.001717;1;Adaptation;15;1;;;;;
28.04;-0.5;-0.5;4.515532;1;Adaptation;15;1;;;;;
28.06;2;0.125;5.56121;1;Adaptation;15;1;;;;;
28.08;-2;0.125;3.118946;1;Adaptation;15;1;;;;;
28.1;-0.5;-0.5;4.710136;1;Adaptation;15;1;;;;;
28.12;-0.5;-0.5;2.123853;1;Adaptation;15;1;;;;;
28.14;0;0;5.160784;1;Adaptation;15;1;;;;;
28.16;-0.5;-0.5;4.024274;1;Adaptation;15;1;;;;;
28.18;-0.5;-0.5;2.727859;1;Adaptation;15;1;;;;;
28.2;-0.5;-0.5;2.607793;1;Adaptation;15;1;;;;;
28.22;-0.5;-0.5;5.45954;1;Adaptation;15;1;;;;;
28.24;-0.5;-0.5;3.950267;1;Adaptation;15;1;;;;;
28.26;-2;0;5.95782;1;Adaptation;15;1;;;;;
28.28;-0.5;-0.5;2.448524;1;Adaptation;15;1;;;;;
28.3;-0.5;-0.5;4.038394;1;Adaptation;15;1;;;;;
28.32;2;0;2.410121;1;Adaptation;15;1;;;;;
28.34;-0.5;-0.5;5.603866;1;Adaptation;15;1;;;;;
28.36;-0.5;-0.5;3.037632;1;Adaptation;15;1;;;;;
28.38;0;0.375;5.632489;1;Adaptation;15;1;;;;;
28.4;-0.5;-0.5;3.482947;1;Adaptation;15;1;;;;;
28.42;0;0.125;5.808607;1;Adaptation;15;1;;;;;
28.44;-0.5;-0.5;3.440471;1;Adaptation;15;1;;;;;
28.46;-0.5;-0.5;5.719618;1;Adaptation;15;1;;;;;
28.48;2;0.25;4.40421;1;Adaptation;15;1;;;;;
28.5;-0.5;-0.5;2.645429;1;Adaptation;15;1;;;;;
28.52;0;0;5.452007;1;Adaptation;15;1;;;;;
28.54;-0.5;-0.5;4.389418;1;Adaptation;15;1;;;;;
28.56;-0.5;-0.5;3.146818;1;Adaptation;15;1;;;;;
28.58;-0.5;-0.5;5.354032;1;Adaptation;15;1;;;;;
28.6;-0.5;-0.5;2.247513;1;Adaptation;15;1;;;;;
28.62;-0.5;-0.5;2.724694;1;Adaptation;15;1;;;;;
28.64;0;0;3.778457;1;Adaptation;15;1;;;;;
28.66;-0.5;-0.5;3.364218;1;Adaptation;15;1;;;;;
28.68;-0.5;-0.5;3.062003;1;Adaptation;15;1;;;;;
28.7;-0.5;-0.5;5.611187;1;Adaptation;15;1;;;;;
28.72;-0.5;-0.5;4.221463;1;Adaptation;15;1;;;;;
28.74;-0.5;-0.5;4.055282;1;Adaptation;15;1;;;;;
28.76;-0.5;-0.5;2.047608;1;Adaptation;15;1;;;;;
28.78;-0.5;-0.5;4.998845;1;Adaptation;15;1;;;;;
28.8;0;-0.125;2.953324;1;Adaptation;15;1;;;;;
28.82;0;0.125;2.260084;1;Adaptation;15;1;;;;;
28.84;-0.5;-0.5;4.128329;1;Adaptation;15;1;;;;;
28.86;-0.5;-0.5;3.59706;1;Adaptation;15;1;;;;;
28.88;-0.5;-0.5;4.0615;1;Adaptation;15;1;;;;;
28.9;0;0;3.261244;1;Adaptation;15;1;;;;;
28.92;0;0;4.044564;1;Adaptation;15;1;;;;;
28.94;-0.5;-0.5;5.989067;1;Adaptation;15;1;;;;;
28.96;-0.5;-0.5;2.514239;1;Adaptation;15;1;;;;;
28.98;-0.5;-0.5;2.008364;1;Adaptation;15;1;;;;;
29;-0.5;-0.5;4.412608;1;Adaptation;15;1;;;;;
29.02;-0.5;-0.5;2.755597;1;Adaptation;15;1;;;;;
29.04;-0.5;-0.5;2.208811;1;Adaptation;15;1;;;;;
29.06;2;-0.125;2.968674;1;Adaptation;15;1;;;;;
29.08;-0.5;-0.5;2.637589;1;Adaptation;15;1;;;;;
29.1;-0.5;-0.5;5.13888;1;Adaptation;15;1;;;;;
29.12;-0.5;-0.5;2.521102;1;Adaptation;15;1;;;;;
29.14;-0.5;-0.5;3.959299;1;Adaptation;15;1;;;;;
29.16;0;0;3.353114;1;Adaptation;15;1;;;;;
29.18;-0.5;-0.5;4.288315;1;Adaptation;15;1;;;;;
29.2;-0.5;-0.5;2.136648;1;Adaptation;15;1;;;;;
29.22;0;-0.125;5.891391;1;Adaptation;15;1;;;;;
29.24;-0.5;-0.5;5.684878;1;Adaptation;15;1;;;;;
29.26;-0.5;-0.5;5.525713;1;Adaptation;15;1;;;;;
29.28;-0.5;-0.5;5.345589;1;Adaptation;15;1;;;;;
29.3;-0.5;-0.5;4.732353;1;Adaptation;15;1;;;;;
29.32;0;0;3.516505;1;Adaptation;15;1;;;;;
29.34;-0.5;-0.5;3.770944;1;Adaptation;15;1;;;;;
29.36;-0.5;-0.5;5.482601;1;Adaptation;15;1;;;;;
29.38;-0.5;-0.5;3.994197;1;Adaptation;15;1;;;;;
29.4;-0.5;-0.5;5.031375;1;Adaptation;15;1;;;;;
29.42;-0.5;-0.5;4.744814;1;Adaptation;15;1;;;;;
29.44;-0.5;-0.5;4.393593;1;Adaptation;15;1;;;;;
29.46;0;-0.125;3.789016;1;Adaptation;15;1;;;;;
29.48;0;-0.125;2.222026;1;Adaptation;15;1;;;;;
29.5;0;0;3.728923;1;Adaptation;15;1;;;;;
29.52;-0.5;-0.5;2.135058;1;Adaptation;15;1;;;;;
29.54;-0.5;-0.5;5.129722;1;Adaptation;15;1;;;;;
29.56;-0.5;-0.5;4.691309;1;Adaptation;15;1;;;;;
29.58;-0.5;-0.5;2.571205;1;Adaptation;15;1;;;;;
29.6;0;0.125;5.57999;1;Adaptation;15;1;;;;;
29.62;2;0;2.484504;1;Adaptation;15;1;;;;;
29.64;0;0;4.961562;1;Adaptation;15;1;;;;;
29.66;-0.5;-0.5;3.229456;1;Adaptation;15;1;;;;;
29.68;-2;0;3.825016;1;Adaptation;15;1;;;;;
29.7;-0.5;-0.5;5.345318;1;Adaptation;15;1;;;;;
29.72;-0.5;-0.5;5.277607;1;Adaptation;15;1;;;;;
29.74;-0.5;-0.5;3.437358;1;Adaptation;15;1;;;;;
29.76;-0.5;-0.5;4.546061;1;Adaptation;15;1;;;;;
29.78;-0.5;-0.5;3.735322;1;Adaptation;15;1;;;;;
29.8;-0.5;-0.5;3.440661;1;Adaptation;15;1;;;;;
29.82;-0.5;-0.5;5.908173;1;Adaptation;15;1;;;;;
29.84;-0.5;-0.5;3.92377;1;Adaptation;15;1;;;;;
29.86;-0.5;-0.5;5.523263;1;Adaptation;15;1;;;;;
29.88;0;0;3.409219;1;Adaptation;15;1;;;;;
29.9;-0.5;-0.5;3.492612;1;Adaptation;15;1;;;;;
29.92;-0.5;-0.5;5.763017;1;Adaptation;15;1;;;;;
29.94;-0.5;-0.5;4.942131;1;Adaptation;15;1;;;;;
29.96;-0.5;-0.5;5.938107;1;Adaptation;15;1;;;;;
29.98;-0.5;-0.5;2.163403;1;Adaptation;15;1;;;;;
30;0;0.125;2.754469;1;Adaptation;15;1;;;;;
30.02;0;-0.125;3.087847;1;Adaptation;15;1;;;;;
30.04;2;0.25;2.822352;1;Adaptation;15;1;;;;;
30.06;-2;0.125;2.241607;1;Adaptation;15;1;;;;;
30.08;-0.5;-0.5;3.260948;1;Adaptation;15;1;;;;;
30.1;-0.5;-0.5;3.414871;1;Adaptation;15;1;;;;;
30.12;-0.5;-0.5;3.016025;1;Adaptation;15;1;;;;;
30.14;-0.5;-0.5;3.250108;1;Adaptation;15;1;;;;;
30.16;-0.5;-0.5;5.528946;1;Adaptation;15;1;;;;;
30.18;0;-0.25;5.581913;1;Adaptation;15;1;;;;;
30.2;-0.5;-0.5;5.699602;1;Adaptation;15;1;;;;;
30.22;-0.5;-0.5;3.261518;1;Adaptation;15;1;;;;;
30.24;-0.5;-0.5;5.119373;1;Adaptation;15;1;;;;;
30.26;-0.5;-0.5;5.315351;1;Adaptation;15;1;;;;;
30.28;-0.5;-0.5;2.873683;1;Adaptation;15;1;;;;;
30.3;-0.5;-0.5;3.952195;1;Adaptation;15;1;;;;;
30.32;-0.5;-0.5;3.574626;1;Adaptation;15;1;;;;;
30.34;-0.5;-0.5;3.783875;1;Adaptation;15;1;;;;;
30.36;0;0;4.608382;1;Adaptation;15;1;;;;;
30.38;0;0;3.667281;1;Adaptation;15;1;;;;;
30.4;2;-0.125;2.66118;1;Adaptation;15;1;;;;;
30.42;-0.5;-0.5;3.15631;1;Adaptation;15;1;;;;;
30.44;-0.5;-0.5;2.485352;1;Adaptation;15;1;;;;;
30.46;-0.5;-0.5;5.193706;1;Adaptation;15;1;;;;;
30.48;-0.5;-0.5;5.779266;1;Adaptation;15;1;;;;;
30.5;-0.5;-0.5;3.421156;1;Adaptation;15;1;;;;;
30.52;-0.5;-0.5;2.531224;1;Adaptation;15;1;;;;;
30.54;-0.5;-0.5;2.556638;1;Adaptation;15;1;;;;;
30.56;-0.5;-0.5;3.419137;1;Adaptation;15;1;;;;;
30.58;-0.5;-0.5;4.533263;1;Adaptation;15;1;;;;;
30.6;-0.5;-0.5;2.240824;1;Adaptation;15;1;;;;;
30.62;0;-0.25;2.550813;1;Adaptation;15;1;;;;;
30.64;-0.5;-0.5;3.265535;1;Adaptation;15;1;;;;;
30.66;-0.5;-0.5;2.996401;1;Adaptation;15;1;;;;;
30.68;-0.5;-0.5;2.380396;1;Adaptation;15;1;;;;;
30.7;-0.5;-0.5;4.742413;1;Adaptation;15;1;;;;;
30.72;-0.5;-0.5;2.472345;1;Adaptation;15;1;;;;;
30.74;-0.5;-0.5;5.636214;1;Adaptation;15;1;;;;;
30.76;-0.5;-0.5;5.456368;1;Adaptation;15;1;;;;;
30.78;-0.5;-0.5;5.120077;1;Adaptation;15;1;;;;;
30.8;-0.5;-0.5;2.311546;1;Adaptation;15;1;;;;;
30.82;-0.5;-0.5;4.36292;1;Adaptation;15;1;;;;;
30.84;-0.5;-0.5;5.916384;1;Adaptation;15;1;;;;;
30.86;-0.5;-0.5;2.826488;1;Adaptation;15;1;;;;;
30.88;2;0;5.837309;1;Adaptation;15;1;;;;;
30.9;-0.5;-0.5;3.389463;1;Adaptation;15;1;;;;;
30.92;0;0;5.965444;1;Adaptation;15;1;;;;;
30.94;-0.5;-0.5;2.793091;1;Adaptation;15;1;;;;;
30.96;-0.5;-0.5;5.515285;1;Adaptation;15;1;;;;;
30.98;-0.5;-0.5;2.411818;1;Adaptation;15;1;;;;;
31;-0.5;-0.5;4.504527;1;Adaptation;15;1;;;;;
31.02;-0.5;-0.5;2.832499;1;Adaptation;15;1;;;;;
31.04;2;0.125;4.53411;1;Adaptation;15;1;;;;;
31.06;-0.5;-0.5;2.622993;1;Adaptation;15;1;;;;;
31.08;0;0.125;5.035484;1;Adaptation;15;1;;;;;
31.1;-0.5;-0.5;5.740982;1;Adaptation;15;1;;;;;
31.12;-0.5;-0.5;5.945472;1;Adaptation;15;1;;;;;
31.14;-0.5;-0.5;3.035994;1;Adaptation;15;1;;;;;
31.16;-0.5;-0.5;5.112125;1;Adaptation;15;1;;;;;
31.18;-0.5;-0.5;3.43081;1;Adaptation;15;1;;;;;
31.2;-0.5;-0.5;3.538028;1;Adaptation;15;1;;;;;
31.22;-0.5;-0.5;5.102633;1;Adaptation;15;1;;;;;
31.24;-0.5;-0.5;3.96976;1;Adaptation;15;1;;;;;
31.26;-0.5;-0.5;5.988614;1;Adaptation;15;1;;;;;
31.28;-0.5;-0.5;5.628675;1;Adaptation;15;1;;;;;
31.3;-0.5;-0.5;5.913252;1;Adaptation;15;1;;;;;
31.32;-0.5;-0.5;4.979329;1;Adaptation;15;1;;;;;
31.34;0;-0.125;5.176424;1;Adaptation;15;1;;;;;
31.36;-0.5;-0.5;3.188891;1;Adaptation;15;1;;;;;
31.38;-0.5;-0.5;3.08953;1;Adaptation;15;1;;;;;
31.4;-0.5;-0.5;5.558204;1;Adaptation;15;1;;;;;
31.42;-0.5;-0.5;4.924889;1;Adaptation;15;1;;;;;
31.44;-0.5;-0.5;5.385943;1;Adaptation;15;1;;;;;
31.46;-0.5;-0.5;2.869287;1;Adaptation;15;1;;;;;
31.48;2;-0.125;2.532998;1;Adaptation;15;1;;;;;
31.5;-0.5;-0.5;4.019113;1;Adaptation;15;1;;;;;
31.52;0;-0.125;4.172318;1;Adaptation;15;1;;;;;
31.54;2;-0.375;3.490171;1;Adaptation;15;1;;;;;
31.56;-0.5;-0.5;4.792129;1;Adaptation;15;1;;;;;
31.58;-0.5;-0.5;4.564424;1;Adaptation;15;1;;;;;
31.6;2;-0.125;3.265519;1;Adaptation;15;1;;;;;
31.62;-0.5;-0.5;2.809363;1;Adaptation;15;1;;;;;
31.64;-0.5;-0.5;5.947128;1;Adaptation;15;1;;;;;
31.66;-0.5;-0.5;3.451699;1;Adaptation;15;1;;;;;
31.68;-0.5;-0.5;3.751663;1;Adaptation;15;1;;;;;
31.7;-0.5;-0.5;4.366832;1;Adaptation;15;1;;;;;
31.72;-0.5;-0.5;3.917745;1;Adaptation;15;1;;;;;
31.74;-0.5;-0.5;4.843622;1;Adaptation;15;1;;;;;
31.76;-0.5;-0.5;3.402639;1;Adaptation;15;1;;;;;
31.78;-0.5;-0.5;4.09452;1;Adaptation;15;1;;;;;
31.8;-2;0;2.469137;1;Adaptation;15;1;;;;;
31.82;-0.5;-0.5;5.698615;1;Adaptation;15;1;;;;;
31.84;2;-0.25;3.259696;1;Adaptation;15;1;;;;;
31.86;-0.5;-0.5;2.144737;1;Adaptation;15;1;;;;;
31.88;-0.5;-0.5;3.676641;1;Adaptation;15;1;;;;;
31.9;-0.5;-0.5;3.173007;1;Adaptation;15;1;;;;;
31.92;-0.5;-0.5;2.029813;1;Adaptation;15;1;;;;;
31.94;-0.5;-0.5;3.628246;1;Adaptation;15;1;;;;;
31.96;-0.5;-0.5;3.685314;1;Adaptation;15;1;;;;;
31.98;2;0.25;3.20993;1;Adaptation;15;1;;;;;
32;-0.5;-0.5;2.809438;1;Adaptation;15;1;;;;;
32.02;-0.5;-0.5;3.738688;1;Adaptation;15;1;;;;;
32.04;-0.5;-0.5;4.909135;1;Adaptation;15;1;;;;;
32.06;-0.5;-0.5;3.776374;1;Adaptation;15;1;;;;;
32.08;-0.5;-0.5;4.702705;1;Adaptation;15;1;;;;;
32.1;-2;-0.125;3.533377;1;Adaptation;15;1;;;;;
32.12;-0.5;-0.5;3.204358;1;Adaptation;15;1;;;;;
32.14;-0.5;-0.5;4.301707;1;Adaptation;15;1;;;;;
32.16;-0.5;-0.5;5.840465;1;Adaptation;15;1;;;;;
32.18;2;0;2.58398;1;Adaptation;15;1;;;;;
32.2;2;0;4.932105;1;Adaptation;15;1;;;;;
32.22;0;0.125;4.76432;1;Adaptation;15;1;;;;;
32.24;-0.5;-0.5;4.953139;1;Adaptation;15;1;;;;;
32.26;0;-0.125;4.279611;1;Adaptation;15;1;;;;;
32.28;-0.5;-0.5;4.053231;1;Adaptation;15;1;;;;;
32.3;-0.5;-0.5;2.962679;1;Adaptation;15;1;;;;;
32.32;-0.5;-0.5;3.721063;1;Adaptation;15;1;;;;;
32.34;-0.5;-0.5;5.915983;1;Adaptation;15;1;;;;;
32.36;-0.5;-0.5;3.566389;1;Adaptation;15;1;;;;;
32.38;-0.5;-0.5;3.585482;1;Adaptation;15;1;;;;;
32.4;-0.5;-0.5;2.531516;1;Adaptation;15;1;;;;;
32.42;0;0.125;2.342587;1;Adaptation;15;1;;;;;
32.44;-0.5;-0.5;5.991149;1;Adaptation;15;1;;;;;
32.46;-0.5;-0.5;5.475221;1;Adaptation;15;1;;;;;
32.48;0;0.125;3.861658;1;Adaptation;15;1;;;;;
32.5;-0.5;-0.5;3.892848;1;Adaptation;15;1;;;;;
32.52;-0.5;-0.5;3.612568;1;Adaptation;15;1;;;;;
32.54;-0.5;-0.5;2.205543;1;Adaptation;15;1;;;;;
32.56;0;0.25;4.720432;1;Adaptation;15;1;;;;;
32.58;-0.5;-0.5;2.240689;1;Adaptation;15;1;;;;;
32.6;-0.5;-0.5;3.97362;1;Adaptation;15;1;;;;;
32.62;-0.5;-0.5;3.91285;1;Adaptation;15;1;;;;;
32.64;-0.5;-0.5;2.183053;1;Adaptation;15;1;;;;;
32.66;0;-0.125;2.216184;1;Adaptation;15;1;;;;;
32.68;-0.5;-0.5;3.744073;1;Adaptation;15;1;;;;;
32.7;-0.5;-0.5;4.750406;1;Adaptation;15;1;;;;;
32.72;-0.5;-0.5;2.972549;1;Adaptation;15;1;;;;;
32.74;-0.5;-0.5;2.793596;1;Adaptation;15;1;;;;;
32.76;-0.5;-0.5;5.260036;1;Adaptation;15;1;;;;;
32.78;-0.5;-0.5;4.586646;1;Adaptation;15;1;;;;;
32.8;-0.5;-0.5;2.677141;1;Adaptation;15;1;;;;;
32.82;-0.5;-0.5;5.158206;1;Adaptation;15;1;;;;;
32.84;-0.5;-0.5;3.531968;1;Adaptation;15;1;;;;;
32.86;-0.5;-0.5;2.260175;1;Adaptation;15;1;;;;;
32.88;-0.5;-0.5;2.239132;1;Adaptation;15;1;;;;;
32.9;-0.5;-0.5;5.212348;1;Adaptation;15;1;;;;;
32.92;-0.5;-0.5;2.293716;1;Adaptation;15;1;;;;;
32.94;2;-0.125;5.764988;1;Adaptation;15;1;;;;;
32.96;-0.5;-0.5;3.817899;1;Adaptation;15;1;;;;;
32.98;-0.5;-0.5;3.256449;1;Adaptation;15;1;;;;;
33;-0.5;-0.5;4.893855;1;Adaptation;15;1;;;;;
33.02;-0.5;-0.5;5.296521;1;Adaptation;15;1;;;;;
33.04;-0.5;-0.5;3.281319;1;Adaptation;15;1;;;;;
33.06;-0.5;-0.5;2.589835;1;Adaptation;15;1;;;;;
33.08;-0.5;-0.5;2.551366;1;Adaptation;15;1;;;;;
33.1;-0.5;-0.5;3.456985;1;Adaptation;15;1;;;;;
33.12;-0.5;-0.5;5.020467;1;Adaptation;15;1;;;;;
33.14;-0.5;-0.5;4.384959;1;Adaptation;15;1;;;;;
33.16;-2;0.375;2.884747;1;Adaptation;15;1;;;;;
33.18;-0.5;-0.5;5.174506;1;Adaptation;15;1;;;;;
33.2;-0.5;-0.5;3.307551;1;Adaptation;15;1;;;;;
33.22;-0.5;-0.5;5.867098;1;Adaptation;15;1;;;;;
33.24;-0.5;-0.5;4.504091;1;Adaptation;15;1;;;;;
33.26;-0.5;-0.5;3.197822;1;Adaptation;15;1;;;;;
33.28;0;0.125;5.506827;1;Adaptation;15;1;;;;;
33.3;-0.5;-0.5;2.269333;1;Adaptation;15;1;;;;;
33.32;-0.5;-0.5;4.047088;1;Adaptation;15;1;;;;;
33.34;-0.5;-0.5;3.323876;1;Adaptation;15;1;;;;;
33.36;-0.5;-0.5;4.331607;1;Adaptation;15;1;;;;;
33.38;-0.5;-0.5;4.327636;1;Adaptation;15;1;;;;;
33.4;-2;0.125;4.442862;1;Adaptation;15;1;;;;;
33.42;-0.5;-0.5;5.279973;1;Adaptation;15;1;;;;;
33.44;-0.5;-0.5;4.083006;1;Adaptation;15;1;;;;;
33.46;-0.5;-0.5;4.23299;1;Adaptation;15;1;;;;;
33.48;-0.5;-0.5;5.12256;1;Adaptation;15;1;;;;;
33.5;-0.5;-0.5;4.062227;1;Adaptation;15;1;;;;;
33.52;0;-0.125;2.184848;1;Adaptation;15;1;;;;;
33.54;-0.5;-0.5;3.75746;1;Adaptation;15;1;;;;;
33.56;-0.5;-0.5;3.747751;1;Adaptation;15;1;;;;;
33.58;0;0.125;4.352767;1;Adaptation;15;1;;;;;
33.6;-0.5;-0.5;3.932165;1;Adaptation;15;1;;;;;
33.62;-0.5;-0.5;5.061231;1;Adaptation;15;1;;;;;
33.64;2;0;3.985466;1;Adaptation;15;1;;;;;
33.66;-0.5;-0.5;3.825951;1;Adaptation;15;1;;;;;
33.68;-0.5;-0.5;2.155784;1;Adaptation;15;1;;;;;
33.7;-0.5;-0.5;3.651799;1;Adaptation;15;1;;;;;
33.72;-0.5;-0.5;2.451575;1;Adaptation;15;1;;;;;
33.74;-0.5;-0.5;4.556676;1;Adaptation;15;1;;;;;
33.76;0;0;4.179403;1;Adaptation;15;1;;;;;
33.78;-0.5;-0.5;3.863858;1;Adaptation;15;1;;;;;
33.8;-0.5;-0.5;2.69481;1;Adaptation;15;1;;;;;
33.82;-0.5;-0.5;4.567212;1;Adaptation;15;1;;;;;
33.84;-0.5;-0.5;5.30043;1;Adaptation;15;1;;;;;
33.86;-0.5;-0.5;4.654073;1;Adaptation;15;1;;;;;
33.88;-2;0.125;3.857012;1;Adaptation;15;1;;;;;
33.9;-0.5;-0.5;4.618781;1;Adaptation;15;1;;;;;
33.92;-0.5;-0.5;4.620547;1;Adaptation;15;1;;;;;
33.94;-0.5;-0.5;4.921618;1;Adaptation;15;1;;;;;
33.96;-0.5;-0.5;4.171246;1;Adaptation;15;1;;;;;
33.98;-0.5;-0.5;3.630634;1;Adaptation;15;1;;;;;
34;-0.5;-0.5;2.776963;1;Adaptation;15;1;;;;;
34.02;0;-0.125;2.94848;1;Adaptation;15;1;;;;;
34.04;-0.5;-0.5;5.111346;1;Adaptation;15;1;;;;;
34.06;-0.5;-0.5;2.728339;1;Adaptation;15;1;;;;;
34.08;-0.5;-0.5;4.96887;1;Adaptation;15;1;;;;;
34.1;2;0.125;5.095602;1;Adaptation;15;1;;;;;
34.12;-0.5;-0.5;5.491304;1;Adaptation;15;1;;;;;
34.14;-0.5;-0.5;5.417157;1;Adaptation;15;1;;;;;
34.16;-0.5;-0.5;3.173018;1;Adaptation;15;1;;;;;
34.18;-0.5;-0.5;4.55814;1;Adaptation;15;1;;;;;
34.2;-0.5;-0.5;4.650788;1;Adaptation;15;1;;;;;
34.22;-0.5;-0.5;2.7937;1;Adaptation;15;1;;;;;
34.24;-2;0;3.96435;1;Adaptation;15;1;;;;;
34.26;-0.5;-0.5;5.295504;1;Adaptation;15;1;;;;;
34.28;-0.5;-0.5;2.988247;1;Adaptation;15;1;;;;;
34.3;-0.5;-0.5;4.821528;1;Adaptation;15;1;;;;;
34.32;-0.5;-0.5;2.089131;1;Adaptation;15;1;;;;;
34.34;-0.5;-0.5;3.299437;1;Adaptation;15;1;;;;;
34.36;-0.5;-0.5;4.756916;1;Adaptation;15;1;;;;;
34.38;-0.5;-0.5;5.18945;1;Adaptation;15;1;;;;;
34.4;-2;0;4.09488;1;Adaptation;15;1;;;;;
34.42;-0.5;-0.5;3.61945;1;Adaptation;15;1;;;;;
34.44;-0.5;-0.5;5.828435;1;Adaptation;15;1;;;;;
34.46;0;0.125;2.685701;1;Adaptation;15;1;;;;;
34.48;-0.5;-0.5;3.227822;1;Adaptation;15;1;;;;;
34.5;-0.5;-0.5;3.01118;1;Adaptation;15;1;;;;;
34.52;-0.5;-0.5;4.135607;1;Adaptation;15;1;;;;;
34.54;-0.5;-0.5;3.23935;1;Adaptation;15;1;;;;;
34.56;-0.5;-0.5;3.861301;1;Adaptation;15;1;;;;;
34.58;-0.5;-0.5;5.471346;1;Adaptation;15;1;;;;;
34.6;-0.5;-0.5;5.964302;1;Adaptation;15;1;;;;;
34.62;0;-0.25;2.297735;1;Adaptation;15;1;;;;;
34.64;-0.5;-0.5;5.523068;1;Adaptation;15;1;;;;;
34.66;-0.5;-0.5;2.596763;1;Adaptation;15;1;;;;;
34.68;-0.5;-0.5;5.241338;1;Adaptation;15;1;;;;;
34.7;-0.5;-0.5;3.928705;1;Adaptation;15;1;;;;;
34.72;2;0;5.945933;1;Adaptation;15;1;;;;;
34.74;-0.5;-0.5;5.256339;1;Adaptation;15;1;;;;;
34.76;-0.5;-0.5;3.748286;1;Adaptation;15;1;;;;;
34.78;0;-0.125;5.12294;1;Adaptation;15;1;;;;;
34.8;-0.5;-0.5;2.345494;1;Adaptation;15;1;;;;;
34.82;-0.5;-0.5;3.086248;1;Adaptation;15;1;;;;;
34.84;-0.5;-0.5;2.537232;1;Adaptation;15;1;;;;;
34.86;-0.5;-0.5;4.83512;1;Adaptation;15;1;;;;;
34.88;-0.5;-0.5;5.97108;1;Adaptation;15;1;;;;;
34.9;-0.5;-0.5;2.933692;1;Adaptation;15;1;;;;;
34.92;-0.5;-0.5;5.845824;1;Adaptation;15;1;;;;;
34.94;-0.5;-0.5;4.511292;1;Adaptation;15;1;;;;;
34.96;2;0;3.681459;1;Adaptation;15;1;;;;;
34.98;-0.5;-0.5;4.093609;1;Adaptation;15;1;;;;;
35;0;0;3.763292;1;Adaptation;15;1;;;;;
35.02;-0.5;-0.5;3.955239;1;Adaptation;15;1;;;;;
35.04;-0.5;-0.5;5.066165;1;Adaptation;15;1;;;;;
35.06;-0.5;-0.5;3.058995;1;Adaptation;15;1;;;;;
35.08;-0.5;-0.5;2.10866;1;Adaptation;15;1;;;;;
35.1;-0.5;-0.5;3.440475;1;Adaptation;15;1;;;;;
35.12;0;0.125;2.806628;1;Adaptation;15;1;;;;;
35.14;-0.5;-0.5;3.507531;1;Adaptation;15;1;;;;;
35.16;-0.5;-0.5;5.67146;1;Adaptation;15;1;;;;;
35.18;-0.5;-0.5;2.357272;1;Adaptation;15;1;;;;;
35.2;-0.5;-0.5;2.828039;1;Adaptation;15;1;;;;;
35.22;-0.5;-0.5;5.114952;1;Adaptation;15;1;;;;;
35.24;-0.5;-0.5;5.216651;1;Adaptation;15;1;;;;;
35.26;-0.5;-0.5;3.618363;1;Adaptation;15;1;;;;;
35.28;-0.5;-0.5;4.337218;1;Adaptation;15;1;;;;;
35.3;-0.5;-0.5;5.91538;1;Adaptation;15;1;;;;;
35.32;-0.5;-0.5;4.045977;1;Adaptation;15;1;;;;;
35.34;-0.5;-0.5;5.144345;1;Adaptation;15;1;;;;;
35.36;-0.5;-0.5;5.392401;1;Adaptation;15;1;;;;;
35.38;0;0.375;4.0354;1;Adaptation;15;1;;;;;
35.4;-0.5;-0.5;4.269242;1;Adaptation;15;1;;;;;
35.42;-0.5;-0.5;3.773148;1;Adaptation;15;1;;;;;
35.44;-0.5;-0.5;3.342477;1;Adaptation;15;1;;;;;
35.46;-0.5;-0.5;4.391653;1;Adaptation;15;1;;;;;
35.48;-0.5;-0.5;2.112844;1;Adaptation;15;1;;;;;
35.5;-0.5;-0.5;2.331839;1;Adaptation;15;1;;;;;
35.52;0;0.125;5.061504;1;Adaptation;15;1;;;;;
35.54;-0.5;-0.5;2.302073;1;Adaptation;15;1;;;;;
35.56;-0.5;-0.5;5.090262;1;Adaptation;15;1;;;;;
35.58;-0.5;-0.5;5.850597;1;Adaptation;15;1;;;;;
35.6;-0.5;-0.5;2.83885;1;Adaptation;15;1;;;;;
35.62;-0.5;-0.5;2.071132;1;Adaptation;15;1;;;;;
35.64;0;0;5.576597;1;Adaptation;15;1;;;;;
35.66;-0.5;-0.5;3.880242;1;Adaptation;15;1;;;;;
35.68;-0.5;-0.5;4.855306;1;Adaptation;15;1;;;;;
35.7;-0.5;-0.5;2.644309;1;Adaptation;15;1;;;;;
35.72;-0.5;-0.5;2.767141;1;Adaptation;15;1;;;;;
35.74;-2;-0.125;2.108296;1;Adaptation;15;1;;;;;
35.76;0;0;2.189207;1;Adaptation;15;1;;;;;
35.78;-0.5;-0.5;3.592484;1;Adaptation;15;1;;;;;
35.8;-0.5;-0.5;2.137352;1;Adaptation;15;1;;;;;
35.82;-0.5;-0.5;2.598425;1;Adaptation;15;1;;;;;
35.84;-0.5;-0.5;3.082607;1;Adaptation;15;1;;;;;
35.86;0;0;5.316426;1;Adaptation;15;1;;;;;
35.88;-0.5;-0.5;3.640074;1;Adaptation;15;1;;;;;
35.9;-2;0.125;3.509726;1;Adaptation;15;1;;;;;
35.92;0;0.125;4.645644;1;Adaptation;15;1;;;;;
35.94;-0.5;-0.5;3.802182;1;Adaptation;15;1;;;;;
35.96;-0.5;-0.5;3.456455;1;Adaptation;15;1;;;;;
35.98;-0.5;-0.5;4.738995;1;Adaptation;15;1;;;;;
36;-0.5;-0.5;2.749235;1;Adaptation;15;1;;;;;
36.02;2;-0.125;3.922476;1;Adaptation;15;1;;;;;
36.04;-0.5;-0.5;3.22496;1;Adaptation;15;1;;;;;
36.06;-0.5;-0.5;4.662298;1;Adaptation;15;1;;;;;
36.08;-0.5;-0.5;3.014929;1;Adaptation;15;1;;;;;
36.1;-0.5;-0.5;4.424582;1;Adaptation;15;1;;;;;
36.12;-0.5;-0.5;2.17538;1;Adaptation;15;1;;;;;
36.14;-2;0.125;4.545969;1;Adaptation;15;1;;;;;
36.16;-0.5;-0.5;5.777825;1;Adaptation;15;1;;;;;
36.18;-0.5;-0.5;4.364338;1;Adaptation;15;1;;;;;
36.2;-2;0.125;4.850579;1;Adaptation;15;1;;;;;
36.22;-0.5;-0.5;5.445359;1;Adaptation;15;1;;;;;
36.24;-0.5;-0.5;4.814502;1;Adaptation;15;1;;;;;
36.26;-0.5;-0.5;2.582926;1;Adaptation;15;1;;;;;
36.28;-0.5;-0.5;4.100623;1;Adaptation;15;1;;;;;
36.3;2;0.125;2.530123;1;Adaptation;15;1;;;;;
36.32;-0.5;-0.5;3.392391;1;Adaptation;15;1;;;;;
36.34;0;-0.125;4.045403;1;Adaptation;15;1;;;;;
36.36;-0.5;-0.5;3.942262;1;Adaptation;15;1;;;;;
36.38;0;0;5.361216;1;Adaptation;15;1;;;;;
36.4;-0.5;-0.5;4.917122;1;Adaptation;15;1;;;;;
36.42;-0.5;-0.5;2.963461;1;Adaptation;15;1;;;;;
36.44;-0.5;-0.5;3.035485;1;Adaptation;15;1;;;;;
36.46;-0.5;-0.5;4.960052;1;Adaptation;15;1;;;;;
36.48;-0.5;-0.5;5.385822;1;Adaptation;15;1;;;;;
36.5;-0.5;-0.5;5.564701;1;Adaptation;15;1;;;;;
36.52;-0.5;-0.5;3.202911;1;Adaptation;15;1;;;;;
36.54;-0.5;-0.5;5.749843;1;Adaptation;15;1;;;;;
36.56;-0.5;-0.5;2.418924;1;Adaptation;15;1;;;;;
36.58;-0.5;-0.5;5.836812;1;Adaptation;15;1;;;;;
36.6;-0.5;-0.5;3.620161;1;Adaptation;15;1;;;;;
36.62;2;0.125;2.070889;1;Adaptation;15;1;;;;;
36.64;-0.5;-0.5;2.286952;1;Adaptation;15;1;;;;;
36.66;-0.5;-0.5;4.266937;1;Adaptation;15;1;;;;;
36.68;0;0;4.033872;1;Adaptation;15;1;;;;;
36.7;-0.5;-0.5;3.004223;1;Adaptation;15;1;;;;;
36.72;0;0.125;3.868191;1;Adaptation;15;1;;;;;
36.74;-0.5;-0.5;3.581258;1;Adaptation;15;1;;;;;
36.76;-0.5;-0.5;2.140502;1;Adaptation;15;1;;;;;
36.78;-0.5;-0.5;4.775464;1;Adaptation;15;1;;;;;
36.8;-0.5;-0.5;3.545196;1;Adaptation;15;1;;;;;
36.82;-0.5;-0.5;2.641975;1;Adaptation;15;1;;;;;
36.84;-0.5;-0.5;4.952889;1;Adaptation;15;1;;;;;
36.86;-0.5;-0.5;5.624561;1;Adaptation;15;1;;;;;
36.88;-0.5;-0.5;3.931232;1;Adaptation;15;1;;;;;
36.9;-2;0.125;5.509882;1;Adaptation;15;1;;;;;
36.92;-0.5;-0.5;3.130702;1;Adaptation;15;1;;;;;
36.94;-0.5;-0.5;4.943363;1;Adaptation;15;1;;;;;
36.96;0;-0.125;5.322942;1;Adaptation;15;1;;;;;
36.98;-0.5;-0.5;2.427384;1;Adaptation;15;1;;;;;
37;-0.5;-0.5;3.162896;1;Adaptation;15;1;;;;;
37.02;0;0;5.821933;1;Adaptation;15;1;;;;;
37.04;-0.5;-0.5;3.343832;1;Adaptation;15;1;;;;;
37.06;0;-0.125;4.816245;1;Adaptation;15;1;;;;;
37.08;0;-0.125;5.869462;1;Adaptation;15;1;;;;;
37.1;-0.5;-0.5;2.097054;1;Adaptation;15;1;;;;;
37.12;-0.5;-0.5;2.000713;1;Adaptation;15;1;;;;;
37.14;-0.5;-0.5;2.439084;1;Adaptation;15;1;;;;;
37.16;-0.5;-0.5;2.659799;1;Adaptation;15;1;;;;;
37.18;-0.5;-0.5;5.885389;1;Adaptation;15;1;;;;;
37.2;-0.5;-0.5;5.552817;1;Adaptation;15;1;;;;;
37.22;-0.5;-0.5;4.616437;1;Adaptation;15;1;;;;;
37.24;0;-0.25;2.444698;1;Adaptation;15;1;;;;;
37.26;0;0;2.502495;1;Adaptation;15;1;;;;;
37.28;-0.5;-0.5;3.073205;1;Adaptation;15;1;;;;;
37.3;2;-0.125;3.706817;1;Adaptation;15;1;;;;;
37.32;-0.5;-0.5;4.507299;1;Adaptation;15;1;;;;;
37.34;0;0;3.729075;1;Adaptation;15;1;;;;;
37.36;-0.5;-0.5;4.958547;1;Adaptation;15;1;;;;;
37.38;-0.5;-0.5;2.973309;1;Adaptation;15;1;;;;;
37.4;-0.5;-0.5;4.080846;1;Adaptation;15;1;;;;;
37.42;-0.5;-0.5;5.569559;1;Adaptation;15;1;;;;;
37.44;0;0;3.478481;1;Adaptation;15;1;;;;;
37.46;-2;0;5.614494;1;Adaptation;15;1;;;;;
37.48;-0.5;-0.5;4.983673;1;Adaptation;15;1;;;;;
37.5;-0.5;-0.5;3.113563;1;Adaptation;15;1;;;;;
37.52;-0.5;-0.5;2.796344;1;Adaptation;15;1;;;;;
37.54;-0.5;-0.5;2.642975;1;Adaptation;15;1;;;;;
37.56;-0.5;-0.5;5.412481;1;Adaptation;15;1;;;;;
37.58;-0.5;-0.5;3.974152;1;Adaptation;15;1;;;;;
37.6;2;0.375;3.365994;1;Adaptation;15;1;;;;;
37.62;-0.5;-0.5;3.57014;1;Adaptation;15;1;;;;;
37.64;2;0;4.858798;1;Adaptation;15;1;;;;;
37.66;0;0.125;2.764471;1;Adaptation;15;1;;;;;
37.68;2;0;3.933421;1;Adaptation;15;1;;;;;
37.7;-0.5;-0.5;5.080661;1;Adaptation;15;1;;;;;
37.72;-0.5;-0.5;5.478078;1;Adaptation;15;1;;;;;
37.74;-0.5;-0.5;4.629848;1;Adaptation;15;1;;;;;
37.76;-0.5;-0.5;3.003882;1;Adaptation;15;1;;;;;
37.78;0;0;4.703318;1;Adaptation;15;1;;;;;
37.8;2;-0.125;4.576286;1;Adaptation;15;1;;;;;
37.82;-0.5;-0.5;4.92406;1;Adaptation;15;1;;;;;
37.84;-2;-0.125;3.017344;1;Adaptation;15;1;;;;;
37.86;-0.5;-0.5;5.060422;1;Adaptation;15;1;;;;;
37.88;-0.5;-0.5;3.397021;1;Adaptation;15;1;;;;;
37.9;-2;0;2.652453;1;Adaptation;15;1;;;;;
37.92;2;0.125;5.415528;1;Adaptation;15;1;;;;;
37.94;-0.5;-0.5;5.94301;1;Adaptation;15;1;;;;;
37.96;-0.5;-0.5;3.361079;1;Adaptation;15;1;;;;;
37.98;-0.5;-0.5;5.787291;1;Adaptation;15;1;;;;;
38;2;-0.125;4.368557;1;Adaptation;15;1;;;;;
38.02;-0.5;-0.5;2.593957;1;Adaptation;15;1;;;;;
38.04;0;0.25;2.429958;1;Adaptation;15;1;;;;;
38.06;-0.5;-0.5;2.871052;1;Adaptation;15;1;;;;;
38.08;-0.5;-0.5;2.646835;1;Adaptation;15;1;;;;;
38.1;-0.5;-0.5;2.075514;1;Adaptation;15;1;;;;;
38.12;-0.5;-0.5;4.193673;1;Adaptation;15;1;;;;;
38.14;-0.5;-0.5;2.05204;1;Adaptation;15;1;;;;;
;;;;;;;;;;;;
