time;pos_x_right;pos_y_right;dil_right;pos_x_left;pos_y_left;dil_left;brightness;state;fov;trial;;
0;-0.5;-0.5;5.04355;1;Adaptation;15;1;;;;;
0.02;-0.5;-0.5;3.110224;1;Adaptation;15;1;;;;;
0.04;0;0.1875;2.292926;1;Adaptation;15;1;;;;;
0.06;0;0.1875;4.375156;1;Adaptation;15;1;;;;;
0.08;0;0.1875;2.707768;1;Adaptation;15;1;;;;;
0.09999999;0;0.1875;5.27115;1;Adaptation;15;1;;;;;
0.12;0;0.1875;5.11607;1;Adaptation;15;1;;;;;
0.14;0;0.1875;3.368363;1;Adaptation;15;1;;;;;
0.16;0;0.1875;2.141136;1;Adaptation;15;1;;;;;
0.18;0;0.1875;2.617811;1;Adaptation;15;1;;;;;
0.2;0;0.1875;5.472348;1;Adaptation;15;1;;;;;
0.22;0;0.1875;4.118836;1;Adaptation;15;1;;;;;
0.24;0;0.1875;3.737479;1;Adaptation;15;1;;;;;
0.26;0;0.1875;4.003856;1;Adaptation;15;1;;;;;
0.28;0;0.1875;5.541025;1;Adaptation;15;1;;;;;
0.3;0;0.1875;5.312597;1;Adaptation;15;1;;;;;
0.32;0;0.1875;5.331799;1;Adaptation;15;1;;;;;
0.34;0;0.1875;3.030511;1;Adaptation;15;1;;;;;
0.36;-0.5;-0.5;3.285058;1;Adaptation;15;1;;;;;
0.38;-0.5;-0.5;3.506169;1;Adaptation;15;1;;;;;
0.4;-0.5;-0.5;2.494946;1;Adaptation;15;1;;;;;
0.42;-0.5;-0.5;4.144408;1;Adaptation;15;1;;;;;
0.44;-0.5;-0.5;4.807711;1;Adaptation;15;1;;;;;
0.46;-0.5;-0.5;5.901968;1;Adaptation;15;1;;;;;
0.48;-0.5;-0.5;5.686582;1;Adaptation;15;1;;;;;
0.5;-0.5;-0.5;5.742304;1;Adaptation;15;1;;;;;
0.52;-0.5;-0.5;5.368453;1;Adaptation;15;1;;;;;
0.54;0;0.0625;4.701219;1;Adaptation;15;1;;;;;
0.56;-0.5;-0.5;4.803207;1;Adaptation;15;1;;;;;
0.58;-0.5;-0.5;2.53944;1;Adaptation;15;1;;;;;
0.6;0;0.0625;5.959993;1;Adaptation;15;1;;;;;
0.62;-0.5;-0.5;4.172218;1;Adaptation;15;1;;;;;
0.64;-0.5;-0.5;4.256797;1;Adaptation;15;1;;;;;
0.66;-0.5;-0.5;5.341086;1;Adaptation;15;1;;;;;
0.68;-0.5;-0.5;2.943758;1;Adaptation;15;1;;;;;
0.7;-0.5;-0.5;3.055068;1;Adaptation;15;1;;;;;
0.72;-0.5;-0.5;3.591385;1;Adaptation;15;1;;;;;
0.74;-0.5;-0.5;2.91435;1;Adaptation;15;1;;;;;
0.76;2;0;4.560007;1;Adaptation;15;1;;;;;
0.78;0;-0.0625;5.923172;1;Adaptation;15;1;;;;;
0.8;-0.5;-0.5;2.334223;1;Adaptation;15;1;;;;;
0.82;-0.5;-0.5;5.394233;1;Adaptation;15;1;;;;;
0.84;-0.5;-0.5;2.307093;1;Adaptation;15;1;;;;;
0.86;0;0.0625;3.256726;1;Adaptation;15;1;;;;;
0.88;0;0.0625;2.601424;1;Adaptation;15;1;;;;;
0.9;-0.5;-0.5;2.105083;1;Adaptation;15;1;;;;;
0.92;-0.5;-0.5;2.275925;1;Adaptation;15;1;;;;;
0.94;-0.5;-0.5;4.300591;1;Adaptation;15;1;;;;;
0.96;-0.5;-0.5;2.602095;1;Adaptation;15;1;;;;;
0.98;-0.5;-0.5;4.774783;1;Adaptation;15;1;;;;;
1;-0.5;-0.5;3.674505;1;Adaptation;15;1;;;;;
1.02;-0.5;-0.5;5.248093;1;Adaptation;15;1;;;;;
1.04;-0.5;-0.5;2.809081;1;Adaptation;15;1;;;;;
1.06;-0.5;-0.5;3.451934;1;Adaptation;15;1;;;;;
1.08;-0.5;-0.5;5.355631;1;Adaptation;15;1;;;;;
1.1;2;0;5.621451;1;Adaptation;15;1;;;;;
1.12;-0.5;-0.5;5.436697;1;Adaptation;15;1;;;;;
1.14;-2;0.0625;5.088356;1;Adaptation;15;1;;;;;
1.16;-0.5;-0.5;3.780137;1;Adaptation;15;1;;;;;
1.18;-0.5;-0.5;3.088767;1;Adaptation;15;1;;;;;
1.2;-2;0.0625;5.586424;1;Adaptation;15;1;;;;;
1.22;2;0.125;3.147859;1;Adaptation;15;1;;;;;
1.24;0;0.125;4.310215;1;Adaptation;15;1;;;;;
1.26;-0.5;-0.5;3.70803;1;Adaptation;15;1;;;;;
1.28;-0.5;-0.5;3.310111;1;Adaptation;15;1;;;;;
1.3;-0.5;-0.5;5.821381;1;Adaptation;15;1;;;;;
1.32;-0.5;-0.5;5.628157;1;Adaptation;15;1;;;;;
1.34;2;-0.125;4.365848;1;Adaptation;15;1;;;;;
1.36;-0.5;-0.5;4.013111;1;Adaptation;15;1;;;;;
1.38;-0.5;-0.5;2.663231;1;Adaptation;15;1;;;;;
1.4;-0.5;-0.5;3.678532;1;Adaptation;15;1;;;;;
1.42;0;-0.25;3.879287;1;Adaptation;15;1;;;;;
1.44;-0.5;-0.5;4.26618;1;Adaptation;15;1;;;;;
1.46;-2;-0.125;3.713198;1;Adaptation;15;1;;;;;
1.48;0;-0.125;5.834777;1;Adaptation;15;1;;;;;
1.5;-0.5;-0.5;3.244976;1;Adaptation;15;1;;;;;
1.52;0;0;3.132411;1;Adaptation;15;1;;;;;
1.54;-0.5;-0.5;2.811434;1;Adaptation;15;1;;;;;
1.56;-0.5;-0.5;5.022829;1;Adaptation;15;1;;;;;
1.58;-0.5;-0.5;5.89279;1;Adaptation;15;1;;;;;
1.6;-0.5;-0.5;5.255494;1;Adaptation;15;1;;;;;
1.62;-0.5;-0.5;3.86603;1;Adaptation;15;1;;;;;
1.64;-0.5;-0.5;3.953944;1;Adaptation;15;1;;;;;
1.66;-0.5;-0.5;2.56007;1;Adaptation;15;1;;;;;
1.68;0;0;3.29462;1;Adaptation;15;1;;;;;
1.7;-0.5;-0.5;5.102005;1;Adaptation;15;1;;;;;
1.72;-0.5;-0.5;2.061821;1;Adaptation;15;1;;;;;
1.74;-0.5;-0.5;5.870043;1;Adaptation;15;1;;;;;
1.76;-0.5;-0.5;3.192658;1;Adaptation;15;1;;;;;
1.78;-0.5;-0.5;3.345067;1;Adaptation;15;1;;;;;
1.8;-0.5;-0.5;4.743058;1;Adaptation;15;1;;;;;
1.82;-0.5;-0.5;4.974883;1;Adaptation;15;1;;;;;
1.84;-0.5;-0.5;3.583579;1;Adaptation;15;1;;;;;
1.86;-0.5;-0.5;5.339465;1;Adaptation;15;1;;;;;
1.88;-0.5;-0.5;4.264802;1;Adaptation;15;1;;;;;
1.9;0;-0.125;5.917012;1;Adaptation;15;1;;;;;
1.92;-0.5;-0.5;2.301381;1;Adaptation;15;1;;;;;
1.94;-0.5;-0.5;3.873279;1;Adaptation;15;1;;;;;
1.96;-0.5;-0.5;5.063071;1;Adaptation;15;1;;;;;
1.98;0;0.125;2.689358;1;Adaptation;15;1;;;;;
2;-0.5;-0.5;4.762109;1;Adaptation;15;1;;;;;
2.02;-0.5;-0.5;2.042504;1;Adaptation;15;1;;;;;
2.04;0;0.125;5.849597;1;Adaptation;15;1;;;;;
2.06;-2;0.25;5.792531;1;Adaptation;15;1;;;;;
2.08;2;0.125;4.343674;1;Adaptation;15;1;;;;;
2.1;-0.5;-0.5;3.020017;1;Adaptation;15;1;;;;;
2.12;2;0.0625;5.502526;1;Adaptation;15;1;;;;;
2.14;-0.5;-0.5;5.406423;1;Adaptation;15;1;;;;;
2.16;-0.5;-0.5;5.614623;1;Adaptation;15;1;;;;;
2.18;-0.5;-0.5;3.352555;1;Adaptation;15;1;;;;;
2.2;-0.5;-0.5;4.970487;1;Adaptation;15;1;;;;;
2.22;-0.5;-0.5;2.931098;1;Adaptation;15;1;;;;;
2.24;-0.5;-0.5;5.907137;1;Adaptation;15;1;;;;;
2.26;-0.5;-0.5;4.232521;1;Adaptation;15;1;;;;;
2.28;-0.5;-0.5;5.937589;1;Adaptation;15;1;;;;;
2.3;-0.5;-0.5;3.77807;1;Adaptation;15;1;;;;;
2.32;-0.5;-0.5;2.702866;1;Adaptation;15;1;;;;;
2.34;-0.5;-0.5;5.604533;1;Adaptation;15;1;;;;;
2.36;-0.5;-0.5;5.653869;1;Adaptation;15;1;;;;;
2.38;-0.5;-0.5;2.532084;1;Adaptation;15;1;;;;;
2.4;-0.5;-0.5;2.637855;1;Adaptation;15;1;;;;;
2.42;-0.5;-0.5;2.992741;1;Adaptation;15;1;;;;;
2.44;-2;0.125;3.190097;1;Adaptation;15;1;;;;;
2.46;-0.5;-0.5;2.194027;1;Adaptation;15;1;;;;;
2.48;-0.5;-0.5;2.961473;1;Adaptation;15;1;;;;;
2.5;-0.5;-0.5;3.354217;1;Adaptation;15;1;;;;;
2.52;0;-0.125;3.233548;1;Adaptation;15;1;;;;;
2.54;-0.5;-0.5;3.992683;1;Adaptation;15;1;;;;;
2.56;-0.5;-0.5;5.406184;1;Adaptation;15;1;;;;;
2.58;0;0.125;3.266975;1;Adaptation;15;1;;;;;
2.6;-0.5;-0.5;2.533735;1;Adaptation;15;1;;;;;
2.62;-0.5;-0.5;3.240686;1;Adaptation;15;1;;;;;
2.64;-0.5;-0.5;3.333974;1;Adaptation;15;1;;;;;
2.66;-0.5;-0.5;3.116464;1;Adaptation;15;1;;;;;
2.68;2;0.125;3.412449;1;Adaptation;15;1;;;;;
2.7;-2;0.25;2.999953;1;Adaptation;15;1;;;;;
2.72;-0.5;-0.5;2.4116;1;Adaptation;15;1;;;;;
2.74;-0.5;-0.5;5.766996;1;Adaptation;15;1;;;;;
2.76;0;0;4.296215;1;Adaptation;15;1;;;;;
2.78;0;0;3.046454;1;Adaptation;15;1;;;;;
2.8;0;0;3.650545;1;Adaptation;15;1;;;;;
2.82;-0.5;-0.5;3.591635;1;Adaptation;15;1;;;;;
2.84;-0.5;-0.5;2.149762;1;Adaptation;15;1;;;;;
2.86;-0.5;-0.5;3.890962;1;Adaptation;15;1;;;;;
2.88;0;0;3.283788;1;Adaptation;15;1;;;;;
2.9;-0.5;-0.5;5.343345;1;Adaptation;15;1;;;;;
2.92;-0.5;-0.5;3.658199;1;Adaptation;15;1;;;;;
2.94;-0.5;-0.5;2.427894;1;Adaptation;15;1;;;;;
2.96;0;-0.25;5.849375;1;Adaptation;15;1;;;;;
2.98;-0.5;-0.5;5.947397;1;Adaptation;15;1;;;;;
3;0;0;5.739753;1;Adaptation;15;1;;;;;
3.02;0;0;5.771609;1;Adaptation;15;1;;;;;
3.04;2;0.125;3.95163;1;Adaptation;15;1;;;;;
3.06;-0.5;-0.5;4.525615;1;Adaptation;15;1;;;;;
3.08;-0.5;-0.5;3.996253;1;Adaptation;15;1;;;;;
3.1;2;0.25;5.610733;1;Adaptation;15;1;;;;;
3.12;2;0.25;2.185529;1;Adaptation;15;1;;;;;
3.14;2;0;5.18871;1;Adaptation;15;1;;;;;
3.16;-0.5;-0.5;3.528081;1;Adaptation;15;1;;;;;
3.18;-0.5;-0.5;3.929137;1;Adaptation;15;1;;;;;
3.2;-0.5;-0.5;5.555142;1;Adaptation;15;1;;;;;
3.22;-0.5;-0.5;4.449756;1;Adaptation;15;1;;;;;
3.24;-0.5;-0.5;5.945352;1;Adaptation;15;1;;;;;
3.26;-0.5;-0.5;5.838452;1;Adaptation;15;1;;;;;
3.28;-0.5;-0.5;4.501698;1;Adaptation;15;1;;;;;
3.3;-0.5;-0.5;2.092188;1;Adaptation;15;1;;;;;
3.32;-0.5;-0.5;3.187041;1;Adaptation;15;1;;;;;
3.34;-0.5;-0.5;2.645428;1;Adaptation;15;1;;;;;
3.36;2;0.125;4.597398;1;Adaptation;15;1;;;;;
3.38;-0.5;-0.5;5.871331;1;Adaptation;15;1;;;;;
3.4;2;0.125;5.574984;1;Adaptation;15;1;;;;;
3.42;-0.5;-0.5;3.642903;1;Adaptation;15;1;;;;;
3.44;-0.5;-0.5;5.799607;1;Adaptation;15;1;;;;;
3.46;-0.5;-0.5;3.896402;1;Adaptation;15;1;;;;;
3.48;-0.5;-0.5;5.110409;1;Adaptation;15;1;;;;;
3.5;-0.5;-0.5;2.625015;1;Adaptation;15;1;;;;;
3.52;0;0.125;4.035337;1;Adaptation;15;1;;;;;
3.54;0;0.125;5.588842;1;Adaptation;15;1;;;;;
3.56;-0.5;-0.5;5.661826;1;Adaptation;15;1;;;;;
3.58;-0.5;-0.5;2.863156;1;Adaptation;15;1;;;;;
3.6;-0.5;-0.5;4.002308;1;Adaptation;15;1;;;;;
3.62;-0.5;-0.5;5.418857;1;Adaptation;15;1;;;;;
3.64;-0.5;-0.5;4.74494;1;Adaptation;15;1;;;;;
3.66;-0.5;-0.5;5.105578;1;Adaptation;15;1;;;;;
3.68;0;0;2.683152;1;Adaptation;15;1;;;;;
3.7;-0.5;-0.5;3.237797;1;Adaptation;15;1;;;;;
3.72;0;0;2.079777;1;Adaptation;15;1;;;;;
3.74;-0.5;-0.5;2.467456;1;Adaptation;15;1;;;;;
3.76;-0.5;-0.5;5.44664;1;Adaptation;15;1;;;;;
3.78;-0.5;-0.5;5.159108;1;Adaptation;15;1;;;;;
3.8;-0.5;-0.5;5.652746;1;Adaptation;15;1;;;;;
3.82;-0.5;-0.5;5.74228;1;Adaptation;15;1;;;;;
3.84;-0.5;-0.5;3.094162;1;Adaptation;15;1;;;;;
3.86;-0.5;-0.5;5.930927;1;Adaptation;15;1;;;;;
3.88;-0.5;-0.5;5.519742;1;Adaptation;15;1;;;;;
3.9;-0.5;-0.5;4.418653;1;Adaptation;15;1;;;;;
3.92;-2;-0.125;2.248816;1;Adaptation;15;1;;;;;
3.94;-0.5;-0.5;3.692209;1;Adaptation;15;1;;;;;
3.96;-0.5;-0.5;5.296685;1;Adaptation;15;1;;;;;
3.98;0;-0.125;5.434771;1;Adaptation;15;1;;;;;
4;-0.5;-0.5;2.341987;1;Adaptation;15;1;;;;;
4.02;-0.5;-0.5;5.080843;1;Adaptation;15;1;;;;;
4.04;-0.5;-0.5;4.043701;1;Adaptation;15;1;;;;;
4.06;-0.5;-0.5;3.754774;1;Adaptation;15;1;;;;;
4.08;-0.5;-0.5;2.711485;1;Adaptation;15;1;;;;;
4.1;0;0.125;5.720093;1;Adaptation;15;1;;;;;
4.12;-0.5;-0.5;3.200434;1;Adaptation;15;1;;;;;
4.14;-0.5;-0.5;2.875497;1;Adaptation;15;1;;;;;
4.16;-0.5;-0.5;4.611591;1;Adaptation;15;1;;;;;
4.18;-0.5;-0.5;5.919127;1;Adaptation;15;1;;;;;
4.2;-0.5;-0.5;5.03873;1;Adaptation;15;1;;;;;
4.22;-0.5;-0.5;4.747479;1;Adaptation;15;1;;;;;
4.24;-0.5;-0.5;4.766181;1;Adaptation;15;1;;;;;
4.26;-0.5;-0.5;4.011002;1;Adaptation;15;1;;;;;
4.28;-0.5;-0.5;3.246703;1;Adaptation;15;1;;;;;
4.3;-0.5;-0.5;4.560038;1;Adaptation;15;1;;;;;
4.32;-0.5;-0.5;2.43002;1;Adaptation;15;1;;;;;
4.34;2;0;4.221038;1;Adaptation;15;1;;;;;
4.36;-0.5;-0.5;3.538629;1;Adaptation;15;1;;;;;
4.38;-0.5;-0.5;5.722634;1;Adaptation;15;1;;;;;
4.4;-2;-0.125;2.221892;1;Adaptation;15;1;;;;;
4.42;-2;0.125;3.491525;1;Adaptation;15;1;;;;;
4.44;-0.5;-0.5;2.443407;1;Adaptation;15;1;;;;;
4.46;-0.5;-0.5;4.706439;1;Adaptation;15;1;;;;;
4.48;-0.5;-0.5;4.833754;1;Adaptation;15;1;;;;;
4.5;-0.5;-0.5;3.287646;1;Adaptation;15;1;;;;;
4.52;-0.5;-0.5;2.111344;1;Adaptation;15;1;;;;;
4.54;-0.5;-0.5;4.540251;1;Adaptation;15;1;;;;;
4.56;-0.5;-0.5;3.417278;1;Adaptation;15;1;;;;;
4.58;-0.5;-0.5;4.569728;1;Adaptation;15;1;;;;;
4.6;-0.5;-0.5;4.496686;1;Adaptation;15;1;;;;;
4.62;-0.5;-0.5;4.672009;1;Adaptation;15;1;;;;;
4.64;-0.5;-0.5;3.594866;1;Adaptation;15;1;;;;;
4.66;-0.5;-0.5;4.167853;1;Adaptation;15;1;;;;;
4.68;-0.5;-0.5;4.93524;1;Adaptation;15;1;;;;;
4.7;-0.5;-0.5;3.282992;1;Adaptation;15;1;;;;;
4.72;-0.5;-0.5;2.810521;1;Adaptation;15;1;;;;;
4.74;-0.5;-0.5;2.810322;1;Adaptation;15;1;;;;;
4.76;-0.5;-0.5;3.747549;1;Adaptation;15;1;;;;;
4.78;-0.5;-0.5;4.0603;1;Adaptation;15;1;;;;;
4.8;-0.5;-0.5;4.407005;1;Adaptation;15;1;;;;;
4.82;-0.5;-0.5;2.675344;1;Adaptation;15;1;;;;;
4.84;-0.5;-0.5;2.674815;1;Adaptation;15;1;;;;;
4.86;-2;0.125;5.934167;1;Adaptation;15;1;;;;;
4.88;-0.5;-0.5;5.898286;1;Adaptation;15;1;;;;;
4.9;-0.5;-0.5;4.255054;1;Adaptation;15;1;;;;;
4.92;-0.5;-0.5;4.411935;1;Adaptation;15;1;;;;;
4.94;-2;0.25;3.547445;1;Adaptation;15;1;;;;;
4.96;-0.5;-0.5;3.725592;1;Adaptation;15;1;;;;;
4.98;-0.5;-0.5;3.341864;1;Adaptation;15;1;;;;;
5;-0.5;-0.5;5.630586;1;Adaptation;15;1;;;;;
5.02;-0.5;-0.5;3.931026;1;Adaptation;15;1;;;;;
5.04;-2;-0.1875;2.962071;1;Adaptation;15;1;;;;;
5.06;-0.5;-0.5;3.288859;1;Adaptation;15;1;;;;;
5.08;-0.5;-0.5;4.252162;1;Adaptation;15;1;;;;;
5.1;-0.5;-0.5;2.791104;1;Adaptation;15;1;;;;;
5.12;-0.5;-0.5;3.33071;1;Adaptation;15;1;;;;;
5.14;-0.5;-0.5;4.475199;1;Adaptation;15;1;;;;;
5.16;-0.5;-0.5;2.731874;1;Adaptation;15;1;;;;;
5.18;0;-0.0625;4.70288;1;Adaptation;15;1;;;;;
5.2;-0.5;-0.5;5.412831;1;Adaptation;15;1;;;;;
5.22;-0.5;-0.5;2.173277;1;Adaptation;15;1;;;;;
5.24;-0.5;-0.5;3.463803;1;Adaptation;15;1;;;;;
5.26;-0.5;-0.5;4.000604;1;Adaptation;15;1;;;;;
5.28;-0.5;-0.5;5.413412;1;Adaptation;15;1;;;;;
5.3;-0.5;-0.5;5.06301;1;Adaptation;15;1;;;;;
5.32;-0.5;-0.5;5.939884;1;Adaptation;15;1;;;;;
5.34;2;-0.0625;3.349438;1;Adaptation;15;1;;;;;
5.36;-0.5;-0.5;2.425287;1;Adaptation;15;1;;;;;
5.38;-0.5;-0.5;4.422202;1;Adaptation;15;1;;;;;
5.4;-0.5;-0.5;2.887362;1;Adaptation;15;1;;;;;
5.42;-0.5;-0.5;3.053055;1;Adaptation;15;1;;;;;
5.44;-0.5;-0.5;5.029631;1;Adaptation;15;1;;;;;
5.46;-0.5;-0.5;4.497766;1;Adaptation;15;1;;;;;
5.48;-0.5;-0.5;4.686766;1;Adaptation;15;1;;;;;
5.5;-0.5;-0.5;4.433776;1;Adaptation;15;1;;;;;
5.52;-0.5;-0.5;3.012794;1;Adaptation;15;1;;;;;
5.54;-0.5;-0.5;2.056682;1;Adaptation;15;1;;;;;
5.56;-0.5;-0.5;2.900573;1;Adaptation;15;1;;;;;
5.58;-0.5;-0.5;4.106625;1;Adaptation;15;1;;;;;
5.6;0;-0.0625;3.240122;1;Adaptation;15;1;;;;;
5.62;0;-0.125;5.101209;1;Adaptation;15;1;;;;;
5.64;-0.5;-0.5;2.309906;1;Adaptation;15;1;;;;;
5.66;-0.5;-0.5;4.685178;1;Adaptation;15;1;;;;;
5.68;-0.5;-0.5;2.039525;1;Adaptation;15;1;;;;;
5.7;0;0.0625;4.850662;1;Adaptation;15;1;;;;;
5.72;-0.5;-0.5;4.679312;1;Adaptation;15;1;;;;;
5.74;-0.5;-0.5;3.203349;1;Adaptation;15;1;;;;;
5.76;-0.5;-0.5;2.561285;1;Adaptation;15;1;;;;;
5.78;-0.5;-0.5;4.195285;1;Adaptation;15;1;;;;;
5.8;0;0.1875;2.002987;1;Adaptation;15;1;;;;;
5.82;-0.5;-0.5;5.642617;1;Adaptation;15;1;;;;;
5.84;-0.5;-0.5;3.669473;1;Adaptation;15;1;;;;;
5.86;-0.5;-0.5;2.711898;1;Adaptation;15;1;;;;;
5.88;-0.5;-0.5;5.385676;1;Adaptation;15;1;;;;;
5.9;-0.5;-0.5;5.887907;1;Adaptation;15;1;;;;;
5.92;2;0;5.612869;1;Adaptation;15;1;;;;;
5.94;-0.5;-0.5;3.203762;1;Adaptation;15;1;;;;;
5.96;-0.5;-0.5;5.755362;1;Adaptation;15;1;;;;;
5.98;2;0.0625;3.658947;1;Adaptation;15;1;;;;;
6;-0.5;-0.5;5.243567;1;Adaptation;15;1;;;;;
6.02;-0.5;-0.5;2.225353;1;Adaptation;15;1;;;;;
6.04;-0.5;-0.5;5.87226;1;Adaptation;15;1;;;;;
6.06;-0.5;-0.5;3.137255;1;Adaptation;15;1;;;;;
6.08;0;-0.0625;5.073106;1;Adaptation;15;1;;;;;
6.1;-0.5;-0.5;5.462069;1;Adaptation;15;1;;;;;
6.12;-0.5;-0.5;2.205099;1;Adaptation;15;1;;;;;
6.14;-0.5;-0.5;2.691501;1;Adaptation;15;1;;;;;
6.16;-0.5;-0.5;2.693237;1;Adaptation;15;1;;;;;
6.18;-2;-0.0625;5.90303;1;Adaptation;15;1;;;;;
6.2;-0.5;-0.5;3.204347;1;Adaptation;15;1;;;;;
6.22;-0.5;-0.5;2.123509;1;Adaptation;15;1;;;;;
6.24;-0.5;-0.5;5.421148;1;Adaptation;15;1;;;;;
6.26;-0.5;-0.5;4.910691;1;Adaptation;15;1;;;;;
6.28;-0.5;-0.5;3.073545;1;Adaptation;15;1;;;;;
6.3;0;0.0625;2.626197;1;Adaptation;15;1;;;;;
6.32;-0.5;-0.5;2.591303;1;Adaptation;15;1;;;;;
6.34;-0.5;-0.5;5.460735;1;Adaptation;15;1;;;;;
6.36;2;0.125;3.461535;1;Adaptation;15;1;;;;;
6.38;-0.5;-0.5;3.346059;1;Adaptation;15;1;;;;;
6.4;-0.5;-0.5;2.752561;1;Adaptation;15;1;;;;;
6.42;-0.5;-0.5;4.41553;1;Adaptation;15;1;;;;;
6.44;-0.5;-0.5;4.723017;1;Adaptation;15;1;;;;;
6.46;-0.5;-0.5;4.176926;1;Adaptation;15;1;;;;;
6.48;-2;0;2.335537;1;Adaptation;15;1;;;;;
6.5;2;-0.0625;4.347662;1;Adaptation;15;1;;;;;
6.52;0;0.1875;5.036129;1;Adaptation;15;1;;;;;
6.54;0;-0.1875;2.68775;1;Adaptation;15;1;;;;;
6.56;-0.5;-0.5;3.785082;1;Adaptation;15;1;;;;;
6.58;0;0;4.773067;1;Adaptation;15;1;;;;;
6.6;0;0.0625;4.575187;1;Adaptation;15;1;;;;;
6.62;-2;-0.1875;3.97213;1;Adaptation;15;1;;;;;
6.64;-0.5;-0.5;4.000381;1;Adaptation;15;1;;;;;
6.66;0;-0.125;5.66212;1;Adaptation;15;1;;;;;
6.68;-0.5;-0.5;5.884703;1;Adaptation;15;1;;;;;
6.7;0;-0.125;3.603373;1;Adaptation;15;1;;;;;
6.72;2;0.125;5.119047;1;Adaptation;15;1;;;;;
6.74;-0.5;-0.5;3.925745;1;Adaptation;15;1;;;;;
6.76;-0.5;-0.5;3.362478;1;Adaptation;15;1;;;;;
6.78;-0.5;-0.5;5.374896;1;Adaptation;15;1;;;;;
6.8;-0.5;-0.5;2.60516;1;Adaptation;15;1;;;;;
6.82;-0.5;-0.5;2.864539;1;Adaptation;15;1;;;;;
6.84;-0.5;-0.5;4.404899;1;Adaptation;15;1;;;;;
6.86;-0.5;-0.5;5.386312;1;Adaptation;15;1;;;;;
6.88;-0.5;-0.5;2.188418;1;Adaptation;15;1;;;;;
6.9;0;0;4.774303;1;Adaptation;15;1;;;;;
6.92;-0.5;-0.5;4.709615;1;Adaptation;15;1;;;;;
6.94;0;-0.25;3.640434;1;Adaptation;15;1;;;;;
6.96;-2;-0.25;3.068637;1;Adaptation;15;1;;;;;
6.98;-0.5;-0.5;2.033728;1;Adaptation;15;1;;;;;
7;-0.5;-0.5;4.877719;1;Adaptation;15;1;;;;;
7.02;-0.5;-0.5;3.207169;1;Adaptation;15;1;;;;;
7.04;-2;0;4.326261;1;Adaptation;15;1;;;;;
7.06;-0.5;-0.5;2.056762;1;Adaptation;15;1;;;;;
7.08;-0.5;-0.5;5.583991;1;Adaptation;15;1;;;;;
7.1;-0.5;-0.5;4.454592;1;Adaptation;15;1;;;;;
7.12;-0.5;-0.5;3.994926;1;Adaptation;15;1;;;;;
7.14;-0.5;-0.5;3.916191;1;Adaptation;15;1;;;;;
7.16;-0.5;-0.5;4.942862;1;Adaptation;15;1;;;;;
7.18;-0.5;-0.5;4.763009;1;Adaptation;15;1;;;;;
7.2;-0.5;-0.5;5.11285;1;Adaptation;15;1;;;;;
7.22;2;0.3125;2.531489;1;Adaptation;15;1;;;;;
7.24;-0.5;-0.5;3.215112;1;Adaptation;15;1;;;;;
7.26;-0.5;-0.5;5.846544;1;Adaptation;15;1;;;;;
7.28;-0.5;-0.5;2.191396;1;Adaptation;15;1;;;;;
7.3;-0.5;-0.5;4.568093;1;Adaptation;15;1;;;;;
7.32;0;0.125;4.117671;1;Adaptation;15;1;;;;;
7.34;-0.5;-0.5;5.441685;1;Adaptation;15;1;;;;;
7.36;-0.5;-0.5;4.552572;1;Adaptation;15;1;;;;;
7.38;-0.5;-0.5;4.764586;1;Adaptation;15;1;;;;;
7.4;-0.5;-0.5;5.292403;1;Adaptation;15;1;;;;;
7.42;-0.5;-0.5;5.981329;1;Adaptation;15;1;;;;;
7.44;-0.5;-0.5;3.390397;1;Adaptation;15;1;;;;;
7.46;-0.5;-0.5;4.348625;1;Adaptation;15;1;;;;;
7.48;-0.5;-0.5;3.005894;1;Adaptation;15;1;;;;;
7.5;-0.5;-0.5;3.747532;1;Adaptation;15;1;;;;;
7.52;-4;0.125;3.164108;1;Adaptation;15;1;;;;;
7.54;-0.5;-0.5;3.0449;1;Adaptation;15;1;;;;;
7.56;-2;0.375;2.824945;1;Adaptation;15;1;;;;;
7.58;-0.5;-0.5;2.983947;1;Adaptation;15;1;;;;;
7.6;-0.5;-0.5;5.837494;1;Adaptation;15;1;;;;;
7.62;2;-0.0625;4.196229;1;Adaptation;15;1;;;;;
7.64;-0.5;-0.5;4.743726;1;Adaptation;15;1;;;;;
7.66;-0.5;-0.5;4.118373;1;Adaptation;15;1;;;;;
7.68;-0.5;-0.5;3.91471;1;Adaptation;15;1;;;;;
7.7;-0.5;-0.5;5.841171;1;Adaptation;15;1;;;;;
7.72;-0.5;-0.5;2.713766;1;Adaptation;15;1;;;;;
7.74;-0.5;-0.5;3.534019;1;Adaptation;15;1;;;;;
7.76;-0.5;-0.5;2.824814;1;Adaptation;15;1;;;;;
7.78;-0.5;-0.5;5.571976;1;Adaptation;15;1;;;;;
7.8;-0.5;-0.5;4.160145;1;Adaptation;15;1;;;;;
7.82;-0.5;-0.5;4.763111;1;Adaptation;15;1;;;;;
7.84;-2;0.0625;3.294177;1;Adaptation;15;1;;;;;
7.86;0;-0.125;2.953988;1;Adaptation;15;1;;;;;
7.88;-0.5;-0.5;3.377409;1;Adaptation;15;1;;;;;
7.9;-0.5;-0.5;4.284114;1;Adaptation;15;1;;;;;
7.92;-0.5;-0.5;4.637809;1;Adaptation;15;1;;;;;
7.94;-0.5;-0.5;2.49485;1;Adaptation;15;1;;;;;
7.96;-0.5;-0.5;2.208164;1;Adaptation;15;1;;;;;
7.98;-0.5;-0.5;4.320927;1;Adaptation;15;1;;;;;
8;-0.5;-0.5;3.755985;1;Adaptation;15;1;;;;;
8.02;0;0;5.250004;1;Adaptation;15;1;;;;;
8.04;-0.5;-0.5;5.613508;1;Adaptation;15;1;;;;;
8.059999;-0.5;-0.5;2.7464;1;Adaptation;15;1;;;;;
8.08;-0.5;-0.5;2.792754;1;Adaptation;15;1;;;;;
8.099999;-0.5;-0.5;2.264554;1;Adaptation;15;1;;;;;
8.12;0;0.125;5.214132;1;Adaptation;15;1;;;;;
8.139999;-0.5;-0.5;2.799955;1;Adaptation;15;1;;;;;
8.16;-0.5;-0.5;5.475728;1;Adaptation;15;1;;;;;
8.179999;0;0.125;2.838836;1;Adaptation;15;1;;;;;
8.2;-2;0;5.596744;1;Adaptation;15;1;;;;;
8.22;-2;0.125;5.232025;1;Adaptation;15;1;;;;;
8.24;-0.5;-0.5;3.71687;1;Adaptation;15;1;;;;;
8.26;-0.5;-0.5;4.112475;1;Adaptation;15;1;;;;;
8.28;-0.5;-0.5;2.095679;1;Adaptation;15;1;;;;;
8.3;-0.5;-0.5;2.894343;1;Adaptation;15;1;;;;;
8.32;-0.5;-0.5;2.940431;1;Adaptation;15;1;;;;;
8.34;-0.5;-0.5;2.015389;1;Adaptation;15;1;;;;;
8.36;0;0.25;5.307549;1;Adaptation;15;1;;;;;
8.38;-0.5;-0.5;5.581551;1;Adaptation;15;1;;;;;
8.4;-0.5;-0.5;5.073603;1;Adaptation;15;1;;;;;
8.42;-0.5;-0.5;2.156312;1;Adaptation;15;1;;;;;
8.44;0;-0.125;3.94623;1;Adaptation;15;1;;;;;
8.46;-0.5;-0.5;5.368724;1;Adaptation;15;1;;;;;
8.48;-0.5;-0.5;5.56357;1;Adaptation;15;1;;;;;
8.5;-0.5;-0.5;5.584661;1;Adaptation;15;1;;;;;
8.52;-0.5;-0.5;4.171458;1;Adaptation;15;1;;;;;
8.54;-0.5;-0.5;2.683805;1;Adaptation;15;1;;;;;
8.559999;2;-0.125;2.870474;1;Adaptation;15;1;;;;;
8.58;-0.5;-0.5;4.584051;1;Adaptation;15;1;;;;;
8.599999;-0.5;-0.5;4.555069;1;Adaptation;15;1;;;;;
8.62;-0.5;-0.5;3.573322;1;Adaptation;15;1;;;;;
8.639999;-0.5;-0.5;3.70138;1;Adaptation;15;1;;;;;
8.66;-2;0.25;5.184239;1;Adaptation;15;1;;;;;
8.679999;-0.5;-0.5;4.69167;1;Adaptation;15;1;;;;;
8.7;-0.5;-0.5;3.823927;1;Adaptation;15;1;;;;;
8.72;0;0;5.738666;1;Adaptation;15;1;;;;;
8.74;2;-0.125;3.920731;1;Adaptation;15;1;;;;;
8.76;2;-0.125;2.556236;1;Adaptation;15;1;;;;;
8.78;-0.5;-0.5;3.675817;1;Adaptation;15;1;;;;;
8.8;-0.5;-0.5;4.58718;1;Adaptation;15;1;;;;;
8.82;-0.5;-0.5;3.153016;1;Adaptation;15;1;;;;;
8.84;-0.5;-0.5;2.295298;1;Adaptation;15;1;;;;;
8.86;-0.5;-0.5;2.706439;1;Adaptation;15;1;;;;;
8.88;-0.5;-0.5;4.098613;1;Adaptation;15;1;;;;;
8.9;0;0.125;3.32319;1;Adaptation;15;1;;;;;
8.92;-0.5;-0.5;2.918884;1;Adaptation;15;1;;;;;
8.94;-0.5;-0.5;4.254659;1;Adaptation;15;1;;;;;
8.96;-0.5;-0.5;2.690603;1;Adaptation;15;1;;;;;
8.98;-0.5;-0.5;2.645099;1;Adaptation;15;1;;;;;
9;2;0.125;5.206552;1;Adaptation;15;1;;;;;
9.02;-0.5;-0.5;3.306219;1;Adaptation;15;1;;;;;
9.04;-0.5;-0.5;4.988114;1;Adaptation;15;1;;;;;
9.059999;-0.5;-0.5;3.964359;1;Adaptation;15;1;;;;;
9.08;-0.5;-0.5;5.836195;1;Adaptation;15;1;;;;;
9.099999;-0.5;-0.5;3.28486;1;Adaptation;15;1;;;;;
9.12;-0.5;-0.5;2.962319;1;Adaptation;15;1;;;;;
9.139999;-0.5;-0.5;5.352223;1;Adaptation;15;1;;;;;
9.16;-0.5;-0.5;2.869214;1;Adaptation;15;1;;;;;
9.179999;-0.5;-0.5;2.619236;1;Adaptation;15;1;;;;;
9.2;-0.5;-0.5;2.158897;1;Adaptation;15;1;;;;;
9.22;-0.5;-0.5;2.834182;1;Adaptation;15;1;;;;;
9.24;-0.5;-0.5;2.440285;1;Adaptation;15;1;;;;;
9.26;0;0.125;3.123656;1;Adaptation;15;1;;;;;
9.28;-0.5;-0.5;2.217088;1;Adaptation;15;1;;;;;
9.3;-0.5;-0.5;2.442165;1;Adaptation;15;1;;;;;
9.32;-0.5;-0.5;4.105095;1;Adaptation;15;1;;;;;
9.34;0;-0.125;5.163157;1;Adaptation;15;1;;;;;
9.36;-0.5;-0.5;4.970409;1;Adaptation;15;1;;;;;
9.38;-0.5;-0.5;5.75589;1;Adaptation;15;1;;;;;
9.4;-0.5;-0.5;2.299067;1;Adaptation;15;1;;;;;
9.42;-0.5;-0.5;5.987471;1;Adaptation;15;1;;;;;
9.44;0;0;5.7273;1;Adaptation;15;1;;;;;
9.46;-0.5;-0.5;5.859298;1;Adaptation;15;1;;;;;
9.48;2;-0.25;2.915983;1;Adaptation;15;1;;;;;
9.5;0;0;2.115197;1;Adaptation;15;1;;;;;
9.52;-0.5;-0.5;5.563938;1;Adaptation;15;1;;;;;
9.54;-0.5;-0.5;3.102096;1;Adaptation;15;1;;;;;
9.559999;0;-0.25;5.14089;1;Adaptation;15;1;;;;;
9.58;-0.5;-0.5;5.568433;1;Adaptation;15;1;;;;;
9.599999;-0.5;-0.5;3.512743;1;Adaptation;15;1;;;;;
9.62;2;-0.125;4.039507;1;Adaptation;15;1;;;;;
9.639999;-0.5;-0.5;4.385466;1;Adaptation;15;1;;;;;
9.66;0;-0.25;5.226422;1;Adaptation;15;1;;;;;
9.679999;-0.5;-0.5;3.076939;1;Adaptation;15;1;;;;;
9.7;-0.5;-0.5;3.25439;1;Adaptation;15;1;;;;;
9.719999;-0.5;-0.5;3.325066;1;Adaptation;15;1;;;;;
9.74;-0.5;-0.5;3.622167;1;Adaptation;15;1;;;;;
9.76;-0.5;-0.5;2.574229;1;Adaptation;15;1;;;;;
9.78;-0.5;-0.5;4.277395;1;Adaptation;15;1;;;;;
9.8;-0.5;-0.5;2.943682;1;Adaptation;15;1;;;;;
9.82;-0.5;-0.5;4.005461;1;Adaptation;15;1;;;;;
9.84;2;0.125;5.09097;1;Adaptation;15;1;;;;;
9.86;-0.5;-0.5;3.256852;1;Adaptation;15;1;;;;;
9.88;0;0.125;5.302488;1;Adaptation;15;1;;;;;
9.9;-0.5;-0.5;5.106156;1;Adaptation;15;1;;;;;
9.92;-0.5;-0.5;3.040441;1;Adaptation;15;1;;;;;
9.94;-0.5;-0.5;3.405505;1;Adaptation;15;1;;;;;
9.96;-0.5;-0.5;5.03721;1;Adaptation;15;1;;;;;
9.98;-0.5;-0.5;2.324668;1;Adaptation;15;1;;;;;
10;-0.5;-0.5;4.644863;1;Adaptation;15;1;;;;;
10.02;-0.5;-0.5;2.107178;1;Adaptation;15;1;;;;;
10.04;-0.5;-0.5;4.720212;1;Adaptation;15;1;;;;;
10.06;-0.5;-0.5;3.836955;1;Adaptation;15;1;;;;;
10.08;-0.5;-0.5;5.831327;1;Adaptation;15;1;;;;;
10.1;-0.5;-0.5;3.314745;1;Adaptation;15;1;;;;;
10.12;-0.5;-0.5;4.118662;1;Adaptation;15;1;;;;;
10.14;-0.5;-0.5;3.93056;1;Adaptation;15;1;;;;;
10.16;-0.5;-0.5;2.556087;1;Adaptation;15;1;;;;;
10.18;0;0.125;2.380048;1;Adaptation;15;1;;;;;
10.2;-0.5;-0.5;3.799276;1;Adaptation;15;1;;;;;
10.22;2;0.125;4.86717;1;Adaptation;15;1;;;;;
10.24;-2;0.125;3.368234;1;Adaptation;15;1;;;;;
10.26;-0.5;-0.5;4.263616;1;Adaptation;15;1;;;;;
10.28;2;-0.25;3.506019;1;Adaptation;15;1;;;;;
10.3;0;-0.125;2.107392;1;Adaptation;15;1;;;;;
10.32;-0.5;-0.5;5.604768;1;Adaptation;15;1;;;;;
10.34;0;0;5.977757;1;Adaptation;15;1;;;;;
10.36;0;0;3.452916;1;Adaptation;15;1;;;;;
10.38;-0.5;-0.5;3.416794;1;Adaptation;15;1;;;;;
10.4;-0.5;-0.5;5.813842;1;Adaptation;15;1;;;;;
10.42;-0.5;-0.5;4.008052;1;Adaptation;15;1;;;;;
10.44;-0.5;-0.5;4.936064;1;Adaptation;15;1;;;;;
10.46;-0.5;-0.5;5.382382;1;Adaptation;15;1;;;;;
10.48;2;-0.125;3.97193;1;Adaptation;15;1;;;;;
10.5;2;0;4.673325;1;Adaptation;15;1;;;;;
10.52;-0.5;-0.5;4.540044;1;Adaptation;15;1;;;;;
10.54;0;-0.125;2.716583;1;Adaptation;15;1;;;;;
10.56;-0.5;-0.5;4.2685;1;Adaptation;15;1;;;;;
10.58;-0.5;-0.5;4.33138;1;Adaptation;15;1;;;;;
10.6;-0.5;-0.5;5.120586;1;Adaptation;15;1;;;;;
10.62;-0.5;-0.5;3.858126;1;Adaptation;15;1;;;;;
10.64;-0.5;-0.5;3.948436;1;Adaptation;15;1;;;;;
10.66;0;0;2.602934;1;Adaptation;15;1;;;;;
10.68;0;0.125;5.795847;1;Adaptation;15;1;;;;;
10.7;2;-0.125;2.700246;1;Adaptation;15;1;;;;;
10.72;-0.5;-0.5;3.923909;1;Adaptation;15;1;;;;;
10.74;-0.5;-0.5;4.975735;1;Adaptation;15;1;;;;;
10.76;-0.5;-0.5;2.043568;1;Adaptation;15;1;;;;;
10.78;-0.5;-0.5;2.735507;1;Adaptation;15;1;;;;;
10.8;-0.5;-0.5;3.55079;1;Adaptation;15;1;;;;;
10.82;-0.5;-0.5;3.54881;1;Adaptation;15;1;;;;;
10.84;-0.5;-0.5;5.071127;1;Adaptation;15;1;;;;;
10.86;2;0.125;3.249403;1;Adaptation;15;1;;;;;
10.88;-0.5;-0.5;5.487963;1;Adaptation;15;1;;;;;
10.9;0;-0.25;4.412046;1;Adaptation;15;1;;;;;
10.92;-0.5;-0.5;5.281114;1;Adaptation;15;1;;;;;
10.94;-0.5;-0.5;3.995589;1;Adaptation;15;1;;;;;
10.96;-0.5;-0.5;3.349054;1;Adaptation;15;1;;;;;
10.98;-0.5;-0.5;5.284864;1;Adaptation;15;1;;;;;
11;-0.5;-0.5;2.047022;1;Adaptation;15;1;;;;;
11.02;-0.5;-0.5;2.949723;1;Adaptation;15;1;;;;;
11.04;-0.5;-0.5;5.972617;1;Adaptation;15;1;;;;;
11.06;-0.5;-0.5;3.263724;1;Adaptation;15;1;;;;;
11.08;-2;0;2.740135;1;Adaptation;15;1;;;;;
11.1;-0.5;-0.5;5.935169;1;Adaptation;15;1;;;;;
11.12;-0.5;-0.5;5.548116;1;Adaptation;15;1;;;;;
11.14;-0.5;-0.5;4.293257;1;Adaptation;15;1;;;;;
11.16;-0.5;-0.5;3.173347;1;Adaptation;15;1;;;;;
11.18;2;-0.125;4.210857;1;Adaptation;15;1;;;;;
11.2;0;0;5.309207;1;Adaptation;15;1;;;;;
11.22;-0.5;-0.5;3.213467;1;Adaptation;15;1;;;;;
11.24;-0.5;-0.5;2.400896;1;Adaptation;15;1;;;;;
11.26;-0.5;-0.5;2.719295;1;Adaptation;15;1;;;;;
11.28;0;0;4.235651;1;Adaptation;15;1;;;;;
11.3;-0.5;-0.5;2.163038;1;Adaptation;15;1;;;;;
11.32;0;0;3.29167;1;Adaptation;15;1;;;;;
11.34;0;0.25;3.997327;1;Adaptation;15;1;;;;;
11.36;-0.5;-0.5;2.102253;1;Adaptation;15;1;;;;;
11.38;0;0.125;4.16819;1;Adaptation;15;1;;;;;
11.4;-0.5;-0.5;2.459791;1;Adaptation;15;1;;;;;
11.42;-0.5;-0.5;2.239445;1;Adaptation;15;1;;;;;
11.44;2;-0.125;2.203153;1;Adaptation;15;1;;;;;
11.46;-0.5;-0.5;4.007393;1;Adaptation;15;1;;;;;
11.48;-0.5;-0.5;5.900835;1;Adaptation;15;1;;;;;
11.5;-0.5;-0.5;3.821074;1;Adaptation;15;1;;;;;
11.52;-0.5;-0.5;5.103028;1;Adaptation;15;1;;;;;
11.54;-2;0;3.771201;1;Adaptation;15;1;;;;;
11.56;0;0;3.483116;1;Adaptation;15;1;;;;;
11.58;-0.5;-0.5;2.655012;1;Adaptation;15;1;;;;;
11.6;-0.5;-0.5;3.428833;1;Adaptation;15;1;;;;;
11.62;-0.5;-0.5;2.028712;1;Adaptation;15;1;;;;;
11.64;-0.5;-0.5;3.542437;1;Adaptation;15;1;;;;;
11.66;-0.5;-0.5;2.555053;1;Adaptation;15;1;;;;;
11.68;-0.5;-0.5;3.651749;1;Adaptation;15;1;;;;;
11.7;-0.5;-0.5;4.737411;1;Adaptation;15;1;;;;;
11.72;-0.5;-0.5;4.104704;1;Adaptation;15;1;;;;;
11.74;-2;-0.125;4.677438;1;Adaptation;15;1;;;;;
11.76;2;0;2.754657;1;Adaptation;15;1;;;;;
11.78;-0.5;-0.5;4.223764;1;Adaptation;15;1;;;;;
11.8;-0.5;-0.5;2.612663;1;Adaptation;15;1;;;;;
11.82;0;0;3.423895;1;Adaptation;15;1;;;;;
11.84;0;-0.125;3.246339;1;Adaptation;15;1;;;;;
11.86;-0.5;-0.5;3.766035;1;Adaptation;15;1;;;;;
11.88;-0.5;-0.5;2.360079;1;Adaptation;15;1;;;;;
11.9;-0.5;-0.5;4.851358;1;Adaptation;15;1;;;;;
11.92;0;0.125;4.855401;1;Adaptation;15;1;;;;;
11.94;-0.5;-0.5;2.004506;1;Adaptation;15;1;;;;;
11.96;-0.5;-0.5;3.074517;1;Adaptation;15;1;;;;;
11.98;-0.5;-0.5;4.669368;1;Adaptation;15;1;;;;;
12;-0.5;-0.5;5.325822;1;Adaptation;15;1;;;;;
12.02;0;0.25;3.647272;1;Adaptation;15;1;;;;;
12.04;0;-0.125;2.792477;1;Adaptation;15;1;;;;;
12.06;-0.5;-0.5;4.37334;1;Adaptation;15;1;;;;;
12.08;-0.5;-0.5;5.873635;1;Adaptation;15;1;;;;;
12.1;2;0.25;5.860929;1;Adaptation;15;1;;;;;
12.12;-0.5;-0.5;5.167863;1;Adaptation;15;1;;;;;
12.14;-0.5;-0.5;3.758061;1;Adaptation;15;1;;;;;
12.16;2;0;5.708953;1;Adaptation;15;1;;;;;
12.18;-0.5;-0.5;3.136327;1;Adaptation;15;1;;;;;
12.2;-0.5;-0.5;5.18762;1;Adaptation;15;1;;;;;
12.22;0;0;4.362975;1;Adaptation;15;1;;;;;
12.24;-0.5;-0.5;5.180333;1;Adaptation;15;1;;;;;
12.26;-0.5;-0.5;3.036044;1;Adaptation;15;1;;;;;
12.28;-0.5;-0.5;5.757249;1;Adaptation;15;1;;;;;
12.3;-0.5;-0.5;4.36842;1;Adaptation;15;1;;;;;
12.32;-0.5;-0.5;5.5891;1;Adaptation;15;1;;;;;
12.34;-0.5;-0.5;5.776763;1;Adaptation;15;1;;;;;
12.36;-0.5;-0.5;3.998934;1;Adaptation;15;1;;;;;
12.38;-0.5;-0.5;5.204165;1;Adaptation;15;1;;;;;
12.4;-0.5;-0.5;2.539075;1;Adaptation;15;1;;;;;
12.42;-0.5;-0.5;2.696277;1;Adaptation;15;1;;;;;
12.44;-0.5;-0.5;2.823158;1;Adaptation;15;1;;;;;
12.46;0;0.125;4.703502;1;Adaptation;15;1;;;;;
12.48;-0.5;-0.5;5.300795;1;Adaptation;15;1;;;;;
12.5;-0.5;-0.5;5.116143;1;Adaptation;15;1;;;;;
12.52;-0.5;-0.5;2.216595;1;Adaptation;15;1;;;;;
12.54;0;0;3.432565;1;Adaptation;15;1;;;;;
12.56;-0.5;-0.5;3.620841;1;Adaptation;15;1;;;;;
12.58;2;-0.125;3.962223;1;Adaptation;15;1;;;;;
12.6;0;0;5.027475;1;Adaptation;15;1;;;;;
12.62;-2;0;2.591631;1;Adaptation;15;1;;;;;
12.64;-0.5;-0.5;2.841729;1;Adaptation;15;1;;;;;
12.66;-0.5;-0.5;3.09346;1;Adaptation;15;1;;;;;
12.68;-0.5;-0.5;4.43608;1;Adaptation;15;1;;;;;
12.7;-0.5;-0.5;3.735925;1;Adaptation;15;1;;;;;
12.72;-0.5;-0.5;3.743568;1;Adaptation;15;1;;;;;
12.74;2;-0.25;4.574244;1;Adaptation;15;1;;;;;
12.76;-0.5;-0.5;5.315417;1;Adaptation;15;1;;;;;
12.78;-0.5;-0.5;5.322341;1;Adaptation;15;1;;;;;
12.8;2;-0.125;5.719384;1;Adaptation;15;1;;;;;
12.82;-0.5;-0.5;2.016351;1;Adaptation;15;1;;;;;
12.84;-0.5;-0.5;2.581699;1;Adaptation;15;1;;;;;
12.86;-0.5;-0.5;5.306104;1;Adaptation;15;1;;;;;
12.88;-0.5;-0.5;3.5289;1;Adaptation;15;1;;;;;
12.9;-0.5;-0.5;2.200224;1;Adaptation;15;1;;;;;
12.92;-0.5;-0.5;2.790226;1;Adaptation;15;1;;;;;
12.94;-0.5;-0.5;5.721496;1;Adaptation;15;1;;;;;
12.96;-0.5;-0.5;5.144896;1;Adaptation;15;1;;;;;
12.98;-0.5;-0.5;3.507619;1;Adaptation;15;1;;;;;
13;-0.5;-0.5;5.884965;1;Adaptation;15;1;;;;;
13.02;-0.5;-0.5;3.87471;1;Adaptation;15;1;;;;;
13.04;-0.5;-0.5;5.510814;1;Adaptation;15;1;;;;;
13.06;-0.5;-0.5;5.877075;1;Adaptation;15;1;;;;;
13.08;-0.5;-0.5;3.588936;1;Adaptation;15;1;;;;;
13.1;-0.5;-0.5;4.270427;1;Adaptation;15;1;;;;;
13.12;-0.5;-0.5;4.904347;1;Adaptation;15;1;;;;;
13.14;-0.5;-0.5;4.874121;1;Adaptation;15;1;;;;;
13.16;-0.5;-0.5;2.385614;1;Adaptation;15;1;;;;;
13.18;-0.5;-0.5;3.060333;1;Adaptation;15;1;;;;;
13.2;-0.5;-0.5;5.385249;1;Adaptation;15;1;;;;;
13.22;-0.5;-0.5;4.052256;1;Adaptation;15;1;;;;;
13.24;-0.5;-0.5;2.137951;1;Adaptation;15;1;;;;;
13.26;-0.5;-0.5;5.060561;1;Adaptation;15;1;;;;;
13.28;-0.5;-0.5;5.284019;1;Adaptation;15;1;;;;;
13.3;0;-0.125;5.927392;1;Adaptation;15;1;;;;;
13.32;-0.5;-0.5;4.988908;1;Adaptation;15;1;;;;;
13.34;-0.5;-0.5;2.934352;1;Adaptation;15;1;;;;;
13.36;-0.5;-0.5;2.943708;1;Adaptation;15;1;;;;;
13.38;-0.5;-0.5;2.332229;1;Adaptation;15;1;;;;;
13.4;-0.5;-0.5;4.70519;1;Adaptation;15;1;;;;;
13.42;-0.5;-0.5;4.882988;1;Adaptation;15;1;;;;;
13.44;-0.5;-0.5;5.284309;1;Adaptation;15;1;;;;;
13.46;-0.5;-0.5;4.345654;1;Adaptation;15;1;;;;;
13.48;2;0.125;2.284253;1;Adaptation;15;1;;;;;
13.5;0;-0.125;3.887727;1;Adaptation;15;1;;;;;
13.52;-0.5;-0.5;2.759095;1;Adaptation;15;1;;;;;
13.54;-0.5;-0.5;5.706335;1;Adaptation;15;1;;;;;
13.56;-0.5;-0.5;2.374125;1;Adaptation;15;1;;;;;
13.58;-0.5;-0.5;5.425606;1;Adaptation;15;1;;;;;
13.6;-0.5;-0.5;4.993599;1;Adaptation;15;1;;;;;
13.62;-0.5;-0.5;5.11021;1;Adaptation;15;1;;;;;
13.64;4;0.125;3.239008;1;Adaptation;15;1;;;;;
13.66;-0.5;-0.5;4.940974;1;Adaptation;15;1;;;;;
13.68;-0.5;-0.5;5.508026;1;Adaptation;15;1;;;;;
;;;;;;;;;;;;
