time;pos_x_right;pos_y_right;dil_right;pos_x_left;pos_y_left;dil_left;brightness;state;fov;trial;;
0;-0.5;-0.5;5.747996;1;Adaptation;15;1;;;;;
0.02;-0.5;-0.5;2.693316;1;Adaptation;15;1;;;;;
0.04;2;0.125;4.564034;1;Adaptation;15;1;;;;;
0.06;2;0.125;3.812459;1;Adaptation;15;1;;;;;
0.08;2;0.125;3.915319;1;Adaptation;15;1;;;;;
0.09999999;2;0.125;4.831431;1;Adaptation;15;1;;;;;
0.12;2;0.125;4.343699;1;Adaptation;15;1;;;;;
0.14;2;0.125;5.45607;1;Adaptation;15;1;;;;;
0.16;2;0.125;4.6072;1;Adaptation;15;1;;;;;
0.18;2;0.125;5.373133;1;Adaptation;15;1;;;;;
0.2;2;0.125;4.028106;1;Adaptation;15;1;;;;;
0.22;2;0.125;2.902949;1;Adaptation;15;1;;;;;
0.24;2;0.125;3.929933;1;Adaptation;15;1;;;;;
0.26;2;0.125;4.631451;1;Adaptation;15;1;;;;;
0.28;2;0.125;4.541039;1;Adaptation;15;1;;;;;
0.3;2;0.125;3.635142;1;Adaptation;15;1;;;;;
0.32;2;0.125;2.69842;1;Adaptation;15;1;;;;;
0.34;2;0.125;5.223151;1;Adaptation;15;1;;;;;
0.36;-0.5;-0.5;3.074653;1;Adaptation;15;1;;;;;
0.38;-0.5;-0.5;5.500361;1;Adaptation;15;1;;;;;
0.4;-0.5;-0.5;4.414152;1;Adaptation;15;1;;;;;
0.42;-0.5;-0.5;4.731069;1;Adaptation;15;1;;;;;
0.44;-0.5;-0.5;5.544592;1;Adaptation;15;1;;;;;
0.46;0;0;4.329252;1;Adaptation;15;1;;;;;
0.48;2;0;3.596938;1;Adaptation;15;1;;;;;
0.5;-0.5;-0.5;3.110745;1;Adaptation;15;1;;;;;
0.52;0;0.125;3.227923;1;Adaptation;15;1;;;;;
0.54;-0.5;-0.5;3.316934;1;Adaptation;15;1;;;;;
0.56;-0.5;-0.5;4.902516;1;Adaptation;15;1;;;;;
0.58;-0.5;-0.5;3.174707;1;Adaptation;15;1;;;;;
0.6;-0.5;-0.5;3.972284;1;Adaptation;15;1;;;;;
0.62;-0.5;-0.5;3.728448;1;Adaptation;15;1;;;;;
0.64;-0.5;-0.5;5.134297;1;Adaptation;15;1;;;;;
0.66;-0.5;-0.5;3.720688;1;Adaptation;15;1;;;;;
0.68;-0.5;-0.5;2.777421;1;Adaptation;15;1;;;;;
0.7;-0.5;-0.5;2.999836;1;Adaptation;15;1;;;;;
0.72;-0.5;-0.5;4.928952;1;Adaptation;15;1;;;;;
0.74;-0.5;-0.5;5.698988;1;Adaptation;15;1;;;;;
0.76;-0.5;-0.5;4.559809;1;Adaptation;15;1;;;;;
0.78;-2;0;2.792112;1;Adaptation;15;1;;;;;
0.8;-2;0.25;3.045772;1;Adaptation;15;1;;;;;
0.82;-0.5;-0.5;4.189084;1;Adaptation;15;1;;;;;
0.84;0;0;4.067904;1;Adaptation;15;1;;;;;
0.86;-0.5;-0.5;4.809277;1;Adaptation;15;1;;;;;
0.88;-0.5;-0.5;5.82338;1;Adaptation;15;1;;;;;
0.9;0;0;3.651019;1;Adaptation;15;1;;;;;
0.92;-0.5;-0.5;3.993511;1;Adaptation;15;1;;;;;
0.94;0;0;5.226554;1;Adaptation;15;1;;;;;
0.96;-0.5;-0.5;4.756571;1;Adaptation;15;1;;;;;
0.98;-0.5;-0.5;3.581151;1;Adaptation;15;1;;;;;
1;2;0;4.789761;1;Adaptation;15;1;;;;;
1.02;-0.5;-0.5;2.822391;1;Adaptation;15;1;;;;;
1.04;-0.5;-0.5;4.929477;1;Adaptation;15;1;;;;;
1.06;-0.5;-0.5;3.776454;1;Adaptation;15;1;;;;;
1.08;-0.5;-0.5;5.85237;1;Adaptation;15;1;;;;;
1.1;-0.5;-0.5;4.132384;1;Adaptation;15;1;;;;;
1.12;0;0;3.738553;1;Adaptation;15;1;;;;;
1.14;-0.5;-0.5;4.626017;1;Adaptation;15;1;;;;;
1.16;-0.5;-0.5;5.712025;1;Adaptation;15;1;;;;;
1.18;-0.5;-0.5;4.619895;1;Adaptation;15;1;;;;;
1.2;-0.5;-0.5;2.077523;1;Adaptation;15;1;;;;;
1.22;-0.5;-0.5;4.855085;1;Adaptation;15;1;;;;;
1.24;-0.5;-0.5;4.280811;1;Adaptation;15;1;;;;;
1.26;-0.5;-0.5;3.823848;1;Adaptation;15;1;;;;;
1.28;-0.5;-0.5;5.791908;1;Adaptation;15;1;;;;;
1.3;-0.5;-0.5;2.794244;1;Adaptation;15;1;;;;;
1.32;0;0;5.126449;1;Adaptation;15;1;;;;;
1.34;-0.5;-0.5;2.160514;1;Adaptation;15;1;;;;;
1.36;0;0.125;2.673641;1;Adaptation;15;1;;;;;
1.38;-0.5;-0.5;5.888655;1;Adaptation;15;1;;;;;
1.4;-0.5;-0.5;2.487388;1;Adaptation;15;1;;;;;
1.42;0;-0.125;5.197668;1;Adaptation;15;1;;;;;
1.44;-0.5;-0.5;2.860334;1;Adaptation;15;1;;;;;
1.46;-0.5;-0.5;2.718763;1;Adaptation;15;1;;;;;
1.48;-2;0.125;4.726738;1;Adaptation;15;1;;;;;
1.5;-0.5;-0.5;2.34845;1;Adaptation;15;1;;;;;
1.52;2;0.25;5.682327;1;Adaptation;15;1;;;;;
1.54;0;-0.125;3.27271;1;Adaptation;15;1;;;;;
1.56;-0.5;-0.5;4.938469;1;Adaptation;15;1;;;;;
1.58;2;-0.125;5.612063;1;Adaptation;15;1;;;;;
1.6;2;0.125;4.717361;1;Adaptation;15;1;;;;;
1.62;-0.5;-0.5;3.57121;1;Adaptation;15;1;;;;;
1.64;0;-0.125;4.415992;1;Adaptation;15;1;;;;;
1.66;-0.5;-0.5;2.448095;1;Adaptation;15;1;;;;;
1.68;-0.5;-0.5;3.360008;1;Adaptation;15;1;;;;;
1.7;-0.5;-0.5;3.946207;1;Adaptation;15;1;;;;;
1.72;-0.5;-0.5;5.895354;1;Adaptation;15;1;;;;;
1.74;-0.5;-0.5;2.963308;1;Adaptation;15;1;;;;;
1.76;-0.5;-0.5;3.804791;1;Adaptation;15;1;;;;;
1.78;-0.5;-0.5;2.494754;1;Adaptation;15;1;;;;;
1.8;0;-0.125;3.082384;1;Adaptation;15;1;;;;;
1.82;0;-0.125;3.120365;1;Adaptation;15;1;;;;;
1.84;-0.5;-0.5;2.269785;1;Adaptation;15;1;;;;;
1.86;-0.5;-0.5;2.089554;1;Adaptation;15;1;;;;;
1.88;-0.5;-0.5;2.475194;1;Adaptation;15;1;;;;;
1.9;-0.5;-0.5;2.811653;1;Adaptation;15;1;;;;;
1.92;-0.5;-0.5;4.474552;1;Adaptation;15;1;;;;;
1.94;-0.5;-0.5;5.15317;1;Adaptation;15;1;;;;;
1.96;0;0.125;5.85421;1;Adaptation;15;1;;;;;
1.98;0;0;4.999952;1;Adaptation;15;1;;;;;
2;-0.5;-0.5;5.659848;1;Adaptation;15;1;;;;;
2.02;-0.5;-0.5;3.846071;1;Adaptation;15;1;;;;;
2.04;-2;-0.125;2.136617;1;Adaptation;15;1;;;;;
2.06;-0.5;-0.5;4.88208;1;Adaptation;15;1;;;;;
2.08;-0.5;-0.5;5.086631;1;Adaptation;15;1;;;;;
2.1;-0.5;-0.5;2.660372;1;Adaptation;15;1;;;;;
2.12;-0.5;-0.5;2.308761;1;Adaptation;15;1;;;;;
2.14;-0.5;-0.5;3.050245;1;Adaptation;15;1;;;;;
2.16;0;-0.125;2.497993;1;Adaptation;15;1;;;;;
2.18;-0.5;-0.5;2.596025;1;Adaptation;15;1;;;;;
2.2;0;0;2.382184;1;Adaptation;15;1;;;;;
2.22;-0.5;-0.5;4.151061;1;Adaptation;15;1;;;;;
2.24;-0.5;-0.5;2.853627;1;Adaptation;15;1;;;;;
2.26;-0.5;-0.5;2.655315;1;Adaptation;15;1;;;;;
2.28;0;0.125;2.044418;1;Adaptation;15;1;;;;;
2.3;0;0.125;5.146638;1;Adaptation;15;1;;;;;
2.32;-0.5;-0.5;2.169794;1;Adaptation;15;1;;;;;
2.34;0;0;3.076605;1;Adaptation;15;1;;;;;
2.36;-0.5;-0.5;5.805944;1;Adaptation;15;1;;;;;
2.38;-0.5;-0.5;4.972909;1;Adaptation;15;1;;;;;
2.4;-0.5;-0.5;3.84208;1;Adaptation;15;1;;;;;
2.42;-0.5;-0.5;3.489898;1;Adaptation;15;1;;;;;
2.44;-0.5;-0.5;2.806865;1;Adaptation;15;1;;;;;
2.46;-0.5;-0.5;4.135926;1;Adaptation;15;1;;;;;
2.48;0;-0.125;4.597186;1;Adaptation;15;1;;;;;
2.5;-0.5;-0.5;3.52076;1;Adaptation;15;1;;;;;
2.52;-0.5;-0.5;4.258092;1;Adaptation;15;1;;;;;
2.54;-0.5;-0.5;4.857614;1;Adaptation;15;1;;;;;
2.56;-0.5;-0.5;4.030717;1;Adaptation;15;1;;;;;
2.58;-0.5;-0.5;4.773502;1;Adaptation;15;1;;;;;
2.6;-0.5;-0.5;3.942439;1;Adaptation;15;1;;;;;
2.62;-0.5;-0.5;3.399292;1;Adaptation;15;1;;;;;
2.64;-0.5;-0.5;3.237316;1;Adaptation;15;1;;;;;
2.66;-0.5;-0.5;2.519628;1;Adaptation;15;1;;;;;
2.68;-0.5;-0.5;4.203179;1;Adaptation;15;1;;;;;
2.7;-0.5;-0.5;3.095883;1;Adaptation;15;1;;;;;
2.72;-0.5;-0.5;5.998542;1;Adaptation;15;1;;;;;
2.74;-0.5;-0.5;2.043771;1;Adaptation;15;1;;;;;
2.76;-0.5;-0.5;3.28904;1;Adaptation;15;1;;;;;
2.78;-0.5;-0.5;4.173692;1;Adaptation;15;1;;;;;
2.8;0;-0.125;5.228091;1;Adaptation;15;1;;;;;
2.82;0;0.125;5.609313;1;Adaptation;15;1;;;;;
2.84;-0.5;-0.5;3.187088;1;Adaptation;15;1;;;;;
2.86;-2;-0.125;3.742831;1;Adaptation;15;1;;;;;
2.88;-0.5;-0.5;3.672971;1;Adaptation;15;1;;;;;
2.9;-0.5;-0.5;4.767211;1;Adaptation;15;1;;;;;
2.92;-0.5;-0.5;4.33422;1;Adaptation;15;1;;;;;
2.94;-0.5;-0.5;4.399982;1;Adaptation;15;1;;;;;
2.96;-0.5;-0.5;2.738666;1;Adaptation;15;1;;;;;
2.98;-0.5;-0.5;3.35685;1;Adaptation;15;1;;;;;
3;-0.5;-0.5;2.51918;1;Adaptation;15;1;;;;;
3.02;-0.5;-0.5;3.453301;1;Adaptation;15;1;;;;;
3.04;-0.5;-0.5;4.952113;1;Adaptation;15;1;;;;;
3.06;-0.5;-0.5;5.733054;1;Adaptation;15;1;;;;;
3.08;-0.5;-0.5;5.292173;1;Adaptation;15;1;;;;;
3.1;-0.5;-0.5;5.062798;1;Adaptation;15;1;;;;;
3.12;-2;-0.125;2.619121;1;Adaptation;15;1;;;;;
3.14;-0.5;-0.5;3.403785;1;Adaptation;15;1;;;;;
3.16;-0.5;-0.5;2.231376;1;Adaptation;15;1;;;;;
3.18;0;-0.125;3.264775;1;Adaptation;15;1;;;;;
3.2;-0.5;-0.5;5.475888;1;Adaptation;15;1;;;;;
3.22;-0.5;-0.5;3.09084;1;Adaptation;15;1;;;;;
3.24;-2;-0.125;5.923139;1;Adaptation;15;1;;;;;
3.26;-0.5;-0.5;4.767985;1;Adaptation;15;1;;;;;
3.28;0;0.25;5.260256;1;Adaptation;15;1;;;;;
3.3;-0.5;-0.5;4.240779;1;Adaptation;15;1;;;;;
3.32;-0.5;-0.5;4.585215;1;Adaptation;15;1;;;;;
3.34;-0.5;-0.5;4.441136;1;Adaptation;15;1;;;;;
3.36;-0.5;-0.5;3.062429;1;Adaptation;15;1;;;;;
3.38;-0.5;-0.5;3.158809;1;Adaptation;15;1;;;;;
3.4;-0.5;-0.5;4.709816;1;Adaptation;15;1;;;;;
3.42;-0.5;-0.5;5.18844;1;Adaptation;15;1;;;;;
3.44;-0.5;-0.5;4.196405;1;Adaptation;15;1;;;;;
3.46;-0.5;-0.5;4.836586;1;Adaptation;15;1;;;;;
3.48;-0.5;-0.5;4.816479;1;Adaptation;15;1;;;;;
3.5;-0.5;-0.5;4.949896;1;Adaptation;15;1;;;;;
3.52;-0.5;-0.5;2.22267;1;Adaptation;15;1;;;;;
3.54;-0.5;-0.5;4.864853;1;Adaptation;15;1;;;;;
3.56;-0.5;-0.5;5.366668;1;Adaptation;15;1;;;;;
3.58;0;0.125;3.676332;1;Adaptation;15;1;;;;;
3.6;-0.5;-0.5;3.463502;1;Adaptation;15;1;;;;;
3.62;-0.5;-0.5;5.155164;1;Adaptation;15;1;;;;;
3.64;-0.5;-0.5;3.778324;1;Adaptation;15;1;;;;;
3.66;-0.5;-0.5;2.786644;1;Adaptation;15;1;;;;;
3.68;2;0.125;5.56058;1;Adaptation;15;1;;;;;
3.7;-0.5;-0.5;4.013642;1;Adaptation;15;1;;;;;
3.72;-0.5;-0.5;4.409858;1;Adaptation;15;1;;;;;
3.74;2;0;5.258472;1;Adaptation;15;1;;;;;
3.76;0;-0.25;5.961522;1;Adaptation;15;1;;;;;
3.78;-0.5;-0.5;2.63803;1;Adaptation;15;1;;;;;
3.8;0;0;5.880208;1;Adaptation;15;1;;;;;
3.82;-0.5;-0.5;4.426055;1;Adaptation;15;1;;;;;
3.84;-0.5;-0.5;4.240928;1;Adaptation;15;1;;;;;
3.86;-0.5;-0.5;5.237137;1;Adaptation;15;1;;;;;
3.88;-0.5;-0.5;3.28685;1;Adaptation;15;1;;;;;
3.9;0;0;2.750035;1;Adaptation;15;1;;;;;
3.92;-0.5;-0.5;4.341821;1;Adaptation;15;1;;;;;
3.94;-0.5;-0.5;3.602651;1;Adaptation;15;1;;;;;
3.96;-0.5;-0.5;3.858858;1;Adaptation;15;1;;;;;
3.98;-0.5;-0.5;2.070998;1;Adaptation;15;1;;;;;
4;-0.5;-0.5;4.98499;1;Adaptation;15;1;;;;;
4.02;-0.5;-0.5;4.973587;1;Adaptation;15;1;;;;;
4.04;-0.5;-0.5;3.357369;1;Adaptation;15;1;;;;;
4.06;-0.5;-0.5;5.84021;1;Adaptation;15;1;;;;;
4.08;-0.5;-0.5;2.630691;1;Adaptation;15;1;;;;;
4.1;-0.5;-0.5;5.99473;1;Adaptation;15;1;;;;;
4.12;-0.5;-0.5;2.128598;1;Adaptation;15;1;;;;;
4.14;-0.5;-0.5;2.854646;1;Adaptation;15;1;;;;;
4.16;-0.5;-0.5;2.541663;1;Adaptation;15;1;;;;;
4.18;-0.5;-0.5;5.341591;1;Adaptation;15;1;;;;;
4.2;-0.5;-0.5;4.163456;1;Adaptation;15;1;;;;;
4.22;-0.5;-0.5;5.887685;1;Adaptation;15;1;;;;;
4.24;-0.5;-0.5;2.78817;1;Adaptation;15;1;;;;;
4.26;-2;-0.25;4.328463;1;Adaptation;15;1;;;;;
4.28;-0.5;-0.5;4.226128;1;Adaptation;15;1;;;;;
4.3;2;0;5.428407;1;Adaptation;15;1;;;;;
4.32;0;0;2.303985;1;Adaptation;15;1;;;;;
4.34;-0.5;-0.5;4.067379;1;Adaptation;15;1;;;;;
4.36;0;0.125;5.456313;1;Adaptation;15;1;;;;;
4.38;0;-0.125;2.623127;1;Adaptation;15;1;;;;;
4.4;0;-0.125;3.866163;1;Adaptation;15;1;;;;;
4.42;-0.5;-0.5;3.144325;1;Adaptation;15;1;;;;;
4.44;-0.5;-0.5;2.687558;1;Adaptation;15;1;;;;;
4.46;-0.5;-0.5;4.28434;1;Adaptation;15;1;;;;;
4.48;-0.5;-0.5;4.585401;1;Adaptation;15;1;;;;;
4.5;-0.5;-0.5;2.543326;1;Adaptation;15;1;;;;;
4.52;0;-0.25;5.245272;1;Adaptation;15;1;;;;;
4.54;0;0;3.620452;1;Adaptation;15;1;;;;;
4.56;-0.5;-0.5;3.439541;1;Adaptation;15;1;;;;;
4.58;2;0.125;4.599786;1;Adaptation;15;1;;;;;
4.6;0;-0.25;4.715204;1;Adaptation;15;1;;;;;
4.62;-0.5;-0.5;3.087174;1;Adaptation;15;1;;;;;
4.64;-0.5;-0.5;3.051558;1;Adaptation;15;1;;;;;
4.66;-0.5;-0.5;3.054348;1;Adaptation;15;1;;;;;
4.68;-0.5;-0.5;4.385183;1;Adaptation;15;1;;;;;
4.7;0;-0.125;3.461931;1;Adaptation;15;1;;;;;
4.72;-0.5;-0.5;3.631765;1;Adaptation;15;1;;;;;
4.74;0;0.125;3.675439;1;Adaptation;15;1;;;;;
4.76;-0.5;-0.5;2.859529;1;Adaptation;15;1;;;;;
4.78;0;0;4.708915;1;Adaptation;15;1;;;;;
4.8;2;0;5.547025;1;Adaptation;15;1;;;;;
4.82;-0.5;-0.5;2.746555;1;Adaptation;15;1;;;;;
4.84;0;0.25;4.937139;1;Adaptation;15;1;;;;;
4.86;-0.5;-0.5;3.185142;1;Adaptation;15;1;;;;;
4.88;-0.5;-0.5;3.375412;1;Adaptation;15;1;;;;;
4.9;0;0;4.225512;1;Adaptation;15;1;;;;;
4.92;-0.5;-0.5;5.146885;1;Adaptation;15;1;;;;;
4.94;0;0.125;2.877876;1;Adaptation;15;1;;;;;
4.96;-0.5;-0.5;3.808205;1;Adaptation;15;1;;;;;
4.98;-0.5;-0.5;2.039321;1;Adaptation;15;1;;;;;
5;0;0;5.874918;1;Adaptation;15;1;;;;;
5.02;-0.5;-0.5;3.733033;1;Adaptation;15;1;;;;;
5.04;-0.5;-0.5;3.686124;1;Adaptation;15;1;;;;;
5.06;-0.5;-0.5;2.937004;1;Adaptation;15;1;;;;;
5.08;-0.5;-0.5;3.265988;1;Adaptation;15;1;;;;;
5.1;-0.5;-0.5;2.940118;1;Adaptation;15;1;;;;;
5.12;-2;0;4.381756;1;Adaptation;15;1;;;;;
5.14;0;0;4.404279;1;Adaptation;15;1;;;;;
5.16;-0.5;-0.5;2.944574;1;Adaptation;15;1;;;;;
5.18;-0.5;-0.5;3.840218;1;Adaptation;15;1;;;;;
5.2;-0.5;-0.5;2.626004;1;Adaptation;15;1;;;;;
5.22;-0.5;-0.5;4.023576;1;Adaptation;15;1;;;;;
5.24;-0.5;-0.5;2.612436;1;Adaptation;15;1;;;;;
5.26;-0.5;-0.5;4.440094;1;Adaptation;15;1;;;;;
5.28;2;0.125;4.059832;1;Adaptation;15;1;;;;;
5.3;0;-0.125;4.103476;1;Adaptation;15;1;;;;;
5.32;-0.5;-0.5;4.13881;1;Adaptation;15;1;;;;;
5.34;0;0.25;3.575091;1;Adaptation;15;1;;;;;
5.36;-0.5;-0.5;4.391691;1;Adaptation;15;1;;;;;
5.38;-0.5;-0.5;4.546053;1;Adaptation;15;1;;;;;
5.4;-0.5;-0.5;5.459982;1;Adaptation;15;1;;;;;
5.42;-0.5;-0.5;4.22529;1;Adaptation;15;1;;;;;
5.44;-0.5;-0.5;2.69239;1;Adaptation;15;1;;;;;
5.46;-0.5;-0.5;5.740697;1;Adaptation;15;1;;;;;
5.48;-0.5;-0.5;2.620537;1;Adaptation;15;1;;;;;
5.5;-0.5;-0.5;4.737453;1;Adaptation;15;1;;;;;
5.52;-0.5;-0.5;3.788745;1;Adaptation;15;1;;;;;
5.54;-0.5;-0.5;3.742928;1;Adaptation;15;1;;;;;
5.56;0;0;3.900657;1;Adaptation;15;1;;;;;
5.58;-0.5;-0.5;5.0838;1;Adaptation;15;1;;;;;
5.6;2;-0.125;5.175416;1;Adaptation;15;1;;;;;
5.62;0;0.125;3.717333;1;Adaptation;15;1;;;;;
5.64;-0.5;-0.5;5.167684;1;Adaptation;15;1;;;;;
5.66;2;0.125;5.168391;1;Adaptation;15;1;;;;;
5.68;-0.5;-0.5;5.115807;1;Adaptation;15;1;;;;;
5.7;0;0.125;3.957389;1;Adaptation;15;1;;;;;
5.72;-0.5;-0.5;4.804896;1;Adaptation;15;1;;;;;
5.74;4;0;4.562137;1;Adaptation;15;1;;;;;
5.76;-0.5;-0.5;5.986807;1;Adaptation;15;1;;;;;
5.78;-0.5;-0.5;4.380861;1;Adaptation;15;1;;;;;
5.8;-0.5;-0.5;5.308028;1;Adaptation;15;1;;;;;
5.82;0;-0.125;3.447679;1;Adaptation;15;1;;;;;
5.84;2;0.25;2.890134;1;Adaptation;15;1;;;;;
5.86;-0.5;-0.5;4.608565;1;Adaptation;15;1;;;;;
5.88;-0.5;-0.5;5.304201;1;Adaptation;15;1;;;;;
5.9;-0.5;-0.5;3.491808;1;Adaptation;15;1;;;;;
5.92;0;0;5.486675;1;Adaptation;15;1;;;;;
5.94;-0.5;-0.5;5.643251;1;Adaptation;15;1;;;;;
5.96;-0.5;-0.5;4.473717;1;Adaptation;15;1;;;;;
5.98;-0.5;-0.5;5.290195;1;Adaptation;15;1;;;;;
6;0;0;5.762111;1;Adaptation;15;1;;;;;
6.02;-0.5;-0.5;4.813319;1;Adaptation;15;1;;;;;
6.04;2;0;5.762517;1;Adaptation;15;1;;;;;
6.06;2;0.125;4.142309;1;Adaptation;15;1;;;;;
6.08;-2;0.125;2.316838;1;Adaptation;15;1;;;;;
6.1;0;-0.125;2.052539;1;Adaptation;15;1;;;;;
6.12;-0.5;-0.5;4.10223;1;Adaptation;15;1;;;;;
6.14;0;0;2.412716;1;Adaptation;15;1;;;;;
6.16;2;0;5.814873;1;Adaptation;15;1;;;;;
6.18;0;0.125;2.374115;1;Adaptation;15;1;;;;;
6.2;-0.5;-0.5;5.730115;1;Adaptation;15;1;;;;;
6.22;-0.5;-0.5;2.945945;1;Adaptation;15;1;;;;;
6.24;-0.5;-0.5;3.074781;1;Adaptation;15;1;;;;;
6.26;-0.5;-0.5;2.922537;1;Adaptation;15;1;;;;;
6.28;-0.5;-0.5;3.100609;1;Adaptation;15;1;;;;;
6.3;-0.5;-0.5;3.770912;1;Adaptation;15;1;;;;;
6.32;-0.5;-0.5;3.876263;1;Adaptation;15;1;;;;;
6.34;-0.5;-0.5;4.428943;1;Adaptation;15;1;;;;;
6.36;-0.5;-0.5;5.04768;1;Adaptation;15;1;;;;;
6.38;0;-0.25;2.033388;1;Adaptation;15;1;;;;;
6.4;2;0;3.597774;1;Adaptation;15;1;;;;;
6.42;-0.5;-0.5;2.303535;1;Adaptation;15;1;;;;;
6.44;2;-0.125;4.271437;1;Adaptation;15;1;;;;;
6.46;-0.5;-0.5;4.201622;1;Adaptation;15;1;;;;;
6.48;0;0;2.649372;1;Adaptation;15;1;;;;;
6.5;-0.5;-0.5;4.530009;1;Adaptation;15;1;;;;;
6.52;-0.5;-0.5;5.49661;1;Adaptation;15;1;;;;;
6.54;0;0.125;3.285667;1;Adaptation;15;1;;;;;
6.56;-0.5;-0.5;3.08319;1;Adaptation;15;1;;;;;
6.58;-0.5;-0.5;3.643074;1;Adaptation;15;1;;;;;
6.6;-0.5;-0.5;4.946801;1;Adaptation;15;1;;;;;
6.62;-0.5;-0.5;4.043146;1;Adaptation;15;1;;;;;
6.64;-0.5;-0.5;4.205438;1;Adaptation;15;1;;;;;
6.66;-0.5;-0.5;5.318824;1;Adaptation;15;1;;;;;
6.68;-0.5;-0.5;3.487411;1;Adaptation;15;1;;;;;
6.7;-0.5;-0.5;5.089655;1;Adaptation;15;1;;;;;
6.72;-0.5;-0.5;4.482622;1;Adaptation;15;1;;;;;
6.74;-0.5;-0.5;4.476655;1;Adaptation;15;1;;;;;
6.76;-0.5;-0.5;3.433753;1;Adaptation;15;1;;;;;
6.78;2;-0.125;5.103561;1;Adaptation;15;1;;;;;
6.8;0;-0.125;5.528311;1;Adaptation;15;1;;;;;
6.82;-0.5;-0.5;3.446677;1;Adaptation;15;1;;;;;
6.84;-0.5;-0.5;2.844861;1;Adaptation;15;1;;;;;
6.86;-0.5;-0.5;4.456017;1;Adaptation;15;1;;;;;
6.88;-0.5;-0.5;3.812022;1;Adaptation;15;1;;;;;
6.9;-0.5;-0.5;4.05113;1;Adaptation;15;1;;;;;
6.92;2;-0.125;4.037691;1;Adaptation;15;1;;;;;
6.94;-0.5;-0.5;2.992686;1;Adaptation;15;1;;;;;
6.96;-0.5;-0.5;3.510875;1;Adaptation;15;1;;;;;
6.98;-0.5;-0.5;2.712751;1;Adaptation;15;1;;;;;
7;0;-0.125;3.224826;1;Adaptation;15;1;;;;;
7.02;-0.5;-0.5;3.480784;1;Adaptation;15;1;;;;;
7.04;-2;-0.125;5.736819;1;Adaptation;15;1;;;;;
7.06;-0.5;-0.5;3.703679;1;Adaptation;15;1;;;;;
7.08;-0.5;-0.5;5.276324;1;Adaptation;15;1;;;;;
7.1;-0.5;-0.5;5.99258;1;Adaptation;15;1;;;;;
7.12;-0.5;-0.5;4.936196;1;Adaptation;15;1;;;;;
7.14;-0.5;-0.5;5.325746;1;Adaptation;15;1;;;;;
7.16;-0.5;-0.5;3.823654;1;Adaptation;15;1;;;;;
7.18;-0.5;-0.5;3.137454;1;Adaptation;15;1;;;;;
7.2;-0.5;-0.5;5.829572;1;Adaptation;15;1;;;;;
7.22;0;0;5.893324;1;Adaptation;15;1;;;;;
7.24;0;-0.125;4.278546;1;Adaptation;15;1;;;;;
7.26;2;-0.25;5.035669;1;Adaptation;15;1;;;;;
7.28;-0.5;-0.5;5.403537;1;Adaptation;15;1;;;;;
7.3;0;-0.125;2.954616;1;Adaptation;15;1;;;;;
7.32;-0.5;-0.5;4.693274;1;Adaptation;15;1;;;;;
7.34;-0.5;-0.5;4.757436;1;Adaptation;15;1;;;;;
7.36;2;-0.125;4.129911;1;Adaptation;15;1;;;;;
7.38;-0.5;-0.5;5.018086;1;Adaptation;15;1;;;;;
7.4;-0.5;-0.5;3.133639;1;Adaptation;15;1;;;;;
7.42;-0.5;-0.5;3.574856;1;Adaptation;15;1;;;;;
7.44;-2;-0.125;3.75785;1;Adaptation;15;1;;;;;
7.46;-0.5;-0.5;3.198146;1;Adaptation;15;1;;;;;
7.48;2;0.25;5.012427;1;Adaptation;15;1;;;;;
7.5;-0.5;-0.5;5.42331;1;Adaptation;15;1;;;;;
7.52;0;0;4.630068;1;Adaptation;15;1;;;;;
7.54;0;0;2.148748;1;Adaptation;15;1;;;;;
7.56;-0.5;-0.5;4.924991;1;Adaptation;15;1;;;;;
7.58;-0.5;-0.5;2.633811;1;Adaptation;15;1;;;;;
7.6;-0.5;-0.5;4.225581;1;Adaptation;15;1;;;;;
7.62;0;0;3.459445;1;Adaptation;15;1;;;;;
7.64;-0.5;-0.5;5.690246;1;Adaptation;15;1;;;;;
7.66;-0.5;-0.5;5.974758;1;Adaptation;15;1;;;;;
7.68;0;0;4.005198;1;Adaptation;15;1;;;;;
7.7;-0.5;-0.5;5.184163;1;Adaptation;15;1;;;;;
7.72;-0.5;-0.5;3.918142;1;Adaptation;15;1;;;;;
7.74;2;0;2.904738;1;Adaptation;15;1;;;;;
7.76;-0.5;-0.5;5.87235;1;Adaptation;15;1;;;;;
7.78;-0.5;-0.5;5.104046;1;Adaptation;15;1;;;;;
7.8;0;0.125;4.352647;1;Adaptation;15;1;;;;;
7.82;-0.5;-0.5;3.913666;1;Adaptation;15;1;;;;;
7.84;-0.5;-0.5;2.730128;1;Adaptation;15;1;;;;;
7.86;-0.5;-0.5;5.656729;1;Adaptation;15;1;;;;;
7.88;-0.5;-0.5;2.355367;1;Adaptation;15;1;;;;;
7.9;-0.5;-0.5;2.022118;1;Adaptation;15;1;;;;;
7.92;-0.5;-0.5;2.852291;1;Adaptation;15;1;;;;;
7.94;-0.5;-0.5;3.962266;1;Adaptation;15;1;;;;;
7.96;0;0;2.00519;1;Adaptation;15;1;;;;;
7.98;-0.5;-0.5;5.146135;1;Adaptation;15;1;;;;;
8;-0.5;-0.5;5.681707;1;Adaptation;15;1;;;;;
8.02;-0.5;-0.5;5.785251;1;Adaptation;15;1;;;;;
8.04;-0.5;-0.5;5.960628;1;Adaptation;15;1;;;;;
8.059999;-0.5;-0.5;4.797355;1;Adaptation;15;1;;;;;
8.08;-0.5;-0.5;4.178376;1;Adaptation;15;1;;;;;
8.099999;-0.5;-0.5;5.860308;1;Adaptation;15;1;;;;;
8.12;-0.5;-0.5;2.763115;1;Adaptation;15;1;;;;;
8.139999;-0.5;-0.5;2.438435;1;Adaptation;15;1;;;;;
8.16;-0.5;-0.5;3.830784;1;Adaptation;15;1;;;;;
8.179999;-0.5;-0.5;5.07826;1;Adaptation;15;1;;;;;
8.2;-0.5;-0.5;3.1093;1;Adaptation;15;1;;;;;
8.22;-0.5;-0.5;3.25575;1;Adaptation;15;1;;;;;
8.24;-0.5;-0.5;3.654133;1;Adaptation;15;1;;;;;
8.26;-0.5;-0.5;2.276305;1;Adaptation;15;1;;;;;
8.28;-0.5;-0.5;2.709391;1;Adaptation;15;1;;;;;
8.3;-0.5;-0.5;2.752175;1;Adaptation;15;1;;;;;
8.32;0;0.25;2.606151;1;Adaptation;15;1;;;;;
8.34;-0.5;-0.5;5.554016;1;Adaptation;15;1;;;;;
8.36;2;-0.125;3.473362;1;Adaptation;15;1;;;;;
8.38;-0.5;-0.5;4.88473;1;Adaptation;15;1;;;;;
8.4;-0.5;-0.5;2.589612;1;Adaptation;15;1;;;;;
8.42;-0.5;-0.5;2.202599;1;Adaptation;15;1;;;;;
8.44;-0.5;-0.5;2.076012;1;Adaptation;15;1;;;;;
8.46;-0.5;-0.5;4.77325;1;Adaptation;15;1;;;;;
8.48;-0.5;-0.5;5.218441;1;Adaptation;15;1;;;;;
8.5;-0.5;-0.5;5.605122;1;Adaptation;15;1;;;;;
8.52;-0.5;-0.5;3.266571;1;Adaptation;15;1;;;;;
8.54;-0.5;-0.5;2.501397;1;Adaptation;15;1;;;;;
8.559999;-0.5;-0.5;4.133009;1;Adaptation;15;1;;;;;
8.58;-0.5;-0.5;2.420631;1;Adaptation;15;1;;;;;
8.599999;-0.5;-0.5;3.209819;1;Adaptation;15;1;;;;;
8.62;0;0;3.381979;1;Adaptation;15;1;;;;;
8.639999;-0.5;-0.5;3.744715;1;Adaptation;15;1;;;;;
8.66;-0.5;-0.5;2.737181;1;Adaptation;15;1;;;;;
8.679999;-0.5;-0.5;4.661626;1;Adaptation;15;1;;;;;
8.7;-0.5;-0.5;5.927307;1;Adaptation;15;1;;;;;
8.72;-0.5;-0.5;3.290007;1;Adaptation;15;1;;;;;
8.74;-0.5;-0.5;5.287265;1;Adaptation;15;1;;;;;
8.76;-2;0.25;3.287407;1;Adaptation;15;1;;;;;
8.78;-0.5;-0.5;4.608296;1;Adaptation;15;1;;;;;
8.8;-0.5;-0.5;2.073383;1;Adaptation;15;1;;;;;
8.82;-0.5;-0.5;4.704563;1;Adaptation;15;1;;;;;
8.84;-0.5;-0.5;3.249454;1;Adaptation;15;1;;;;;
8.86;-0.5;-0.5;4.365508;1;Adaptation;15;1;;;;;
8.88;-2;0.375;4.029063;1;Adaptation;15;1;;;;;
8.9;0;0;4.382271;1;Adaptation;15;1;;;;;
8.92;-0.5;-0.5;5.154071;1;Adaptation;15;1;;;;;
8.94;-0.5;-0.5;2.790981;1;Adaptation;15;1;;;;;
8.96;2;0.125;3.548302;1;Adaptation;15;1;;;;;
8.98;-0.5;-0.5;4.721736;1;Adaptation;15;1;;;;;
9;-0.5;-0.5;5.102801;1;Adaptation;15;1;;;;;
9.02;-0.5;-0.5;3.40495;1;Adaptation;15;1;;;;;
9.04;-0.5;-0.5;4.854869;1;Adaptation;15;1;;;;;
9.059999;-0.5;-0.5;3.325826;1;Adaptation;15;1;;;;;
9.08;-0.5;-0.5;5.593823;1;Adaptation;15;1;;;;;
9.099999;-0.5;-0.5;3.651598;1;Adaptation;15;1;;;;;
9.12;2;-0.125;5.158592;1;Adaptation;15;1;;;;;
9.139999;-0.5;-0.5;5.397096;1;Adaptation;15;1;;;;;
9.16;-0.5;-0.5;3.828558;1;Adaptation;15;1;;;;;
9.179999;0;0;2.032916;1;Adaptation;15;1;;;;;
9.2;-0.5;-0.5;2.10374;1;Adaptation;15;1;;;;;
9.22;-0.5;-0.5;4.550925;1;Adaptation;15;1;;;;;
9.24;-0.5;-0.5;2.376148;1;Adaptation;15;1;;;;;
9.26;-0.5;-0.5;3.700256;1;Adaptation;15;1;;;;;
9.28;0;-0.125;4.040498;1;Adaptation;15;1;;;;;
9.3;-0.5;-0.5;4.252165;1;Adaptation;15;1;;;;;
9.32;0;-0.125;3.078014;1;Adaptation;15;1;;;;;
9.34;0;0.125;3.883738;1;Adaptation;15;1;;;;;
9.36;-0.5;-0.5;3.61802;1;Adaptation;15;1;;;;;
9.38;0;0;3.914993;1;Adaptation;15;1;;;;;
9.4;-0.5;-0.5;5.727282;1;Adaptation;15;1;;;;;
9.42;0;-0.125;5.789803;1;Adaptation;15;1;;;;;
9.44;-0.5;-0.5;2.536444;1;Adaptation;15;1;;;;;
9.46;2;-0.125;2.743799;1;Adaptation;15;1;;;;;
9.48;-0.5;-0.5;5.907036;1;Adaptation;15;1;;;;;
9.5;-0.5;-0.5;2.161348;1;Adaptation;15;1;;;;;
9.52;-0.5;-0.5;2.952259;1;Adaptation;15;1;;;;;
9.54;0;0;2.81917;1;Adaptation;15;1;;;;;
9.559999;2;0.125;2.306292;1;Adaptation;15;1;;;;;
9.58;-0.5;-0.5;5.070454;1;Adaptation;15;1;;;;;
9.599999;-0.5;-0.5;5.029058;1;Adaptation;15;1;;;;;
9.62;-0.5;-0.5;4.503134;1;Adaptation;15;1;;;;;
9.639999;-0.5;-0.5;2.363194;1;Adaptation;15;1;;;;;
9.66;-0.5;-0.5;2.454052;1;Adaptation;15;1;;;;;
;;;;;;;;;;;;
