time;pos_x_right;pos_y_right;dil_right;pos_x_left;pos_y_left;dil_left;brightness;fov;trial;;
0;-0.5;-0.5;5.955542;1;15;1;;;;;
0.02;-0.5;-0.5;3.039753;1;15;1;;;;;
0.04;-0.5;-0.5;3.317207;1;15;1;;;;;
0.06;-0.5;-0.5;3.05148;1;15;1;;;;;
0.08;-0.5;-0.5;2.166557;1;15;1;;;;;
0.09999999;-0.5;-0.5;3.340322;1;15;1;;;;;
0.12;-0.5;-0.5;2.056694;1;15;1;;;;;
0.14;-0.5;-0.5;2.534667;1;15;1;;;;;
0.16;-0.5;-0.5;3.100721;1;15;1;;;;;
0.18;-0.5;-0.5;5.763097;1;15;1;;;;;
0.2;-0.5;-0.5;3.445477;1;15;1;;;;;
0.22;-0.5;-0.5;4.518131;1;15;1;;;;;
0.24;-0.5;-0.5;3.23661;1;15;1;;;;;
0.26;-0.5;-0.5;5.54285;1;15;1;;;;;
0.28;-0.5;-0.5;3.454373;1;15;1;;;;;
0.3;-0.5;-0.5;3.506432;1;15;1;;;;;
0.32;-0.5;-0.5;2.322511;1;15;1;;;;;
0.34;-0.5;-0.5;4.669226;1;15;1;;;;;
0.36;-0.5;-0.5;5.629292;1;15;1;;;;;
0.38;-0.5;-0.5;3.516228;1;15;1;;;;;
0.4;-0.5;-0.5;2.819499;1;15;1;;;;;
0.42;-0.5;-0.5;5.036531;1;15;1;;;;;
0.44;-0.5;-0.5;5.030716;1;15;1;;;;;
0.46;-0.5;-0.5;5.320192;1;15;1;;;;;
0.48;-0.5;-0.5;4.145369;1;15;1;;;;;
0.5;-0.5;-0.5;5.414339;1;15;1;;;;;
0.52;-0.5;-0.5;5.040985;1;15;1;;;;;
0.54;2;-0.25;5.828001;1;15;1;;;;;
0.56;-0.5;-0.5;3.578901;1;15;1;;;;;
0.58;-0.5;-0.5;5.998922;1;15;1;;;;;
0.6;-0.5;-0.5;3.000335;1;15;1;;;;;
0.62;-0.5;-0.5;3.624008;1;15;1;;;;;
0.64;-0.5;-0.5;5.908479;1;15;1;;;;;
0.66;-0.5;-0.5;2.401627;1;15;1;;;;;
0.68;-0.5;-0.5;2.999463;1;15;1;;;;;
0.7;-0.5;-0.5;3.050186;1;15;1;;;;;
0.72;-0.5;-0.5;2.598484;1;15;1;;;;;
0.74;-0.5;-0.5;2.579552;1;15;1;;;;;
0.76;-0.5;-0.5;2.718138;1;15;1;;;;;
0.78;-0.5;-0.5;3.04479;1;15;1;;;;;
0.8;-0.5;-0.5;3.957039;1;15;1;;;;;
0.82;-0.5;-0.5;5.939437;1;15;1;;;;;
0.84;-0.5;-0.5;5.066386;1;15;1;;;;;
0.86;-0.5;-0.5;4.408594;1;15;1;;;;;
0.88;-0.5;-0.5;2.292907;1;15;1;;;;;
0.9;-0.5;-0.5;3.965471;1;15;1;;;;;
0.92;-0.5;-0.5;5.71967;1;15;1;;;;;
0.94;-0.5;-0.5;2.072591;1;15;1;;;;;
0.96;-0.5;-0.5;2.632825;1;15;1;;;;;
0.98;-0.5;-0.5;5.777389;1;15;1;;;;;
1;-0.5;-0.5;2.645142;1;15;1;;;;;
1.02;-0.5;-0.5;3.664909;1;15;1;;;;;
1.04;-0.5;-0.5;5.90478;1;15;1;;;;;
1.06;-0.5;-0.5;4.141852;1;15;1;;;;;
1.08;-0.5;-0.5;4.924652;1;15;1;;;;;
1.1;-0.5;-0.5;4.186766;1;15;1;;;;;
1.12;-0.5;-0.5;3.177624;1;15;1;;;;;
1.14;-0.5;-0.5;2.879685;1;15;1;;;;;
1.16;-0.5;-0.5;2.911137;1;15;1;;;;;
1.18;-0.5;-0.5;5.100745;1;15;1;;;;;
1.2;-0.5;-0.5;4.616876;1;15;1;;;;;
1.22;-0.5;-0.5;5.206949;1;15;1;;;;;
1.24;-0.5;-0.5;2.521271;1;15;1;;;;;
1.26;-0.5;-0.5;3.423666;1;15;1;;;;;
1.28;-0.5;-0.5;4.965235;1;15;1;;;;;
1.3;-0.5;-0.5;2.330266;1;15;1;;;;;
1.32;-0.5;-0.5;4.871997;1;15;1;;;;;
1.34;-0.5;-0.5;3.719065;1;15;1;;;;;
1.36;-0.5;-0.5;4.816761;1;15;1;;;;;
1.38;-0.5;-0.5;5.803224;1;15;1;;;;;
1.4;-0.5;-0.5;4.302505;1;15;1;;;;;
1.42;-0.5;-0.5;3.99104;1;15;1;;;;;
1.44;0;0.25;2.955491;1;15;1;;;;;
1.46;-0.5;-0.5;4.57637;1;15;1;;;;;
1.48;-0.5;-0.5;4.92817;1;15;1;;;;;
1.5;-0.5;-0.5;5.571495;1;15;1;;;;;
1.52;-0.5;-0.5;2.800323;1;15;1;;;;;
1.54;-0.5;-0.5;2.927909;1;15;1;;;;;
1.56;-0.5;-0.5;3.985524;1;15;1;;;;;
1.58;0;0;5.822918;1;15;1;;;;;
1.6;-0.5;-0.5;5.04885;1;15;1;;;;;
1.62;-0.5;-0.5;3.038054;1;15;1;;;;;
1.64;-0.5;-0.5;5.786161;1;15;1;;;;;
1.66;-0.5;-0.5;5.583266;1;15;1;;;;;
1.68;-0.5;-0.5;2.17345;1;15;1;;;;;
1.7;-0.5;-0.5;2.981441;1;15;1;;;;;
1.72;-0.5;-0.5;3.170559;1;15;1;;;;;
1.74;-0.5;-0.5;2.332561;1;15;1;;;;;
1.76;-0.5;-0.5;3.081186;1;15;1;;;;;
1.78;-0.5;-0.5;4.932864;1;15;1;;;;;
1.8;-0.5;-0.5;5.360495;1;15;1;;;;;
1.82;-0.5;-0.5;5.309894;1;15;1;;;;;
1.84;-0.5;-0.5;5.70984;1;15;1;;;;;
1.86;-0.5;-0.5;3.50326;1;15;1;;;;;
1.88;-0.5;-0.5;4.562613;1;15;1;;;;;
1.9;-0.5;-0.5;5.745207;1;15;1;;;;;
1.92;-0.5;-0.5;4.105783;1;15;1;;;;;
1.94;-0.5;-0.5;3.977272;1;15;1;;;;;
1.96;-0.5;-0.5;2.752446;1;15;1;;;;;
1.98;-0.5;-0.5;2.837998;1;15;1;;;;;
2;-0.5;-0.5;2.075161;1;15;1;;;;;
2.02;-0.5;-0.5;5.375663;1;15;1;;;;;
2.04;-0.5;-0.5;3.500743;1;15;1;;;;;
2.06;-0.5;-0.5;3.188528;1;15;1;;;;;
2.08;-0.5;-0.5;2.329217;1;15;1;;;;;
2.1;-0.5;-0.5;3.033174;1;15;1;;;;;
2.12;-0.5;-0.5;4.081711;1;15;1;;;;;
2.14;-0.5;-0.5;2.003398;1;15;1;;;;;
2.16;-0.5;-0.5;3.063811;1;15;1;;;;;
2.18;-0.5;-0.5;5.046915;1;15;1;;;;;
2.2;-0.5;-0.5;4.223895;1;15;1;;;;;
2.22;0;-0.25;3.15409;1;15;1;;;;;
2.24;-0.5;-0.5;5.809602;1;15;1;;;;;
2.26;-0.5;-0.5;3.080058;1;15;1;;;;;
2.28;-0.5;-0.5;4.364977;1;15;1;;;;;
2.3;-0.5;-0.5;3.175614;1;15;1;;;;;
2.32;-0.5;-0.5;4.241418;1;15;1;;;;;
2.34;-0.5;-0.5;2.815348;1;15;1;;;;;
2.36;-0.5;-0.5;5.123419;1;15;1;;;;;
2.38;-0.5;-0.5;5.344007;1;15;1;;;;;
2.4;-0.5;-0.5;4.353069;1;15;1;;;;;
2.42;-0.5;-0.5;3.733239;1;15;1;;;;;
2.44;-0.5;-0.5;5.02191;1;15;1;;;;;
2.46;-0.5;-0.5;5.879491;1;15;1;;;;;
2.48;-0.5;-0.5;3.498358;1;15;1;;;;;
2.5;-0.5;-0.5;4.601994;1;15;1;;;;;
2.52;-0.5;-0.5;3.203587;1;15;1;;;;;
2.54;-0.5;-0.5;5.107904;1;15;1;;;;;
2.56;-0.5;-0.5;2.509344;1;15;1;;;;;
2.58;-0.5;-0.5;4.466618;1;15;1;;;;;
2.6;-0.5;-0.5;4.685252;1;15;1;;;;;
2.62;-0.5;-0.5;5.446689;1;15;1;;;;;
2.64;-0.5;-0.5;2.20708;1;15;1;;;;;
2.66;-0.5;-0.5;2.724957;1;15;1;;;;;
2.68;-0.5;-0.5;5.142459;1;15;1;;;;;
2.7;-0.5;-0.5;4.02519;1;15;1;;;;;
2.72;-0.5;-0.5;2.930714;1;15;1;;;;;
2.74;-0.5;-0.5;3.280874;1;15;1;;;;;
2.76;-0.5;-0.5;5.83846;1;15;1;;;;;
2.78;-0.5;-0.5;2.975931;1;15;1;;;;;
2.8;-0.5;-0.5;5.616097;1;15;1;;;;;
2.82;-0.5;-0.5;5.133873;1;15;1;;;;;
2.84;-0.5;-0.5;2.741494;1;15;1;;;;;
2.86;-0.5;-0.5;4.44246;1;15;1;;;;;
2.88;-0.5;-0.5;3.708855;1;15;1;;;;;
2.9;-0.5;-0.5;2.16495;1;15;1;;;;;
2.92;-0.5;-0.5;2.496207;1;15;1;;;;;
2.94;2;0;2.984662;1;15;1;;;;;
2.96;-0.5;-0.5;2.362573;1;15;1;;;;;
2.98;-0.5;-0.5;2.749013;1;15;1;;;;;
3;-0.5;-0.5;2.962913;1;15;1;;;;;
3.02;2;-0.25;3.03324;1;15;1;;;;;
3.04;-0.5;-0.5;3.745639;1;15;1;;;;;
3.06;-0.5;-0.5;3.884513;1;15;1;;;;;
3.08;-0.5;-0.5;2.311828;1;15;1;;;;;
3.1;-0.5;-0.5;2.860922;1;15;1;;;;;
3.12;-0.5;-0.5;3.016119;1;15;1;;;;;
3.14;-0.5;-0.5;4.518844;1;15;1;;;;;
3.16;-0.5;-0.5;2.988257;1;15;1;;;;;
3.18;-0.5;-0.5;5.406046;1;15;1;;;;;
3.2;-0.5;-0.5;4.652571;1;15;1;;;;;
3.22;-0.5;-0.5;5.80843;1;15;1;;;;;
3.24;-0.5;-0.5;3.253739;1;15;1;;;;;
3.26;-0.5;-0.5;4.19759;1;15;1;;;;;
3.28;-0.5;-0.5;4.167429;1;15;1;;;;;
3.3;-0.5;-0.5;2.916274;1;15;1;;;;;
3.32;-0.5;-0.5;5.798068;1;15;1;;;;;
3.34;-0.5;-0.5;2.063858;1;15;1;;;;;
3.36;-0.5;-0.5;4.742987;1;15;1;;;;;
3.38;-0.5;-0.5;3.469294;1;15;1;;;;;
3.4;0;-0.25;3.36325;1;15;1;;;;;
3.42;-0.5;-0.5;4.171247;1;15;1;;;;;
3.44;-0.5;-0.5;5.486788;1;15;1;;;;;
3.46;-0.5;-0.5;4.700209;1;15;1;;;;;
3.48;-0.5;-0.5;3.128845;1;15;1;;;;;
3.5;-0.5;-0.5;3.120126;1;15;1;;;;;
3.52;-0.5;-0.5;4.945314;1;15;1;;;;;
3.54;-0.5;-0.5;5.933444;1;15;1;;;;;
3.56;-0.5;-0.5;3.761769;1;15;1;;;;;
3.58;-0.5;-0.5;3.111519;1;15;1;;;;;
3.6;-0.5;-0.5;5.720485;1;15;1;;;;;
3.62;-0.5;-0.5;5.924921;1;15;1;;;;;
3.64;-0.5;-0.5;4.615075;1;15;1;;;;;
3.66;-0.5;-0.5;3.783385;1;15;1;;;;;
3.68;-0.5;-0.5;2.727521;1;15;1;;;;;
3.7;-0.5;-0.5;4.021791;1;15;1;;;;;
3.72;-0.5;-0.5;3.814995;1;15;1;;;;;
3.74;-0.5;-0.5;5.885142;1;15;1;;;;;
3.76;-0.5;-0.5;2.367461;1;15;1;;;;;
3.78;-0.5;-0.5;3.069149;1;15;1;;;;;
3.8;-0.5;-0.5;4.520474;1;15;1;;;;;
3.82;-0.5;-0.5;3.959213;1;15;1;;;;;
3.84;-0.5;-0.5;4.423216;1;15;1;;;;;
3.86;-0.5;-0.5;3.254377;1;15;1;;;;;
3.88;-0.5;-0.5;3.660671;1;15;1;;;;;
3.9;-0.5;-0.5;2.404015;1;15;1;;;;;
3.92;-0.5;-0.5;3.536934;1;15;1;;;;;
3.94;-0.5;-0.5;3.407958;1;15;1;;;;;
3.96;-0.5;-0.5;5.456392;1;15;1;;;;;
3.98;-0.5;-0.5;4.798569;1;15;1;;;;;
4;-0.5;-0.5;2.387634;1;15;1;;;;;
4.02;-0.5;-0.5;3.960119;1;15;1;;;;;
4.04;-0.5;-0.5;5.703402;1;15;1;;;;;
4.06;2;0;3.250172;1;15;1;;;;;
4.08;-0.5;-0.5;3.050006;1;15;1;;;;;
4.1;-0.5;-0.5;5.336293;1;15;1;;;;;
4.12;-0.5;-0.5;5.866316;1;15;1;;;;;
4.14;-0.5;-0.5;4.243178;1;15;1;;;;;
4.16;-0.5;-0.5;2.04016;1;15;1;;;;;
4.18;-0.5;-0.5;5.070031;1;15;1;;;;;
4.2;-0.5;-0.5;5.104945;1;15;1;;;;;
4.22;-2;0;2.309409;1;15;1;;;;;
4.24;-0.5;-0.5;4.397217;1;15;1;;;;;
4.26;-0.5;-0.5;5.273466;1;15;1;;;;;
4.28;-0.5;-0.5;3.890161;1;15;1;;;;;
4.3;-0.5;-0.5;5.737248;1;15;1;;;;;
4.32;-0.5;-0.5;3.544329;1;15;1;;;;;
4.34;-0.5;-0.5;3.675668;1;15;1;;;;;
4.36;-0.5;-0.5;3.516749;1;15;1;;;;;
4.38;-0.5;-0.5;5.872527;1;15;1;;;;;
4.4;-0.5;-0.5;4.389405;1;15;1;;;;;
4.42;-0.5;-0.5;2.159957;1;15;1;;;;;
4.44;-0.5;-0.5;3.620159;1;15;1;;;;;
4.46;2;-0.25;5.740406;1;15;1;;;;;
4.48;-0.5;-0.5;4.126652;1;15;1;;;;;
4.5;-0.5;-0.5;4.282104;1;15;1;;;;;
4.52;2;-0.25;4.344558;1;15;1;;;;;
4.54;-0.5;-0.5;3.208164;1;15;1;;;;;
4.56;-0.5;-0.5;3.891223;1;15;1;;;;;
4.58;-0.5;-0.5;2.178157;1;15;1;;;;;
4.6;-2;0.25;3.799113;1;15;1;;;;;
4.62;-0.5;-0.5;5.336505;1;15;1;;;;;
4.64;-0.5;-0.5;5.724422;1;15;1;;;;;
4.66;-0.5;-0.5;3.259645;1;15;1;;;;;
4.68;-0.5;-0.5;3.421226;1;15;1;;;;;
4.7;-0.5;-0.5;4.061876;1;15;1;;;;;
4.72;-0.5;-0.5;3.302994;1;15;1;;;;;
4.74;-0.5;-0.5;4.803178;1;15;1;;;;;
4.76;-0.5;-0.5;2.299159;1;15;1;;;;;
4.78;-0.5;-0.5;3.656212;1;15;1;;;;;
4.8;-0.5;-0.5;4.548954;1;15;1;;;;;
4.82;-0.5;-0.5;5.803408;1;15;1;;;;;
4.84;-0.5;-0.5;3.10489;1;15;1;;;;;
4.86;-0.5;-0.5;3.460701;1;15;1;;;;;
4.88;-0.5;-0.5;4.137056;1;15;1;;;;;
4.9;-0.5;-0.5;5.025786;1;15;1;;;;;
4.92;-0.5;-0.5;4.801041;1;15;1;;;;;
4.94;-0.5;-0.5;4.817179;1;15;1;;;;;
4.96;-0.5;-0.5;2.575354;1;15;1;;;;;
4.98;-0.5;-0.5;5.08224;1;15;1;;;;;
5;-0.5;-0.5;5.091765;1;15;1;;;;;
5.02;-0.5;-0.5;2.81498;1;15;1;;;;;
5.04;-0.5;-0.5;4.028518;1;15;1;;;;;
5.06;-0.5;-0.5;2.564557;1;15;1;;;;;
5.08;-0.5;-0.5;5.310198;1;15;1;;;;;
5.1;-0.5;-0.5;4.418438;1;15;1;;;;;
5.12;-0.5;-0.5;2.701065;1;15;1;;;;;
5.14;-0.5;-0.5;2.519702;1;15;1;;;;;
5.16;-0.5;-0.5;5.895889;1;15;1;;;;;
5.18;-0.5;-0.5;3.788401;1;15;1;;;;;
5.2;-0.5;-0.5;5.575272;1;15;1;;;;;
5.22;-2;0.25;4.998397;1;15;1;;;;;
5.24;-0.5;-0.5;3.784739;1;15;1;;;;;
5.26;-0.5;-0.5;4.232767;1;15;1;;;;;
5.28;-0.5;-0.5;4.364701;1;15;1;;;;;
5.3;-0.5;-0.5;4.566745;1;15;1;;;;;
5.32;-0.5;-0.5;4.758001;1;15;1;;;;;
5.34;-0.5;-0.5;4.199047;1;15;1;;;;;
5.36;-0.5;-0.5;2.795574;1;15;1;;;;;
5.38;-0.5;-0.5;4.055062;1;15;1;;;;;
5.4;-0.5;-0.5;3.513934;1;15;1;;;;;
5.42;-0.5;-0.5;2.14998;1;15;1;;;;;
5.44;-0.5;-0.5;3.46483;1;15;1;;;;;
5.46;-0.5;-0.5;4.91207;1;15;1;;;;;
5.48;-0.5;-0.5;4.887706;1;15;1;;;;;
5.5;-0.5;-0.5;2.83078;1;15;1;;;;;
5.52;-0.5;-0.5;5.100279;1;15;1;;;;;
5.54;-0.5;-0.5;3.34245;1;15;1;;;;;
5.56;-0.5;-0.5;2.239634;1;15;1;;;;;
5.58;-0.5;-0.5;5.377708;1;15;1;;;;;
5.6;-0.5;-0.5;5.243734;1;15;1;;;;;
5.62;-0.5;-0.5;3.919214;1;15;1;;;;;
5.64;-0.5;-0.5;4.013112;1;15;1;;;;;
5.66;-0.5;-0.5;4.559972;1;15;1;;;;;
5.68;-0.5;-0.5;2.966383;1;15;1;;;;;
5.7;-0.5;-0.5;2.629257;1;15;1;;;;;
5.72;-0.5;-0.5;5.384925;1;15;1;;;;;
5.74;-0.5;-0.5;3.913188;1;15;1;;;;;
5.76;-0.5;-0.5;2.666163;1;15;1;;;;;
5.78;-0.5;-0.5;3.133946;1;15;1;;;;;
5.8;-0.5;-0.5;5.117146;1;15;1;;;;;
5.82;-0.5;-0.5;2.604948;1;15;1;;;;;
5.84;-0.5;-0.5;3.226139;1;15;1;;;;;
5.86;-0.5;-0.5;3.687726;1;15;1;;;;;
5.88;-0.5;-0.5;3.657693;1;15;1;;;;;
5.9;-0.5;-0.5;4.476268;1;15;1;;;;;
5.92;-0.5;-0.5;4.593229;1;15;1;;;;;
5.94;-0.5;-0.5;2.87291;1;15;1;;;;;
5.96;-0.5;-0.5;2.683538;1;15;1;;;;;
5.98;-0.5;-0.5;4.722889;1;15;1;;;;;
6;-0.5;-0.5;4.361491;1;15;1;;;;;
6.02;-0.5;-0.5;3.434288;1;15;1;;;;;
6.04;-0.5;-0.5;5.826863;1;15;1;;;;;
6.06;-0.5;-0.5;5.626029;1;15;1;;;;;
6.08;-0.5;-0.5;4.469636;1;15;1;;;;;
6.1;-0.5;-0.5;2.911503;1;15;1;;;;;
6.12;-0.5;-0.5;4.725967;1;15;1;;;;;
6.14;-0.5;-0.5;3.010154;1;15;1;;;;;
6.16;-0.5;-0.5;5.105975;1;15;1;;;;;
6.18;-0.5;-0.5;2.725678;1;15;1;;;;;
6.2;-0.5;-0.5;3.428973;1;15;1;;;;;
6.22;-0.5;-0.5;4.002345;1;15;1;;;;;
6.24;-0.5;-0.5;3.919268;1;15;1;;;;;
6.26;-0.5;-0.5;3.865397;1;15;1;;;;;
6.28;-0.5;-0.5;5.445274;1;15;1;;;;;
6.3;-0.5;-0.5;2.828259;1;15;1;;;;;
6.32;-0.5;-0.5;2.502664;1;15;1;;;;;
6.34;-0.5;-0.5;4.827432;1;15;1;;;;;
6.36;-2;0;2.9751;1;15;1;;;;;
6.38;-0.5;-0.5;4.357591;1;15;1;;;;;
6.4;-0.5;-0.5;2.540761;1;15;1;;;;;
6.42;-0.5;-0.5;2.694526;1;15;1;;;;;
6.44;0;0;5.179342;1;15;1;;;;;
6.46;-0.5;-0.5;4.335122;1;15;1;;;;;
6.48;-0.5;-0.5;2.97915;1;15;1;;;;;
6.5;-0.5;-0.5;3.037529;1;15;1;;;;;
6.52;-0.5;-0.5;4.573604;1;15;1;;;;;
6.54;-0.5;-0.5;2.488069;1;15;1;;;;;
6.56;-0.5;-0.5;3.918853;1;15;1;;;;;
6.58;2;0;4.251874;1;15;1;;;;;
6.6;-0.5;-0.5;2.933772;1;15;1;;;;;
6.62;-0.5;-0.5;5.969755;1;15;1;;;;;
6.64;-0.5;-0.5;4.797881;1;15;1;;;;;
6.66;-0.5;-0.5;2.352672;1;15;1;;;;;
6.68;-0.5;-0.5;5.155211;1;15;1;;;;;
6.7;-0.5;-0.5;3.028674;1;15;1;;;;;
6.72;-0.5;-0.5;2.083824;1;15;1;;;;;
6.74;-0.5;-0.5;4.499112;1;15;1;;;;;
6.76;-0.5;-0.5;3.401732;1;15;1;;;;;
6.78;-0.5;-0.5;3.723759;1;15;1;;;;;
6.8;-0.5;-0.5;5.724524;1;15;1;;;;;
6.82;-0.5;-0.5;5.352427;1;15;1;;;;;
6.84;-0.5;-0.5;4.263021;1;15;1;;;;;
6.86;-0.5;-0.5;3.31631;1;15;1;;;;;
6.88;-0.5;-0.5;3.093442;1;15;1;;;;;
6.9;-0.5;-0.5;2.366867;1;15;1;;;;;
6.92;-0.5;-0.5;4.317341;1;15;1;;;;;
6.94;-0.5;-0.5;5.382045;1;15;1;;;;;
6.96;-0.5;-0.5;3.598668;1;15;1;;;;;
6.98;-0.5;-0.5;2.997513;1;15;1;;;;;
7;-0.5;-0.5;5.255213;1;15;1;;;;;
7.02;-0.5;-0.5;2.66703;1;15;1;;;;;
7.04;-0.5;-0.5;2.045326;1;15;1;;;;;
7.06;-0.5;-0.5;3.760965;1;15;1;;;;;
7.08;-0.5;-0.5;5.029634;1;15;1;;;;;
7.1;-0.5;-0.5;3.507601;1;15;1;;;;;
7.12;-0.5;-0.5;2.912937;1;15;1;;;;;
7.14;-0.5;-0.5;5.747154;1;15;1;;;;;
7.16;-0.5;-0.5;4.170793;1;15;1;;;;;
7.18;-0.5;-0.5;3.898714;1;15;1;;;;;
7.2;-0.5;-0.5;2.463573;1;15;1;;;;;
7.22;-0.5;-0.5;4.419795;1;15;1;;;;;
7.24;-0.5;-0.5;4.619905;1;15;1;;;;;
7.26;-0.5;-0.5;2.830063;1;15;1;;;;;
7.28;-0.5;-0.5;5.257828;1;15;1;;;;;
7.3;-0.5;-0.5;4.517011;1;15;1;;;;;
7.32;-0.5;-0.5;5.894062;1;15;1;;;;;
7.34;-0.5;-0.5;3.112072;1;15;1;;;;;
7.36;-0.5;-0.5;3.434032;1;15;1;;;;;
7.38;-0.5;-0.5;5.306313;1;15;1;;;;;
7.4;-0.5;-0.5;4.096745;1;15;1;;;;;
7.42;-0.5;-0.5;3.060898;1;15;1;;;;;
7.44;-0.5;-0.5;2.661907;1;15;1;;;;;
7.46;-0.5;-0.5;3.444502;1;15;1;;;;;
7.48;-0.5;-0.5;4.92116;1;15;1;;;;;
7.5;-0.5;-0.5;3.635715;1;15;1;;;;;
7.52;-0.5;-0.5;5.59611;1;15;1;;;;;
7.54;-0.5;-0.5;2.297082;1;15;1;;;;;
7.56;-0.5;-0.5;2.627775;1;15;1;;;;;
7.58;-0.5;-0.5;2.340332;1;15;1;;;;;
7.6;-0.5;-0.5;3.945852;1;15;1;;;;;
7.62;-0.5;-0.5;2.325425;1;15;1;;;;;
7.64;-0.5;-0.5;2.375698;1;15;1;;;;;
7.66;-0.5;-0.5;4.571285;1;15;1;;;;;
7.68;-0.5;-0.5;4.532347;1;15;1;;;;;
7.7;-0.5;-0.5;2.726325;1;15;1;;;;;
7.72;-0.5;-0.5;4.313477;1;15;1;;;;;
7.74;-0.5;-0.5;4.88576;1;15;1;;;;;
7.76;-0.5;-0.5;5.775401;1;15;1;;;;;
7.78;-0.5;-0.5;5.688214;1;15;1;;;;;
7.8;-0.5;-0.5;2.271509;1;15;1;;;;;
7.82;-0.5;-0.5;3.809968;1;15;1;;;;;
7.84;-0.5;-0.5;2.802262;1;15;1;;;;;
7.86;-0.5;-0.5;2.435044;1;15;1;;;;;
7.88;-0.5;-0.5;3.926338;1;15;1;;;;;
7.9;-0.5;-0.5;2.786333;1;15;1;;;;;
7.92;-0.5;-0.5;2.078443;1;15;1;;;;;
7.94;-0.5;-0.5;3.778211;1;15;1;;;;;
7.96;-0.5;-0.5;4.113882;1;15;1;;;;;
7.98;-0.5;-0.5;4.497438;1;15;1;;;;;
8;-0.5;-0.5;4.246064;1;15;1;;;;;
8.02;-0.5;-0.5;5.375756;1;15;1;;;;;
8.04;-0.5;-0.5;2.178299;1;15;1;;;;;
8.059999;-0.5;-0.5;4.735036;1;15;1;;;;;
8.08;-0.5;-0.5;5.76258;1;15;1;;;;;
8.099999;-0.5;-0.5;4.844122;1;15;1;;;;;
8.12;-0.5;-0.5;3.691136;1;15;1;;;;;
8.139999;-0.5;-0.5;3.51008;1;15;1;;;;;
8.16;-0.5;-0.5;5.805498;1;15;1;;;;;
8.179999;-0.5;-0.5;3.868105;1;15;1;;;;;
8.2;2;0;5.584697;1;15;1;;;;;
8.22;-0.5;-0.5;5.167687;1;15;1;;;;;
8.24;-0.5;-0.5;5.063964;1;15;1;;;;;
8.26;-0.5;-0.5;4.980858;1;15;1;;;;;
8.28;-0.5;-0.5;3.506355;1;15;1;;;;;
8.3;-0.5;-0.5;4.362555;1;15;1;;;;;
8.32;-0.5;-0.5;5.41293;1;15;1;;;;;
8.34;-0.5;-0.5;4.885828;1;15;1;;;;;
8.36;-0.5;-0.5;3.113397;1;15;1;;;;;
8.38;-0.5;-0.5;3.824248;1;15;1;;;;;
8.4;-0.5;-0.5;3.90285;1;15;1;;;;;
8.42;-0.5;-0.5;3.466396;1;15;1;;;;;
8.44;-0.5;-0.5;2.661395;1;15;1;;;;;
8.46;-0.5;-0.5;3.901454;1;15;1;;;;;
8.48;-0.5;-0.5;2.738892;1;15;1;;;;;
8.5;-0.5;-0.5;4.759563;1;15;1;;;;;
8.52;-0.5;-0.5;3.847153;1;15;1;;;;;
8.54;-0.5;-0.5;2.554318;1;15;1;;;;;
8.559999;-0.5;-0.5;4.804162;1;15;1;;;;;
8.58;-0.5;-0.5;2.36103;1;15;1;;;;;
8.599999;-0.5;-0.5;3.460253;1;15;1;;;;;
8.62;-0.5;-0.5;3.658788;1;15;1;;;;;
8.639999;-0.5;-0.5;5.053916;1;15;1;;;;;
8.66;-0.5;-0.5;4.863319;1;15;1;;;;;
8.679999;-0.5;-0.5;4.261116;1;15;1;;;;;
8.7;-0.5;-0.5;2.511391;1;15;1;;;;;
8.72;-0.5;-0.5;2.221974;1;15;1;;;;;
8.74;-0.5;-0.5;3.901314;1;15;1;;;;;
8.76;-0.5;-0.5;2.265921;1;15;1;;;;;
8.78;-0.5;-0.5;3.647299;1;15;1;;;;;
8.8;-0.5;-0.5;4.27342;1;15;1;;;;;
8.82;-0.5;-0.5;2.172567;1;15;1;;;;;
8.84;-0.5;-0.5;3.629979;1;15;1;;;;;
8.86;-0.5;-0.5;2.037862;1;15;1;;;;;
8.88;-0.5;-0.5;3.323753;1;15;1;;;;;
8.9;-0.5;-0.5;3.150556;1;15;1;;;;;
8.92;-0.5;-0.5;4.501314;1;15;1;;;;;
8.94;-0.5;-0.5;4.985573;1;15;1;;;;;
8.96;-0.5;-0.5;2.980854;1;15;1;;;;;
8.98;-0.5;-0.5;2.262257;1;15;1;;;;;
9;-0.5;-0.5;5.306762;1;15;1;;;;;
9.02;-0.5;-0.5;4.830425;1;15;1;;;;;
9.04;-0.5;-0.5;5.260574;1;15;1;;;;;
9.059999;-0.5;-0.5;3.97231;1;15;1;;;;;
9.08;-0.5;-0.5;3.340233;1;15;1;;;;;
9.099999;-0.5;-0.5;4.605309;1;15;1;;;;;
9.12;-0.5;-0.5;4.001179;1;15;1;;;;;
9.139999;-0.5;-0.5;5.11839;1;15;1;;;;;
9.16;-0.5;-0.5;3.132649;1;15;1;;;;;
9.179999;-0.5;-0.5;4.473293;1;15;1;;;;;
9.2;-0.5;-0.5;4.487893;1;15;1;;;;;
9.22;-0.5;-0.5;5.469156;1;15;1;;;;;
9.24;-0.5;-0.5;2.209176;1;15;1;;;;;
9.26;-0.5;-0.5;4.104341;1;15;1;;;;;
9.28;-0.5;-0.5;4.338503;1;15;1;;;;;
9.3;-0.5;-0.5;2.63437;1;15;1;;;;;
9.32;-0.5;-0.5;4.760679;1;15;1;;;;;
9.34;-0.5;-0.5;3.501504;1;15;1;;;;;
9.36;-0.5;-0.5;2.674777;1;15;1;;;;;
9.38;-0.5;-0.5;3.039351;1;15;1;;;;;
9.4;-0.5;-0.5;3.151939;1;15;1;;;;;
9.42;-0.5;-0.5;2.975598;1;15;1;;;;;
9.44;-0.5;-0.5;2.804134;1;15;1;;;;;
9.46;-0.5;-0.5;2.344978;1;15;1;;;;;
9.48;-0.5;-0.5;4.361511;1;15;1;;;;;
9.5;-2;0;5.052082;1;15;1;;;;;
9.52;-0.5;-0.5;3.359665;1;15;1;;;;;
9.54;-0.5;-0.5;3.926677;1;15;1;;;;;
9.559999;-0.5;-0.5;3.494457;1;15;1;;;;;
9.58;-0.5;-0.5;4.59599;1;15;1;;;;;
9.599999;-0.5;-0.5;4.482895;1;15;1;;;;;
9.62;-0.5;-0.5;5.182557;1;15;1;;;;;
9.639999;-0.5;-0.5;5.979171;1;15;1;;;;;
9.66;-0.5;-0.5;5.686015;1;15;1;;;;;
9.679999;-0.5;-0.5;4.715641;1;15;1;;;;;
9.7;-0.5;-0.5;4.201432;1;15;1;;;;;
9.719999;-0.5;-0.5;5.997353;1;15;1;;;;;
9.74;-0.5;-0.5;5.066436;1;15;1;;;;;
9.76;-0.5;-0.5;3.923212;1;15;1;;;;;
9.78;-0.5;-0.5;4.372552;1;15;1;;;;;
9.8;-0.5;-0.5;3.746773;1;15;1;;;;;
9.82;-0.5;-0.5;4.671954;1;15;1;;;;;
9.84;0;0.25;2.447951;1;15;1;;;;;
9.86;-0.5;-0.5;2.66482;1;15;1;;;;;
9.88;-0.5;-0.5;2.855802;1;15;1;;;;;
9.9;-0.5;-0.5;2.096845;1;15;1;;;;;
9.92;-0.5;-0.5;3.759084;1;15;1;;;;;
9.94;-0.5;-0.5;2.382377;1;15;1;;;;;
9.96;0;0.25;2.577624;1;15;1;;;;;
9.98;-0.5;-0.5;3.702074;1;15;1;;;;;
10;-0.5;-0.5;2.168798;1;15;1;;;;;
10.02;-0.5;-0.5;3.294794;1;15;1;;;;;
10.04;-0.5;-0.5;2.962767;1;15;1;;;;;
10.06;-0.5;-0.5;4.545681;1;15;1;;;;;
10.08;0;0.25;2.056168;1;15;1;;;;;
10.1;-0.5;-0.5;4.696054;1;15;1;;;;;
10.12;-0.5;-0.5;3.468691;1;15;1;;;;;
10.14;-0.5;-0.5;5.620996;1;15;1;;;;;
10.16;-0.5;-0.5;3.361803;1;15;1;;;;;
10.18;-0.5;-0.5;5.402526;1;15;1;;;;;
10.2;-0.5;-0.5;4.796083;1;15;1;;;;;
10.22;-0.5;-0.5;3.962765;1;15;1;;;;;
10.24;0;0;4.836634;1;15;1;;;;;
10.26;-0.5;-0.5;3.070329;1;15;1;;;;;
10.28;-0.5;-0.5;3.649529;1;15;1;;;;;
10.3;-0.5;-0.5;3.978288;1;15;1;;;;;
10.32;-0.5;-0.5;4.953676;1;15;1;;;;;
10.34;-0.5;-0.5;4.228636;1;15;1;;;;;
10.36;-0.5;-0.5;4.750369;1;15;1;;;;;
10.38;-0.5;-0.5;3.189895;1;15;1;;;;;
10.4;-0.5;-0.5;2.470238;1;15;1;;;;;
10.42;-0.5;-0.5;5.703088;1;15;1;;;;;
10.44;-0.5;-0.5;5.768963;1;15;1;;;;;
10.46;-0.5;-0.5;5.078271;1;15;1;;;;;
10.48;-0.5;-0.5;2.520939;1;15;1;;;;;
10.5;-0.5;-0.5;2.623228;1;15;1;;;;;
10.52;-0.5;-0.5;3.419415;1;15;1;;;;;
10.54;-0.5;-0.5;4.546856;1;15;1;;;;;
10.56;-0.5;-0.5;2.537312;1;15;1;;;;;
10.58;-0.5;-0.5;5.690945;1;15;1;;;;;
10.6;-0.5;-0.5;2.779217;1;15;1;;;;;
10.62;-0.5;-0.5;3.696385;1;15;1;;;;;
10.64;-0.5;-0.5;2.550575;1;15;1;;;;;
10.66;-0.5;-0.5;5.137856;1;15;1;;;;;
10.68;-0.5;-0.5;2.480711;1;15;1;;;;;
10.7;-0.5;-0.5;3.968868;1;15;1;;;;;
10.72;-0.5;-0.5;5.612786;1;15;1;;;;;
10.74;-0.5;-0.5;4.703417;1;15;1;;;;;
10.76;-0.5;-0.5;4.166972;1;15;1;;;;;
10.78;-0.5;-0.5;5.056093;1;15;1;;;;;
10.8;-0.5;-0.5;2.030557;1;15;1;;;;;
10.82;-0.5;-0.5;4.052232;1;15;1;;;;;
10.84;-0.5;-0.5;3.295211;1;15;1;;;;;
10.86;-0.5;-0.5;5.236056;1;15;1;;;;;
10.88;-0.5;-0.5;3.756592;1;15;1;;;;;
10.9;-0.5;-0.5;2.266526;1;15;1;;;;;
10.92;-0.5;-0.5;3.447866;1;15;1;;;;;
10.94;-0.5;-0.5;3.504469;1;15;1;;;;;
10.96;-0.5;-0.5;3.051167;1;15;1;;;;;
10.98;-0.5;-0.5;3.957967;1;15;1;;;;;
11;-0.5;-0.5;5.764676;1;15;1;;;;;
11.02;-0.5;-0.5;2.513914;1;15;1;;;;;
11.04;-0.5;-0.5;5.386566;1;15;1;;;;;
11.06;-0.5;-0.5;2.610349;1;15;1;;;;;
11.08;-0.5;-0.5;4.834483;1;15;1;;;;;
11.1;-0.5;-0.5;3.999688;1;15;1;;;;;
11.12;-0.5;-0.5;4.650175;1;15;1;;;;;
11.14;-0.5;-0.5;4.583473;1;15;1;;;;;
11.16;-0.5;-0.5;5.210491;1;15;1;;;;;
11.18;-0.5;-0.5;2.415445;1;15;1;;;;;
11.2;-0.5;-0.5;3.833468;1;15;1;;;;;
11.22;-0.5;-0.5;2.253735;1;15;1;;;;;
11.24;0;0;3.069231;1;15;1;;;;;
11.26;-0.5;-0.5;4.714327;1;15;1;;;;;
11.28;-0.5;-0.5;4.628083;1;15;1;;;;;
11.3;-0.5;-0.5;3.507258;1;15;1;;;;;
11.32;-0.5;-0.5;5.654452;1;15;1;;;;;
11.34;-0.5;-0.5;3.593764;1;15;1;;;;;
11.36;-0.5;-0.5;4.122585;1;15;1;;;;;
11.38;-0.5;-0.5;4.025521;1;15;1;;;;;
11.4;-0.5;-0.5;3.611845;1;15;1;;;;;
11.42;-0.5;-0.5;2.013215;1;15;1;;;;;
11.44;-0.5;-0.5;2.515269;1;15;1;;;;;
11.46;-0.5;-0.5;5.444845;1;15;1;;;;;
11.48;-0.5;-0.5;3.081019;1;15;1;;;;;
11.5;-0.5;-0.5;3.132522;1;15;1;;;;;
11.52;-0.5;-0.5;2.325381;1;15;1;;;;;
11.54;-0.5;-0.5;5.974698;1;15;1;;;;;
11.56;-0.5;-0.5;3.182549;1;15;1;;;;;
11.58;-0.5;-0.5;4.455855;1;15;1;;;;;
11.6;-0.5;-0.5;3.273442;1;15;1;;;;;
11.62;-0.5;-0.5;2.988907;1;15;1;;;;;
11.64;-0.5;-0.5;3.763001;1;15;1;;;;;
11.66;-0.5;-0.5;2.055134;1;15;1;;;;;
11.68;-0.5;-0.5;5.134543;1;15;1;;;;;
11.7;-0.5;-0.5;2.508484;1;15;1;;;;;
11.72;-0.5;-0.5;2.529385;1;15;1;;;;;
11.74;-0.5;-0.5;4.411738;1;15;1;;;;;
11.76;-0.5;-0.5;5.27516;1;15;1;;;;;
11.78;-0.5;-0.5;4.472261;1;15;1;;;;;
11.8;-0.5;-0.5;3.667461;1;15;1;;;;;
11.82;-0.5;-0.5;2.230805;1;15;1;;;;;
11.84;-0.5;-0.5;3.113752;1;15;1;;;;;
11.86;-0.5;-0.5;2.127673;1;15;1;;;;;
11.88;-0.5;-0.5;3.957264;1;15;1;;;;;
11.9;-0.5;-0.5;5.585968;1;15;1;;;;;
11.92;-0.5;-0.5;3.001634;1;15;1;;;;;
11.94;-0.5;-0.5;5.696406;1;15;1;;;;;
11.96;-0.5;-0.5;4.984417;1;15;1;;;;;
11.98;-0.5;-0.5;3.935914;1;15;1;;;;;
12;-0.5;-0.5;5.402295;1;15;1;;;;;
12.02;-0.5;-0.5;4.752224;1;15;1;;;;;
12.04;-0.5;-0.5;4.563422;1;15;1;;;;;
12.06;-0.5;-0.5;5.654451;1;15;1;;;;;
12.08;-0.5;-0.5;5.613306;1;15;1;;;;;
12.1;-0.5;-0.5;5.396659;1;15;1;;;;;
12.12;-0.5;-0.5;4.430287;1;15;1;;;;;
12.14;-0.5;-0.5;3.478353;1;15;1;;;;;
12.16;-0.5;-0.5;2.438874;1;15;1;;;;;
12.18;-0.5;-0.5;4.721956;1;15;1;;;;;
12.2;-0.5;-0.5;5.036197;1;15;1;;;;;
12.22;-0.5;-0.5;2.021525;1;15;1;;;;;
12.24;-0.5;-0.5;4.295964;1;15;1;;;;;
12.26;-0.5;-0.5;3.888135;1;15;1;;;;;
12.28;-0.5;-0.5;2.014251;1;15;1;;;;;
12.3;-0.5;-0.5;3.126872;1;15;1;;;;;
12.32;-0.5;-0.5;2.233363;1;15;1;;;;;
12.34;-0.5;-0.5;3.672135;1;15;1;;;;;
12.36;-0.5;-0.5;5.395003;1;15;1;;;;;
12.38;-0.5;-0.5;4.299256;1;15;1;;;;;
12.4;-0.5;-0.5;4.404662;1;15;1;;;;;
12.42;-0.5;-0.5;5.7215;1;15;1;;;;;
12.44;-0.5;-0.5;5.381454;1;15;1;;;;;
12.46;-0.5;-0.5;4.850918;1;15;1;;;;;
12.48;-0.5;-0.5;5.415308;1;15;1;;;;;
12.5;-0.5;-0.5;3.459434;1;15;1;;;;;
12.52;-0.5;-0.5;2.868307;1;15;1;;;;;
12.54;-0.5;-0.5;3.470935;1;15;1;;;;;
12.56;-0.5;-0.5;2.521867;1;15;1;;;;;
12.58;-0.5;-0.5;3.883974;1;15;1;;;;;
12.6;-0.5;-0.5;5.414018;1;15;1;;;;;
12.62;-0.5;-0.5;5.802464;1;15;1;;;;;
12.64;-0.5;-0.5;4.558294;1;15;1;;;;;
12.66;-0.5;-0.5;5.057858;1;15;1;;;;;
12.68;-0.5;-0.5;4.74203;1;15;1;;;;;
12.7;-0.5;-0.5;2.779821;1;15;1;;;;;
12.72;-0.5;-0.5;5.227721;1;15;1;;;;;
12.74;-0.5;-0.5;2.022995;1;15;1;;;;;
12.76;-0.5;-0.5;2.182444;1;15;1;;;;;
12.78;-0.5;-0.5;4.574501;1;15;1;;;;;
12.8;-0.5;-0.5;3.142071;1;15;1;;;;;
12.82;-0.5;-0.5;3.649368;1;15;1;;;;;
12.84;-0.5;-0.5;3.211225;1;15;1;;;;;
12.86;-0.5;-0.5;4.689914;1;15;1;;;;;
12.88;-0.5;-0.5;3.351536;1;15;1;;;;;
12.9;-0.5;-0.5;2.033352;1;15;1;;;;;
12.92;-0.5;-0.5;3.093745;1;15;1;;;;;
12.94;-0.5;-0.5;3.059152;1;15;1;;;;;
12.96;-0.5;-0.5;3.282431;1;15;1;;;;;
12.98;-0.5;-0.5;5.329316;1;15;1;;;;;
13;-0.5;-0.5;2.454328;1;15;1;;;;;
13.02;-0.5;-0.5;2.872143;1;15;1;;;;;
13.04;-0.5;-0.5;3.45926;1;15;1;;;;;
13.06;-0.5;-0.5;4.304117;1;15;1;;;;;
13.08;-0.5;-0.5;5.00845;1;15;1;;;;;
13.1;-0.5;-0.5;2.75746;1;15;1;;;;;
13.12;-0.5;-0.5;2.538964;1;15;1;;;;;
13.14;-0.5;-0.5;5.186279;1;15;1;;;;;
13.16;-0.5;-0.5;5.620667;1;15;1;;;;;
13.18;-0.5;-0.5;3.169673;1;15;1;;;;;
13.2;-0.5;-0.5;2.180994;1;15;1;;;;;
13.22;-0.5;-0.5;5.680385;1;15;1;;;;;
13.24;-0.5;-0.5;4.094039;1;15;1;;;;;
13.26;-0.5;-0.5;5.442276;1;15;1;;;;;
13.28;-0.5;-0.5;2.331661;1;15;1;;;;;
13.3;0;0.25;4.34134;1;15;1;;;;;
13.32;-0.5;-0.5;3.607892;1;15;1;;;;;
13.34;-0.5;-0.5;5.382514;1;15;1;;;;;
13.36;-0.5;-0.5;3.935408;1;15;1;;;;;
13.38;-0.5;-0.5;2.665066;1;15;1;;;;;
13.4;-0.5;-0.5;5.28512;1;15;1;;;;;
13.42;-0.5;-0.5;4.862173;1;15;1;;;;;
13.44;-0.5;-0.5;2.744691;1;15;1;;;;;
13.46;-0.5;-0.5;5.612461;1;15;1;;;;;
13.48;-0.5;-0.5;2.818414;1;15;1;;;;;
13.5;-0.5;-0.5;5.805563;1;15;1;;;;;
13.52;-0.5;-0.5;4.633829;1;15;1;;;;;
13.54;-0.5;-0.5;4.609674;1;15;1;;;;;
13.56;-0.5;-0.5;2.485084;1;15;1;;;;;
13.58;-0.5;-0.5;5.57888;1;15;1;;;;;
13.6;-0.5;-0.5;5.144616;1;15;1;;;;;
13.62;-0.5;-0.5;4.941648;1;15;1;;;;;
13.64;-0.5;-0.5;2.70796;1;15;1;;;;;
13.66;-0.5;-0.5;4.088137;1;15;1;;;;;
13.68;-0.5;-0.5;5.179755;1;15;1;;;;;
13.7;-0.5;-0.5;4.599729;1;15;1;;;;;
13.72;-0.5;-0.5;2.033966;1;15;1;;;;;
13.74;-0.5;-0.5;2.236455;1;15;1;;;;;
13.76;-0.5;-0.5;4.434175;1;15;1;;;;;
13.78;-0.5;-0.5;3.729199;1;15;1;;;;;
13.8;-0.5;-0.5;2.474287;1;15;1;;;;;
13.82;-0.5;-0.5;5.998088;1;15;1;;;;;
13.84;-0.5;-0.5;3.74738;1;15;1;;;;;
13.86;-0.5;-0.5;2.417876;1;15;1;;;;;
13.88;-0.5;-0.5;2.460143;1;15;1;;;;;
13.9;-0.5;-0.5;2.122991;1;15;1;;;;;
13.92;-0.5;-0.5;2.569355;1;15;1;;;;;
13.94;-0.5;-0.5;2.039115;1;15;1;;;;;
13.96;-0.5;-0.5;2.298749;1;15;1;;;;;
13.98;-0.5;-0.5;4.593435;1;15;1;;;;;
14;0;0;5.389696;1;15;1;;;;;
14.02;-0.5;-0.5;4.867811;1;15;1;;;;;
14.04;-0.5;-0.5;5.245236;1;15;1;;;;;
14.06;-0.5;-0.5;3.479494;1;15;1;;;;;
14.08;-0.5;-0.5;2.50246;1;15;1;;;;;
14.1;-0.5;-0.5;3.461547;1;15;1;;;;;
14.12;-0.5;-0.5;2.675374;1;15;1;;;;;
14.14;-0.5;-0.5;3.145664;1;15;1;;;;;
14.16;-0.5;-0.5;2.456051;1;15;1;;;;;
14.18;-0.5;-0.5;4.211025;1;15;1;;;;;
14.2;-0.5;-0.5;2.474532;1;15;1;;;;;
14.22;-0.5;-0.5;5.835679;1;15;1;;;;;
14.24;-0.5;-0.5;2.413879;1;15;1;;;;;
14.26;-0.5;-0.5;3.201799;1;15;1;;;;;
14.28;-0.5;-0.5;4.74254;1;15;1;;;;;
14.3;-0.5;-0.5;5.519981;1;15;1;;;;;
14.32;-0.5;-0.5;3.639891;1;15;1;;;;;
14.34;-0.5;-0.5;4.542288;1;15;1;;;;;
14.36;-0.5;-0.5;4.089639;1;15;1;;;;;
14.38;-0.5;-0.5;5.936979;1;15;1;;;;;
14.4;-0.5;-0.5;2.498926;1;15;1;;;;;
14.42;-0.5;-0.5;5.436353;1;15;1;;;;;
14.44;-0.5;-0.5;4.984076;1;15;1;;;;;
14.46;-2;0.25;4.381422;1;15;1;;;;;
14.48;-0.5;-0.5;3.122153;1;15;1;;;;;
14.5;-0.5;-0.5;5.400127;1;15;1;;;;;
14.52;-0.5;-0.5;3.879803;1;15;1;;;;;
14.54;-0.5;-0.5;5.486378;1;15;1;;;;;
14.56;-0.5;-0.5;3.43376;1;15;1;;;;;
14.58;-0.5;-0.5;4.081127;1;15;1;;;;;
14.6;-0.5;-0.5;3.706654;1;15;1;;;;;
14.62;-0.5;-0.5;2.497539;1;15;1;;;;;
14.64;-0.5;-0.5;3.970559;1;15;1;;;;;
14.66;-0.5;-0.5;4.814079;1;15;1;;;;;
14.68;-0.5;-0.5;2.891509;1;15;1;;;;;
14.7;-0.5;-0.5;5.020159;1;15;1;;;;;
14.72;-0.5;-0.5;2.625279;1;15;1;;;;;
14.74;-0.5;-0.5;4.641109;1;15;1;;;;;
14.76;-0.5;-0.5;4.402438;1;15;1;;;;;
14.78;-0.5;-0.5;4.614764;1;15;1;;;;;
14.8;-0.5;-0.5;5.539846;1;15;1;;;;;
14.82;-0.5;-0.5;4.364946;1;15;1;;;;;
14.84;-0.5;-0.5;3.146553;1;15;1;;;;;
14.86;-0.5;-0.5;3.556829;1;15;1;;;;;
14.88;-0.5;-0.5;5.536689;1;15;1;;;;;
14.9;-0.5;-0.5;3.613461;1;15;1;;;;;
14.92;-0.5;-0.5;2.683749;1;15;1;;;;;
14.94;-0.5;-0.5;4.02434;1;15;1;;;;;
14.96;-0.5;-0.5;4.731352;1;15;1;;;;;
14.98;-0.5;-0.5;5.705234;1;15;1;;;;;
15;-0.5;-0.5;5.097731;1;15;1;;;;;
15.02;-0.5;-0.5;2.710513;1;15;1;;;;;
15.04;-0.5;-0.5;5.242332;1;15;1;;;;;
15.06;-0.5;-0.5;5.553618;1;15;1;;;;;
15.08;-0.5;-0.5;2.003138;1;15;1;;;;;
15.1;-0.5;-0.5;4.478834;1;15;1;;;;;
15.12;-0.5;-0.5;4.74302;1;15;1;;;;;
15.14;-0.5;-0.5;4.593727;1;15;1;;;;;
15.16;-0.5;-0.5;4.575307;1;15;1;;;;;
15.18;-0.5;-0.5;3.219879;1;15;1;;;;;
15.2;-0.5;-0.5;4.306252;1;15;1;;;;;
15.22;-0.5;-0.5;5.4786;1;15;1;;;;;
15.24;-0.5;-0.5;3.599513;1;15;1;;;;;
15.26;-0.5;-0.5;3.837381;1;15;1;;;;;
15.28;-0.5;-0.5;2.980451;1;15;1;;;;;
15.3;-0.5;-0.5;5.081516;1;15;1;;;;;
15.32;-0.5;-0.5;3.019309;1;15;1;;;;;
15.34;-0.5;-0.5;4.182386;1;15;1;;;;;
15.36;-0.5;-0.5;3.160189;1;15;1;;;;;
15.38;-0.5;-0.5;5.278286;1;15;1;;;;;
15.4;-0.5;-0.5;3.211827;1;15;1;;;;;
15.42;-0.5;-0.5;4.00934;1;15;1;;;;;
15.44;-0.5;-0.5;2.547048;1;15;1;;;;;
15.46;-0.5;-0.5;3.562627;1;15;1;;;;;
15.48;-0.5;-0.5;5.289543;1;15;1;;;;;
15.5;-0.5;-0.5;3.61221;1;15;1;;;;;
15.52;-0.5;-0.5;4.058055;1;15;1;;;;;
15.54;-0.5;-0.5;2.067484;1;15;1;;;;;
15.56;-0.5;-0.5;4.894073;1;15;1;;;;;
15.58;-0.5;-0.5;3.989321;1;15;1;;;;;
15.6;-0.5;-0.5;3.879398;1;15;1;;;;;
15.62;-0.5;-0.5;4.634008;1;15;1;;;;;
15.64;-0.5;-0.5;5.807606;1;15;1;;;;;
15.66;-0.5;-0.5;4.329209;1;15;1;;;;;
15.68;-0.5;-0.5;4.095601;1;15;1;;;;;
15.7;-0.5;-0.5;4.515855;1;15;1;;;;;
15.72;-0.5;-0.5;5.280262;1;15;1;;;;;
15.74;-0.5;-0.5;5.6748;1;15;1;;;;;
15.76;-0.5;-0.5;4.876765;1;15;1;;;;;
15.78;-0.5;-0.5;4.85713;1;15;1;;;;;
15.8;-0.5;-0.5;2.136573;1;15;1;;;;;
15.82;-0.5;-0.5;2.494658;1;15;1;;;;;
15.84;-0.5;-0.5;5.612895;1;15;1;;;;;
15.86;-0.5;-0.5;4.359304;1;15;1;;;;;
15.88;-0.5;-0.5;4.675302;1;15;1;;;;;
15.9;-0.5;-0.5;5.721898;1;15;1;;;;;
15.92;-0.5;-0.5;3.379177;1;15;1;;;;;
15.94;-0.5;-0.5;5.515685;1;15;1;;;;;
15.96;-0.5;-0.5;2.86131;1;15;1;;;;;
15.98;-0.5;-0.5;3.675809;1;15;1;;;;;
16;-0.5;-0.5;4.414129;1;15;1;;;;;
16.02;-0.5;-0.5;5.732869;1;15;1;;;;;
16.04;-0.5;-0.5;3.763476;1;15;1;;;;;
16.06;-0.5;-0.5;4.117391;1;15;1;;;;;
16.08;-0.5;-0.5;4.808717;1;15;1;;;;;
16.1;2;0.25;5.209371;1;15;1;;;;;
16.12;-0.5;-0.5;5.123167;1;15;1;;;;;
16.14;-0.5;-0.5;3.774747;1;15;1;;;;;
16.16;-0.5;-0.5;2.043851;1;15;1;;;;;
16.18;-0.5;-0.5;4.485514;1;15;1;;;;;
16.2;-0.5;-0.5;4.394959;1;15;1;;;;;
16.22;-0.5;-0.5;2.704556;1;15;1;;;;;
16.24;-0.5;-0.5;5.654143;1;15;1;;;;;
16.26;-0.5;-0.5;4.200856;1;15;1;;;;;
16.28;-0.5;-0.5;4.564817;1;15;1;;;;;
16.3;-0.5;-0.5;5.818231;1;15;1;;;;;
16.32;-0.5;-0.5;4.34411;1;15;1;;;;;
16.34;-0.5;-0.5;2.383623;1;15;1;;;;;
16.36;-0.5;-0.5;2.065314;1;15;1;;;;;
16.38;-0.5;-0.5;4.425959;1;15;1;;;;;
16.4;2;0;4.484607;1;15;1;;;;;
16.42;-0.5;-0.5;5.562093;1;15;1;;;;;
16.44;-0.5;-0.5;4.686452;1;15;1;;;;;
16.46;-0.5;-0.5;4.312359;1;15;1;;;;;
16.48;-0.5;-0.5;4.751869;1;15;1;;;;;
16.5;-0.5;-0.5;3.409444;1;15;1;;;;;
16.52;-0.5;-0.5;4.07089;1;15;1;;;;;
16.54;-0.5;-0.5;5.195499;1;15;1;;;;;
16.56;-0.5;-0.5;5.834005;1;15;1;;;;;
16.58;-0.5;-0.5;4.615782;1;15;1;;;;;
16.6;-0.5;-0.5;5.13913;1;15;1;;;;;
16.62;-0.5;-0.5;3.593873;1;15;1;;;;;
16.64;-0.5;-0.5;3.385191;1;15;1;;;;;
16.66;-0.5;-0.5;2.10462;1;15;1;;;;;
16.68;-0.5;-0.5;5.986114;1;15;1;;;;;
16.7;-0.5;-0.5;4.879259;1;15;1;;;;;
16.72;-0.5;-0.5;5.302083;1;15;1;;;;;
16.74;-0.5;-0.5;4.246704;1;15;1;;;;;
16.76;-0.5;-0.5;2.885477;1;15;1;;;;;
16.78;-0.5;-0.5;4.616286;1;15;1;;;;;
16.8;-0.5;-0.5;3.73366;1;15;1;;;;;
16.82;-0.5;-0.5;2.804655;1;15;1;;;;;
16.84;-0.5;-0.5;3.289892;1;15;1;;;;;
16.86;-0.5;-0.5;2.022593;1;15;1;;;;;
16.88;-0.5;-0.5;3.862546;1;15;1;;;;;
16.9;-0.5;-0.5;4.623394;1;15;1;;;;;
16.92;-0.5;-0.5;5.445677;1;15;1;;;;;
16.94;-0.5;-0.5;5.811706;1;15;1;;;;;
16.96;-0.5;-0.5;4.322657;1;15;1;;;;;
16.98;-0.5;-0.5;5.961332;1;15;1;;;;;
17;-0.5;-0.5;4.355791;1;15;1;;;;;
17.02;-0.5;-0.5;4.400681;1;15;1;;;;;
17.04;-0.5;-0.5;3.832231;1;15;1;;;;;
17.06;-0.5;-0.5;2.689669;1;15;1;;;;;
17.08;-0.5;-0.5;3.559207;1;15;1;;;;;
17.1;-0.5;-0.5;4.691792;1;15;1;;;;;
17.12;-0.5;-0.5;3.70884;1;15;1;;;;;
17.14;-0.5;-0.5;2.01518;1;15;1;;;;;
17.16;-0.5;-0.5;3.648786;1;15;1;;;;;
17.18;-0.5;-0.5;4.194947;1;15;1;;;;;
17.2;-0.5;-0.5;4.362858;1;15;1;;;;;
17.22;-0.5;-0.5;5.112652;1;15;1;;;;;
17.24;-0.5;-0.5;2.41617;1;15;1;;;;;
17.26;-0.5;-0.5;5.66012;1;15;1;;;;;
17.28;-0.5;-0.5;4.915541;1;15;1;;;;;
17.3;-0.5;-0.5;5.449175;1;15;1;;;;;
17.32;-0.5;-0.5;5.785786;1;15;1;;;;;
17.34;-0.5;-0.5;3.760674;1;15;1;;;;;
17.36;-0.5;-0.5;5.656608;1;15;1;;;;;
17.38;-0.5;-0.5;5.122696;1;15;1;;;;;
17.4;-0.5;-0.5;5.081582;1;15;1;;;;;
17.42;-0.5;-0.5;2.636005;1;15;1;;;;;
17.44;-0.5;-0.5;4.169531;1;15;1;;;;;
17.46;-0.5;-0.5;3.208937;1;15;1;;;;;
17.48;-0.5;-0.5;3.394679;1;15;1;;;;;
17.5;-0.5;-0.5;4.348233;1;15;1;;;;;
17.52;-0.5;-0.5;3.945532;1;15;1;;;;;
17.54;-0.5;-0.5;3.642003;1;15;1;;;;;
17.56;-0.5;-0.5;4.050874;1;15;1;;;;;
17.58;-0.5;-0.5;5.591891;1;15;1;;;;;
17.6;-0.5;-0.5;4.607699;1;15;1;;;;;
17.62;-0.5;-0.5;3.20872;1;15;1;;;;;
17.64;-0.5;-0.5;3.390319;1;15;1;;;;;
17.66;-0.5;-0.5;5.946573;1;15;1;;;;;
17.68;-0.5;-0.5;3.922637;1;15;1;;;;;
17.7;-0.5;-0.5;5.746973;1;15;1;;;;;
17.72;0;0.25;4.607018;1;15;1;;;;;
17.74;-0.5;-0.5;3.12946;1;15;1;;;;;
17.76;-0.5;-0.5;4.034319;1;15;1;;;;;
17.78;-0.5;-0.5;3.095704;1;15;1;;;;;
17.8;-0.5;-0.5;2.861668;1;15;1;;;;;
17.82;-0.5;-0.5;5.592889;1;15;1;;;;;
17.84;-0.5;-0.5;3.83736;1;15;1;;;;;
17.86;-0.5;-0.5;3.587407;1;15;1;;;;;
17.88;-0.5;-0.5;2.390051;1;15;1;;;;;
17.9;-0.5;-0.5;4.125575;1;15;1;;;;;
17.92;-0.5;-0.5;4.33526;1;15;1;;;;;
17.94;-0.5;-0.5;4.13076;1;15;1;;;;;
17.96;-0.5;-0.5;3.000821;1;15;1;;;;;
17.98;-0.5;-0.5;3.863127;1;15;1;;;;;
18;-0.5;-0.5;5.035647;1;15;1;;;;;
18.02;-0.5;-0.5;3.91976;1;15;1;;;;;
18.04;-0.5;-0.5;2.990331;1;15;1;;;;;
18.06;-0.5;-0.5;4.469587;1;15;1;;;;;
18.08;-0.5;-0.5;2.412487;1;15;1;;;;;
18.1;-0.5;-0.5;2.253055;1;15;1;;;;;
18.12;-0.5;-0.5;4.231113;1;15;1;;;;;
18.14;-0.5;-0.5;2.739476;1;15;1;;;;;
18.16;-0.5;-0.5;4.566422;1;15;1;;;;;
18.18;-0.5;-0.5;4.192371;1;15;1;;;;;
18.2;-0.5;-0.5;2.651168;1;15;1;;;;;
18.22;-0.5;-0.5;3.515019;1;15;1;;;;;
18.24;-0.5;-0.5;5.599495;1;15;1;;;;;
18.26;-0.5;-0.5;4.956439;1;15;1;;;;;
18.28;-0.5;-0.5;5.709404;1;15;1;;;;;
18.3;-0.5;-0.5;4.510531;1;15;1;;;;;
18.32;-0.5;-0.5;4.465437;1;15;1;;;;;
18.34;-0.5;-0.5;2.397357;1;15;1;;;;;
18.36;-0.5;-0.5;4.075937;1;15;1;;;;;
18.38;-0.5;-0.5;3.177479;1;15;1;;;;;
18.4;-0.5;-0.5;4.941177;1;15;1;;;;;
18.42;-0.5;-0.5;4.465645;1;15;1;;;;;
18.44;-0.5;-0.5;5.567108;1;15;1;;;;;
18.46;-0.5;-0.5;2.271463;1;15;1;;;;;
18.48;-0.5;-0.5;2.173645;1;15;1;;;;;
18.5;-0.5;-0.5;2.329161;1;15;1;;;;;
18.52;0;-0.25;3.937637;1;15;1;;;;;
18.54;-0.5;-0.5;3.759718;1;15;1;;;;;
18.56;-0.5;-0.5;5.0985;1;15;1;;;;;
18.58;-0.5;-0.5;3.191355;1;15;1;;;;;
18.6;-0.5;-0.5;4.002648;1;15;1;;;;;
18.62;-0.5;-0.5;3.379668;1;15;1;;;;;
18.64;-0.5;-0.5;3.372158;1;15;1;;;;;
18.66;-0.5;-0.5;4.960269;1;15;1;;;;;
18.68;-0.5;-0.5;5.478918;1;15;1;;;;;
18.7;-0.5;-0.5;4.595255;1;15;1;;;;;
18.72;-0.5;-0.5;2.355001;1;15;1;;;;;
18.74;2;0;2.920381;1;15;1;;;;;
18.76;-0.5;-0.5;4.288381;1;15;1;;;;;
18.78;-0.5;-0.5;3.817575;1;15;1;;;;;
18.8;-0.5;-0.5;2.743658;1;15;1;;;;;
18.82;-0.5;-0.5;3.431103;1;15;1;;;;;
18.84;-0.5;-0.5;3.823865;1;15;1;;;;;
18.86;-0.5;-0.5;3.55049;1;15;1;;;;;
18.88;-0.5;-0.5;5.434529;1;15;1;;;;;
18.9;-0.5;-0.5;5.162508;1;15;1;;;;;
18.92;-0.5;-0.5;3.295404;1;15;1;;;;;
18.94;-0.5;-0.5;5.734634;1;15;1;;;;;
18.96;-0.5;-0.5;4.769029;1;15;1;;;;;
18.98;-0.5;-0.5;4.604107;1;15;1;;;;;
19;-0.5;-0.5;3.410223;1;15;1;;;;;
19.02;-0.5;-0.5;4.881049;1;15;1;;;;;
19.04;-0.5;-0.5;5.576431;1;15;1;;;;;
19.06;-0.5;-0.5;5.555919;1;15;1;;;;;
19.08;-0.5;-0.5;5.969673;1;15;1;;;;;
19.1;-0.5;-0.5;5.012198;1;15;1;;;;;
19.12;-0.5;-0.5;4.17817;1;15;1;;;;;
19.14;0;0;3.134183;1;15;1;;;;;
19.16;-0.5;-0.5;3.105816;1;15;1;;;;;
19.18;-0.5;-0.5;2.638066;1;15;1;;;;;
19.2;-0.5;-0.5;3.246253;1;15;1;;;;;
19.22;-0.5;-0.5;2.063379;1;15;1;;;;;
19.24;-0.5;-0.5;3.530758;1;15;1;;;;;
19.26;-0.5;-0.5;5.514948;1;15;1;;;;;
19.28;-0.5;-0.5;4.729;1;15;1;;;;;
19.3;-0.5;-0.5;3.322524;1;15;1;;;;;
19.32;-0.5;-0.5;4.85159;1;15;1;;;;;
19.34;-0.5;-0.5;5.137178;1;15;1;;;;;
19.36;-0.5;-0.5;3.421783;1;15;1;;;;;
19.38;-0.5;-0.5;4.465143;1;15;1;;;;;
19.4;-0.5;-0.5;5.059482;1;15;1;;;;;
19.42;-0.5;-0.5;2.368251;1;15;1;;;;;
19.44;-0.5;-0.5;4.836682;1;15;1;;;;;
19.46;0;-0.25;2.307071;1;15;1;;;;;
19.48;-0.5;-0.5;5.979685;1;15;1;;;;;
19.5;-0.5;-0.5;4.781337;1;15;1;;;;;
19.52;-0.5;-0.5;2.46324;1;15;1;;;;;
19.54;-0.5;-0.5;4.064467;1;15;1;;;;;
19.56;-0.5;-0.5;5.395142;1;15;1;;;;;
19.58;-0.5;-0.5;2.408072;1;15;1;;;;;
19.6;-0.5;-0.5;5.720382;1;15;1;;;;;
19.62;-0.5;-0.5;5.772386;1;15;1;;;;;
19.64;-0.5;-0.5;4.795492;1;15;1;;;;;
19.66;-0.5;-0.5;3.32146;1;15;1;;;;;
19.68;-0.5;-0.5;5.463069;1;15;1;;;;;
19.7;-0.5;-0.5;2.417898;1;15;1;;;;;
19.72;-0.5;-0.5;5.338472;1;15;1;;;;;
19.74;-0.5;-0.5;2.975205;1;15;1;;;;;
19.76;-0.5;-0.5;3.930921;1;15;1;;;;;
19.78;-0.5;-0.5;2.29079;1;15;1;;;;;
19.8;-0.5;-0.5;5.51243;1;15;1;;;;;
19.82;-0.5;-0.5;3.917475;1;15;1;;;;;
19.84;-0.5;-0.5;2.441265;1;15;1;;;;;
19.86;-0.5;-0.5;2.664331;1;15;1;;;;;
19.88;-0.5;-0.5;2.282385;1;15;1;;;;;
19.9;-0.5;-0.5;4.58358;1;15;1;;;;;
19.92;-0.5;-0.5;4.666534;1;15;1;;;;;
19.94;-0.5;-0.5;5.030493;1;15;1;;;;;
19.96;-0.5;-0.5;4.503344;1;15;1;;;;;
19.98;-0.5;-0.5;3.40894;1;15;1;;;;;
20;-0.5;-0.5;2.773696;1;15;1;;;;;
20.02;-0.5;-0.5;3.057846;1;15;1;;;;;
20.04;-0.5;-0.5;5.207827;1;15;1;;;;;
20.06;-0.5;-0.5;2.395875;1;15;1;;;;;
20.08;-0.5;-0.5;2.681366;1;15;1;;;;;
20.1;-0.5;-0.5;4.261905;1;15;1;;;;;
20.12;-0.5;-0.5;5.867193;1;15;1;;;;;
20.14;-0.5;-0.5;2.061969;1;15;1;;;;;
20.16;-0.5;-0.5;5.488412;1;15;1;;;;;
20.18;-0.5;-0.5;2.803865;1;15;1;;;;;
20.2;-0.5;-0.5;2.581875;1;15;1;;;;;
20.22;-0.5;-0.5;3.801142;1;15;1;;;;;
20.24;-0.5;-0.5;2.285468;1;15;1;;;;;
20.26;-0.5;-0.5;5.183719;1;15;1;;;;;
20.28;-0.5;-0.5;4.546639;1;15;1;;;;;
20.3;-0.5;-0.5;4.621161;1;15;1;;;;;
20.32;-0.5;-0.5;5.878695;1;15;1;;;;;
20.34;-0.5;-0.5;2.296662;1;15;1;;;;;
20.36;-0.5;-0.5;4.119391;1;15;1;;;;;
20.38;-0.5;-0.5;4.309871;1;15;1;;;;;
20.4;0;0;5.3366;1;15;1;;;;;
20.42;-0.5;-0.5;5.493098;1;15;1;;;;;
20.44;-0.5;-0.5;2.53323;1;15;1;;;;;
20.46;-0.5;-0.5;5.238362;1;15;1;;;;;
20.48;-0.5;-0.5;5.913332;1;15;1;;;;;
20.5;0;0;3.920269;1;15;1;;;;;
20.52;-0.5;-0.5;2.583864;1;15;1;;;;;
20.54;-0.5;-0.5;4.064378;1;15;1;;;;;
20.56;-0.5;-0.5;3.326375;1;15;1;;;;;
20.58;-0.5;-0.5;3.473122;1;15;1;;;;;
20.6;-0.5;-0.5;2.721;1;15;1;;;;;
20.62;-0.5;-0.5;4.832755;1;15;1;;;;;
20.64;-0.5;-0.5;5.529704;1;15;1;;;;;
20.66;-0.5;-0.5;2.542193;1;15;1;;;;;
20.68;-0.5;-0.5;4.60045;1;15;1;;;;;
20.7;-0.5;-0.5;4.173761;1;15;1;;;;;
20.72;-0.5;-0.5;2.738986;1;15;1;;;;;
20.74;-0.5;-0.5;3.423572;1;15;1;;;;;
20.76;-0.5;-0.5;5.376613;1;15;1;;;;;
20.78;-0.5;-0.5;3.368246;1;15;1;;;;;
20.8;-0.5;-0.5;5.268918;1;15;1;;;;;
20.82;-0.5;-0.5;3.032896;1;15;1;;;;;
20.84;-0.5;-0.5;5.504593;1;15;1;;;;;
20.86;-0.5;-0.5;3.269301;1;15;1;;;;;
20.88;-0.5;-0.5;4.653601;1;15;1;;;;;
20.9;-0.5;-0.5;5.695035;1;15;1;;;;;
20.92;-0.5;-0.5;2.565615;1;15;1;;;;;
20.94;-0.5;-0.5;2.348651;1;15;1;;;;;
20.96;-0.5;-0.5;2.89211;1;15;1;;;;;
20.98;-0.5;-0.5;4.354885;1;15;1;;;;;
21;-0.5;-0.5;2.253023;1;15;1;;;;;
21.02;0;0;2.615718;1;15;1;;;;;
21.04;-0.5;-0.5;3.008046;1;15;1;;;;;
21.06;-0.5;-0.5;5.662156;1;15;1;;;;;
21.08;2;-0.25;3.642265;1;15;1;;;;;
21.1;-0.5;-0.5;5.794565;1;15;1;;;;;
21.12;-0.5;-0.5;4.770237;1;15;1;;;;;
21.14;-0.5;-0.5;5.135361;1;15;1;;;;;
21.16;-0.5;-0.5;2.343349;1;15;1;;;;;
21.18;-0.5;-0.5;5.937225;1;15;1;;;;;
21.2;-0.5;-0.5;4.685342;1;15;1;;;;;
21.22;-0.5;-0.5;2.616181;1;15;1;;;;;
21.24;-0.5;-0.5;5.629745;1;15;1;;;;;
21.26;-0.5;-0.5;5.505488;1;15;1;;;;;
21.28;-0.5;-0.5;2.784109;1;15;1;;;;;
21.3;-0.5;-0.5;5.942607;1;15;1;;;;;
21.32;-0.5;-0.5;4.276356;1;15;1;;;;;
21.34;-0.5;-0.5;3.613067;1;15;1;;;;;
21.36;-0.5;-0.5;5.324029;1;15;1;;;;;
21.38;-0.5;-0.5;3.455739;1;15;1;;;;;
21.4;-0.5;-0.5;5.389929;1;15;1;;;;;
21.42;-0.5;-0.5;2.019653;1;15;1;;;;;
21.44;-0.5;-0.5;4.367774;1;15;1;;;;;
21.46;-0.5;-0.5;4.072845;1;15;1;;;;;
21.48;-0.5;-0.5;4.004443;1;15;1;;;;;
21.5;-0.5;-0.5;5.508288;1;15;1;;;;;
21.52;-0.5;-0.5;2.831764;1;15;1;;;;;
21.54;-0.5;-0.5;5.390152;1;15;1;;;;;
21.56;-0.5;-0.5;4.152201;1;15;1;;;;;
21.58;-0.5;-0.5;4.931376;1;15;1;;;;;
21.6;-0.5;-0.5;5.711411;1;15;1;;;;;
21.62;-0.5;-0.5;2.640783;1;15;1;;;;;
21.64;-0.5;-0.5;2.597138;1;15;1;;;;;
21.66;-0.5;-0.5;5.069448;1;15;1;;;;;
21.68;-0.5;-0.5;3.939934;1;15;1;;;;;
21.7;-0.5;-0.5;3.547208;1;15;1;;;;;
21.72;-0.5;-0.5;4.352992;1;15;1;;;;;
21.74;-0.5;-0.5;2.525111;1;15;1;;;;;
21.76;-0.5;-0.5;5.029233;1;15;1;;;;;
21.78;-0.5;-0.5;4.813759;1;15;1;;;;;
21.8;-0.5;-0.5;2.232907;1;15;1;;;;;
21.82;-0.5;-0.5;4.500482;1;15;1;;;;;
21.84;-0.5;-0.5;2.224156;1;15;1;;;;;
21.86;-0.5;-0.5;5.93296;1;15;1;;;;;
21.88;-0.5;-0.5;2.463403;1;15;1;;;;;
21.9;-0.5;-0.5;5.477273;1;15;1;;;;;
21.92;-0.5;-0.5;5.944017;1;15;1;;;;;
21.94;-0.5;-0.5;3.728395;1;15;1;;;;;
21.96;-0.5;-0.5;2.14398;1;15;1;;;;;
21.98;-0.5;-0.5;3.590957;1;15;1;;;;;
22;-0.5;-0.5;2.438861;1;15;1;;;;;
22.02;-0.5;-0.5;3.556513;1;15;1;;;;;
22.04;-0.5;-0.5;4.383006;1;15;1;;;;;
22.06;-0.5;-0.5;3.281374;1;15;1;;;;;
22.08;-0.5;-0.5;4.138671;1;15;1;;;;;
22.1;-0.5;-0.5;5.168915;1;15;1;;;;;
22.12;-0.5;-0.5;2.356128;1;15;1;;;;;
22.14;-0.5;-0.5;2.135543;1;15;1;;;;;
22.16;-0.5;-0.5;4.034442;1;15;1;;;;;
22.18;-0.5;-0.5;4.330795;1;15;1;;;;;
22.2;-0.5;-0.5;5.715126;1;15;1;;;;;
22.22;-0.5;-0.5;3.771025;1;15;1;;;;;
22.24;-0.5;-0.5;5.171577;1;15;1;;;;;
22.26;-0.5;-0.5;2.177358;1;15;1;;;;;
22.28;-0.5;-0.5;5.073878;1;15;1;;;;;
22.3;0;0;5.87585;1;15;1;;;;;
22.32;-0.5;-0.5;4.886072;1;15;1;;;;;
22.34;-0.5;-0.5;3.020944;1;15;1;;;;;
22.36;-0.5;-0.5;3.880839;1;15;1;;;;;
22.38;-0.5;-0.5;3.248188;1;15;1;;;;;
22.4;-0.5;-0.5;4.926541;1;15;1;;;;;
22.42;-0.5;-0.5;3.842635;1;15;1;;;;;
22.44;-0.5;-0.5;4.243103;1;15;1;;;;;
22.46;-0.5;-0.5;5.475494;1;15;1;;;;;
22.48;-0.5;-0.5;4.184885;1;15;1;;;;;
22.5;0;0;4.944623;1;15;1;;;;;
22.52;-0.5;-0.5;2.751583;1;15;1;;;;;
22.54;-0.5;-0.5;3.879267;1;15;1;;;;;
22.56;-0.5;-0.5;5.417841;1;15;1;;;;;
22.58;-0.5;-0.5;3.469232;1;15;1;;;;;
22.6;-0.5;-0.5;2.817881;1;15;1;;;;;
22.62;-0.5;-0.5;2.594748;1;15;1;;;;;
22.64;-0.5;-0.5;4.739361;1;15;1;;;;;
22.66;-0.5;-0.5;4.655719;1;15;1;;;;;
22.68;-0.5;-0.5;2.089431;1;15;1;;;;;
22.7;-0.5;-0.5;3.79856;1;15;1;;;;;
22.72;-0.5;-0.5;4.971537;1;15;1;;;;;
22.74;-0.5;-0.5;5.847753;1;15;1;;;;;
22.76;-0.5;-0.5;4.364785;1;15;1;;;;;
22.78;-0.5;-0.5;2.390122;1;15;1;;;;;
22.8;-0.5;-0.5;2.786771;1;15;1;;;;;
22.82;-0.5;-0.5;2.178554;1;15;1;;;;;
22.84;-0.5;-0.5;2.964358;1;15;1;;;;;
22.86;-0.5;-0.5;5.622948;1;15;1;;;;;
22.88;-0.5;-0.5;3.375867;1;15;1;;;;;
22.9;-0.5;-0.5;4.039838;1;15;1;;;;;
22.92;-0.5;-0.5;5.54894;1;15;1;;;;;
22.94;-0.5;-0.5;2.318667;1;15;1;;;;;
22.96;-0.5;-0.5;4.887646;1;15;1;;;;;
22.98;-0.5;-0.5;3.69025;1;15;1;;;;;
23;-0.5;-0.5;3.608774;1;15;1;;;;;
23.02;-0.5;-0.5;3.151689;1;15;1;;;;;
23.04;-0.5;-0.5;5.266008;1;15;1;;;;;
23.06;-0.5;-0.5;2.542147;1;15;1;;;;;
23.08;-0.5;-0.5;3.341362;1;15;1;;;;;
23.1;-0.5;-0.5;4.704866;1;15;1;;;;;
23.12;-0.5;-0.5;5.412821;1;15;1;;;;;
23.14;-2;0;3.564955;1;15;1;;;;;
23.16;-0.5;-0.5;4.489086;1;15;1;;;;;
23.18;-0.5;-0.5;4.969485;1;15;1;;;;;
23.2;-0.5;-0.5;3.815698;1;15;1;;;;;
23.22;-0.5;-0.5;5.267246;1;15;1;;;;;
23.24;-0.5;-0.5;3.181143;1;15;1;;;;;
23.26;-0.5;-0.5;2.546557;1;15;1;;;;;
23.28;-0.5;-0.5;5.060088;1;15;1;;;;;
23.3;-0.5;-0.5;5.794219;1;15;1;;;;;
23.32;-0.5;-0.5;2.126652;1;15;1;;;;;
23.34;-0.5;-0.5;5.188443;1;15;1;;;;;
23.36;-0.5;-0.5;2.90357;1;15;1;;;;;
23.38;2;0.25;2.468606;1;15;1;;;;;
23.4;-0.5;-0.5;2.531498;1;15;1;;;;;
23.42;-0.5;-0.5;5.972711;1;15;1;;;;;
23.44;-0.5;-0.5;2.523268;1;15;1;;;;;
23.46;0;0.25;4.102226;1;15;1;;;;;
23.48;-0.5;-0.5;3.452688;1;15;1;;;;;
23.5;-0.5;-0.5;4.988234;1;15;1;;;;;
23.52;-0.5;-0.5;4.724925;1;15;1;;;;;
23.54;-0.5;-0.5;2.036974;1;15;1;;;;;
23.56;-0.5;-0.5;4.047242;1;15;1;;;;;
23.58;-0.5;-0.5;5.720007;1;15;1;;;;;
23.6;-0.5;-0.5;2.577263;1;15;1;;;;;
23.62;-0.5;-0.5;5.698188;1;15;1;;;;;
23.64;-0.5;-0.5;5.659747;1;15;1;;;;;
23.66;-0.5;-0.5;4.211288;1;15;1;;;;;
23.68;-0.5;-0.5;3.871746;1;15;1;;;;;
23.7;-0.5;-0.5;2.751992;1;15;1;;;;;
23.72;-0.5;-0.5;3.641412;1;15;1;;;;;
23.74;-0.5;-0.5;4.543992;1;15;1;;;;;
23.76;-0.5;-0.5;2.726626;1;15;1;;;;;
23.78;-0.5;-0.5;5.027061;1;15;1;;;;;
23.8;-0.5;-0.5;3.715114;1;15;1;;;;;
23.82;-0.5;-0.5;2.428935;1;15;1;;;;;
23.84;-0.5;-0.5;5.90441;1;15;1;;;;;
23.86;-0.5;-0.5;3.757785;1;15;1;;;;;
23.88;-0.5;-0.5;4.141961;1;15;1;;;;;
23.9;-0.5;-0.5;5.808609;1;15;1;;;;;
23.92;-0.5;-0.5;2.327844;1;15;1;;;;;
23.94;-0.5;-0.5;3.645442;1;15;1;;;;;
23.96;-0.5;-0.5;2.602715;1;15;1;;;;;
23.98;-0.5;-0.5;4.687505;1;15;1;;;;;
24;-0.5;-0.5;5.686204;1;15;1;;;;;
24.02;-0.5;-0.5;5.402358;1;15;1;;;;;
24.04;-0.5;-0.5;3.001935;1;15;1;;;;;
24.06;0;0;5.677479;1;15;1;;;;;
24.08;-0.5;-0.5;5.165256;1;15;1;;;;;
24.1;-0.5;-0.5;5.372265;1;15;1;;;;;
24.12;-0.5;-0.5;4.686297;1;15;1;;;;;
24.14;-0.5;-0.5;5.385375;1;15;1;;;;;
24.16;-0.5;-0.5;4.094163;1;15;1;;;;;
24.18;-0.5;-0.5;4.74161;1;15;1;;;;;
24.2;-0.5;-0.5;2.753983;1;15;1;;;;;
24.22;-0.5;-0.5;3.687987;1;15;1;;;;;
24.24;-0.5;-0.5;2.26766;1;15;1;;;;;
24.26;-0.5;-0.5;3.989634;1;15;1;;;;;
24.28;-0.5;-0.5;4.849446;1;15;1;;;;;
24.3;-0.5;-0.5;2.971983;1;15;1;;;;;
24.32;-0.5;-0.5;3.761127;1;15;1;;;;;
24.34;-0.5;-0.5;3.446039;1;15;1;;;;;
24.36;-0.5;-0.5;2.55767;1;15;1;;;;;
24.38;-0.5;-0.5;3.576221;1;15;1;;;;;
24.4;-0.5;-0.5;4.618236;1;15;1;;;;;
24.42;-0.5;-0.5;5.33054;1;15;1;;;;;
24.44;-0.5;-0.5;3.848579;1;15;1;;;;;
24.46;-0.5;-0.5;4.135512;1;15;1;;;;;
24.48;-0.5;-0.5;2.337017;1;15;1;;;;;
24.5;-0.5;-0.5;5.485008;1;15;1;;;;;
24.52;-0.5;-0.5;2.589082;1;15;1;;;;;
24.54;-0.5;-0.5;4.908627;1;15;1;;;;;
24.56;-0.5;-0.5;5.509643;1;15;1;;;;;
24.58;-0.5;-0.5;4.023192;1;15;1;;;;;
24.6;-0.5;-0.5;3.219651;1;15;1;;;;;
24.62;-0.5;-0.5;3.570221;1;15;1;;;;;
24.64;-0.5;-0.5;3.710393;1;15;1;;;;;
24.66;0;0;2.391439;1;15;1;;;;;
24.68;-0.5;-0.5;3.180098;1;15;1;;;;;
24.7;-0.5;-0.5;3.968909;1;15;1;;;;;
24.72;-0.5;-0.5;2.696703;1;15;1;;;;;
24.74;-0.5;-0.5;3.449624;1;15;1;;;;;
24.76;-0.5;-0.5;5.347746;1;15;1;;;;;
24.78;-0.5;-0.5;3.195867;1;15;1;;;;;
24.8;-0.5;-0.5;3.556546;1;15;1;;;;;
24.82;-0.5;-0.5;3.691511;1;15;1;;;;;
24.84;-0.5;-0.5;4.631408;1;15;1;;;;;
24.86;-0.5;-0.5;4.328893;1;15;1;;;;;
24.88;-0.5;-0.5;4.860714;1;15;1;;;;;
24.9;-0.5;-0.5;5.3818;1;15;1;;;;;
24.92;-0.5;-0.5;3.70937;1;15;1;;;;;
24.94;-0.5;-0.5;2.841375;1;15;1;;;;;
24.96;-0.5;-0.5;4.057591;1;15;1;;;;;
24.98;-0.5;-0.5;4.25509;1;15;1;;;;;
25;-0.5;-0.5;3.08503;1;15;1;;;;;
25.02;-0.5;-0.5;3.345623;1;15;1;;;;;
25.04;-0.5;-0.5;3.827013;1;15;1;;;;;
25.06;-0.5;-0.5;5.009365;1;15;1;;;;;
25.08;-0.5;-0.5;4.976994;1;15;1;;;;;
25.1;-0.5;-0.5;4.101082;1;15;1;;;;;
25.12;-0.5;-0.5;2.468689;1;15;1;;;;;
25.14;-0.5;-0.5;2.086331;1;15;1;;;;;
25.16;-0.5;-0.5;4.394467;1;15;1;;;;;
25.18;-0.5;-0.5;2.005121;1;15;1;;;;;
25.2;-0.5;-0.5;5.499321;1;15;1;;;;;
25.22;-0.5;-0.5;3.472327;1;15;1;;;;;
25.24;-0.5;-0.5;2.63389;1;15;1;;;;;
25.26;-0.5;-0.5;3.949641;1;15;1;;;;;
25.28;-0.5;-0.5;3.596123;1;15;1;;;;;
25.3;-0.5;-0.5;4.480249;1;15;1;;;;;
25.32;-0.5;-0.5;2.779963;1;15;1;;;;;
25.34;-0.5;-0.5;2.218739;1;15;1;;;;;
25.36;-0.5;-0.5;2.127798;1;15;1;;;;;
25.38;-0.5;-0.5;3.148252;1;15;1;;;;;
25.4;-0.5;-0.5;4.545052;1;15;1;;;;;
25.42;-0.5;-0.5;2.534767;1;15;1;;;;;
25.44;-0.5;-0.5;2.961078;1;15;1;;;;;
25.46;-2;-0.25;4.324179;1;15;1;;;;;
25.48;-0.5;-0.5;2.739667;1;15;1;;;;;
25.5;-0.5;-0.5;4.845804;1;15;1;;;;;
25.52;-0.5;-0.5;4.234852;1;15;1;;;;;
25.54;-0.5;-0.5;2.811888;1;15;1;;;;;
25.56;-0.5;-0.5;5.607741;1;15;1;;;;;
25.58;-0.5;-0.5;2.232091;1;15;1;;;;;
25.6;-0.5;-0.5;3.490275;1;15;1;;;;;
25.62;-0.5;-0.5;2.787549;1;15;1;;;;;
25.64;-0.5;-0.5;4.185153;1;15;1;;;;;
25.66;-0.5;-0.5;4.160223;1;15;1;;;;;
25.68;-0.5;-0.5;2.598336;1;15;1;;;;;
25.7;-0.5;-0.5;3.711881;1;15;1;;;;;
25.72;-0.5;-0.5;3.513908;1;15;1;;;;;
25.74;-0.5;-0.5;4.251648;1;15;1;;;;;
25.76;-0.5;-0.5;2.417059;1;15;1;;;;;
25.78;-0.5;-0.5;4.327964;1;15;1;;;;;
25.8;-0.5;-0.5;5.588991;1;15;1;;;;;
25.82;-0.5;-0.5;4.211349;1;15;1;;;;;
25.84;-0.5;-0.5;3.635193;1;15;1;;;;;
25.86;-0.5;-0.5;4.012856;1;15;1;;;;;
25.88;-0.5;-0.5;3.651569;1;15;1;;;;;
25.9;-0.5;-0.5;3.558731;1;15;1;;;;;
25.92;-0.5;-0.5;3.582482;1;15;1;;;;;
25.94;-0.5;-0.5;4.126256;1;15;1;;;;;
25.96;-0.5;-0.5;2.390024;1;15;1;;;;;
25.98;-0.5;-0.5;3.989726;1;15;1;;;;;
26;-0.5;-0.5;5.30891;1;15;1;;;;;
26.02;0;-0.5;5.623813;1;15;1;;;;;
26.04;-0.5;-0.5;2.462863;1;15;1;;;;;
26.06;-0.5;-0.5;2.391928;1;15;1;;;;;
26.08;-0.5;-0.5;3.591131;1;15;1;;;;;
26.1;-0.5;-0.5;3.69961;1;15;1;;;;;
26.12;-0.5;-0.5;3.496921;1;15;1;;;;;
26.14;-0.5;-0.5;2.573672;1;15;1;;;;;
26.16;-0.5;-0.5;4.664219;1;15;1;;;;;
26.18;-0.5;-0.5;3.170067;1;15;1;;;;;
26.2;-0.5;-0.5;4.68068;1;15;1;;;;;
26.22;-0.5;-0.5;5.311838;1;15;1;;;;;
26.24;-0.5;-0.5;2.015795;1;15;1;;;;;
26.26;-0.5;-0.5;3.390118;1;15;1;;;;;
26.28;-0.5;-0.5;5.852528;1;15;1;;;;;
26.3;-0.5;-0.5;4.760626;1;15;1;;;;;
26.32;-0.5;-0.5;3.551108;1;15;1;;;;;
26.34;-0.5;-0.5;2.078176;1;15;1;;;;;
26.36;-0.5;-0.5;5.682177;1;15;1;;;;;
26.38;-0.5;-0.5;3.228866;1;15;1;;;;;
26.4;-0.5;-0.5;2.608823;1;15;1;;;;;
26.42;0;-0.5;5.716592;1;15;1;;;;;
26.44;-0.5;-0.5;2.906245;1;15;1;;;;;
26.46;-0.5;-0.5;3.141075;1;15;1;;;;;
26.48;-0.5;-0.5;5.790194;1;15;1;;;;;
26.5;-0.5;-0.5;3.552431;1;15;1;;;;;
26.52;-0.5;-0.5;5.843692;1;15;1;;;;;
26.54;-0.5;-0.5;3.56698;1;15;1;;;;;
26.56;-0.5;-0.5;4.080306;1;15;1;;;;;
26.58;-0.5;-0.5;4.352386;1;15;1;;;;;
26.6;-0.5;-0.5;3.017248;1;15;1;;;;;
26.62;-0.5;-0.5;5.27564;1;15;1;;;;;
26.64;-0.5;-0.5;3.704551;1;15;1;;;;;
26.66;-0.5;-0.5;3.136231;1;15;1;;;;;
26.68;-0.5;-0.5;2.068531;1;15;1;;;;;
26.7;-0.5;-0.5;3.144622;1;15;1;;;;;
26.72;-0.5;-0.5;4.852917;1;15;1;;;;;
26.74;-0.5;-0.5;5.201385;1;15;1;;;;;
26.76;-0.5;-0.5;2.242643;1;15;1;;;;;
26.78;-0.5;-0.5;3.523352;1;15;1;;;;;
26.8;-0.5;-0.5;5.439709;1;15;1;;;;;
26.82;-0.5;-0.5;5.11487;1;15;1;;;;;
26.84;2;0;3.827663;1;15;1;;;;;
26.86;-0.5;-0.5;5.893317;1;15;1;;;;;
26.88;-0.5;-0.5;5.134134;1;15;1;;;;;
26.9;-0.5;-0.5;3.352006;1;15;1;;;;;
26.92;-0.5;-0.5;3.505793;1;15;1;;;;;
26.94;-0.5;-0.5;5.789516;1;15;1;;;;;
26.96;-0.5;-0.5;3.591655;1;15;1;;;;;
26.98;-0.5;-0.5;4.260653;1;15;1;;;;;
27;-0.5;-0.5;3.83654;1;15;1;;;;;
27.02;-0.5;-0.5;4.741842;1;15;1;;;;;
27.04;-0.5;-0.5;5.084577;1;15;1;;;;;
27.06;-0.5;-0.5;2.742771;1;15;1;;;;;
27.08;-0.5;-0.5;5.364992;1;15;1;;;;;
27.1;-0.5;-0.5;4.283436;1;15;1;;;;;
27.12;-0.5;-0.5;3.810094;1;15;1;;;;;
27.14;-0.5;-0.5;2.202608;1;15;1;;;;;
27.16;-0.5;-0.5;4.255908;1;15;1;;;;;
27.18;-0.5;-0.5;4.024299;1;15;1;;;;;
27.2;-0.5;-0.5;5.769671;1;15;1;;;;;
27.22;-0.5;-0.5;3.976394;1;15;1;;;;;
27.24;-0.5;-0.5;2.262788;1;15;1;;;;;
27.26;-0.5;-0.5;4.52068;1;15;1;;;;;
27.28;-0.5;-0.5;5.516926;1;15;1;;;;;
27.3;-0.5;-0.5;2.775418;1;15;1;;;;;
27.32;-0.5;-0.5;3.732275;1;15;1;;;;;
27.34;-0.5;-0.5;2.009735;1;15;1;;;;;
27.36;-0.5;-0.5;4.476027;1;15;1;;;;;
27.38;-0.5;-0.5;3.203387;1;15;1;;;;;
27.4;-0.5;-0.5;2.142227;1;15;1;;;;;
27.42;-0.5;-0.5;3.062581;1;15;1;;;;;
27.44;-0.5;-0.5;3.844555;1;15;1;;;;;
27.46;-0.5;-0.5;4.619393;1;15;1;;;;;
27.48;-0.5;-0.5;3.473367;1;15;1;;;;;
27.5;-0.5;-0.5;5.046898;1;15;1;;;;;
27.52;-0.5;-0.5;4.396763;1;15;1;;;;;
27.54;-0.5;-0.5;4.163572;1;15;1;;;;;
27.56;-0.5;-0.5;5.560946;1;15;1;;;;;
27.58;-0.5;-0.5;3.403249;1;15;1;;;;;
27.6;-0.5;-0.5;2.964811;1;15;1;;;;;
27.62;0;0;3.796074;1;15;1;;;;;
27.64;-0.5;-0.5;2.535165;1;15;1;;;;;
27.66;-0.5;-0.5;3.258952;1;15;1;;;;;
27.68;-0.5;-0.5;5.196416;1;15;1;;;;;
27.7;-0.5;-0.5;3.994824;1;15;1;;;;;
27.72;-0.5;-0.5;4.249841;1;15;1;;;;;
27.74;-0.5;-0.5;2.350756;1;15;1;;;;;
27.76;-0.5;-0.5;3.875385;1;15;1;;;;;
27.78;-0.5;-0.5;4.318325;1;15;1;;;;;
27.8;-0.5;-0.5;2.099623;1;15;1;;;;;
27.82;-0.5;-0.5;2.035868;1;15;1;;;;;
27.84;-0.5;-0.5;2.91175;1;15;1;;;;;
27.86;-0.5;-0.5;4.778673;1;15;1;;;;;
27.88;-0.5;-0.5;4.758433;1;15;1;;;;;
27.9;-0.5;-0.5;5.999516;1;15;1;;;;;
27.92;-0.5;-0.5;3.05814;1;15;1;;;;;
27.94;-0.5;-0.5;5.380888;1;15;1;;;;;
27.96;-0.5;-0.5;2.349716;1;15;1;;;;;
27.98;0;-0.25;5.343829;1;15;1;;;;;
28;-0.5;-0.5;5.920609;1;15;1;;;;;
28.02;-0.5;-0.5;5.696291;1;15;1;;;;;
28.04;-0.5;-0.5;3.827114;1;15;1;;;;;
28.06;-0.5;-0.5;4.120878;1;15;1;;;;;
28.08;-0.5;-0.5;3.521559;1;15;1;;;;;
28.1;-0.5;-0.5;3.27907;1;15;1;;;;;
28.12;-0.5;-0.5;5.162758;1;15;1;;;;;
28.14;-0.5;-0.5;4.66631;1;15;1;;;;;
28.16;-0.5;-0.5;4.818756;1;15;1;;;;;
28.18;-0.5;-0.5;2.770361;1;15;1;;;;;
28.2;-0.5;-0.5;4.415568;1;15;1;;;;;
28.22;-0.5;-0.5;3.175428;1;15;1;;;;;
28.24;-0.5;-0.5;2.027879;1;15;1;;;;;
28.26;-0.5;-0.5;5.79983;1;15;1;;;;;
28.28;-0.5;-0.5;5.441698;1;15;1;;;;;
28.3;-0.5;-0.5;4.707316;1;15;1;;;;;
28.32;-0.5;-0.5;5.885913;1;15;1;;;;;
28.34;-0.5;-0.5;2.925731;1;15;1;;;;;
28.36;-0.5;-0.5;3.223268;1;15;1;;;;;
28.38;-0.5;-0.5;5.549805;1;15;1;;;;;
28.4;-0.5;-0.5;2.877778;1;15;1;;;;;
28.42;-0.5;-0.5;3.461387;1;15;1;;;;;
28.44;-0.5;-0.5;2.885872;1;15;1;;;;;
28.46;-0.5;-0.5;2.715306;1;15;1;;;;;
28.48;-0.5;-0.5;3.918434;1;15;1;;;;;
28.5;-0.5;-0.5;2.983314;1;15;1;;;;;
28.52;-0.5;-0.5;5.888325;1;15;1;;;;;
28.54;-0.5;-0.5;4.61467;1;15;1;;;;;
28.56;-0.5;-0.5;3.863856;1;15;1;;;;;
28.58;-0.5;-0.5;3.412136;1;15;1;;;;;
28.6;-0.5;-0.5;3.510461;1;15;1;;;;;
28.62;-0.5;-0.5;3.812953;1;15;1;;;;;
28.64;-0.5;-0.5;3.191683;1;15;1;;;;;
28.66;-0.5;-0.5;3.880977;1;15;1;;;;;
28.68;-0.5;-0.5;4.153918;1;15;1;;;;;
28.7;-0.5;-0.5;4.566216;1;15;1;;;;;
28.72;-0.5;-0.5;5.894619;1;15;1;;;;;
28.74;-0.5;-0.5;4.080054;1;15;1;;;;;
28.76;-0.5;-0.5;2.338908;1;15;1;;;;;
28.78;-0.5;-0.5;2.114072;1;15;1;;;;;
28.8;-0.5;-0.5;3.232488;1;15;1;;;;;
28.82;-0.5;-0.5;3.15651;1;15;1;;;;;
28.84;-0.5;-0.5;5.761103;1;15;1;;;;;
28.86;-0.5;-0.5;5.555983;1;15;1;;;;;
28.88;-0.5;-0.5;2.567706;1;15;1;;;;;
28.9;-0.5;-0.5;4.548284;1;15;1;;;;;
28.92;-0.5;-0.5;2.115526;1;15;1;;;;;
28.94;-0.5;-0.5;4.899186;1;15;1;;;;;
28.96;-0.5;-0.5;3.340895;1;15;1;;;;;
28.98;-0.5;-0.5;3.136184;1;15;1;;;;;
29;-0.5;-0.5;2.097314;1;15;1;;;;;
29.02;-0.5;-0.5;2.058079;1;15;1;;;;;
29.04;-0.5;-0.5;3.052686;1;15;1;;;;;
29.06;-0.5;-0.5;2.222177;1;15;1;;;;;
29.08;-0.5;-0.5;3.629915;1;15;1;;;;;
29.1;-0.5;-0.5;4.465692;1;15;1;;;;;
29.12;-0.5;-0.5;2.158638;1;15;1;;;;;
29.14;-0.5;-0.5;3.430024;1;15;1;;;;;
29.16;-0.5;-0.5;2.457421;1;15;1;;;;;
29.18;-0.5;-0.5;2.427951;1;15;1;;;;;
29.2;-0.5;-0.5;3.593982;1;15;1;;;;;
29.22;-0.5;-0.5;4.116701;1;15;1;;;;;
29.24;-0.5;-0.5;3.107934;1;15;1;;;;;
29.26;-0.5;-0.5;4.318275;1;15;1;;;;;
29.28;-0.5;-0.5;3.351002;1;15;1;;;;;
29.3;-0.5;-0.5;3.247742;1;15;1;;;;;
29.32;-0.5;-0.5;2.823111;1;15;1;;;;;
29.34;-0.5;-0.5;4.2749;1;15;1;;;;;
29.36;-0.5;-0.5;3.373599;1;15;1;;;;;
29.38;-0.5;-0.5;5.741282;1;15;1;;;;;
29.4;-0.5;-0.5;4.381536;1;15;1;;;;;
29.42;-0.5;-0.5;3.315391;1;15;1;;;;;
29.44;-0.5;-0.5;4.920096;1;15;1;;;;;
29.46;-0.5;-0.5;3.509758;1;15;1;;;;;
29.48;-0.5;-0.5;5.58403;1;15;1;;;;;
29.5;-0.5;-0.5;2.808619;1;15;1;;;;;
29.52;-0.5;-0.5;5.773548;1;15;1;;;;;
29.54;-0.5;-0.5;4.065071;1;15;1;;;;;
29.56;-0.5;-0.5;3.031912;1;15;1;;;;;
29.58;-0.5;-0.5;2.760328;1;15;1;;;;;
29.6;-0.5;-0.5;5.345155;1;15;1;;;;;
29.62;-0.5;-0.5;3.703744;1;15;1;;;;;
29.64;-0.5;-0.5;2.021463;1;15;1;;;;;
29.66;-0.5;-0.5;5.4977;1;15;1;;;;;
29.68;-0.5;-0.5;2.063344;1;15;1;;;;;
29.7;-0.5;-0.5;2.084112;1;15;1;;;;;
29.72;-0.5;-0.5;3.867316;1;15;1;;;;;
29.74;-0.5;-0.5;2.217231;1;15;1;;;;;
29.76;-0.5;-0.5;3.611478;1;15;1;;;;;
29.78;-0.5;-0.5;2.009914;1;15;1;;;;;
29.8;-0.5;-0.5;5.777896;1;15;1;;;;;
29.82;-0.5;-0.5;4.212895;1;15;1;;;;;
29.84;-0.5;-0.5;4.435919;1;15;1;;;;;
29.86;-0.5;-0.5;2.749645;1;15;1;;;;;
29.88;-0.5;-0.5;3.288237;1;15;1;;;;;
29.9;0;-0.25;3.892548;1;15;1;;;;;
29.92;-0.5;-0.5;5.316256;1;15;1;;;;;
29.94;-0.5;-0.5;2.125401;1;15;1;;;;;
29.96;-0.5;-0.5;3.271236;1;15;1;;;;;
29.98;-0.5;-0.5;5.864342;1;15;1;;;;;
30;-0.5;-0.5;2.685077;1;15;1;;;;;
30.02;-0.5;-0.5;5.496653;1;15;1;;;;;
30.04;-0.5;-0.5;4.167939;1;15;1;;;;;
30.06;-0.5;-0.5;5.791314;1;15;1;;;;;
30.08;-0.5;-0.5;5.77396;1;15;1;;;;;
30.1;-0.5;-0.5;4.484519;1;15;1;;;;;
30.12;-0.5;-0.5;5.026268;1;15;1;;;;;
30.14;-0.5;-0.5;3.175612;1;15;1;;;;;
30.16;-0.5;-0.5;3.714394;1;15;1;;;;;
30.18;-0.5;-0.5;4.017269;1;15;1;;;;;
30.2;-0.5;-0.5;4.636239;1;15;1;;;;;
30.22;-0.5;-0.5;2.10937;1;15;1;;;;;
30.24;-0.5;-0.5;3.421302;1;15;1;;;;;
30.26;-0.5;-0.5;2.808871;1;15;1;;;;;
30.28;-0.5;-0.5;3.007824;1;15;1;;;;;
30.3;0;0;5.227987;1;15;1;;;;;
30.32;-0.5;-0.5;4.754864;1;15;1;;;;;
30.34;-0.5;-0.5;3.592808;1;15;1;;;;;
30.36;-0.5;-0.5;2.453527;1;15;1;;;;;
30.38;-0.5;-0.5;3.516899;1;15;1;;;;;
30.4;-0.5;-0.5;4.327049;1;15;1;;;;;
30.42;-0.5;-0.5;2.352283;1;15;1;;;;;
30.44;-0.5;-0.5;4.105839;1;15;1;;;;;
30.46;-0.5;-0.5;2.934473;1;15;1;;;;;
30.48;-0.5;-0.5;3.766121;1;15;1;;;;;
30.5;-0.5;-0.5;3.043934;1;15;1;;;;;
30.52;-0.5;-0.5;2.303129;1;15;1;;;;;
30.54;-0.5;-0.5;3.029104;1;15;1;;;;;
30.56;-0.5;-0.5;5.985263;1;15;1;;;;;
30.58;-0.5;-0.5;2.069196;1;15;1;;;;;
30.6;-0.5;-0.5;5.385814;1;15;1;;;;;
30.62;-0.5;-0.5;3.595353;1;15;1;;;;;
30.64;-0.5;-0.5;5.74774;1;15;1;;;;;
30.66;-0.5;-0.5;3.952763;1;15;1;;;;;
30.68;-0.5;-0.5;5.789216;1;15;1;;;;;
30.7;-0.5;-0.5;4.81267;1;15;1;;;;;
30.72;-0.5;-0.5;5.840079;1;15;1;;;;;
30.74;-0.5;-0.5;3.964772;1;15;1;;;;;
30.76;-0.5;-0.5;5.341651;1;15;1;;;;;
30.78;-0.5;-0.5;3.820738;1;15;1;;;;;
30.8;-0.5;-0.5;5.751318;1;15;1;;;;;
30.82;-0.5;-0.5;3.396916;1;15;1;;;;;
30.84;-0.5;-0.5;3.391057;1;15;1;;;;;
30.86;-0.5;-0.5;2.931515;1;15;1;;;;;
30.88;-0.5;-0.5;5.23612;1;15;1;;;;;
30.9;-0.5;-0.5;5.136034;1;15;1;;;;;
30.92;-0.5;-0.5;4.91302;1;15;1;;;;;
30.94;-0.5;-0.5;5.486682;1;15;1;;;;;
30.96;-0.5;-0.5;2.356093;1;15;1;;;;;
30.98;-0.5;-0.5;2.691709;1;15;1;;;;;
31;-0.5;-0.5;2.17626;1;15;1;;;;;
31.02;-0.5;-0.5;2.11133;1;15;1;;;;;
31.04;-0.5;-0.5;2.816432;1;15;1;;;;;
31.06;-0.5;-0.5;4.695096;1;15;1;;;;;
31.08;-0.5;-0.5;2.920752;1;15;1;;;;;
31.1;-0.5;-0.5;3.982356;1;15;1;;;;;
31.12;-0.5;-0.5;4.36685;1;15;1;;;;;
31.14;-0.5;-0.5;2.063742;1;15;1;;;;;
31.16;-0.5;-0.5;3.264044;1;15;1;;;;;
31.18;-0.5;-0.5;4.673438;1;15;1;;;;;
31.2;-0.5;-0.5;3.208721;1;15;1;;;;;
31.22;-0.5;-0.5;5.105823;1;15;1;;;;;
31.24;-0.5;-0.5;2.841182;1;15;1;;;;;
31.26;-0.5;-0.5;2.996062;1;15;1;;;;;
31.28;-0.5;-0.5;2.972771;1;15;1;;;;;
31.3;-0.5;-0.5;4.913797;1;15;1;;;;;
31.32;-0.5;-0.5;5.248829;1;15;1;;;;;
31.34;-0.5;-0.5;2.63214;1;15;1;;;;;
31.36;-0.5;-0.5;4.629264;1;15;1;;;;;
31.38;-0.5;-0.5;5.383656;1;15;1;;;;;
31.4;-0.5;-0.5;4.94968;1;15;1;;;;;
31.42;-0.5;-0.5;2.814065;1;15;1;;;;;
31.44;-0.5;-0.5;2.351884;1;15;1;;;;;
31.46;-0.5;-0.5;3.27308;1;15;1;;;;;
31.48;-0.5;-0.5;3.953979;1;15;1;;;;;
31.5;-0.5;-0.5;5.327893;1;15;1;;;;;
31.52;-0.5;-0.5;5.050295;1;15;1;;;;;
31.54;-0.5;-0.5;5.929084;1;15;1;;;;;
31.56;-0.5;-0.5;4.555275;1;15;1;;;;;
31.58;-0.5;-0.5;4.276601;1;15;1;;;;;
31.6;-0.5;-0.5;2.08729;1;15;1;;;;;
31.62;-0.5;-0.5;2.469834;1;15;1;;;;;
31.64;-0.5;-0.5;5.806496;1;15;1;;;;;
31.66;-0.5;-0.5;3.250134;1;15;1;;;;;
31.68;-0.5;-0.5;5.876438;1;15;1;;;;;
31.7;-0.5;-0.5;5.951292;1;15;1;;;;;
31.72;-0.5;-0.5;2.418895;1;15;1;;;;;
31.74;-0.5;-0.5;4.350077;1;15;1;;;;;
31.76;-0.5;-0.5;3.449257;1;15;1;;;;;
31.78;-0.5;-0.5;3.028498;1;15;1;;;;;
31.8;-0.5;-0.5;4.899371;1;15;1;;;;;
31.82;-0.5;-0.5;2.20228;1;15;1;;;;;
31.84;-0.5;-0.5;2.812558;1;15;1;;;;;
31.86;-0.5;-0.5;4.789398;1;15;1;;;;;
31.88;-0.5;-0.5;5.280824;1;15;1;;;;;
31.9;-0.5;-0.5;5.612289;1;15;1;;;;;
31.92;-0.5;-0.5;3.113701;1;15;1;;;;;
31.94;-0.5;-0.5;4.522479;1;15;1;;;;;
31.96;-0.5;-0.5;3.186281;1;15;1;;;;;
31.98;-0.5;-0.5;3.676595;1;15;1;;;;;
32;-0.5;-0.5;4.233168;1;15;1;;;;;
32.02;-0.5;-0.5;4.195284;1;15;1;;;;;
32.04;-0.5;-0.5;2.908517;1;15;1;;;;;
32.06;-0.5;-0.5;2.648836;1;15;1;;;;;
32.08;-0.5;-0.5;3.482546;1;15;1;;;;;
32.1;-0.5;-0.5;2.530396;1;15;1;;;;;
32.12;-0.5;-0.5;5.21487;1;15;1;;;;;
32.14;-0.5;-0.5;2.135093;1;15;1;;;;;
32.16;-0.5;-0.5;5.986724;1;15;1;;;;;
32.18;-0.5;-0.5;4.615864;1;15;1;;;;;
32.2;-0.5;-0.5;3.654324;1;15;1;;;;;
32.22;-0.5;-0.5;5.588115;1;15;1;;;;;
32.24;-0.5;-0.5;2.548599;1;15;1;;;;;
32.26;-0.5;-0.5;3.081779;1;15;1;;;;;
32.28;-0.5;-0.5;3.960652;1;15;1;;;;;
32.3;-0.5;-0.5;4.540175;1;15;1;;;;;
32.32;-0.5;-0.5;4.273103;1;15;1;;;;;
32.34;-0.5;-0.5;3.974503;1;15;1;;;;;
32.36;-0.5;-0.5;2.88304;1;15;1;;;;;
32.38;-0.5;-0.5;4.785162;1;15;1;;;;;
32.4;-0.5;-0.5;2.681046;1;15;1;;;;;
32.42;-0.5;-0.5;5.931585;1;15;1;;;;;
32.44;-0.5;-0.5;2.876688;1;15;1;;;;;
32.46;-0.5;-0.5;5.137421;1;15;1;;;;;
32.48;-0.5;-0.5;4.43318;1;15;1;;;;;
32.5;-0.5;-0.5;5.116529;1;15;1;;;;;
32.52;-0.5;-0.5;4.974156;1;15;1;;;;;
32.54;-0.5;-0.5;4.70659;1;15;1;;;;;
32.56;-0.5;-0.5;4.691602;1;15;1;;;;;
32.58;-0.5;-0.5;5.636706;1;15;1;;;;;
32.6;-0.5;-0.5;2.617659;1;15;1;;;;;
32.62;-0.5;-0.5;2.312219;1;15;1;;;;;
32.64;-0.5;-0.5;2.012754;1;15;1;;;;;
32.66;-0.5;-0.5;5.93374;1;15;1;;;;;
32.68;-0.5;-0.5;2.985831;1;15;1;;;;;
32.7;-0.5;-0.5;3.166113;1;15;1;;;;;
32.72;-0.5;-0.5;5.45511;1;15;1;;;;;
32.74;-0.5;-0.5;3.02544;1;15;1;;;;;
32.76;-0.5;-0.5;2.189402;1;15;1;;;;;
32.78;0;0;4.42789;1;15;1;;;;;
32.8;-0.5;-0.5;3.868643;1;15;1;;;;;
32.82;-0.5;-0.5;2.471133;1;15;1;;;;;
32.84;-0.5;-0.5;3.372951;1;15;1;;;;;
32.86;-0.5;-0.5;2.732546;1;15;1;;;;;
32.88;-0.5;-0.5;4.926693;1;15;1;;;;;
32.9;-0.5;-0.5;5.194209;1;15;1;;;;;
32.92;-0.5;-0.5;3.958925;1;15;1;;;;;
32.94;-0.5;-0.5;2.95578;1;15;1;;;;;
32.96;-0.5;-0.5;3.920153;1;15;1;;;;;
32.98;-0.5;-0.5;4.993389;1;15;1;;;;;
33;-0.5;-0.5;2.952787;1;15;1;;;;;
33.02;-0.5;-0.5;4.557241;1;15;1;;;;;
33.04;-0.5;-0.5;3.895275;1;15;1;;;;;
33.06;-0.5;-0.5;4.529501;1;15;1;;;;;
33.08;-0.5;-0.5;3.785474;1;15;1;;;;;
33.1;-0.5;-0.5;5.979628;1;15;1;;;;;
33.12;-0.5;-0.5;5.392031;1;15;1;;;;;
33.14;2;0.25;5.459392;1;15;1;;;;;
33.16;-0.5;-0.5;4.68621;1;15;1;;;;;
33.18;-0.5;-0.5;2.096536;1;15;1;;;;;
33.2;-0.5;-0.5;5.900224;1;15;1;;;;;
33.22;-0.5;-0.5;3.306499;1;15;1;;;;;
33.24;-0.5;-0.5;3.564602;1;15;1;;;;;
33.26;-0.5;-0.5;3.498601;1;15;1;;;;;
33.28;-0.5;-0.5;5.588753;1;15;1;;;;;
33.3;-0.5;-0.5;3.389304;1;15;1;;;;;
33.32;-0.5;-0.5;5.078595;1;15;1;;;;;
33.34;-0.5;-0.5;4.22211;1;15;1;;;;;
33.36;-0.5;-0.5;2.214961;1;15;1;;;;;
33.38;-0.5;-0.5;2.639574;1;15;1;;;;;
33.4;-0.5;-0.5;5.873997;1;15;1;;;;;
33.42;-0.5;-0.5;5.501866;1;15;1;;;;;
33.44;-0.5;-0.5;3.621006;1;15;1;;;;;
33.46;-0.5;-0.5;4.926304;1;15;1;;;;;
33.48;-0.5;-0.5;4.607138;1;15;1;;;;;
33.5;-0.5;-0.5;4.555326;1;15;1;;;;;
33.52;-0.5;-0.5;5.714404;1;15;1;;;;;
33.54;-0.5;-0.5;3.021214;1;15;1;;;;;
33.56;-0.5;-0.5;2.757207;1;15;1;;;;;
33.58;-0.5;-0.5;3.410055;1;15;1;;;;;
33.6;-0.5;-0.5;5.532869;1;15;1;;;;;
33.62;-0.5;-0.5;3.748707;1;15;1;;;;;
33.64;-0.5;-0.5;2.006654;1;15;1;;;;;
33.66;-0.5;-0.5;4.440087;1;15;1;;;;;
33.68;-0.5;-0.5;4.39449;1;15;1;;;;;
33.7;-0.5;-0.5;5.752955;1;15;1;;;;;
33.72;-0.5;-0.5;4.286049;1;15;1;;;;;
33.74;-0.5;-0.5;5.311408;1;15;1;;;;;
33.76;-0.5;-0.5;5.304811;1;15;1;;;;;
33.78;-0.5;-0.5;5.574883;1;15;1;;;;;
33.8;-0.5;-0.5;5.406107;1;15;1;;;;;
33.82;-0.5;-0.5;5.293338;1;15;1;;;;;
33.84;-0.5;-0.5;5.788312;1;15;1;;;;;
33.86;-0.5;-0.5;2.77526;1;15;1;;;;;
33.88;0;0.25;5.759179;1;15;1;;;;;
33.9;-0.5;-0.5;2.405372;1;15;1;;;;;
33.92;-0.5;-0.5;3.426667;1;15;1;;;;;
;;;;;;;;;;;
