time;pos_x_right;pos_y_right;dil_right;pos_x_left;pos_y_left;dil_left;brightness;state;fov;trial;;
0;0;-0.125;2.21136;1;Adaptation;15;1;;;;;
0.02;0;-0.125;4.52827;1;Adaptation;15;1;;;;;
0.04;-0.5;-0.5;5.22715;1;Adaptation;15;1;;;;;
0.06;-0.5;-0.5;5.341439;1;Adaptation;15;1;;;;;
0.08;-0.5;-0.5;3.933822;1;Adaptation;15;1;;;;;
0.09999999;-0.5;-0.5;2.132414;1;Adaptation;15;1;;;;;
0.12;-0.5;-0.5;4.433084;1;Adaptation;15;1;;;;;
0.14;-0.5;-0.5;4.529702;1;Adaptation;15;1;;;;;
0.16;-0.5;-0.5;5.65975;1;Adaptation;15;1;;;;;
0.18;-0.5;-0.5;3.912847;1;Adaptation;15;1;;;;;
0.2;-0.5;-0.5;4.925641;1;Adaptation;15;1;;;;;
0.22;-0.5;-0.5;4.387607;1;Adaptation;15;1;;;;;
0.24;-0.5;-0.5;2.204511;1;Adaptation;15;1;;;;;
0.26;-0.5;-0.5;3.834936;1;Adaptation;15;1;;;;;
0.28;-0.5;-0.5;4.012251;1;Adaptation;15;1;;;;;
0.3;-0.5;-0.5;4.844;1;Adaptation;15;1;;;;;
0.32;-0.5;-0.5;5.767192;1;Adaptation;15;1;;;;;
0.34;-0.5;-0.5;3.444305;1;Adaptation;15;1;;;;;
0.36;0;0.1875;4.745182;1;Adaptation;15;1;;;;;
0.38;-0.5;-0.5;4.123902;1;Adaptation;15;1;;;;;
0.4;-0.5;-0.5;2.443337;1;Adaptation;15;1;;;;;
0.42;-0.5;-0.5;4.401102;1;Adaptation;15;1;;;;;
0.44;0;0;5.857434;1;Adaptation;15;1;;;;;
0.46;-0.5;-0.5;5.049071;1;Adaptation;15;1;;;;;
0.48;-0.5;-0.5;3.388553;1;Adaptation;15;1;;;;;
0.5;0;0.0625;5.344917;1;Adaptation;15;1;;;;;
0.52;0;0.0625;2.878977;1;Adaptation;15;1;;;;;
0.54;-0.5;-0.5;4.937504;1;Adaptation;15;1;;;;;
0.56;-0.5;-0.5;5.771795;1;Adaptation;15;1;;;;;
0.58;-0.5;-0.5;2.880043;1;Adaptation;15;1;;;;;
0.6;-0.5;-0.5;5.267718;1;Adaptation;15;1;;;;;
0.62;0;-0.0625;2.018303;1;Adaptation;15;1;;;;;
0.64;0;0.125;4.007643;1;Adaptation;15;1;;;;;
0.66;-0.5;-0.5;3.255986;1;Adaptation;15;1;;;;;
0.68;-0.5;-0.5;3.32999;1;Adaptation;15;1;;;;;
0.7;-0.5;-0.5;5.837464;1;Adaptation;15;1;;;;;
0.72;-0.5;-0.5;3.644716;1;Adaptation;15;1;;;;;
0.74;-0.5;-0.5;2.394236;1;Adaptation;15;1;;;;;
0.76;-0.5;-0.5;5.310143;1;Adaptation;15;1;;;;;
0.78;2;-0.1875;2.283947;1;Adaptation;15;1;;;;;
0.8;-0.5;-0.5;5.787672;1;Adaptation;15;1;;;;;
0.82;0;0.1875;3.462082;1;Adaptation;15;1;;;;;
0.84;-0.5;-0.5;3.882212;1;Adaptation;15;1;;;;;
0.86;-0.5;-0.5;4.218398;1;Adaptation;15;1;;;;;
0.88;-0.5;-0.5;5.068914;1;Adaptation;15;1;;;;;
0.9;-0.5;-0.5;3.733653;1;Adaptation;15;1;;;;;
0.92;-0.5;-0.5;4.900933;1;Adaptation;15;1;;;;;
0.94;-0.5;-0.5;5.748163;1;Adaptation;15;1;;;;;
0.96;0;0.0625;2.880822;1;Adaptation;15;1;;;;;
0.98;0;-0.0625;2.649873;1;Adaptation;15;1;;;;;
1;-0.5;-0.5;5.725048;1;Adaptation;15;1;;;;;
1.02;2;0.0625;5.015475;1;Adaptation;15;1;;;;;
1.04;0;-0.0625;4.03859;1;Adaptation;15;1;;;;;
1.06;-0.5;-0.5;2.617949;1;Adaptation;15;1;;;;;
1.08;-0.5;-0.5;3.727051;1;Adaptation;15;1;;;;;
1.1;-0.5;-0.5;4.8172;1;Adaptation;15;1;;;;;
1.12;-2;0;2.576852;1;Adaptation;15;1;;;;;
1.14;-0.5;-0.5;2.713982;1;Adaptation;15;1;;;;;
1.16;-0.5;-0.5;5.154449;1;Adaptation;15;1;;;;;
1.18;-0.5;-0.5;2.683595;1;Adaptation;15;1;;;;;
1.2;0;-0.1875;4.364425;1;Adaptation;15;1;;;;;
1.22;-0.5;-0.5;5.859905;1;Adaptation;15;1;;;;;
1.24;0;-0.125;5.735406;1;Adaptation;15;1;;;;;
1.26;-0.5;-0.5;5.747738;1;Adaptation;15;1;;;;;
1.28;0;0.1875;2.024589;1;Adaptation;15;1;;;;;
1.3;-0.5;-0.5;2.29419;1;Adaptation;15;1;;;;;
1.32;-0.5;-0.5;4.344824;1;Adaptation;15;1;;;;;
1.34;-0.5;-0.5;4.952636;1;Adaptation;15;1;;;;;
1.36;-0.5;-0.5;2.595711;1;Adaptation;15;1;;;;;
1.38;-0.5;-0.5;5.506217;1;Adaptation;15;1;;;;;
1.4;-0.5;-0.5;3.976174;1;Adaptation;15;1;;;;;
1.42;-2;0;4.216415;1;Adaptation;15;1;;;;;
1.44;-0.5;-0.5;2.888335;1;Adaptation;15;1;;;;;
1.46;-0.5;-0.5;2.276081;1;Adaptation;15;1;;;;;
1.48;-0.5;-0.5;3.988868;1;Adaptation;15;1;;;;;
1.5;2;0;4.504348;1;Adaptation;15;1;;;;;
1.52;-0.5;-0.5;5.49712;1;Adaptation;15;1;;;;;
1.54;-0.5;-0.5;5.330733;1;Adaptation;15;1;;;;;
1.56;-0.5;-0.5;5.474324;1;Adaptation;15;1;;;;;
1.58;-2;0.0625;4.194983;1;Adaptation;15;1;;;;;
1.6;-0.5;-0.5;5.896382;1;Adaptation;15;1;;;;;
1.62;-0.5;-0.5;5.974462;1;Adaptation;15;1;;;;;
1.64;-0.5;-0.5;5.587266;1;Adaptation;15;1;;;;;
1.66;0;-0.3125;4.669024;1;Adaptation;15;1;;;;;
1.68;-0.5;-0.5;2.05243;1;Adaptation;15;1;;;;;
1.7;-0.5;-0.5;2.314816;1;Adaptation;15;1;;;;;
1.72;0;-0.25;3.617052;1;Adaptation;15;1;;;;;
1.74;0;-0.0625;2.793933;1;Adaptation;15;1;;;;;
1.76;-0.5;-0.5;5.134766;1;Adaptation;15;1;;;;;
1.78;-0.5;-0.5;4.864772;1;Adaptation;15;1;;;;;
1.8;-0.5;-0.5;5.76347;1;Adaptation;15;1;;;;;
1.82;-0.5;-0.5;3.926185;1;Adaptation;15;1;;;;;
1.84;-0.5;-0.5;4.710648;1;Adaptation;15;1;;;;;
1.86;-0.5;-0.5;2.159363;1;Adaptation;15;1;;;;;
1.88;-0.5;-0.5;3.41941;1;Adaptation;15;1;;;;;
1.9;-0.5;-0.5;4.492759;1;Adaptation;15;1;;;;;
1.92;-0.5;-0.5;2.023646;1;Adaptation;15;1;;;;;
1.94;0;-0.0625;5.066112;1;Adaptation;15;1;;;;;
1.96;-0.5;-0.5;3.418836;1;Adaptation;15;1;;;;;
1.98;-4;-0.0625;5.562988;1;Adaptation;15;1;;;;;
2;0;0;5.570105;1;Adaptation;15;1;;;;;
2.02;-2;-0.125;2.369113;1;Adaptation;15;1;;;;;
2.04;-0.5;-0.5;3.005049;1;Adaptation;15;1;;;;;
2.06;-0.5;-0.5;4.837771;1;Adaptation;15;1;;;;;
2.08;-0.5;-0.5;3.857661;1;Adaptation;15;1;;;;;
2.1;-0.5;-0.5;2.460397;1;Adaptation;15;1;;;;;
2.12;-0.5;-0.5;5.079451;1;Adaptation;15;1;;;;;
2.14;0;0.0625;4.855794;1;Adaptation;15;1;;;;;
2.16;0;0.0625;3.561508;1;Adaptation;15;1;;;;;
2.18;0;0.125;3.934691;1;Adaptation;15;1;;;;;
2.2;-0.5;-0.5;5.662275;1;Adaptation;15;1;;;;;
2.22;-0.5;-0.5;2.440353;1;Adaptation;15;1;;;;;
2.24;-2;-0.25;2.343667;1;Adaptation;15;1;;;;;
2.26;-0.5;-0.5;3.560674;1;Adaptation;15;1;;;;;
2.28;-0.5;-0.5;3.007378;1;Adaptation;15;1;;;;;
2.3;-0.5;-0.5;4.741611;1;Adaptation;15;1;;;;;
2.32;-0.5;-0.5;4.089238;1;Adaptation;15;1;;;;;
2.34;-0.5;-0.5;5.569918;1;Adaptation;15;1;;;;;
2.36;-0.5;-0.5;5.409518;1;Adaptation;15;1;;;;;
2.38;0;0.0625;3.93732;1;Adaptation;15;1;;;;;
2.4;0;0.375;3.68781;1;Adaptation;15;1;;;;;
2.42;-0.5;-0.5;4.072509;1;Adaptation;15;1;;;;;
2.44;2;0;5.892249;1;Adaptation;15;1;;;;;
2.46;-0.5;-0.5;4.055459;1;Adaptation;15;1;;;;;
2.48;-0.5;-0.5;4.352061;1;Adaptation;15;1;;;;;
2.5;-0.5;-0.5;4.433304;1;Adaptation;15;1;;;;;
2.52;-0.5;-0.5;2.256054;1;Adaptation;15;1;;;;;
2.54;-0.5;-0.5;5.572994;1;Adaptation;15;1;;;;;
2.56;0;0;4.685247;1;Adaptation;15;1;;;;;
2.58;-0.5;-0.5;5.692685;1;Adaptation;15;1;;;;;
2.6;0;0.0625;3.257886;1;Adaptation;15;1;;;;;
2.62;-0.5;-0.5;2.392006;1;Adaptation;15;1;;;;;
2.64;-0.5;-0.5;3.877003;1;Adaptation;15;1;;;;;
2.66;-0.5;-0.5;5.287709;1;Adaptation;15;1;;;;;
2.68;-0.5;-0.5;5.392987;1;Adaptation;15;1;;;;;
2.7;-0.5;-0.5;5.931383;1;Adaptation;15;1;;;;;
2.72;-0.5;-0.5;5.996367;1;Adaptation;15;1;;;;;
2.74;-0.5;-0.5;3.826468;1;Adaptation;15;1;;;;;
2.76;-0.5;-0.5;3.144606;1;Adaptation;15;1;;;;;
2.78;0;-0.0625;5.565536;1;Adaptation;15;1;;;;;
2.8;2;0;5.015337;1;Adaptation;15;1;;;;;
2.82;-0.5;-0.5;2.513787;1;Adaptation;15;1;;;;;
2.84;-0.5;-0.5;2.826781;1;Adaptation;15;1;;;;;
2.86;0;-0.0625;2.775349;1;Adaptation;15;1;;;;;
2.88;-0.5;-0.5;3.422777;1;Adaptation;15;1;;;;;
2.9;-2;0.0625;4.565517;1;Adaptation;15;1;;;;;
2.92;-0.5;-0.5;2.159906;1;Adaptation;15;1;;;;;
2.94;-0.5;-0.5;4.530149;1;Adaptation;15;1;;;;;
2.96;0;0.0625;3.191514;1;Adaptation;15;1;;;;;
2.98;-0.5;-0.5;4.143326;1;Adaptation;15;1;;;;;
3;0;0;4.21094;1;Adaptation;15;1;;;;;
3.02;-0.5;-0.5;5.055781;1;Adaptation;15;1;;;;;
3.04;-0.5;-0.5;4.132345;1;Adaptation;15;1;;;;;
3.06;-0.5;-0.5;5.094002;1;Adaptation;15;1;;;;;
3.08;-0.5;-0.5;4.660744;1;Adaptation;15;1;;;;;
3.1;0;-0.1875;3.545628;1;Adaptation;15;1;;;;;
3.12;-0.5;-0.5;2.398683;1;Adaptation;15;1;;;;;
3.14;-2;0.0625;4.111998;1;Adaptation;15;1;;;;;
3.16;-0.5;-0.5;5.901028;1;Adaptation;15;1;;;;;
3.18;0;0;3.596062;1;Adaptation;15;1;;;;;
3.2;-0.5;-0.5;5.208836;1;Adaptation;15;1;;;;;
3.22;-0.5;-0.5;4.345846;1;Adaptation;15;1;;;;;
3.24;-0.5;-0.5;4.895214;1;Adaptation;15;1;;;;;
3.26;2;0;5.469682;1;Adaptation;15;1;;;;;
3.28;0;0.0625;2.921087;1;Adaptation;15;1;;;;;
3.3;-0.5;-0.5;2.656165;1;Adaptation;15;1;;;;;
3.32;-0.5;-0.5;3.555094;1;Adaptation;15;1;;;;;
3.34;-0.5;-0.5;5.312056;1;Adaptation;15;1;;;;;
3.36;-0.5;-0.5;3.295563;1;Adaptation;15;1;;;;;
3.38;-2;-0.0625;2.723647;1;Adaptation;15;1;;;;;
3.4;-0.5;-0.5;3.774224;1;Adaptation;15;1;;;;;
3.42;-0.5;-0.5;5.982547;1;Adaptation;15;1;;;;;
3.44;-0.5;-0.5;3.093901;1;Adaptation;15;1;;;;;
3.46;-0.5;-0.5;5.309011;1;Adaptation;15;1;;;;;
3.48;-0.5;-0.5;2.49785;1;Adaptation;15;1;;;;;
3.5;-0.5;-0.5;4.228727;1;Adaptation;15;1;;;;;
3.52;-0.5;-0.5;5.819449;1;Adaptation;15;1;;;;;
3.54;-0.5;-0.5;2.533563;1;Adaptation;15;1;;;;;
3.56;-0.5;-0.5;3.389126;1;Adaptation;15;1;;;;;
3.58;-0.5;-0.5;5.785635;1;Adaptation;15;1;;;;;
3.6;-2;-0.0625;3.042775;1;Adaptation;15;1;;;;;
3.62;-0.5;-0.5;4.358768;1;Adaptation;15;1;;;;;
3.64;-2;0.1875;5.694708;1;Adaptation;15;1;;;;;
3.66;0;0.25;2.479832;1;Adaptation;15;1;;;;;
3.68;-0.5;-0.5;2.288256;1;Adaptation;15;1;;;;;
3.7;0;-0.1875;2.149481;1;Adaptation;15;1;;;;;
3.72;-0.5;-0.5;2.432177;1;Adaptation;15;1;;;;;
3.74;-2;0.0625;4.698618;1;Adaptation;15;1;;;;;
3.76;-0.5;-0.5;2.446561;1;Adaptation;15;1;;;;;
3.78;-0.5;-0.5;2.676117;1;Adaptation;15;1;;;;;
3.8;-0.5;-0.5;4.893697;1;Adaptation;15;1;;;;;
3.82;-0.5;-0.5;2.628451;1;Adaptation;15;1;;;;;
3.84;-0.5;-0.5;4.115283;1;Adaptation;15;1;;;;;
3.86;-0.5;-0.5;5.643517;1;Adaptation;15;1;;;;;
3.88;-0.5;-0.5;5.872118;1;Adaptation;15;1;;;;;
3.9;-0.5;-0.5;4.680624;1;Adaptation;15;1;;;;;
3.92;-0.5;-0.5;3.429159;1;Adaptation;15;1;;;;;
3.94;-0.5;-0.5;5.269085;1;Adaptation;15;1;;;;;
3.96;-0.5;-0.5;4.425993;1;Adaptation;15;1;;;;;
3.98;0;-0.125;4.191185;1;Adaptation;15;1;;;;;
4;0;-0.125;3.938953;1;Adaptation;15;1;;;;;
4.02;-0.5;-0.5;2.785509;1;Adaptation;15;1;;;;;
4.04;-0.5;-0.5;2.886334;1;Adaptation;15;1;;;;;
4.06;-0.5;-0.5;3.176803;1;Adaptation;15;1;;;;;
4.08;-0.5;-0.5;4.889888;1;Adaptation;15;1;;;;;
4.1;-0.5;-0.5;4.616742;1;Adaptation;15;1;;;;;
4.12;-0.5;-0.5;4.425735;1;Adaptation;15;1;;;;;
4.14;0;-0.1875;5.80549;1;Adaptation;15;1;;;;;
4.16;-0.5;-0.5;3.03428;1;Adaptation;15;1;;;;;
4.18;-0.5;-0.5;4.019793;1;Adaptation;15;1;;;;;
4.2;-0.5;-0.5;2.617359;1;Adaptation;15;1;;;;;
4.22;-0.5;-0.5;2.789181;1;Adaptation;15;1;;;;;
4.24;0;0.0625;5.828963;1;Adaptation;15;1;;;;;
4.26;-0.5;-0.5;2.013672;1;Adaptation;15;1;;;;;
4.28;-0.5;-0.5;2.119512;1;Adaptation;15;1;;;;;
4.3;-0.5;-0.5;3.244552;1;Adaptation;15;1;;;;;
4.32;-0.5;-0.5;4.375588;1;Adaptation;15;1;;;;;
4.34;-0.5;-0.5;3.070639;1;Adaptation;15;1;;;;;
4.36;-0.5;-0.5;4.408745;1;Adaptation;15;1;;;;;
4.38;-0.5;-0.5;3.993428;1;Adaptation;15;1;;;;;
4.4;-0.5;-0.5;4.871123;1;Adaptation;15;1;;;;;
4.42;-0.5;-0.5;2.869572;1;Adaptation;15;1;;;;;
4.44;-0.5;-0.5;4.671071;1;Adaptation;15;1;;;;;
4.46;0;0;5.314438;1;Adaptation;15;1;;;;;
4.48;-0.5;-0.5;5.779647;1;Adaptation;15;1;;;;;
4.5;-0.5;-0.5;4.021255;1;Adaptation;15;1;;;;;
4.52;-0.5;-0.5;3.186853;1;Adaptation;15;1;;;;;
4.54;-0.5;-0.5;5.888698;1;Adaptation;15;1;;;;;
4.56;-0.5;-0.5;2.739602;1;Adaptation;15;1;;;;;
4.58;-0.5;-0.5;3.171014;1;Adaptation;15;1;;;;;
4.6;-0.5;-0.5;3.368447;1;Adaptation;15;1;;;;;
4.62;0;0;3.328393;1;Adaptation;15;1;;;;;
4.64;-0.5;-0.5;3.638166;1;Adaptation;15;1;;;;;
4.66;-0.5;-0.5;2.25871;1;Adaptation;15;1;;;;;
4.68;-0.5;-0.5;5.202634;1;Adaptation;15;1;;;;;
4.7;-0.5;-0.5;4.988605;1;Adaptation;15;1;;;;;
4.72;-0.5;-0.5;2.693501;1;Adaptation;15;1;;;;;
4.74;-0.5;-0.5;5.438885;1;Adaptation;15;1;;;;;
4.76;-0.5;-0.5;2.221982;1;Adaptation;15;1;;;;;
4.78;0;-0.125;4.310347;1;Adaptation;15;1;;;;;
4.8;-0.5;-0.5;2.741113;1;Adaptation;15;1;;;;;
4.82;-0.5;-0.5;3.982362;1;Adaptation;15;1;;;;;
4.84;-0.5;-0.5;4.173692;1;Adaptation;15;1;;;;;
4.86;-0.5;-0.5;2.91479;1;Adaptation;15;1;;;;;
4.88;-0.5;-0.5;5.462458;1;Adaptation;15;1;;;;;
4.9;0;0.1875;3.208094;1;Adaptation;15;1;;;;;
4.92;-2;-0.0625;2.70411;1;Adaptation;15;1;;;;;
4.94;-0.5;-0.5;4.179239;1;Adaptation;15;1;;;;;
4.96;0;0.0625;2.085517;1;Adaptation;15;1;;;;;
4.98;-2;0;5.989165;1;Adaptation;15;1;;;;;
5;-0.5;-0.5;5.697275;1;Adaptation;15;1;;;;;
5.02;0;0;2.954028;1;Adaptation;15;1;;;;;
5.04;-0.5;-0.5;3.625905;1;Adaptation;15;1;;;;;
5.06;-0.5;-0.5;5.249742;1;Adaptation;15;1;;;;;
5.08;-0.5;-0.5;2.697504;1;Adaptation;15;1;;;;;
5.1;-0.5;-0.5;5.985012;1;Adaptation;15;1;;;;;
5.12;-0.5;-0.5;3.273401;1;Adaptation;15;1;;;;;
5.14;-0.5;-0.5;4.348104;1;Adaptation;15;1;;;;;
5.16;-0.5;-0.5;5.841023;1;Adaptation;15;1;;;;;
5.18;0;0;4.284646;1;Adaptation;15;1;;;;;
5.2;-0.5;-0.5;5.691867;1;Adaptation;15;1;;;;;
5.22;-0.5;-0.5;2.268502;1;Adaptation;15;1;;;;;
5.24;-0.5;-0.5;5.891579;1;Adaptation;15;1;;;;;
5.26;-0.5;-0.5;5.314992;1;Adaptation;15;1;;;;;
5.28;2;0.0625;4.545509;1;Adaptation;15;1;;;;;
5.3;0;0.0625;4.369495;1;Adaptation;15;1;;;;;
5.32;0;0.125;3.934242;1;Adaptation;15;1;;;;;
5.34;4;0;2.608749;1;Adaptation;15;1;;;;;
5.36;4;-0.0625;4.657167;1;Adaptation;15;1;;;;;
5.38;-0.5;-0.5;5.78583;1;Adaptation;15;1;;;;;
5.4;-0.5;-0.5;5.91691;1;Adaptation;15;1;;;;;
5.42;-0.5;-0.5;2.924018;1;Adaptation;15;1;;;;;
5.44;-2;-0.125;2.451327;1;Adaptation;15;1;;;;;
5.46;-0.5;-0.5;4.684203;1;Adaptation;15;1;;;;;
5.48;-0.5;-0.5;2.270102;1;Adaptation;15;1;;;;;
5.5;0;-0.0625;5.149946;1;Adaptation;15;1;;;;;
5.52;-0.5;-0.5;3.146729;1;Adaptation;15;1;;;;;
5.54;-0.5;-0.5;2.216198;1;Adaptation;15;1;;;;;
5.56;-0.5;-0.5;3.736176;1;Adaptation;15;1;;;;;
5.58;-0.5;-0.5;3.660808;1;Adaptation;15;1;;;;;
5.6;-0.5;-0.5;4.285501;1;Adaptation;15;1;;;;;
5.62;-0.5;-0.5;4.787676;1;Adaptation;15;1;;;;;
5.64;0;0;5.552956;1;Adaptation;15;1;;;;;
5.66;-0.5;-0.5;5.511915;1;Adaptation;15;1;;;;;
5.68;-0.5;-0.5;5.165591;1;Adaptation;15;1;;;;;
5.7;2;-0.0625;4.072457;1;Adaptation;15;1;;;;;
5.72;-0.5;-0.5;4.947449;1;Adaptation;15;1;;;;;
5.74;0;-0.0625;3.95393;1;Adaptation;15;1;;;;;
5.76;-0.5;-0.5;5.535342;1;Adaptation;15;1;;;;;
5.78;-0.5;-0.5;5.090389;1;Adaptation;15;1;;;;;
5.8;2;0.125;5.820736;1;Adaptation;15;1;;;;;
5.82;-0.5;-0.5;2.258075;1;Adaptation;15;1;;;;;
5.84;-0.5;-0.5;5.227018;1;Adaptation;15;1;;;;;
5.86;-0.5;-0.5;2.012947;1;Adaptation;15;1;;;;;
5.88;-0.5;-0.5;3.507621;1;Adaptation;15;1;;;;;
5.9;-0.5;-0.5;4.336185;1;Adaptation;15;1;;;;;
5.92;-0.5;-0.5;5.750172;1;Adaptation;15;1;;;;;
5.94;-0.5;-0.5;2.259851;1;Adaptation;15;1;;;;;
5.96;-0.5;-0.5;5.773516;1;Adaptation;15;1;;;;;
5.98;-0.5;-0.5;3.279073;1;Adaptation;15;1;;;;;
6;-0.5;-0.5;5.503334;1;Adaptation;15;1;;;;;
6.02;-2;0.125;2.427336;1;Adaptation;15;1;;;;;
6.04;-0.5;-0.5;4.808642;1;Adaptation;15;1;;;;;
6.06;-0.5;-0.5;5.886129;1;Adaptation;15;1;;;;;
6.08;-0.5;-0.5;3.469306;1;Adaptation;15;1;;;;;
6.1;-2;0;3.130743;1;Adaptation;15;1;;;;;
6.12;-0.5;-0.5;3.574569;1;Adaptation;15;1;;;;;
6.14;-2;0;4.416933;1;Adaptation;15;1;;;;;
6.16;2;0.0625;2.167156;1;Adaptation;15;1;;;;;
6.18;-2;0.3125;5.843226;1;Adaptation;15;1;;;;;
6.2;-0.5;-0.5;2.709798;1;Adaptation;15;1;;;;;
6.22;-0.5;-0.5;2.939676;1;Adaptation;15;1;;;;;
6.24;-0.5;-0.5;4.910082;1;Adaptation;15;1;;;;;
6.26;-0.5;-0.5;2.726714;1;Adaptation;15;1;;;;;
6.28;-0.5;-0.5;5.508616;1;Adaptation;15;1;;;;;
6.3;-0.5;-0.5;3.862306;1;Adaptation;15;1;;;;;
6.32;0;0;3.331123;1;Adaptation;15;1;;;;;
6.34;-0.5;-0.5;5.004874;1;Adaptation;15;1;;;;;
6.36;-0.5;-0.5;2.346293;1;Adaptation;15;1;;;;;
6.38;-0.5;-0.5;5.820825;1;Adaptation;15;1;;;;;
6.4;0;0;2.848871;1;Adaptation;15;1;;;;;
6.42;-0.5;-0.5;5.822201;1;Adaptation;15;1;;;;;
6.44;0;0.125;5.510023;1;Adaptation;15;1;;;;;
6.46;-0.5;-0.5;5.521097;1;Adaptation;15;1;;;;;
6.48;-0.5;-0.5;5.445674;1;Adaptation;15;1;;;;;
6.5;-4;0;5.886705;1;Adaptation;15;1;;;;;
6.52;-2;-0.125;3.908376;1;Adaptation;15;1;;;;;
6.54;-0.5;-0.5;4.236281;1;Adaptation;15;1;;;;;
6.56;-0.5;-0.5;2.498013;1;Adaptation;15;1;;;;;
6.58;0;-0.125;4.598085;1;Adaptation;15;1;;;;;
6.6;-0.5;-0.5;5.609151;1;Adaptation;15;1;;;;;
6.62;0;0.125;2.172896;1;Adaptation;15;1;;;;;
6.64;-0.5;-0.5;5.578797;1;Adaptation;15;1;;;;;
6.66;-0.5;-0.5;5.337235;1;Adaptation;15;1;;;;;
6.68;-0.5;-0.5;3.783575;1;Adaptation;15;1;;;;;
6.7;0;0.0625;2.016094;1;Adaptation;15;1;;;;;
6.72;0;0;4.481241;1;Adaptation;15;1;;;;;
6.74;-0.5;-0.5;2.580443;1;Adaptation;15;1;;;;;
6.76;-0.5;-0.5;5.205728;1;Adaptation;15;1;;;;;
6.78;2;0.0625;2.550669;1;Adaptation;15;1;;;;;
6.8;-0.5;-0.5;4.091048;1;Adaptation;15;1;;;;;
6.82;-0.5;-0.5;3.018199;1;Adaptation;15;1;;;;;
6.84;0;-0.1875;5.865537;1;Adaptation;15;1;;;;;
6.86;2;-0.0625;2.889625;1;Adaptation;15;1;;;;;
6.88;-0.5;-0.5;4.21799;1;Adaptation;15;1;;;;;
6.9;-0.5;-0.5;5.748111;1;Adaptation;15;1;;;;;
6.92;-0.5;-0.5;5.286081;1;Adaptation;15;1;;;;;
6.94;-2;-0.0625;3.434606;1;Adaptation;15;1;;;;;
6.96;-0.5;-0.5;5.744868;1;Adaptation;15;1;;;;;
6.98;-0.5;-0.5;3.186937;1;Adaptation;15;1;;;;;
7;2;-0.125;4.27463;1;Adaptation;15;1;;;;;
7.02;-0.5;-0.5;5.652896;1;Adaptation;15;1;;;;;
7.04;-0.5;-0.5;5.906446;1;Adaptation;15;1;;;;;
7.06;-0.5;-0.5;3.923649;1;Adaptation;15;1;;;;;
7.08;-0.5;-0.5;3.045452;1;Adaptation;15;1;;;;;
7.1;-0.5;-0.5;3.156977;1;Adaptation;15;1;;;;;
7.12;-0.5;-0.5;5.602314;1;Adaptation;15;1;;;;;
7.14;-0.5;-0.5;5.726079;1;Adaptation;15;1;;;;;
7.16;0;0;5.581243;1;Adaptation;15;1;;;;;
7.18;-0.5;-0.5;4.739079;1;Adaptation;15;1;;;;;
7.2;0;0;5.466235;1;Adaptation;15;1;;;;;
7.22;-0.5;-0.5;3.072185;1;Adaptation;15;1;;;;;
7.24;-0.5;-0.5;3.672444;1;Adaptation;15;1;;;;;
7.26;-0.5;-0.5;2.873988;1;Adaptation;15;1;;;;;
7.28;-0.5;-0.5;2.048753;1;Adaptation;15;1;;;;;
7.3;-0.5;-0.5;5.371497;1;Adaptation;15;1;;;;;
7.32;0;-0.125;5.278205;1;Adaptation;15;1;;;;;
7.34;-0.5;-0.5;3.930474;1;Adaptation;15;1;;;;;
7.36;-0.5;-0.5;3.133509;1;Adaptation;15;1;;;;;
7.38;-0.5;-0.5;4.523724;1;Adaptation;15;1;;;;;
7.4;-0.5;-0.5;5.734882;1;Adaptation;15;1;;;;;
7.42;-0.5;-0.5;5.784733;1;Adaptation;15;1;;;;;
7.44;-0.5;-0.5;3.70265;1;Adaptation;15;1;;;;;
7.46;-2;0;3.144905;1;Adaptation;15;1;;;;;
7.48;-0.5;-0.5;4.643867;1;Adaptation;15;1;;;;;
7.5;-0.5;-0.5;3.688647;1;Adaptation;15;1;;;;;
7.52;-0.5;-0.5;3.486763;1;Adaptation;15;1;;;;;
7.54;-0.5;-0.5;5.768722;1;Adaptation;15;1;;;;;
7.56;-0.5;-0.5;4.169798;1;Adaptation;15;1;;;;;
7.58;-0.5;-0.5;3.279059;1;Adaptation;15;1;;;;;
7.6;-0.5;-0.5;3.194875;1;Adaptation;15;1;;;;;
7.62;-0.5;-0.5;3.135105;1;Adaptation;15;1;;;;;
7.64;-2;-0.3125;5.901102;1;Adaptation;15;1;;;;;
7.66;-0.5;-0.5;5.379471;1;Adaptation;15;1;;;;;
7.68;-0.5;-0.5;3.544555;1;Adaptation;15;1;;;;;
7.7;-0.5;-0.5;4.941581;1;Adaptation;15;1;;;;;
7.72;-0.5;-0.5;4.462919;1;Adaptation;15;1;;;;;
7.74;-0.5;-0.5;5.78542;1;Adaptation;15;1;;;;;
7.76;-0.5;-0.5;4.707986;1;Adaptation;15;1;;;;;
7.78;0;-0.125;5.275255;1;Adaptation;15;1;;;;;
7.8;2;0.0625;4.27565;1;Adaptation;15;1;;;;;
7.82;-0.5;-0.5;5.330513;1;Adaptation;15;1;;;;;
7.84;0;-0.0625;4.562909;1;Adaptation;15;1;;;;;
7.86;-0.5;-0.5;3.229853;1;Adaptation;15;1;;;;;
7.88;-0.5;-0.5;4.653734;1;Adaptation;15;1;;;;;
7.9;0;0;4.125626;1;Adaptation;15;1;;;;;
7.92;0;0;2.036374;1;Adaptation;15;1;;;;;
7.94;-0.5;-0.5;2.910399;1;Adaptation;15;1;;;;;
7.96;-0.5;-0.5;2.475086;1;Adaptation;15;1;;;;;
7.98;-0.5;-0.5;2.103538;1;Adaptation;15;1;;;;;
8;0;0;2.196205;1;Adaptation;15;1;;;;;
8.02;-0.5;-0.5;4.673118;1;Adaptation;15;1;;;;;
8.04;-0.5;-0.5;4.795398;1;Adaptation;15;1;;;;;
8.059999;-0.5;-0.5;4.672967;1;Adaptation;15;1;;;;;
8.08;-0.5;-0.5;4.692882;1;Adaptation;15;1;;;;;
8.099999;2;-0.125;4.005177;1;Adaptation;15;1;;;;;
8.12;-0.5;-0.5;4.317488;1;Adaptation;15;1;;;;;
8.139999;-0.5;-0.5;4.718892;1;Adaptation;15;1;;;;;
8.16;-0.5;-0.5;3.150696;1;Adaptation;15;1;;;;;
8.179999;-0.5;-0.5;3.208488;1;Adaptation;15;1;;;;;
8.2;-0.5;-0.5;3.628993;1;Adaptation;15;1;;;;;
8.22;-0.5;-0.5;5.529021;1;Adaptation;15;1;;;;;
8.24;-0.5;-0.5;2.155303;1;Adaptation;15;1;;;;;
8.26;-0.5;-0.5;3.522969;1;Adaptation;15;1;;;;;
8.28;-0.5;-0.5;5.834408;1;Adaptation;15;1;;;;;
8.3;2;-0.0625;4.020778;1;Adaptation;15;1;;;;;
8.32;-0.5;-0.5;4.732026;1;Adaptation;15;1;;;;;
8.34;-2;0.0625;4.833436;1;Adaptation;15;1;;;;;
8.36;-0.5;-0.5;2.28159;1;Adaptation;15;1;;;;;
8.38;-0.5;-0.5;2.840468;1;Adaptation;15;1;;;;;
8.4;-2;0.0625;4.801351;1;Adaptation;15;1;;;;;
8.42;-0.5;-0.5;4.021862;1;Adaptation;15;1;;;;;
8.44;-0.5;-0.5;2.525315;1;Adaptation;15;1;;;;;
8.46;-0.5;-0.5;2.882003;1;Adaptation;15;1;;;;;
8.48;-0.5;-0.5;3.094387;1;Adaptation;15;1;;;;;
8.5;-0.5;-0.5;3.84217;1;Adaptation;15;1;;;;;
8.52;2;-0.125;5.317775;1;Adaptation;15;1;;;;;
8.54;-0.5;-0.5;3.940964;1;Adaptation;15;1;;;;;
8.559999;-0.5;-0.5;5.400787;1;Adaptation;15;1;;;;;
8.58;2;0.0625;5.601048;1;Adaptation;15;1;;;;;
8.599999;-0.5;-0.5;5.14919;1;Adaptation;15;1;;;;;
8.62;-0.5;-0.5;3.265768;1;Adaptation;15;1;;;;;
8.639999;-0.5;-0.5;2.265116;1;Adaptation;15;1;;;;;
8.66;-0.5;-0.5;4.373128;1;Adaptation;15;1;;;;;
8.679999;-0.5;-0.5;4.927354;1;Adaptation;15;1;;;;;
8.7;-0.5;-0.5;5.663223;1;Adaptation;15;1;;;;;
8.72;2;-0.1875;5.665676;1;Adaptation;15;1;;;;;
8.74;0;0.125;5.7903;1;Adaptation;15;1;;;;;
8.76;-0.5;-0.5;5.505467;1;Adaptation;15;1;;;;;
8.78;-0.5;-0.5;2.499896;1;Adaptation;15;1;;;;;
8.8;-0.5;-0.5;5.462597;1;Adaptation;15;1;;;;;
8.82;-2;0.1875;4.713232;1;Adaptation;15;1;;;;;
8.84;2;0.125;2.777574;1;Adaptation;15;1;;;;;
8.86;0;-0.125;2.871954;1;Adaptation;15;1;;;;;
8.88;-0.5;-0.5;3.67876;1;Adaptation;15;1;;;;;
8.9;2;0.125;5.292251;1;Adaptation;15;1;;;;;
8.92;0;-0.1875;5.917917;1;Adaptation;15;1;;;;;
8.94;0;0.375;3.686885;1;Adaptation;15;1;;;;;
8.96;0;-0.25;5.742553;1;Adaptation;15;1;;;;;
8.98;-2;-0.0625;5.182281;1;Adaptation;15;1;;;;;
9;-0.5;-0.5;4.002045;1;Adaptation;15;1;;;;;
9.02;-0.5;-0.5;5.899545;1;Adaptation;15;1;;;;;
9.04;-0.5;-0.5;4.377461;1;Adaptation;15;1;;;;;
9.059999;-0.5;-0.5;5.089552;1;Adaptation;15;1;;;;;
9.08;-0.5;-0.5;5.246892;1;Adaptation;15;1;;;;;
9.099999;-0.5;-0.5;3.179377;1;Adaptation;15;1;;;;;
9.12;-0.5;-0.5;4.260366;1;Adaptation;15;1;;;;;
9.139999;-0.5;-0.5;4.514051;1;Adaptation;15;1;;;;;
9.16;-0.5;-0.5;3.189269;1;Adaptation;15;1;;;;;
9.179999;-0.5;-0.5;2.676261;1;Adaptation;15;1;;;;;
9.2;-0.5;-0.5;3.531515;1;Adaptation;15;1;;;;;
9.22;-0.5;-0.5;2.615002;1;Adaptation;15;1;;;;;
9.24;-0.5;-0.5;2.693443;1;Adaptation;15;1;;;;;
9.26;-0.5;-0.5;3.367986;1;Adaptation;15;1;;;;;
9.28;-0.5;-0.5;4.594584;1;Adaptation;15;1;;;;;
9.3;-2;0;5.535232;1;Adaptation;15;1;;;;;
9.32;0;-0.125;2.813008;1;Adaptation;15;1;;;;;
9.34;-0.5;-0.5;4.801103;1;Adaptation;15;1;;;;;
9.36;-0.5;-0.5;4.405336;1;Adaptation;15;1;;;;;
9.38;-0.5;-0.5;3.548188;1;Adaptation;15;1;;;;;
9.4;-0.5;-0.5;4.588547;1;Adaptation;15;1;;;;;
9.42;-0.5;-0.5;2.578813;1;Adaptation;15;1;;;;;
9.44;0;0.125;3.657992;1;Adaptation;15;1;;;;;
9.46;-0.5;-0.5;5.697447;1;Adaptation;15;1;;;;;
9.48;-0.5;-0.5;3.917948;1;Adaptation;15;1;;;;;
9.5;-0.5;-0.5;5.346626;1;Adaptation;15;1;;;;;
9.52;-0.5;-0.5;2.241731;1;Adaptation;15;1;;;;;
9.54;-0.5;-0.5;5.232669;1;Adaptation;15;1;;;;;
9.559999;-0.5;-0.5;5.787426;1;Adaptation;15;1;;;;;
9.58;-0.5;-0.5;2.996712;1;Adaptation;15;1;;;;;
9.599999;-0.5;-0.5;5.053871;1;Adaptation;15;1;;;;;
9.62;0;-0.125;5.212968;1;Adaptation;15;1;;;;;
9.639999;-0.5;-0.5;5.697951;1;Adaptation;15;1;;;;;
9.66;-0.5;-0.5;4.589991;1;Adaptation;15;1;;;;;
9.679999;-0.5;-0.5;2.446022;1;Adaptation;15;1;;;;;
9.7;-0.5;-0.5;4.479455;1;Adaptation;15;1;;;;;
9.719999;-0.5;-0.5;4.262808;1;Adaptation;15;1;;;;;
9.74;-2;0.1875;4.520166;1;Adaptation;15;1;;;;;
9.76;2;0;3.120593;1;Adaptation;15;1;;;;;
9.78;-0.5;-0.5;2.400179;1;Adaptation;15;1;;;;;
9.8;-0.5;-0.5;2.93516;1;Adaptation;15;1;;;;;
9.82;2;-0.0625;2.166138;1;Adaptation;15;1;;;;;
9.84;-0.5;-0.5;3.008475;1;Adaptation;15;1;;;;;
9.86;-0.5;-0.5;3.60259;1;Adaptation;15;1;;;;;
9.88;-0.5;-0.5;2.936962;1;Adaptation;15;1;;;;;
9.9;0;0;3.560546;1;Adaptation;15;1;;;;;
9.92;2;-0.0625;4.231588;1;Adaptation;15;1;;;;;
9.94;-0.5;-0.5;5.171968;1;Adaptation;15;1;;;;;
9.96;-0.5;-0.5;4.379406;1;Adaptation;15;1;;;;;
9.98;-0.5;-0.5;4.00545;1;Adaptation;15;1;;;;;
10;0;0.0625;3.798305;1;Adaptation;15;1;;;;;
10.02;-0.5;-0.5;4.290835;1;Adaptation;15;1;;;;;
10.04;2;-0.0625;5.38523;1;Adaptation;15;1;;;;;
10.06;-0.5;-0.5;2.154419;1;Adaptation;15;1;;;;;
10.08;0;0.0625;5.485699;1;Adaptation;15;1;;;;;
10.1;-0.5;-0.5;5.567403;1;Adaptation;15;1;;;;;
10.12;-0.5;-0.5;5.090425;1;Adaptation;15;1;;;;;
10.14;-0.5;-0.5;3.950493;1;Adaptation;15;1;;;;;
10.16;-0.5;-0.5;2.484718;1;Adaptation;15;1;;;;;
10.18;-0.5;-0.5;2.870049;1;Adaptation;15;1;;;;;
10.2;-2;0.0625;4.251249;1;Adaptation;15;1;;;;;
10.22;-0.5;-0.5;3.26815;1;Adaptation;15;1;;;;;
10.24;2;-0.1875;2.08567;1;Adaptation;15;1;;;;;
10.26;-0.5;-0.5;5.664788;1;Adaptation;15;1;;;;;
10.28;-2;-0.125;5.031872;1;Adaptation;15;1;;;;;
10.3;-0.5;-0.5;4.568612;1;Adaptation;15;1;;;;;
10.32;-0.5;-0.5;3.469576;1;Adaptation;15;1;;;;;
10.34;-0.5;-0.5;4.933736;1;Adaptation;15;1;;;;;
10.36;-0.5;-0.5;3.502109;1;Adaptation;15;1;;;;;
10.38;-2;0.0625;3.640086;1;Adaptation;15;1;;;;;
10.4;-0.5;-0.5;2.377962;1;Adaptation;15;1;;;;;
10.42;-0.5;-0.5;5.215268;1;Adaptation;15;1;;;;;
10.44;-2;-0.125;5.299457;1;Adaptation;15;1;;;;;
10.46;-0.5;-0.5;2.983874;1;Adaptation;15;1;;;;;
10.48;-0.5;-0.5;3.341093;1;Adaptation;15;1;;;;;
10.5;0;0.0625;4.393449;1;Adaptation;15;1;;;;;
10.52;-0.5;-0.5;3.20232;1;Adaptation;15;1;;;;;
10.54;-0.5;-0.5;5.691829;1;Adaptation;15;1;;;;;
10.56;-0.5;-0.5;3.913445;1;Adaptation;15;1;;;;;
10.58;2;0.125;5.782338;1;Adaptation;15;1;;;;;
10.6;-0.5;-0.5;3.953133;1;Adaptation;15;1;;;;;
10.62;-0.5;-0.5;5.380658;1;Adaptation;15;1;;;;;
10.64;-0.5;-0.5;3.038451;1;Adaptation;15;1;;;;;
10.66;0;0.0625;5.09494;1;Adaptation;15;1;;;;;
10.68;-0.5;-0.5;5.77295;1;Adaptation;15;1;;;;;
10.7;-2;0.0625;5.289514;1;Adaptation;15;1;;;;;
10.72;-0.5;-0.5;2.536968;1;Adaptation;15;1;;;;;
10.74;-0.5;-0.5;4.947999;1;Adaptation;15;1;;;;;
10.76;0;0;5.037037;1;Adaptation;15;1;;;;;
10.78;-0.5;-0.5;3.740581;1;Adaptation;15;1;;;;;
10.8;-0.5;-0.5;4.98665;1;Adaptation;15;1;;;;;
10.82;-0.5;-0.5;4.052007;1;Adaptation;15;1;;;;;
10.84;0;-0.0625;3.128681;1;Adaptation;15;1;;;;;
10.86;-0.5;-0.5;5.579938;1;Adaptation;15;1;;;;;
10.88;-0.5;-0.5;2.197985;1;Adaptation;15;1;;;;;
10.9;-0.5;-0.5;4.996414;1;Adaptation;15;1;;;;;
10.92;-0.5;-0.5;4.57733;1;Adaptation;15;1;;;;;
10.94;0;-0.125;3.366026;1;Adaptation;15;1;;;;;
10.96;-0.5;-0.5;2.779032;1;Adaptation;15;1;;;;;
10.98;-0.5;-0.5;4.763376;1;Adaptation;15;1;;;;;
11;2;0.0625;3.792817;1;Adaptation;15;1;;;;;
11.02;-0.5;-0.5;4.61395;1;Adaptation;15;1;;;;;
11.04;0;0;2.335544;1;Adaptation;15;1;;;;;
11.06;-0.5;-0.5;5.913325;1;Adaptation;15;1;;;;;
11.08;-0.5;-0.5;3.414516;1;Adaptation;15;1;;;;;
11.1;-0.5;-0.5;4.712948;1;Adaptation;15;1;;;;;
11.12;-0.5;-0.5;4.161418;1;Adaptation;15;1;;;;;
11.14;-0.5;-0.5;3.543597;1;Adaptation;15;1;;;;;
11.16;-0.5;-0.5;3.279782;1;Adaptation;15;1;;;;;
11.18;-0.5;-0.5;3.760429;1;Adaptation;15;1;;;;;
11.2;-0.5;-0.5;4.964938;1;Adaptation;15;1;;;;;
11.22;-0.5;-0.5;4.564476;1;Adaptation;15;1;;;;;
11.24;-0.5;-0.5;3.434866;1;Adaptation;15;1;;;;;
11.26;-0.5;-0.5;2.758283;1;Adaptation;15;1;;;;;
11.28;0;0.0625;4.118295;1;Adaptation;15;1;;;;;
11.3;0;-0.0625;5.436662;1;Adaptation;15;1;;;;;
11.32;-0.5;-0.5;3.888009;1;Adaptation;15;1;;;;;
11.34;0;0.0625;4.934222;1;Adaptation;15;1;;;;;
11.36;0;0;5.328331;1;Adaptation;15;1;;;;;
11.38;0;0.0625;4.548875;1;Adaptation;15;1;;;;;
11.4;-0.5;-0.5;3.312018;1;Adaptation;15;1;;;;;
11.42;-0.5;-0.5;5.294756;1;Adaptation;15;1;;;;;
11.44;-0.5;-0.5;5.967087;1;Adaptation;15;1;;;;;
11.46;-0.5;-0.5;5.304902;1;Adaptation;15;1;;;;;
11.48;-0.5;-0.5;3.00956;1;Adaptation;15;1;;;;;
11.5;-0.5;-0.5;2.62231;1;Adaptation;15;1;;;;;
11.52;0;0.0625;3.760457;1;Adaptation;15;1;;;;;
11.54;-0.5;-0.5;4.192789;1;Adaptation;15;1;;;;;
11.56;-0.5;-0.5;3.902093;1;Adaptation;15;1;;;;;
11.58;0;0;2.825823;1;Adaptation;15;1;;;;;
11.6;0;0.1875;3.092981;1;Adaptation;15;1;;;;;
11.62;-0.5;-0.5;4.720118;1;Adaptation;15;1;;;;;
11.64;2;0;4.782276;1;Adaptation;15;1;;;;;
11.66;-0.5;-0.5;4.493528;1;Adaptation;15;1;;;;;
11.68;-0.5;-0.5;3.701617;1;Adaptation;15;1;;;;;
11.7;-0.5;-0.5;3.873785;1;Adaptation;15;1;;;;;
11.72;-0.5;-0.5;2.429233;1;Adaptation;15;1;;;;;
11.74;-0.5;-0.5;3.385803;1;Adaptation;15;1;;;;;
11.76;-0.5;-0.5;3.761971;1;Adaptation;15;1;;;;;
11.78;0;-0.1875;3.631232;1;Adaptation;15;1;;;;;
11.8;-0.5;-0.5;2.422478;1;Adaptation;15;1;;;;;
11.82;2;-0.1875;5.309351;1;Adaptation;15;1;;;;;
11.84;-0.5;-0.5;5.016065;1;Adaptation;15;1;;;;;
11.86;-0.5;-0.5;4.60095;1;Adaptation;15;1;;;;;
11.88;-0.5;-0.5;5.768847;1;Adaptation;15;1;;;;;
11.9;0;-0.0625;4.65317;1;Adaptation;15;1;;;;;
11.92;-0.5;-0.5;2.44556;1;Adaptation;15;1;;;;;
11.94;-0.5;-0.5;4.834501;1;Adaptation;15;1;;;;;
11.96;-0.5;-0.5;2.894617;1;Adaptation;15;1;;;;;
11.98;-0.5;-0.5;5.041392;1;Adaptation;15;1;;;;;
12;-0.5;-0.5;5.922545;1;Adaptation;15;1;;;;;
12.02;0;0.125;5.01966;1;Adaptation;15;1;;;;;
12.04;-0.5;-0.5;5.691161;1;Adaptation;15;1;;;;;
12.06;-0.5;-0.5;4.113098;1;Adaptation;15;1;;;;;
12.08;-0.5;-0.5;3.296507;1;Adaptation;15;1;;;;;
12.1;-0.5;-0.5;4.811369;1;Adaptation;15;1;;;;;
12.12;-0.5;-0.5;5.607368;1;Adaptation;15;1;;;;;
12.14;-0.5;-0.5;2.705695;1;Adaptation;15;1;;;;;
12.16;-0.5;-0.5;5.610853;1;Adaptation;15;1;;;;;
12.18;-0.5;-0.5;5.767945;1;Adaptation;15;1;;;;;
12.2;-0.5;-0.5;4.768306;1;Adaptation;15;1;;;;;
12.22;0;0.0625;4.984781;1;Adaptation;15;1;;;;;
12.24;-0.5;-0.5;2.431582;1;Adaptation;15;1;;;;;
12.26;-0.5;-0.5;4.428719;1;Adaptation;15;1;;;;;
12.28;-0.5;-0.5;3.491979;1;Adaptation;15;1;;;;;
12.3;-0.5;-0.5;2.881682;1;Adaptation;15;1;;;;;
12.32;-0.5;-0.5;3.183821;1;Adaptation;15;1;;;;;
12.34;-0.5;-0.5;5.102994;1;Adaptation;15;1;;;;;
12.36;-0.5;-0.5;2.519016;1;Adaptation;15;1;;;;;
12.38;-0.5;-0.5;4.536036;1;Adaptation;15;1;;;;;
12.4;0;0.1875;2.842511;1;Adaptation;15;1;;;;;
12.42;-0.5;-0.5;5.026339;1;Adaptation;15;1;;;;;
12.44;2;-0.0625;2.711821;1;Adaptation;15;1;;;;;
12.46;-0.5;-0.5;4.071372;1;Adaptation;15;1;;;;;
12.48;-0.5;-0.5;3.904546;1;Adaptation;15;1;;;;;
12.5;-0.5;-0.5;2.928914;1;Adaptation;15;1;;;;;
12.52;-0.5;-0.5;4.345439;1;Adaptation;15;1;;;;;
12.54;-0.5;-0.5;3.076534;1;Adaptation;15;1;;;;;
12.56;-0.5;-0.5;2.972215;1;Adaptation;15;1;;;;;
12.58;-0.5;-0.5;2.766231;1;Adaptation;15;1;;;;;
12.6;-0.5;-0.5;3.006793;1;Adaptation;15;1;;;;;
12.62;-0.5;-0.5;3.065769;1;Adaptation;15;1;;;;;
12.64;-0.5;-0.5;3.366984;1;Adaptation;15;1;;;;;
12.66;-0.5;-0.5;4.162677;1;Adaptation;15;1;;;;;
12.68;-0.5;-0.5;2.615568;1;Adaptation;15;1;;;;;
12.7;-0.5;-0.5;3.777151;1;Adaptation;15;1;;;;;
12.72;0;0.0625;5.56838;1;Adaptation;15;1;;;;;
12.74;2;0;4.615005;1;Adaptation;15;1;;;;;
12.76;-0.5;-0.5;2.16311;1;Adaptation;15;1;;;;;
12.78;-0.5;-0.5;3.884021;1;Adaptation;15;1;;;;;
12.8;-0.5;-0.5;2.691795;1;Adaptation;15;1;;;;;
12.82;-0.5;-0.5;3.96893;1;Adaptation;15;1;;;;;
12.84;-2;0.0625;4.337409;1;Adaptation;15;1;;;;;
12.86;-0.5;-0.5;4.236784;1;Adaptation;15;1;;;;;
12.88;-0.5;-0.5;3.137453;1;Adaptation;15;1;;;;;
12.9;-0.5;-0.5;5.921169;1;Adaptation;15;1;;;;;
12.92;-0.5;-0.5;5.569538;1;Adaptation;15;1;;;;;
12.94;0;0.0625;5.813352;1;Adaptation;15;1;;;;;
12.96;-0.5;-0.5;4.832992;1;Adaptation;15;1;;;;;
12.98;-0.5;-0.5;5.986097;1;Adaptation;15;1;;;;;
13;-0.5;-0.5;5.503874;1;Adaptation;15;1;;;;;
13.02;-0.5;-0.5;3.003555;1;Adaptation;15;1;;;;;
13.04;-0.5;-0.5;3.476282;1;Adaptation;15;1;;;;;
13.06;-0.5;-0.5;2.520275;1;Adaptation;15;1;;;;;
13.08;-0.5;-0.5;5.738816;1;Adaptation;15;1;;;;;
13.1;-0.5;-0.5;3.185328;1;Adaptation;15;1;;;;;
13.12;-0.5;-0.5;2.622399;1;Adaptation;15;1;;;;;
13.14;-0.5;-0.5;5.503772;1;Adaptation;15;1;;;;;
13.16;-0.5;-0.5;5.408616;1;Adaptation;15;1;;;;;
13.18;-0.5;-0.5;2.973964;1;Adaptation;15;1;;;;;
13.2;-0.5;-0.5;3.895198;1;Adaptation;15;1;;;;;
13.22;2;0;4.423519;1;Adaptation;15;1;;;;;
13.24;-0.5;-0.5;5.61726;1;Adaptation;15;1;;;;;
13.26;-0.5;-0.5;5.367709;1;Adaptation;15;1;;;;;
13.28;-0.5;-0.5;2.790544;1;Adaptation;15;1;;;;;
13.3;-0.5;-0.5;3.388556;1;Adaptation;15;1;;;;;
13.32;-0.5;-0.5;4.463043;1;Adaptation;15;1;;;;;
13.34;-0.5;-0.5;2.438426;1;Adaptation;15;1;;;;;
13.36;-0.5;-0.5;4.023404;1;Adaptation;15;1;;;;;
13.38;-0.5;-0.5;2.261035;1;Adaptation;15;1;;;;;
13.4;-0.5;-0.5;2.869443;1;Adaptation;15;1;;;;;
13.42;-0.5;-0.5;4.823424;1;Adaptation;15;1;;;;;
13.44;-2;-0.0625;2.778453;1;Adaptation;15;1;;;;;
13.46;0;-0.1875;2.067893;1;Adaptation;15;1;;;;;
13.48;0;-0.25;3.034596;1;Adaptation;15;1;;;;;
13.5;-0.5;-0.5;5.378124;1;Adaptation;15;1;;;;;
13.52;4;-0.0625;4.495178;1;Adaptation;15;1;;;;;
13.54;-0.5;-0.5;4.109262;1;Adaptation;15;1;;;;;
13.56;-0.5;-0.5;2.747328;1;Adaptation;15;1;;;;;
13.58;2;0.125;4.738211;1;Adaptation;15;1;;;;;
13.6;-0.5;-0.5;3.714393;1;Adaptation;15;1;;;;;
13.62;-0.5;-0.5;5.642379;1;Adaptation;15;1;;;;;
13.64;-0.5;-0.5;3.129145;1;Adaptation;15;1;;;;;
13.66;-0.5;-0.5;2.945539;1;Adaptation;15;1;;;;;
13.68;0;0;5.881394;1;Adaptation;15;1;;;;;
13.7;-0.5;-0.5;3.681516;1;Adaptation;15;1;;;;;
13.72;-0.5;-0.5;4.326465;1;Adaptation;15;1;;;;;
13.74;-0.5;-0.5;4.30382;1;Adaptation;15;1;;;;;
13.76;-0.5;-0.5;3.781017;1;Adaptation;15;1;;;;;
13.78;0;0;3.833564;1;Adaptation;15;1;;;;;
13.8;-0.5;-0.5;5.123065;1;Adaptation;15;1;;;;;
13.82;0;0;2.012613;1;Adaptation;15;1;;;;;
13.84;-0.5;-0.5;3.35641;1;Adaptation;15;1;;;;;
13.86;-0.5;-0.5;3.671943;1;Adaptation;15;1;;;;;
13.88;0;-0.0625;5.204319;1;Adaptation;15;1;;;;;
13.9;0;0;3.061044;1;Adaptation;15;1;;;;;
13.92;2;-0.125;2.627988;1;Adaptation;15;1;;;;;
13.94;-0.5;-0.5;4.573194;1;Adaptation;15;1;;;;;
13.96;-0.5;-0.5;3.676304;1;Adaptation;15;1;;;;;
13.98;-0.5;-0.5;2.204371;1;Adaptation;15;1;;;;;
14;-0.5;-0.5;4.182592;1;Adaptation;15;1;;;;;
14.02;-0.5;-0.5;4.000568;1;Adaptation;15;1;;;;;
14.04;-0.5;-0.5;2.579343;1;Adaptation;15;1;;;;;
14.06;0;0.125;4.150881;1;Adaptation;15;1;;;;;
14.08;-0.5;-0.5;2.765775;1;Adaptation;15;1;;;;;
14.1;-0.5;-0.5;5.441912;1;Adaptation;15;1;;;;;
14.12;-0.5;-0.5;3.854756;1;Adaptation;15;1;;;;;
14.14;-0.5;-0.5;3.611766;1;Adaptation;15;1;;;;;
14.16;0;0;5.81238;1;Adaptation;15;1;;;;;
14.18;-0.5;-0.5;3.048915;1;Adaptation;15;1;;;;;
14.2;0;0.0625;5.44813;1;Adaptation;15;1;;;;;
14.22;0;0;5.469;1;Adaptation;15;1;;;;;
14.24;-0.5;-0.5;2.823796;1;Adaptation;15;1;;;;;
14.26;-0.5;-0.5;4.884845;1;Adaptation;15;1;;;;;
14.28;0;-0.25;3.773198;1;Adaptation;15;1;;;;;
14.3;-0.5;-0.5;3.572635;1;Adaptation;15;1;;;;;
14.32;0;-0.125;5.28412;1;Adaptation;15;1;;;;;
14.34;-0.5;-0.5;5.224066;1;Adaptation;15;1;;;;;
14.36;-0.5;-0.5;2.886253;1;Adaptation;15;1;;;;;
14.38;-0.5;-0.5;2.953163;1;Adaptation;15;1;;;;;
14.4;-0.5;-0.5;4.838512;1;Adaptation;15;1;;;;;
14.42;-0.5;-0.5;2.024808;1;Adaptation;15;1;;;;;
14.44;-0.5;-0.5;2.711002;1;Adaptation;15;1;;;;;
14.46;2;0;5.033274;1;Adaptation;15;1;;;;;
14.48;0;0.0625;3.056569;1;Adaptation;15;1;;;;;
14.5;-0.5;-0.5;2.835971;1;Adaptation;15;1;;;;;
14.52;-0.5;-0.5;2.111207;1;Adaptation;15;1;;;;;
14.54;2;-0.125;5.918054;1;Adaptation;15;1;;;;;
14.56;0;0;4.038545;1;Adaptation;15;1;;;;;
14.58;-0.5;-0.5;3.124361;1;Adaptation;15;1;;;;;
14.6;0;0;5.463997;1;Adaptation;15;1;;;;;
14.62;-0.5;-0.5;4.143319;1;Adaptation;15;1;;;;;
14.64;-0.5;-0.5;4.407259;1;Adaptation;15;1;;;;;
14.66;-0.5;-0.5;5.733616;1;Adaptation;15;1;;;;;
14.68;-0.5;-0.5;5.446744;1;Adaptation;15;1;;;;;
14.7;-0.5;-0.5;2.820395;1;Adaptation;15;1;;;;;
14.72;-0.5;-0.5;4.36974;1;Adaptation;15;1;;;;;
14.74;-2;0.125;4.356871;1;Adaptation;15;1;;;;;
14.76;-0.5;-0.5;5.15658;1;Adaptation;15;1;;;;;
14.78;-0.5;-0.5;4.53151;1;Adaptation;15;1;;;;;
14.8;-2;0.0625;2.003013;1;Adaptation;15;1;;;;;
14.82;-2;-0.0625;4.635804;1;Adaptation;15;1;;;;;
14.84;-0.5;-0.5;5.939394;1;Adaptation;15;1;;;;;
14.86;-0.5;-0.5;2.773321;1;Adaptation;15;1;;;;;
14.88;-0.5;-0.5;3.246825;1;Adaptation;15;1;;;;;
14.9;-0.5;-0.5;2.334143;1;Adaptation;15;1;;;;;
14.92;-0.5;-0.5;2.128664;1;Adaptation;15;1;;;;;
14.94;0;0;5.772636;1;Adaptation;15;1;;;;;
14.96;-0.5;-0.5;2.163311;1;Adaptation;15;1;;;;;
14.98;-0.5;-0.5;2.1281;1;Adaptation;15;1;;;;;
15;-0.5;-0.5;2.612312;1;Adaptation;15;1;;;;;
15.02;0;-0.0625;3.275206;1;Adaptation;15;1;;;;;
15.04;-2;-0.0625;4.369556;1;Adaptation;15;1;;;;;
15.06;-0.5;-0.5;3.314642;1;Adaptation;15;1;;;;;
15.08;-0.5;-0.5;5.108447;1;Adaptation;15;1;;;;;
15.1;-0.5;-0.5;5.828455;1;Adaptation;15;1;;;;;
15.12;-0.5;-0.5;3.492568;1;Adaptation;15;1;;;;;
15.14;-0.5;-0.5;5.707432;1;Adaptation;15;1;;;;;
15.16;0;0.0625;4.397092;1;Adaptation;15;1;;;;;
15.18;-2;0.0625;2.180039;1;Adaptation;15;1;;;;;
15.2;-0.5;-0.5;5.855831;1;Adaptation;15;1;;;;;
15.22;-0.5;-0.5;5.362313;1;Adaptation;15;1;;;;;
15.24;2;0.125;2.677663;1;Adaptation;15;1;;;;;
15.26;-0.5;-0.5;4.5394;1;Adaptation;15;1;;;;;
15.28;2;-0.0625;2.383901;1;Adaptation;15;1;;;;;
15.3;-0.5;-0.5;2.274908;1;Adaptation;15;1;;;;;
15.32;-0.5;-0.5;3.273195;1;Adaptation;15;1;;;;;
15.34;-0.5;-0.5;2.472239;1;Adaptation;15;1;;;;;
15.36;-0.5;-0.5;3.919304;1;Adaptation;15;1;;;;;
15.38;-0.5;-0.5;4.652884;1;Adaptation;15;1;;;;;
15.4;-0.5;-0.5;2.862427;1;Adaptation;15;1;;;;;
15.42;-0.5;-0.5;4.525589;1;Adaptation;15;1;;;;;
15.44;-0.5;-0.5;5.197565;1;Adaptation;15;1;;;;;
15.46;0;-0.1875;5.699298;1;Adaptation;15;1;;;;;
15.48;-0.5;-0.5;2.399118;1;Adaptation;15;1;;;;;
15.5;-0.5;-0.5;3.326684;1;Adaptation;15;1;;;;;
15.52;0;-0.1875;3.002686;1;Adaptation;15;1;;;;;
15.54;-0.5;-0.5;2.848433;1;Adaptation;15;1;;;;;
15.56;0;-0.0625;2.209184;1;Adaptation;15;1;;;;;
15.58;0;-0.125;2.084849;1;Adaptation;15;1;;;;;
15.6;-0.5;-0.5;2.377453;1;Adaptation;15;1;;;;;
15.62;-2;0;3.892023;1;Adaptation;15;1;;;;;
15.64;-0.5;-0.5;2.165516;1;Adaptation;15;1;;;;;
15.66;-0.5;-0.5;4.531212;1;Adaptation;15;1;;;;;
15.68;-0.5;-0.5;2.146419;1;Adaptation;15;1;;;;;
15.7;-0.5;-0.5;3.00972;1;Adaptation;15;1;;;;;
15.72;-0.5;-0.5;4.760141;1;Adaptation;15;1;;;;;
15.74;2;0.0625;5.232888;1;Adaptation;15;1;;;;;
15.76;-0.5;-0.5;5.520454;1;Adaptation;15;1;;;;;
15.78;-0.5;-0.5;3.297431;1;Adaptation;15;1;;;;;
15.8;-0.5;-0.5;4.990659;1;Adaptation;15;1;;;;;
15.82;0;0.125;3.498216;1;Adaptation;15;1;;;;;
15.84;-0.5;-0.5;5.034364;1;Adaptation;15;1;;;;;
15.86;-0.5;-0.5;5.738577;1;Adaptation;15;1;;;;;
15.88;0;-0.25;3.065056;1;Adaptation;15;1;;;;;
15.9;-0.5;-0.5;3.569043;1;Adaptation;15;1;;;;;
15.92;-0.5;-0.5;3.805243;1;Adaptation;15;1;;;;;
15.94;-0.5;-0.5;4.13147;1;Adaptation;15;1;;;;;
15.96;-0.5;-0.5;5.370825;1;Adaptation;15;1;;;;;
15.98;-0.5;-0.5;3.583402;1;Adaptation;15;1;;;;;
16;-0.5;-0.5;5.718165;1;Adaptation;15;1;;;;;
16.02;-0.5;-0.5;3.330614;1;Adaptation;15;1;;;;;
16.04;0;0.0625;2.283225;1;Adaptation;15;1;;;;;
16.06;-0.5;-0.5;3.939389;1;Adaptation;15;1;;;;;
16.08;-0.5;-0.5;3.789076;1;Adaptation;15;1;;;;;
16.1;-0.5;-0.5;3.920686;1;Adaptation;15;1;;;;;
16.12;-0.5;-0.5;2.888258;1;Adaptation;15;1;;;;;
16.14;-0.5;-0.5;2.594157;1;Adaptation;15;1;;;;;
16.16;2;0.125;5.365262;1;Adaptation;15;1;;;;;
16.18;0;0.0625;3.498249;1;Adaptation;15;1;;;;;
16.2;-0.5;-0.5;4.547486;1;Adaptation;15;1;;;;;
16.22;0;-0.125;3.423304;1;Adaptation;15;1;;;;;
16.24;0;-0.0625;5.500499;1;Adaptation;15;1;;;;;
16.26;-0.5;-0.5;2.084487;1;Adaptation;15;1;;;;;
16.28;0;0.1875;4.766026;1;Adaptation;15;1;;;;;
16.3;2;0.1875;5.561242;1;Adaptation;15;1;;;;;
16.32;-0.5;-0.5;2.779219;1;Adaptation;15;1;;;;;
16.34;-0.5;-0.5;2.855845;1;Adaptation;15;1;;;;;
16.36;-0.5;-0.5;4.835131;1;Adaptation;15;1;;;;;
16.38;-0.5;-0.5;5.294362;1;Adaptation;15;1;;;;;
16.4;-0.5;-0.5;3.358495;1;Adaptation;15;1;;;;;
16.42;-0.5;-0.5;2.14799;1;Adaptation;15;1;;;;;
16.44;-0.5;-0.5;5.795053;1;Adaptation;15;1;;;;;
16.46;-0.5;-0.5;3.48953;1;Adaptation;15;1;;;;;
16.48;-0.5;-0.5;5.399127;1;Adaptation;15;1;;;;;
16.5;2;0;4.785731;1;Adaptation;15;1;;;;;
16.52;-0.5;-0.5;4.822604;1;Adaptation;15;1;;;;;
16.54;-0.5;-0.5;4.491349;1;Adaptation;15;1;;;;;
16.56;-0.5;-0.5;4.51717;1;Adaptation;15;1;;;;;
16.58;-0.5;-0.5;3.9357;1;Adaptation;15;1;;;;;
16.6;-0.5;-0.5;3.619525;1;Adaptation;15;1;;;;;
16.62;-0.5;-0.5;3.976476;1;Adaptation;15;1;;;;;
16.64;-0.5;-0.5;5.261322;1;Adaptation;15;1;;;;;
16.66;-0.5;-0.5;3.592475;1;Adaptation;15;1;;;;;
16.68;-0.5;-0.5;2.260231;1;Adaptation;15;1;;;;;
16.7;-0.5;-0.5;3.557359;1;Adaptation;15;1;;;;;
16.72;-0.5;-0.5;5.058487;1;Adaptation;15;1;;;;;
16.74;0;0.0625;2.995184;1;Adaptation;15;1;;;;;
16.76;-0.5;-0.5;5.408451;1;Adaptation;15;1;;;;;
16.78;-0.5;-0.5;2.875226;1;Adaptation;15;1;;;;;
16.8;0;-0.0625;2.042504;1;Adaptation;15;1;;;;;
16.82;-0.5;-0.5;3.599985;1;Adaptation;15;1;;;;;
16.84;-0.5;-0.5;2.120874;1;Adaptation;15;1;;;;;
16.86;-0.5;-0.5;4.017014;1;Adaptation;15;1;;;;;
16.88;0;0.25;2.160775;1;Adaptation;15;1;;;;;
16.9;-0.5;-0.5;5.848242;1;Adaptation;15;1;;;;;
16.92;-0.5;-0.5;2.21588;1;Adaptation;15;1;;;;;
16.94;-0.5;-0.5;4.367137;1;Adaptation;15;1;;;;;
16.96;-0.5;-0.5;5.118739;1;Adaptation;15;1;;;;;
16.98;0;0.0625;2.673375;1;Adaptation;15;1;;;;;
17;0;0.1875;2.344379;1;Adaptation;15;1;;;;;
17.02;-0.5;-0.5;4.796469;1;Adaptation;15;1;;;;;
17.04;-0.5;-0.5;3.499411;1;Adaptation;15;1;;;;;
17.06;2;0.0625;2.358469;1;Adaptation;15;1;;;;;
17.08;2;0.0625;5.380805;1;Adaptation;15;1;;;;;
17.1;-0.5;-0.5;5.268831;1;Adaptation;15;1;;;;;
17.12;-0.5;-0.5;3.947997;1;Adaptation;15;1;;;;;
17.14;-0.5;-0.5;2.739303;1;Adaptation;15;1;;;;;
17.16;-0.5;-0.5;4.412004;1;Adaptation;15;1;;;;;
17.18;-0.5;-0.5;3.045668;1;Adaptation;15;1;;;;;
17.2;-0.5;-0.5;5.817543;1;Adaptation;15;1;;;;;
17.22;0;0.1875;2.407243;1;Adaptation;15;1;;;;;
17.24;-0.5;-0.5;4.068066;1;Adaptation;15;1;;;;;
17.26;-0.5;-0.5;2.47593;1;Adaptation;15;1;;;;;
17.28;-0.5;-0.5;4.773166;1;Adaptation;15;1;;;;;
17.3;-0.5;-0.5;4.929379;1;Adaptation;15;1;;;;;
17.32;-0.5;-0.5;2.388958;1;Adaptation;15;1;;;;;
17.34;-0.5;-0.5;4.398567;1;Adaptation;15;1;;;;;
17.36;-0.5;-0.5;3.628359;1;Adaptation;15;1;;;;;
17.38;-0.5;-0.5;5.587232;1;Adaptation;15;1;;;;;
17.4;2;0.1875;5.412134;1;Adaptation;15;1;;;;;
17.42;-0.5;-0.5;5.462643;1;Adaptation;15;1;;;;;
17.44;-0.5;-0.5;3.882953;1;Adaptation;15;1;;;;;
17.46;0;0;2.31134;1;Adaptation;15;1;;;;;
17.48;-0.5;-0.5;2.426746;1;Adaptation;15;1;;;;;
17.5;-0.5;-0.5;4.783532;1;Adaptation;15;1;;;;;
17.52;-0.5;-0.5;5.274388;1;Adaptation;15;1;;;;;
17.54;-0.5;-0.5;4.826032;1;Adaptation;15;1;;;;;
17.56;-0.5;-0.5;3.481347;1;Adaptation;15;1;;;;;
17.58;-0.5;-0.5;2.711143;1;Adaptation;15;1;;;;;
17.6;-0.5;-0.5;2.31359;1;Adaptation;15;1;;;;;
17.62;-2;-0.0625;2.610084;1;Adaptation;15;1;;;;;
17.64;-0.5;-0.5;5.68954;1;Adaptation;15;1;;;;;
17.66;-0.5;-0.5;3.174026;1;Adaptation;15;1;;;;;
17.68;-0.5;-0.5;5.751681;1;Adaptation;15;1;;;;;
17.7;-0.5;-0.5;4.512362;1;Adaptation;15;1;;;;;
17.72;-0.5;-0.5;2.585551;1;Adaptation;15;1;;;;;
17.74;-0.5;-0.5;2.277415;1;Adaptation;15;1;;;;;
17.76;-0.5;-0.5;3.874134;1;Adaptation;15;1;;;;;
17.78;0;0.0625;3.143393;1;Adaptation;15;1;;;;;
17.8;-0.5;-0.5;3.139763;1;Adaptation;15;1;;;;;
17.82;-0.5;-0.5;2.362764;1;Adaptation;15;1;;;;;
17.84;-0.5;-0.5;3.179823;1;Adaptation;15;1;;;;;
17.86;-0.5;-0.5;2.131822;1;Adaptation;15;1;;;;;
17.88;-2;0.0625;5.751299;1;Adaptation;15;1;;;;;
17.9;-0.5;-0.5;3.921054;1;Adaptation;15;1;;;;;
17.92;-0.5;-0.5;2.068243;1;Adaptation;15;1;;;;;
17.94;-0.5;-0.5;2.418654;1;Adaptation;15;1;;;;;
17.96;-0.5;-0.5;3.241109;1;Adaptation;15;1;;;;;
17.98;-0.5;-0.5;4.718162;1;Adaptation;15;1;;;;;
18;-0.5;-0.5;4.682894;1;Adaptation;15;1;;;;;
18.02;0;0.0625;4.209676;1;Adaptation;15;1;;;;;
18.04;0;0;2.432242;1;Adaptation;15;1;;;;;
18.06;0;0.0625;4.619674;1;Adaptation;15;1;;;;;
18.08;-0.5;-0.5;2.313286;1;Adaptation;15;1;;;;;
18.1;-0.5;-0.5;5.832947;1;Adaptation;15;1;;;;;
18.12;-0.5;-0.5;5.138768;1;Adaptation;15;1;;;;;
18.14;-2;-0.3125;5.905164;1;Adaptation;15;1;;;;;
18.16;-0.5;-0.5;3.702995;1;Adaptation;15;1;;;;;
18.18;0;-0.1875;3.75686;1;Adaptation;15;1;;;;;
18.2;2;0;2.056521;1;Adaptation;15;1;;;;;
18.22;-0.5;-0.5;5.60966;1;Adaptation;15;1;;;;;
18.24;-0.5;-0.5;5.015264;1;Adaptation;15;1;;;;;
18.26;0;0.1875;4.909081;1;Adaptation;15;1;;;;;
;;;;;;;;;;;;
