time;pos_x_right;pos_y_right;dil_right;pos_x_left;pos_y_left;dil_left;brightness;state;fov;trial;;
0;2;0;4.438324;1;Adaptation;15;1;;;;;
0.02;2;0;4.238735;1;Adaptation;15;1;;;;;
0.04;-0.5;-0.5;3.097342;1;Adaptation;15;1;;;;;
0.06;-0.5;-0.5;4.963554;1;Adaptation;15;1;;;;;
0.08;-0.5;-0.5;5.82544;1;Adaptation;15;1;;;;;
0.09999999;-0.5;-0.5;5.740541;1;Adaptation;15;1;;;;;
0.12;-0.5;-0.5;5.043428;1;Adaptation;15;1;;;;;
0.14;-0.5;-0.5;3.452114;1;Adaptation;15;1;;;;;
0.16;-0.5;-0.5;3.567441;1;Adaptation;15;1;;;;;
0.18;-0.5;-0.5;5.007652;1;Adaptation;15;1;;;;;
0.2;-0.5;-0.5;4.927302;1;Adaptation;15;1;;;;;
0.22;-0.5;-0.5;5.684505;1;Adaptation;15;1;;;;;
0.24;-0.5;-0.5;5.044313;1;Adaptation;15;1;;;;;
0.26;-0.5;-0.5;2.010949;1;Adaptation;15;1;;;;;
0.28;-0.5;-0.5;2.369681;1;Adaptation;15;1;;;;;
0.3;-0.5;-0.5;5.35332;1;Adaptation;15;1;;;;;
0.32;-0.5;-0.5;5.918856;1;Adaptation;15;1;;;;;
0.34;-0.5;-0.5;5.695717;1;Adaptation;15;1;;;;;
0.36;-0.5;-0.5;5.059722;1;Adaptation;15;1;;;;;
0.38;-0.5;-0.5;5.876809;1;Adaptation;15;1;;;;;
0.4;-0.5;-0.5;5.768406;1;Adaptation;15;1;;;;;
0.42;-0.5;-0.5;5.95369;1;Adaptation;15;1;;;;;
0.44;-0.5;-0.5;2.667327;1;Adaptation;15;1;;;;;
0.46;-0.5;-0.5;4.96619;1;Adaptation;15;1;;;;;
0.48;-0.5;-0.5;3.498054;1;Adaptation;15;1;;;;;
0.5;2;0.25;5.77101;1;Adaptation;15;1;;;;;
0.52;-0.5;-0.5;2.932642;1;Adaptation;15;1;;;;;
0.54;-0.5;-0.5;5.753596;1;Adaptation;15;1;;;;;
0.56;-0.5;-0.5;3.70083;1;Adaptation;15;1;;;;;
0.58;-0.5;-0.5;4.40327;1;Adaptation;15;1;;;;;
0.6;-0.5;-0.5;3.561622;1;Adaptation;15;1;;;;;
0.62;0;0;2.858391;1;Adaptation;15;1;;;;;
0.64;0;-0.125;5.934811;1;Adaptation;15;1;;;;;
0.66;-0.5;-0.5;4.481833;1;Adaptation;15;1;;;;;
0.68;-0.5;-0.5;5.875078;1;Adaptation;15;1;;;;;
0.7;0;0;3.706251;1;Adaptation;15;1;;;;;
0.72;-0.5;-0.5;3.058479;1;Adaptation;15;1;;;;;
0.74;-2;0;4.691898;1;Adaptation;15;1;;;;;
0.76;0;-0.25;3.325837;1;Adaptation;15;1;;;;;
0.78;-0.5;-0.5;2.298909;1;Adaptation;15;1;;;;;
0.8;-0.5;-0.5;5.410169;1;Adaptation;15;1;;;;;
0.82;-2;0.125;3.317389;1;Adaptation;15;1;;;;;
0.84;-0.5;-0.5;5.958872;1;Adaptation;15;1;;;;;
0.86;-0.5;-0.5;3.161743;1;Adaptation;15;1;;;;;
0.88;-0.5;-0.5;4.558741;1;Adaptation;15;1;;;;;
0.9;-0.5;-0.5;3.288248;1;Adaptation;15;1;;;;;
0.92;-0.5;-0.5;2.086565;1;Adaptation;15;1;;;;;
0.94;-0.5;-0.5;5.323534;1;Adaptation;15;1;;;;;
0.96;-0.5;-0.5;3.571286;1;Adaptation;15;1;;;;;
0.98;-0.5;-0.5;2.308936;1;Adaptation;15;1;;;;;
1;0;0.25;3.20504;1;Adaptation;15;1;;;;;
1.02;-0.5;-0.5;5.679648;1;Adaptation;15;1;;;;;
1.04;0;0.125;3.579525;1;Adaptation;15;1;;;;;
1.06;0;0.125;2.86877;1;Adaptation;15;1;;;;;
1.08;0;0.25;2.584735;1;Adaptation;15;1;;;;;
1.1;-0.5;-0.5;2.131311;1;Adaptation;15;1;;;;;
1.12;0;0.125;4.2171;1;Adaptation;15;1;;;;;
1.14;-0.5;-0.5;5.580031;1;Adaptation;15;1;;;;;
1.16;-2;-0.25;5.055902;1;Adaptation;15;1;;;;;
1.18;-0.5;-0.5;3.785896;1;Adaptation;15;1;;;;;
1.2;-2;-0.125;3.515904;1;Adaptation;15;1;;;;;
1.22;-0.5;-0.5;4.600346;1;Adaptation;15;1;;;;;
1.24;-0.5;-0.5;5.178709;1;Adaptation;15;1;;;;;
1.26;0;0.25;5.595074;1;Adaptation;15;1;;;;;
1.28;-2;0;4.560884;1;Adaptation;15;1;;;;;
1.3;-0.5;-0.5;4.166837;1;Adaptation;15;1;;;;;
1.32;-0.5;-0.5;2.688796;1;Adaptation;15;1;;;;;
1.34;-0.5;-0.5;3.973832;1;Adaptation;15;1;;;;;
1.36;-0.5;-0.5;4.64726;1;Adaptation;15;1;;;;;
1.38;-0.5;-0.5;5.572737;1;Adaptation;15;1;;;;;
1.4;-0.5;-0.5;4.827752;1;Adaptation;15;1;;;;;
1.42;-0.5;-0.5;3.791549;1;Adaptation;15;1;;;;;
1.44;-0.5;-0.5;5.290751;1;Adaptation;15;1;;;;;
1.46;-0.5;-0.5;4.960092;1;Adaptation;15;1;;;;;
1.48;-0.5;-0.5;2.421036;1;Adaptation;15;1;;;;;
1.5;-0.5;-0.5;5.462095;1;Adaptation;15;1;;;;;
1.52;0;0;2.127125;1;Adaptation;15;1;;;;;
1.54;-0.5;-0.5;3.659833;1;Adaptation;15;1;;;;;
1.56;-0.5;-0.5;2.593654;1;Adaptation;15;1;;;;;
1.58;-0.5;-0.5;3.101203;1;Adaptation;15;1;;;;;
1.6;0;0;2.598269;1;Adaptation;15;1;;;;;
1.62;-0.5;-0.5;5.114335;1;Adaptation;15;1;;;;;
1.64;0;-0.125;5.414771;1;Adaptation;15;1;;;;;
1.66;-0.5;-0.5;3.614583;1;Adaptation;15;1;;;;;
1.68;-0.5;-0.5;4.068442;1;Adaptation;15;1;;;;;
1.7;-0.5;-0.5;3.165935;1;Adaptation;15;1;;;;;
1.72;-2;-0.125;2.084024;1;Adaptation;15;1;;;;;
1.74;-0.5;-0.5;4.9157;1;Adaptation;15;1;;;;;
1.76;-0.5;-0.5;2.227338;1;Adaptation;15;1;;;;;
1.78;0;0;3.823648;1;Adaptation;15;1;;;;;
1.8;-0.5;-0.5;3.333651;1;Adaptation;15;1;;;;;
1.82;-0.5;-0.5;3.519256;1;Adaptation;15;1;;;;;
1.84;-0.5;-0.5;2.76363;1;Adaptation;15;1;;;;;
1.86;-0.5;-0.5;3.220294;1;Adaptation;15;1;;;;;
1.88;0;-0.125;2.267131;1;Adaptation;15;1;;;;;
1.9;-2;0.125;2.942237;1;Adaptation;15;1;;;;;
1.92;0;0;3.185961;1;Adaptation;15;1;;;;;
1.94;-0.5;-0.5;4.052787;1;Adaptation;15;1;;;;;
1.96;-0.5;-0.5;5.285856;1;Adaptation;15;1;;;;;
1.98;-0.5;-0.5;4.040571;1;Adaptation;15;1;;;;;
2;0;0;2.477196;1;Adaptation;15;1;;;;;
2.02;-0.5;-0.5;4.679499;1;Adaptation;15;1;;;;;
2.04;-0.5;-0.5;2.084949;1;Adaptation;15;1;;;;;
2.06;-0.5;-0.5;4.839159;1;Adaptation;15;1;;;;;
2.08;0;0.125;2.841391;1;Adaptation;15;1;;;;;
2.1;-0.5;-0.5;5.182687;1;Adaptation;15;1;;;;;
2.12;-0.5;-0.5;4.622221;1;Adaptation;15;1;;;;;
2.14;-0.5;-0.5;5.019648;1;Adaptation;15;1;;;;;
2.16;-2;0;5.339737;1;Adaptation;15;1;;;;;
2.18;-0.5;-0.5;5.53475;1;Adaptation;15;1;;;;;
2.2;-0.5;-0.5;5.096516;1;Adaptation;15;1;;;;;
2.22;-0.5;-0.5;2.13539;1;Adaptation;15;1;;;;;
2.24;-0.5;-0.5;4.575571;1;Adaptation;15;1;;;;;
2.26;-0.5;-0.5;4.918222;1;Adaptation;15;1;;;;;
2.28;-0.5;-0.5;5.996172;1;Adaptation;15;1;;;;;
2.3;-0.5;-0.5;2.817938;1;Adaptation;15;1;;;;;
2.32;-0.5;-0.5;2.16738;1;Adaptation;15;1;;;;;
2.34;-0.5;-0.5;4.979506;1;Adaptation;15;1;;;;;
2.36;-0.5;-0.5;2.283978;1;Adaptation;15;1;;;;;
2.38;-0.5;-0.5;4.500549;1;Adaptation;15;1;;;;;
2.4;-0.5;-0.5;2.267696;1;Adaptation;15;1;;;;;
2.42;-0.5;-0.5;4.444304;1;Adaptation;15;1;;;;;
2.44;-0.5;-0.5;5.242106;1;Adaptation;15;1;;;;;
2.46;-0.5;-0.5;5.133105;1;Adaptation;15;1;;;;;
2.48;-0.5;-0.5;2.106658;1;Adaptation;15;1;;;;;
2.5;-0.5;-0.5;4.744748;1;Adaptation;15;1;;;;;
2.52;-0.5;-0.5;4.535436;1;Adaptation;15;1;;;;;
2.54;0;0.125;5.703313;1;Adaptation;15;1;;;;;
2.56;-0.5;-0.5;4.792265;1;Adaptation;15;1;;;;;
2.58;-0.5;-0.5;2.625378;1;Adaptation;15;1;;;;;
2.6;-0.5;-0.5;4.82528;1;Adaptation;15;1;;;;;
2.62;0;-0.125;3.730626;1;Adaptation;15;1;;;;;
2.64;-0.5;-0.5;2.230258;1;Adaptation;15;1;;;;;
2.66;-0.5;-0.5;5.684496;1;Adaptation;15;1;;;;;
2.68;-0.5;-0.5;3.862518;1;Adaptation;15;1;;;;;
2.7;2;0;2.37978;1;Adaptation;15;1;;;;;
2.72;-0.5;-0.5;3.066898;1;Adaptation;15;1;;;;;
2.74;-0.5;-0.5;2.916126;1;Adaptation;15;1;;;;;
2.76;-0.5;-0.5;3.793537;1;Adaptation;15;1;;;;;
2.78;-0.5;-0.5;5.735447;1;Adaptation;15;1;;;;;
2.8;-0.5;-0.5;4.059983;1;Adaptation;15;1;;;;;
2.82;-0.5;-0.5;2.927017;1;Adaptation;15;1;;;;;
2.84;2;-0.25;4.642045;1;Adaptation;15;1;;;;;
2.86;0;0.125;2.26468;1;Adaptation;15;1;;;;;
2.88;2;0;5.658069;1;Adaptation;15;1;;;;;
2.9;-0.5;-0.5;4.264221;1;Adaptation;15;1;;;;;
2.92;-0.5;-0.5;4.247598;1;Adaptation;15;1;;;;;
2.94;0;-0.125;2.079408;1;Adaptation;15;1;;;;;
2.96;-0.5;-0.5;3.87665;1;Adaptation;15;1;;;;;
2.98;0;-0.125;3.831035;1;Adaptation;15;1;;;;;
3;-0.5;-0.5;2.030875;1;Adaptation;15;1;;;;;
3.02;-0.5;-0.5;4.553637;1;Adaptation;15;1;;;;;
3.04;-0.5;-0.5;2.449832;1;Adaptation;15;1;;;;;
3.06;0;-0.125;5.757432;1;Adaptation;15;1;;;;;
3.08;0;0.125;2.784213;1;Adaptation;15;1;;;;;
3.1;-0.5;-0.5;5.213226;1;Adaptation;15;1;;;;;
3.12;-0.5;-0.5;2.070512;1;Adaptation;15;1;;;;;
3.14;-0.5;-0.5;2.294422;1;Adaptation;15;1;;;;;
3.16;-0.5;-0.5;3.903351;1;Adaptation;15;1;;;;;
3.18;-0.5;-0.5;4.811259;1;Adaptation;15;1;;;;;
3.2;0;0.125;2.660285;1;Adaptation;15;1;;;;;
3.22;-0.5;-0.5;3.03544;1;Adaptation;15;1;;;;;
3.24;0;0;4.537091;1;Adaptation;15;1;;;;;
3.26;-0.5;-0.5;3.545454;1;Adaptation;15;1;;;;;
3.28;-0.5;-0.5;4.898073;1;Adaptation;15;1;;;;;
3.3;-0.5;-0.5;4.021856;1;Adaptation;15;1;;;;;
3.32;0;0.125;4.999187;1;Adaptation;15;1;;;;;
3.34;-0.5;-0.5;4.778264;1;Adaptation;15;1;;;;;
3.36;2;-0.125;2.732835;1;Adaptation;15;1;;;;;
3.38;-0.5;-0.5;5.047798;1;Adaptation;15;1;;;;;
3.4;2;-0.25;5.701084;1;Adaptation;15;1;;;;;
3.42;-0.5;-0.5;4.388198;1;Adaptation;15;1;;;;;
3.44;-0.5;-0.5;4.424378;1;Adaptation;15;1;;;;;
3.46;-0.5;-0.5;3.17641;1;Adaptation;15;1;;;;;
3.48;-0.5;-0.5;2.795838;1;Adaptation;15;1;;;;;
3.5;-0.5;-0.5;3.106084;1;Adaptation;15;1;;;;;
3.52;-0.5;-0.5;5.057043;1;Adaptation;15;1;;;;;
3.54;-0.5;-0.5;4.215374;1;Adaptation;15;1;;;;;
3.56;-0.5;-0.5;2.211324;1;Adaptation;15;1;;;;;
3.58;-0.5;-0.5;4.002979;1;Adaptation;15;1;;;;;
3.6;-0.5;-0.5;5.422142;1;Adaptation;15;1;;;;;
3.62;0;0;4.76971;1;Adaptation;15;1;;;;;
3.64;0;0;2.044363;1;Adaptation;15;1;;;;;
3.66;-0.5;-0.5;5.111742;1;Adaptation;15;1;;;;;
3.68;-0.5;-0.5;2.372008;1;Adaptation;15;1;;;;;
3.7;0;-0.25;2.506803;1;Adaptation;15;1;;;;;
3.72;-0.5;-0.5;3.397661;1;Adaptation;15;1;;;;;
3.74;-0.5;-0.5;5.389497;1;Adaptation;15;1;;;;;
3.76;0;-0.125;5.978695;1;Adaptation;15;1;;;;;
3.78;-0.5;-0.5;5.665794;1;Adaptation;15;1;;;;;
3.8;0;0.125;3.884392;1;Adaptation;15;1;;;;;
3.82;-0.5;-0.5;3.17296;1;Adaptation;15;1;;;;;
3.84;-0.5;-0.5;3.148948;1;Adaptation;15;1;;;;;
3.86;-0.5;-0.5;5.191587;1;Adaptation;15;1;;;;;
3.88;-2;0.125;2.836273;1;Adaptation;15;1;;;;;
3.9;-0.5;-0.5;5.661274;1;Adaptation;15;1;;;;;
3.92;-0.5;-0.5;5.281439;1;Adaptation;15;1;;;;;
3.94;-0.5;-0.5;2.63516;1;Adaptation;15;1;;;;;
3.96;-0.5;-0.5;4.269811;1;Adaptation;15;1;;;;;
3.98;-0.5;-0.5;2.032378;1;Adaptation;15;1;;;;;
4;-0.5;-0.5;4.798409;1;Adaptation;15;1;;;;;
4.02;-0.5;-0.5;5.372108;1;Adaptation;15;1;;;;;
4.04;-0.5;-0.5;2.165277;1;Adaptation;15;1;;;;;
4.06;2;0;5.234045;1;Adaptation;15;1;;;;;
4.08;2;0;3.133078;1;Adaptation;15;1;;;;;
4.1;-0.5;-0.5;2.958659;1;Adaptation;15;1;;;;;
4.12;-0.5;-0.5;4.886513;1;Adaptation;15;1;;;;;
4.14;-0.5;-0.5;5.059059;1;Adaptation;15;1;;;;;
4.16;2;0.25;3.954565;1;Adaptation;15;1;;;;;
4.18;-0.5;-0.5;4.68865;1;Adaptation;15;1;;;;;
4.2;-0.5;-0.5;4.99458;1;Adaptation;15;1;;;;;
4.22;-0.5;-0.5;2.319404;1;Adaptation;15;1;;;;;
4.24;-0.5;-0.5;4.784937;1;Adaptation;15;1;;;;;
4.26;-0.5;-0.5;2.607079;1;Adaptation;15;1;;;;;
4.28;-0.5;-0.5;3.229988;1;Adaptation;15;1;;;;;
4.3;-0.5;-0.5;3.887785;1;Adaptation;15;1;;;;;
4.32;-0.5;-0.5;4.515388;1;Adaptation;15;1;;;;;
4.34;-0.5;-0.5;3.759464;1;Adaptation;15;1;;;;;
4.36;0;0.125;2.687823;1;Adaptation;15;1;;;;;
4.38;-0.5;-0.5;5.8038;1;Adaptation;15;1;;;;;
4.4;-0.5;-0.5;2.695996;1;Adaptation;15;1;;;;;
4.42;-0.5;-0.5;2.973055;1;Adaptation;15;1;;;;;
4.44;-0.5;-0.5;4.286231;1;Adaptation;15;1;;;;;
4.46;0;0.125;2.034612;1;Adaptation;15;1;;;;;
4.48;0;-0.25;2.280881;1;Adaptation;15;1;;;;;
4.5;-0.5;-0.5;3.159703;1;Adaptation;15;1;;;;;
4.52;-0.5;-0.5;4.628108;1;Adaptation;15;1;;;;;
4.54;0;0.125;3.944553;1;Adaptation;15;1;;;;;
4.56;-0.5;-0.5;4.064257;1;Adaptation;15;1;;;;;
4.58;0;0.125;3.833747;1;Adaptation;15;1;;;;;
4.6;-2;0;2.107104;1;Adaptation;15;1;;;;;
4.62;-0.5;-0.5;5.7165;1;Adaptation;15;1;;;;;
4.64;-0.5;-0.5;3.519027;1;Adaptation;15;1;;;;;
4.66;-0.5;-0.5;4.52894;1;Adaptation;15;1;;;;;
4.68;-0.5;-0.5;4.80004;1;Adaptation;15;1;;;;;
4.7;0;0.125;4.390985;1;Adaptation;15;1;;;;;
4.72;-0.5;-0.5;4.37062;1;Adaptation;15;1;;;;;
4.74;-0.5;-0.5;4.469848;1;Adaptation;15;1;;;;;
4.76;-0.5;-0.5;5.703964;1;Adaptation;15;1;;;;;
4.78;-0.5;-0.5;5.745439;1;Adaptation;15;1;;;;;
4.8;0;0;5.556472;1;Adaptation;15;1;;;;;
4.82;-0.5;-0.5;5.553596;1;Adaptation;15;1;;;;;
4.84;-0.5;-0.5;2.380371;1;Adaptation;15;1;;;;;
4.86;-0.5;-0.5;3.097088;1;Adaptation;15;1;;;;;
4.88;-0.5;-0.5;3.595728;1;Adaptation;15;1;;;;;
4.9;-2;-0.125;4.632278;1;Adaptation;15;1;;;;;
;;;;;;;;;;;;
