time;pos_x_right;pos_y_right;dil_right;pos_x_left;pos_y_left;dil_left;brightness;state;fov;trial;;
0;0;0.25;2.920027;1;Adaptation;15;1;;;;;
0.02;0;0.25;4.800525;1;Adaptation;15;1;;;;;
0.04;0;0.125;4.885584;1;Adaptation;15;1;;;;;
0.06;0;0.125;4.254777;1;Adaptation;15;1;;;;;
0.08;0;0.125;2.295133;1;Adaptation;15;1;;;;;
0.09999999;0;0.125;2.390906;1;Adaptation;15;1;;;;;
0.12;0;0.125;3.753614;1;Adaptation;15;1;;;;;
0.14;0;0.125;4.392166;1;Adaptation;15;1;;;;;
0.16;0;0.125;2.20179;1;Adaptation;15;1;;;;;
0.18;0;0.125;2.580577;1;Adaptation;15;1;;;;;
0.2;0;0.125;2.297801;1;Adaptation;15;1;;;;;
0.22;0;0.125;2.618537;1;Adaptation;15;1;;;;;
0.24;0;0.125;2.329536;1;Adaptation;15;1;;;;;
0.26;0;0.125;2.078112;1;Adaptation;15;1;;;;;
0.28;0;0.125;3.154731;1;Adaptation;15;1;;;;;
0.3;0;0.125;3.300634;1;Adaptation;15;1;;;;;
0.32;0;0.125;4.523563;1;Adaptation;15;1;;;;;
0.34;0;0.125;4.170537;1;Adaptation;15;1;;;;;
0.36;-0.5;-0.5;4.385298;1;Adaptation;15;1;;;;;
0.38;-0.5;-0.5;5.644532;1;Adaptation;15;1;;;;;
0.4;-0.5;-0.5;3.97795;1;Adaptation;15;1;;;;;
0.42;-0.5;-0.5;3.341479;1;Adaptation;15;1;;;;;
0.44;-0.5;-0.5;3.22686;1;Adaptation;15;1;;;;;
0.46;-0.5;-0.5;5.608857;1;Adaptation;15;1;;;;;
0.48;-0.5;-0.5;5.014894;1;Adaptation;15;1;;;;;
0.5;-0.5;-0.5;3.199401;1;Adaptation;15;1;;;;;
0.52;0;0.375;4.920097;1;Adaptation;15;1;;;;;
0.54;-0.5;-0.5;2.581076;1;Adaptation;15;1;;;;;
0.56;0;0;5.566048;1;Adaptation;15;1;;;;;
0.58;0;0;3.254575;1;Adaptation;15;1;;;;;
0.6;-0.5;-0.5;5.708832;1;Adaptation;15;1;;;;;
0.62;-0.5;-0.5;3.977703;1;Adaptation;15;1;;;;;
0.64;-0.5;-0.5;5.694836;1;Adaptation;15;1;;;;;
0.66;-0.5;-0.5;4.250807;1;Adaptation;15;1;;;;;
0.68;2;0;4.201848;1;Adaptation;15;1;;;;;
0.7;-0.5;-0.5;4.378912;1;Adaptation;15;1;;;;;
0.72;-0.5;-0.5;2.932833;1;Adaptation;15;1;;;;;
0.74;-0.5;-0.5;2.018768;1;Adaptation;15;1;;;;;
0.76;-0.5;-0.5;4.083002;1;Adaptation;15;1;;;;;
0.78;0;0.125;2.951614;1;Adaptation;15;1;;;;;
0.8;-0.5;-0.5;2.08282;1;Adaptation;15;1;;;;;
0.82;-0.5;-0.5;2.821203;1;Adaptation;15;1;;;;;
0.84;-0.5;-0.5;5.165241;1;Adaptation;15;1;;;;;
0.86;-0.5;-0.5;2.540971;1;Adaptation;15;1;;;;;
0.88;-0.5;-0.5;2.43372;1;Adaptation;15;1;;;;;
0.9;-0.5;-0.5;3.891441;1;Adaptation;15;1;;;;;
0.92;-0.5;-0.5;3.891784;1;Adaptation;15;1;;;;;
0.94;-0.5;-0.5;4.398744;1;Adaptation;15;1;;;;;
0.96;-0.5;-0.5;2.438317;1;Adaptation;15;1;;;;;
0.98;-0.5;-0.5;2.037336;1;Adaptation;15;1;;;;;
1;-0.5;-0.5;2.894348;1;Adaptation;15;1;;;;;
1.02;-0.5;-0.5;2.049009;1;Adaptation;15;1;;;;;
1.04;-0.5;-0.5;5.199738;1;Adaptation;15;1;;;;;
1.06;-0.5;-0.5;4.533145;1;Adaptation;15;1;;;;;
1.08;-0.5;-0.5;3.598319;1;Adaptation;15;1;;;;;
1.1;-0.5;-0.5;5.084855;1;Adaptation;15;1;;;;;
1.12;-0.5;-0.5;5.91586;1;Adaptation;15;1;;;;;
1.14;0;0.125;3.767166;1;Adaptation;15;1;;;;;
1.16;0;0.125;2.161314;1;Adaptation;15;1;;;;;
1.18;-0.5;-0.5;2.968914;1;Adaptation;15;1;;;;;
1.2;-0.5;-0.5;4.750424;1;Adaptation;15;1;;;;;
1.22;-0.5;-0.5;5.04857;1;Adaptation;15;1;;;;;
1.24;-0.5;-0.5;3.227116;1;Adaptation;15;1;;;;;
1.26;-0.5;-0.5;3.718462;1;Adaptation;15;1;;;;;
1.28;-0.5;-0.5;4.054781;1;Adaptation;15;1;;;;;
1.3;0;-0.125;3.475592;1;Adaptation;15;1;;;;;
1.32;2;-0.125;5.007676;1;Adaptation;15;1;;;;;
1.34;-0.5;-0.5;4.996263;1;Adaptation;15;1;;;;;
1.36;-0.5;-0.5;4.172693;1;Adaptation;15;1;;;;;
1.38;-2;0.125;4.284982;1;Adaptation;15;1;;;;;
1.4;-0.5;-0.5;2.042215;1;Adaptation;15;1;;;;;
1.42;2;-0.375;2.973709;1;Adaptation;15;1;;;;;
1.44;-0.5;-0.5;5.810531;1;Adaptation;15;1;;;;;
1.46;0;-0.125;3.816512;1;Adaptation;15;1;;;;;
1.48;-0.5;-0.5;2.639148;1;Adaptation;15;1;;;;;
1.5;-0.5;-0.5;5.228874;1;Adaptation;15;1;;;;;
1.52;-0.5;-0.5;5.280867;1;Adaptation;15;1;;;;;
1.54;-0.5;-0.5;4.446284;1;Adaptation;15;1;;;;;
1.56;-0.5;-0.5;3.164256;1;Adaptation;15;1;;;;;
1.58;-0.5;-0.5;2.976829;1;Adaptation;15;1;;;;;
1.6;-0.5;-0.5;3.102282;1;Adaptation;15;1;;;;;
1.62;-0.5;-0.5;3.843703;1;Adaptation;15;1;;;;;
1.64;-0.5;-0.5;4.376656;1;Adaptation;15;1;;;;;
1.66;0;-0.125;4.09253;1;Adaptation;15;1;;;;;
1.68;-0.5;-0.5;3.00743;1;Adaptation;15;1;;;;;
1.7;0;0.125;3.067075;1;Adaptation;15;1;;;;;
1.72;-0.5;-0.5;5.629741;1;Adaptation;15;1;;;;;
1.74;-0.5;-0.5;5.538393;1;Adaptation;15;1;;;;;
1.76;2;0;2.519391;1;Adaptation;15;1;;;;;
1.78;0;0;5.187888;1;Adaptation;15;1;;;;;
1.8;-0.5;-0.5;4.371816;1;Adaptation;15;1;;;;;
1.82;-0.5;-0.5;4.363475;1;Adaptation;15;1;;;;;
1.84;-0.5;-0.5;2.734379;1;Adaptation;15;1;;;;;
1.86;-0.5;-0.5;3.885834;1;Adaptation;15;1;;;;;
1.88;-0.5;-0.5;4.564137;1;Adaptation;15;1;;;;;
1.9;-0.5;-0.5;4.478016;1;Adaptation;15;1;;;;;
1.92;-0.5;-0.5;3.042489;1;Adaptation;15;1;;;;;
1.94;-0.5;-0.5;2.975473;1;Adaptation;15;1;;;;;
1.96;-0.5;-0.5;5.662433;1;Adaptation;15;1;;;;;
1.98;-0.5;-0.5;3.374683;1;Adaptation;15;1;;;;;
2;-0.5;-0.5;4.817679;1;Adaptation;15;1;;;;;
2.02;-2;-0.125;2.136667;1;Adaptation;15;1;;;;;
2.04;-0.5;-0.5;2.650167;1;Adaptation;15;1;;;;;
2.06;-0.5;-0.5;2.647891;1;Adaptation;15;1;;;;;
2.08;-0.5;-0.5;3.354834;1;Adaptation;15;1;;;;;
2.1;-0.5;-0.5;4.747811;1;Adaptation;15;1;;;;;
2.12;-0.5;-0.5;5.090518;1;Adaptation;15;1;;;;;
2.14;-0.5;-0.5;4.214438;1;Adaptation;15;1;;;;;
2.16;-0.5;-0.5;2.796116;1;Adaptation;15;1;;;;;
2.18;0;-0.125;3.091424;1;Adaptation;15;1;;;;;
2.2;-0.5;-0.5;2.975072;1;Adaptation;15;1;;;;;
2.22;-0.5;-0.5;4.078281;1;Adaptation;15;1;;;;;
2.24;-2;0;2.252769;1;Adaptation;15;1;;;;;
2.26;-0.5;-0.5;2.009071;1;Adaptation;15;1;;;;;
2.28;-0.5;-0.5;2.71068;1;Adaptation;15;1;;;;;
2.3;-0.5;-0.5;3.885285;1;Adaptation;15;1;;;;;
2.32;-0.5;-0.5;3.477162;1;Adaptation;15;1;;;;;
2.34;-0.5;-0.5;4.556789;1;Adaptation;15;1;;;;;
2.36;0;0;3.391056;1;Adaptation;15;1;;;;;
2.38;-0.5;-0.5;3.828728;1;Adaptation;15;1;;;;;
2.4;-0.5;-0.5;4.709034;1;Adaptation;15;1;;;;;
2.42;-0.5;-0.5;2.974462;1;Adaptation;15;1;;;;;
2.44;-0.5;-0.5;3.185658;1;Adaptation;15;1;;;;;
2.46;-0.5;-0.5;2.678712;1;Adaptation;15;1;;;;;
2.48;-0.5;-0.5;2.884169;1;Adaptation;15;1;;;;;
2.5;-0.5;-0.5;5.858157;1;Adaptation;15;1;;;;;
2.52;-0.5;-0.5;3.025496;1;Adaptation;15;1;;;;;
2.54;-0.5;-0.5;2.882758;1;Adaptation;15;1;;;;;
2.56;-0.5;-0.5;2.921785;1;Adaptation;15;1;;;;;
2.58;0;0;5.916904;1;Adaptation;15;1;;;;;
2.6;-2;0;5.247537;1;Adaptation;15;1;;;;;
2.62;-0.5;-0.5;4.757467;1;Adaptation;15;1;;;;;
2.64;2;0;5.928635;1;Adaptation;15;1;;;;;
2.66;-0.5;-0.5;2.234828;1;Adaptation;15;1;;;;;
2.68;-0.5;-0.5;3.027843;1;Adaptation;15;1;;;;;
2.7;-2;-0.125;4.094978;1;Adaptation;15;1;;;;;
2.72;-0.5;-0.5;3.06149;1;Adaptation;15;1;;;;;
2.74;-0.5;-0.5;5.651131;1;Adaptation;15;1;;;;;
2.76;0;0;2.486642;1;Adaptation;15;1;;;;;
2.78;-0.5;-0.5;3.010927;1;Adaptation;15;1;;;;;
2.8;-2;-0.125;4.006328;1;Adaptation;15;1;;;;;
2.82;2;0.125;3.129662;1;Adaptation;15;1;;;;;
2.84;-0.5;-0.5;5.869474;1;Adaptation;15;1;;;;;
2.86;-2;0;3.178858;1;Adaptation;15;1;;;;;
2.88;-0.5;-0.5;2.922774;1;Adaptation;15;1;;;;;
2.9;-0.5;-0.5;2.582425;1;Adaptation;15;1;;;;;
2.92;-0.5;-0.5;2.620392;1;Adaptation;15;1;;;;;
2.94;-0.5;-0.5;3.934738;1;Adaptation;15;1;;;;;
2.96;0;0;5.476009;1;Adaptation;15;1;;;;;
2.98;-0.5;-0.5;4.909988;1;Adaptation;15;1;;;;;
3;-0.5;-0.5;3.086168;1;Adaptation;15;1;;;;;
3.02;0;0.125;2.04755;1;Adaptation;15;1;;;;;
3.04;0;-0.125;5.547931;1;Adaptation;15;1;;;;;
3.06;-0.5;-0.5;3.722415;1;Adaptation;15;1;;;;;
3.08;0;0;5.121828;1;Adaptation;15;1;;;;;
3.1;-0.5;-0.5;2.579045;1;Adaptation;15;1;;;;;
3.12;0;0.125;2.1672;1;Adaptation;15;1;;;;;
3.14;-0.5;-0.5;5.549099;1;Adaptation;15;1;;;;;
3.16;-0.5;-0.5;2.576674;1;Adaptation;15;1;;;;;
3.18;-0.5;-0.5;4.26446;1;Adaptation;15;1;;;;;
3.2;-2;0;2.654922;1;Adaptation;15;1;;;;;
3.22;-0.5;-0.5;4.85001;1;Adaptation;15;1;;;;;
3.24;-0.5;-0.5;4.836154;1;Adaptation;15;1;;;;;
3.26;-0.5;-0.5;2.879601;1;Adaptation;15;1;;;;;
3.28;0;0.125;3.497407;1;Adaptation;15;1;;;;;
3.3;-0.5;-0.5;5.732217;1;Adaptation;15;1;;;;;
3.32;-0.5;-0.5;4.457298;1;Adaptation;15;1;;;;;
3.34;2;0.125;4.742334;1;Adaptation;15;1;;;;;
3.36;-0.5;-0.5;5.816405;1;Adaptation;15;1;;;;;
3.38;-2;-0.125;5.400163;1;Adaptation;15;1;;;;;
3.4;-2;-0.25;5.497076;1;Adaptation;15;1;;;;;
3.42;-0.5;-0.5;4.219631;1;Adaptation;15;1;;;;;
3.44;0;0;5.137044;1;Adaptation;15;1;;;;;
3.46;-0.5;-0.5;3.337295;1;Adaptation;15;1;;;;;
3.48;-0.5;-0.5;2.091808;1;Adaptation;15;1;;;;;
3.5;-0.5;-0.5;2.940123;1;Adaptation;15;1;;;;;
3.52;-0.5;-0.5;5.384274;1;Adaptation;15;1;;;;;
3.54;-0.5;-0.5;5.692678;1;Adaptation;15;1;;;;;
3.56;0;0.125;2.33929;1;Adaptation;15;1;;;;;
3.58;-0.5;-0.5;3.114799;1;Adaptation;15;1;;;;;
3.6;2;-0.125;4.207441;1;Adaptation;15;1;;;;;
3.62;-0.5;-0.5;5.673106;1;Adaptation;15;1;;;;;
3.64;-0.5;-0.5;5.866623;1;Adaptation;15;1;;;;;
3.66;-0.5;-0.5;5.341099;1;Adaptation;15;1;;;;;
3.68;-0.5;-0.5;4.383018;1;Adaptation;15;1;;;;;
3.7;-0.5;-0.5;4.596016;1;Adaptation;15;1;;;;;
3.72;-0.5;-0.5;3.05792;1;Adaptation;15;1;;;;;
3.74;-0.5;-0.5;3.952393;1;Adaptation;15;1;;;;;
3.76;-0.5;-0.5;3.982669;1;Adaptation;15;1;;;;;
3.78;-0.5;-0.5;3.434508;1;Adaptation;15;1;;;;;
3.8;-0.5;-0.5;4.045796;1;Adaptation;15;1;;;;;
3.82;-0.5;-0.5;2.253863;1;Adaptation;15;1;;;;;
3.84;-0.5;-0.5;4.220125;1;Adaptation;15;1;;;;;
3.86;-0.5;-0.5;4.064421;1;Adaptation;15;1;;;;;
3.88;-2;0.125;4.375455;1;Adaptation;15;1;;;;;
3.9;-0.5;-0.5;3.010407;1;Adaptation;15;1;;;;;
3.92;-0.5;-0.5;5.66937;1;Adaptation;15;1;;;;;
3.94;2;-0.125;3.663715;1;Adaptation;15;1;;;;;
3.96;-0.5;-0.5;5.158554;1;Adaptation;15;1;;;;;
3.98;-0.5;-0.5;4.419764;1;Adaptation;15;1;;;;;
4;-2;-0.25;2.805517;1;Adaptation;15;1;;;;;
4.02;-0.5;-0.5;3.773489;1;Adaptation;15;1;;;;;
4.04;-0.5;-0.5;4.286909;1;Adaptation;15;1;;;;;
4.06;-0.5;-0.5;5.985006;1;Adaptation;15;1;;;;;
4.08;-0.5;-0.5;4.359887;1;Adaptation;15;1;;;;;
4.1;0;-0.25;5.406144;1;Adaptation;15;1;;;;;
4.12;-0.5;-0.5;2.676946;1;Adaptation;15;1;;;;;
4.14;-0.5;-0.5;5.427642;1;Adaptation;15;1;;;;;
4.16;-0.5;-0.5;5.467504;1;Adaptation;15;1;;;;;
4.18;-0.5;-0.5;3.717015;1;Adaptation;15;1;;;;;
4.2;0;0;3.244549;1;Adaptation;15;1;;;;;
4.22;-0.5;-0.5;3.322094;1;Adaptation;15;1;;;;;
4.24;-0.5;-0.5;3.214873;1;Adaptation;15;1;;;;;
4.26;0;0.125;5.73667;1;Adaptation;15;1;;;;;
4.28;-0.5;-0.5;2.306423;1;Adaptation;15;1;;;;;
4.3;0;0.125;2.786077;1;Adaptation;15;1;;;;;
4.32;-0.5;-0.5;3.736268;1;Adaptation;15;1;;;;;
4.34;-0.5;-0.5;3.368216;1;Adaptation;15;1;;;;;
4.36;0;-0.125;3.520173;1;Adaptation;15;1;;;;;
4.38;-0.5;-0.5;2.812469;1;Adaptation;15;1;;;;;
4.4;-0.5;-0.5;3.404408;1;Adaptation;15;1;;;;;
4.42;2;0;2.645502;1;Adaptation;15;1;;;;;
4.44;2;0;4.732242;1;Adaptation;15;1;;;;;
4.46;-0.5;-0.5;3.376965;1;Adaptation;15;1;;;;;
4.48;-0.5;-0.5;2.512557;1;Adaptation;15;1;;;;;
4.5;0;0;4.548909;1;Adaptation;15;1;;;;;
4.52;-0.5;-0.5;5.862795;1;Adaptation;15;1;;;;;
4.54;-0.5;-0.5;2.099695;1;Adaptation;15;1;;;;;
4.56;-0.5;-0.5;2.462065;1;Adaptation;15;1;;;;;
4.58;0;0;2.080918;1;Adaptation;15;1;;;;;
4.6;-0.5;-0.5;2.150883;1;Adaptation;15;1;;;;;
4.62;-0.5;-0.5;3.723133;1;Adaptation;15;1;;;;;
4.64;-0.5;-0.5;5.834092;1;Adaptation;15;1;;;;;
4.66;-0.5;-0.5;5.869329;1;Adaptation;15;1;;;;;
4.68;-0.5;-0.5;4.686666;1;Adaptation;15;1;;;;;
4.7;-0.5;-0.5;5.069342;1;Adaptation;15;1;;;;;
4.72;-0.5;-0.5;2.742856;1;Adaptation;15;1;;;;;
4.74;0;0;3.086379;1;Adaptation;15;1;;;;;
4.76;-0.5;-0.5;5.670918;1;Adaptation;15;1;;;;;
4.78;-0.5;-0.5;2.755418;1;Adaptation;15;1;;;;;
4.8;-0.5;-0.5;5.822151;1;Adaptation;15;1;;;;;
4.82;-0.5;-0.5;3.153211;1;Adaptation;15;1;;;;;
4.84;-0.5;-0.5;5.937776;1;Adaptation;15;1;;;;;
4.86;-0.5;-0.5;4.193348;1;Adaptation;15;1;;;;;
4.88;-0.5;-0.5;3.423379;1;Adaptation;15;1;;;;;
4.9;2;-0.25;4.334004;1;Adaptation;15;1;;;;;
4.92;-0.5;-0.5;5.499661;1;Adaptation;15;1;;;;;
4.94;-0.5;-0.5;5.412184;1;Adaptation;15;1;;;;;
4.96;2;0.125;3.195107;1;Adaptation;15;1;;;;;
4.98;-0.5;-0.5;4.328478;1;Adaptation;15;1;;;;;
5;-2;-0.125;4.146281;1;Adaptation;15;1;;;;;
5.02;-0.5;-0.5;4.27035;1;Adaptation;15;1;;;;;
5.04;-0.5;-0.5;4.597969;1;Adaptation;15;1;;;;;
5.06;0;0.125;3.965496;1;Adaptation;15;1;;;;;
5.08;-0.5;-0.5;3.078577;1;Adaptation;15;1;;;;;
5.1;-0.5;-0.5;4.897832;1;Adaptation;15;1;;;;;
5.12;-0.5;-0.5;5.506618;1;Adaptation;15;1;;;;;
5.14;2;0.125;4.011433;1;Adaptation;15;1;;;;;
5.16;-0.5;-0.5;3.682546;1;Adaptation;15;1;;;;;
5.18;-0.5;-0.5;5.143965;1;Adaptation;15;1;;;;;
5.2;-0.5;-0.5;4.237957;1;Adaptation;15;1;;;;;
5.22;-0.5;-0.5;4.245275;1;Adaptation;15;1;;;;;
5.24;-0.5;-0.5;4.24547;1;Adaptation;15;1;;;;;
5.26;-0.5;-0.5;2.660438;1;Adaptation;15;1;;;;;
5.28;-2;-0.125;5.448154;1;Adaptation;15;1;;;;;
5.3;-0.5;-0.5;2.931541;1;Adaptation;15;1;;;;;
5.32;2;-0.125;4.644115;1;Adaptation;15;1;;;;;
5.34;-0.5;-0.5;2.525037;1;Adaptation;15;1;;;;;
5.36;-0.5;-0.5;3.324333;1;Adaptation;15;1;;;;;
5.38;-0.5;-0.5;4.453529;1;Adaptation;15;1;;;;;
5.4;0;0;5.874044;1;Adaptation;15;1;;;;;
5.42;-0.5;-0.5;2.954247;1;Adaptation;15;1;;;;;
5.44;-0.5;-0.5;3.628697;1;Adaptation;15;1;;;;;
5.46;-0.5;-0.5;3.225925;1;Adaptation;15;1;;;;;
5.48;-0.5;-0.5;5.98925;1;Adaptation;15;1;;;;;
5.5;-0.5;-0.5;2.079502;1;Adaptation;15;1;;;;;
5.52;-0.5;-0.5;4.421184;1;Adaptation;15;1;;;;;
5.54;2;0.375;3.630418;1;Adaptation;15;1;;;;;
5.56;-0.5;-0.5;5.367857;1;Adaptation;15;1;;;;;
5.58;-0.5;-0.5;5.500348;1;Adaptation;15;1;;;;;
5.6;-0.5;-0.5;5.800924;1;Adaptation;15;1;;;;;
5.62;-2;-0.125;3.099539;1;Adaptation;15;1;;;;;
5.64;-0.5;-0.5;4.743243;1;Adaptation;15;1;;;;;
5.66;-2;-0.25;2.538523;1;Adaptation;15;1;;;;;
5.68;-0.5;-0.5;3.767253;1;Adaptation;15;1;;;;;
5.7;-0.5;-0.5;2.534693;1;Adaptation;15;1;;;;;
5.72;-0.5;-0.5;5.165799;1;Adaptation;15;1;;;;;
5.74;-0.5;-0.5;4.162318;1;Adaptation;15;1;;;;;
5.76;2;0.25;3.80285;1;Adaptation;15;1;;;;;
5.78;-0.5;-0.5;2.526813;1;Adaptation;15;1;;;;;
5.8;-0.5;-0.5;3.419193;1;Adaptation;15;1;;;;;
5.82;0;0;4.759062;1;Adaptation;15;1;;;;;
5.84;-0.5;-0.5;3.114934;1;Adaptation;15;1;;;;;
5.86;-2;0.125;3.861789;1;Adaptation;15;1;;;;;
5.88;-0.5;-0.5;3.553002;1;Adaptation;15;1;;;;;
5.9;-0.5;-0.5;4.255071;1;Adaptation;15;1;;;;;
5.92;-0.5;-0.5;3.500668;1;Adaptation;15;1;;;;;
5.94;-0.5;-0.5;2.842104;1;Adaptation;15;1;;;;;
5.96;-0.5;-0.5;2.983296;1;Adaptation;15;1;;;;;
5.98;-0.5;-0.5;2.996719;1;Adaptation;15;1;;;;;
6;-0.5;-0.5;3.646337;1;Adaptation;15;1;;;;;
6.02;-0.5;-0.5;2.437731;1;Adaptation;15;1;;;;;
6.04;-0.5;-0.5;4.015251;1;Adaptation;15;1;;;;;
6.06;-0.5;-0.5;4.842104;1;Adaptation;15;1;;;;;
6.08;-0.5;-0.5;3.164684;1;Adaptation;15;1;;;;;
6.1;-0.5;-0.5;3.815868;1;Adaptation;15;1;;;;;
6.12;-0.5;-0.5;2.352934;1;Adaptation;15;1;;;;;
6.14;0;0.125;2.343498;1;Adaptation;15;1;;;;;
6.16;-0.5;-0.5;4.075994;1;Adaptation;15;1;;;;;
6.18;-0.5;-0.5;4.15128;1;Adaptation;15;1;;;;;
6.2;-0.5;-0.5;3.94339;1;Adaptation;15;1;;;;;
6.22;-0.5;-0.5;4.23103;1;Adaptation;15;1;;;;;
6.24;-0.5;-0.5;5.077842;1;Adaptation;15;1;;;;;
6.26;-0.5;-0.5;3.261771;1;Adaptation;15;1;;;;;
6.28;0;-0.125;4.209527;1;Adaptation;15;1;;;;;
6.3;-0.5;-0.5;5.344214;1;Adaptation;15;1;;;;;
6.32;-0.5;-0.5;5.526541;1;Adaptation;15;1;;;;;
6.34;-0.5;-0.5;5.386783;1;Adaptation;15;1;;;;;
6.36;-0.5;-0.5;4.771206;1;Adaptation;15;1;;;;;
6.38;-2;0;5.546904;1;Adaptation;15;1;;;;;
6.4;0;-0.25;3.262999;1;Adaptation;15;1;;;;;
6.42;-2;-0.125;5.990616;1;Adaptation;15;1;;;;;
6.44;-0.5;-0.5;4.613768;1;Adaptation;15;1;;;;;
6.46;-0.5;-0.5;5.112702;1;Adaptation;15;1;;;;;
6.48;-0.5;-0.5;4.098703;1;Adaptation;15;1;;;;;
6.5;0;-0.25;3.855913;1;Adaptation;15;1;;;;;
6.52;-0.5;-0.5;5.610905;1;Adaptation;15;1;;;;;
6.54;0;-0.375;3.434701;1;Adaptation;15;1;;;;;
6.56;-0.5;-0.5;5.106102;1;Adaptation;15;1;;;;;
6.58;-0.5;-0.5;2.806573;1;Adaptation;15;1;;;;;
6.6;0;0.125;2.288542;1;Adaptation;15;1;;;;;
6.62;-0.5;-0.5;3.753245;1;Adaptation;15;1;;;;;
6.64;-0.5;-0.5;2.744044;1;Adaptation;15;1;;;;;
6.66;-0.5;-0.5;2.886387;1;Adaptation;15;1;;;;;
6.68;-2;0;3.896415;1;Adaptation;15;1;;;;;
6.7;0;-0.125;4.351585;1;Adaptation;15;1;;;;;
6.72;-0.5;-0.5;3.555157;1;Adaptation;15;1;;;;;
6.74;-0.5;-0.5;4.515134;1;Adaptation;15;1;;;;;
6.76;-0.5;-0.5;4.962575;1;Adaptation;15;1;;;;;
6.78;-0.5;-0.5;4.504957;1;Adaptation;15;1;;;;;
6.8;-0.5;-0.5;2.726337;1;Adaptation;15;1;;;;;
6.82;-2;0;5.40021;1;Adaptation;15;1;;;;;
6.84;-0.5;-0.5;2.421039;1;Adaptation;15;1;;;;;
6.86;-0.5;-0.5;5.702257;1;Adaptation;15;1;;;;;
6.88;-0.5;-0.5;3.736638;1;Adaptation;15;1;;;;;
6.9;0;0;5.193207;1;Adaptation;15;1;;;;;
6.92;0;0.125;2.418948;1;Adaptation;15;1;;;;;
6.94;-0.5;-0.5;4.085019;1;Adaptation;15;1;;;;;
6.96;2;0.25;3.286823;1;Adaptation;15;1;;;;;
6.98;-0.5;-0.5;4.626084;1;Adaptation;15;1;;;;;
7;-0.5;-0.5;5.449852;1;Adaptation;15;1;;;;;
7.02;-0.5;-0.5;4.838123;1;Adaptation;15;1;;;;;
7.04;2;0;3.899905;1;Adaptation;15;1;;;;;
7.06;0;0;2.637131;1;Adaptation;15;1;;;;;
7.08;-0.5;-0.5;2.728711;1;Adaptation;15;1;;;;;
7.1;0;0.125;3.801203;1;Adaptation;15;1;;;;;
7.12;-0.5;-0.5;4.146728;1;Adaptation;15;1;;;;;
7.14;-0.5;-0.5;2.085051;1;Adaptation;15;1;;;;;
7.16;-0.5;-0.5;5.111845;1;Adaptation;15;1;;;;;
7.18;-0.5;-0.5;3.290558;1;Adaptation;15;1;;;;;
7.2;-0.5;-0.5;3.267347;1;Adaptation;15;1;;;;;
7.22;-2;0.125;5.103224;1;Adaptation;15;1;;;;;
7.24;-0.5;-0.5;2.80917;1;Adaptation;15;1;;;;;
7.26;-2;0;3.036971;1;Adaptation;15;1;;;;;
7.28;-0.5;-0.5;2.325109;1;Adaptation;15;1;;;;;
7.3;-0.5;-0.5;3.125059;1;Adaptation;15;1;;;;;
7.32;-0.5;-0.5;5.524347;1;Adaptation;15;1;;;;;
7.34;-0.5;-0.5;3.169217;1;Adaptation;15;1;;;;;
7.36;-0.5;-0.5;3.307047;1;Adaptation;15;1;;;;;
7.38;0;0.125;5.539944;1;Adaptation;15;1;;;;;
7.4;2;0.125;5.72979;1;Adaptation;15;1;;;;;
7.42;-0.5;-0.5;3.981601;1;Adaptation;15;1;;;;;
7.44;0;-0.125;4.766353;1;Adaptation;15;1;;;;;
7.46;-0.5;-0.5;5.493749;1;Adaptation;15;1;;;;;
7.48;-0.5;-0.5;4.958753;1;Adaptation;15;1;;;;;
7.5;-0.5;-0.5;5.692279;1;Adaptation;15;1;;;;;
7.52;-0.5;-0.5;5.80798;1;Adaptation;15;1;;;;;
7.54;-0.5;-0.5;5.664531;1;Adaptation;15;1;;;;;
7.56;-0.5;-0.5;5.857467;1;Adaptation;15;1;;;;;
7.58;-0.5;-0.5;4.923878;1;Adaptation;15;1;;;;;
7.6;-0.5;-0.5;4.131316;1;Adaptation;15;1;;;;;
7.62;-0.5;-0.5;3.696951;1;Adaptation;15;1;;;;;
7.64;-0.5;-0.5;3.827928;1;Adaptation;15;1;;;;;
7.66;-0.5;-0.5;2.377836;1;Adaptation;15;1;;;;;
7.68;-0.5;-0.5;2.290289;1;Adaptation;15;1;;;;;
7.7;-0.5;-0.5;4.989466;1;Adaptation;15;1;;;;;
7.72;-0.5;-0.5;5.862499;1;Adaptation;15;1;;;;;
7.74;0;-0.125;5.494865;1;Adaptation;15;1;;;;;
7.76;0;-0.25;5.614431;1;Adaptation;15;1;;;;;
7.78;-0.5;-0.5;3.329159;1;Adaptation;15;1;;;;;
7.8;-0.5;-0.5;2.688985;1;Adaptation;15;1;;;;;
7.82;-0.5;-0.5;4.326649;1;Adaptation;15;1;;;;;
7.84;0;-0.25;2.860772;1;Adaptation;15;1;;;;;
7.86;-0.5;-0.5;3.206648;1;Adaptation;15;1;;;;;
7.88;-0.5;-0.5;2.689205;1;Adaptation;15;1;;;;;
7.9;0;-0.125;2.120325;1;Adaptation;15;1;;;;;
7.92;-0.5;-0.5;2.151488;1;Adaptation;15;1;;;;;
7.94;-0.5;-0.5;2.067162;1;Adaptation;15;1;;;;;
7.96;-0.5;-0.5;5.458783;1;Adaptation;15;1;;;;;
7.98;0;-0.25;2.889146;1;Adaptation;15;1;;;;;
8;0;0.125;4.573176;1;Adaptation;15;1;;;;;
8.02;-0.5;-0.5;2.59725;1;Adaptation;15;1;;;;;
8.04;0;-0.125;4.266432;1;Adaptation;15;1;;;;;
8.059999;-0.5;-0.5;4.803476;1;Adaptation;15;1;;;;;
8.08;-0.5;-0.5;3.81514;1;Adaptation;15;1;;;;;
8.099999;-0.5;-0.5;2.993876;1;Adaptation;15;1;;;;;
8.12;-0.5;-0.5;3.520043;1;Adaptation;15;1;;;;;
8.139999;0;0;3.474449;1;Adaptation;15;1;;;;;
8.16;-0.5;-0.5;4.878225;1;Adaptation;15;1;;;;;
8.179999;-0.5;-0.5;4.111682;1;Adaptation;15;1;;;;;
8.2;-0.5;-0.5;4.556547;1;Adaptation;15;1;;;;;
8.22;0;0.25;4.165644;1;Adaptation;15;1;;;;;
8.24;-0.5;-0.5;2.881314;1;Adaptation;15;1;;;;;
8.26;-0.5;-0.5;3.89509;1;Adaptation;15;1;;;;;
8.28;-0.5;-0.5;2.271094;1;Adaptation;15;1;;;;;
8.3;-0.5;-0.5;3.190744;1;Adaptation;15;1;;;;;
8.32;2;0.125;5.647544;1;Adaptation;15;1;;;;;
8.34;0;0;3.808622;1;Adaptation;15;1;;;;;
8.36;-0.5;-0.5;5.062524;1;Adaptation;15;1;;;;;
8.38;-0.5;-0.5;4.748351;1;Adaptation;15;1;;;;;
8.4;-0.5;-0.5;2.348026;1;Adaptation;15;1;;;;;
8.42;-0.5;-0.5;2.760891;1;Adaptation;15;1;;;;;
8.44;-0.5;-0.5;5.713849;1;Adaptation;15;1;;;;;
8.46;-0.5;-0.5;5.029848;1;Adaptation;15;1;;;;;
8.48;-0.5;-0.5;3.610499;1;Adaptation;15;1;;;;;
8.5;-0.5;-0.5;4.937848;1;Adaptation;15;1;;;;;
8.52;-0.5;-0.5;3.070777;1;Adaptation;15;1;;;;;
8.54;2;0;4.345157;1;Adaptation;15;1;;;;;
8.559999;-0.5;-0.5;2.467211;1;Adaptation;15;1;;;;;
8.58;-0.5;-0.5;2.756546;1;Adaptation;15;1;;;;;
8.599999;-0.5;-0.5;4.196745;1;Adaptation;15;1;;;;;
8.62;-0.5;-0.5;4.009373;1;Adaptation;15;1;;;;;
8.639999;-0.5;-0.5;2.739515;1;Adaptation;15;1;;;;;
8.66;-0.5;-0.5;5.755149;1;Adaptation;15;1;;;;;
8.679999;-0.5;-0.5;3.144698;1;Adaptation;15;1;;;;;
8.7;-2;-0.125;5.978617;1;Adaptation;15;1;;;;;
8.72;0;0;4.20158;1;Adaptation;15;1;;;;;
8.74;-0.5;-0.5;2.619256;1;Adaptation;15;1;;;;;
8.76;-0.5;-0.5;5.4442;1;Adaptation;15;1;;;;;
8.78;-0.5;-0.5;2.443058;1;Adaptation;15;1;;;;;
8.8;0;-0.125;3.598079;1;Adaptation;15;1;;;;;
8.82;-0.5;-0.5;5.18308;1;Adaptation;15;1;;;;;
8.84;-0.5;-0.5;2.43641;1;Adaptation;15;1;;;;;
8.86;-0.5;-0.5;5.016398;1;Adaptation;15;1;;;;;
8.88;-0.5;-0.5;4.309583;1;Adaptation;15;1;;;;;
8.9;-0.5;-0.5;5.972075;1;Adaptation;15;1;;;;;
8.92;-0.5;-0.5;3.744612;1;Adaptation;15;1;;;;;
8.94;-0.5;-0.5;3.656048;1;Adaptation;15;1;;;;;
8.96;-0.5;-0.5;4.154189;1;Adaptation;15;1;;;;;
8.98;2;-0.375;3.978095;1;Adaptation;15;1;;;;;
9;-0.5;-0.5;3.202403;1;Adaptation;15;1;;;;;
9.02;-0.5;-0.5;5.687344;1;Adaptation;15;1;;;;;
9.04;-0.5;-0.5;3.708437;1;Adaptation;15;1;;;;;
9.059999;-0.5;-0.5;2.793716;1;Adaptation;15;1;;;;;
9.08;-0.5;-0.5;5.146692;1;Adaptation;15;1;;;;;
9.099999;-0.5;-0.5;5.218573;1;Adaptation;15;1;;;;;
9.12;-0.5;-0.5;4.78228;1;Adaptation;15;1;;;;;
9.139999;-0.5;-0.5;4.825994;1;Adaptation;15;1;;;;;
9.16;-0.5;-0.5;2.727403;1;Adaptation;15;1;;;;;
9.179999;-0.5;-0.5;5.777864;1;Adaptation;15;1;;;;;
9.2;0;0;4.964054;1;Adaptation;15;1;;;;;
9.22;-0.5;-0.5;3.659839;1;Adaptation;15;1;;;;;
9.24;-0.5;-0.5;2.975094;1;Adaptation;15;1;;;;;
9.26;-0.5;-0.5;3.342429;1;Adaptation;15;1;;;;;
9.28;-0.5;-0.5;4.522762;1;Adaptation;15;1;;;;;
9.3;-0.5;-0.5;4.561311;1;Adaptation;15;1;;;;;
9.32;-0.5;-0.5;3.231175;1;Adaptation;15;1;;;;;
9.34;-0.5;-0.5;5.838667;1;Adaptation;15;1;;;;;
9.36;-0.5;-0.5;4.528652;1;Adaptation;15;1;;;;;
9.38;0;0.125;2.365473;1;Adaptation;15;1;;;;;
9.4;2;0.25;2.9106;1;Adaptation;15;1;;;;;
9.42;-0.5;-0.5;4.191692;1;Adaptation;15;1;;;;;
9.44;0;0.125;4.596886;1;Adaptation;15;1;;;;;
9.46;-0.5;-0.5;2.238249;1;Adaptation;15;1;;;;;
9.48;-0.5;-0.5;3.275951;1;Adaptation;15;1;;;;;
9.5;-0.5;-0.5;3.183265;1;Adaptation;15;1;;;;;
9.52;0;-0.125;4.175707;1;Adaptation;15;1;;;;;
9.54;-0.5;-0.5;2.058016;1;Adaptation;15;1;;;;;
9.559999;0;-0.25;4.939468;1;Adaptation;15;1;;;;;
9.58;0;0.125;3.857963;1;Adaptation;15;1;;;;;
9.599999;-0.5;-0.5;3.675306;1;Adaptation;15;1;;;;;
9.62;-0.5;-0.5;2.413713;1;Adaptation;15;1;;;;;
9.639999;0;0;3.23627;1;Adaptation;15;1;;;;;
9.66;-0.5;-0.5;5.386193;1;Adaptation;15;1;;;;;
9.679999;-0.5;-0.5;3.816824;1;Adaptation;15;1;;;;;
9.7;-0.5;-0.5;3.325847;1;Adaptation;15;1;;;;;
9.719999;-0.5;-0.5;5.465969;1;Adaptation;15;1;;;;;
9.74;-0.5;-0.5;2.632582;1;Adaptation;15;1;;;;;
9.76;0;-0.125;4.243797;1;Adaptation;15;1;;;;;
9.78;-0.5;-0.5;4.693038;1;Adaptation;15;1;;;;;
9.8;-0.5;-0.5;3.857129;1;Adaptation;15;1;;;;;
9.82;-0.5;-0.5;4.231391;1;Adaptation;15;1;;;;;
9.84;0;-0.125;5.595906;1;Adaptation;15;1;;;;;
9.86;-0.5;-0.5;2.873712;1;Adaptation;15;1;;;;;
9.88;-0.5;-0.5;2.159577;1;Adaptation;15;1;;;;;
9.9;-0.5;-0.5;4.698741;1;Adaptation;15;1;;;;;
9.92;-0.5;-0.5;4.178727;1;Adaptation;15;1;;;;;
9.94;2;0.25;2.915164;1;Adaptation;15;1;;;;;
9.96;-0.5;-0.5;5.958006;1;Adaptation;15;1;;;;;
9.98;0;-0.125;4.782454;1;Adaptation;15;1;;;;;
10;-0.5;-0.5;2.140779;1;Adaptation;15;1;;;;;
10.02;2;0;2.549371;1;Adaptation;15;1;;;;;
10.04;-0.5;-0.5;5.877005;1;Adaptation;15;1;;;;;
10.06;0;0.125;2.658436;1;Adaptation;15;1;;;;;
10.08;-0.5;-0.5;2.778693;1;Adaptation;15;1;;;;;
10.1;-0.5;-0.5;4.375425;1;Adaptation;15;1;;;;;
10.12;-0.5;-0.5;5.496612;1;Adaptation;15;1;;;;;
10.14;-0.5;-0.5;2.986746;1;Adaptation;15;1;;;;;
10.16;-0.5;-0.5;2.568248;1;Adaptation;15;1;;;;;
10.18;-0.5;-0.5;5.716785;1;Adaptation;15;1;;;;;
10.2;-0.5;-0.5;2.746862;1;Adaptation;15;1;;;;;
10.22;-0.5;-0.5;3.103505;1;Adaptation;15;1;;;;;
10.24;0;0.125;3.581066;1;Adaptation;15;1;;;;;
10.26;-0.5;-0.5;5.938631;1;Adaptation;15;1;;;;;
10.28;-2;-0.125;3.890912;1;Adaptation;15;1;;;;;
10.3;-0.5;-0.5;4.079359;1;Adaptation;15;1;;;;;
10.32;-0.5;-0.5;2.394611;1;Adaptation;15;1;;;;;
10.34;-0.5;-0.5;4.603808;1;Adaptation;15;1;;;;;
10.36;-0.5;-0.5;2.43456;1;Adaptation;15;1;;;;;
10.38;-0.5;-0.5;2.624642;1;Adaptation;15;1;;;;;
10.4;-0.5;-0.5;5.046832;1;Adaptation;15;1;;;;;
10.42;-0.5;-0.5;4.25446;1;Adaptation;15;1;;;;;
10.44;-0.5;-0.5;2.898147;1;Adaptation;15;1;;;;;
10.46;-0.5;-0.5;5.298331;1;Adaptation;15;1;;;;;
10.48;-0.5;-0.5;2.489505;1;Adaptation;15;1;;;;;
10.5;-0.5;-0.5;3.872315;1;Adaptation;15;1;;;;;
10.52;-0.5;-0.5;3.338541;1;Adaptation;15;1;;;;;
10.54;-0.5;-0.5;4.130374;1;Adaptation;15;1;;;;;
10.56;0;-0.25;4.169599;1;Adaptation;15;1;;;;;
10.58;-0.5;-0.5;3.056209;1;Adaptation;15;1;;;;;
10.6;-0.5;-0.5;4.324209;1;Adaptation;15;1;;;;;
10.62;-0.5;-0.5;5.873004;1;Adaptation;15;1;;;;;
10.64;0;0.25;5.265201;1;Adaptation;15;1;;;;;
10.66;-0.5;-0.5;2.432954;1;Adaptation;15;1;;;;;
10.68;0;0;5.551973;1;Adaptation;15;1;;;;;
10.7;0;-0.25;3.27631;1;Adaptation;15;1;;;;;
10.72;-0.5;-0.5;5.368048;1;Adaptation;15;1;;;;;
10.74;-0.5;-0.5;2.179466;1;Adaptation;15;1;;;;;
10.76;-0.5;-0.5;4.061276;1;Adaptation;15;1;;;;;
10.78;-0.5;-0.5;4.643733;1;Adaptation;15;1;;;;;
10.8;-0.5;-0.5;2.193632;1;Adaptation;15;1;;;;;
10.82;-0.5;-0.5;2.628792;1;Adaptation;15;1;;;;;
10.84;-0.5;-0.5;5.835478;1;Adaptation;15;1;;;;;
10.86;-0.5;-0.5;4.988919;1;Adaptation;15;1;;;;;
10.88;-0.5;-0.5;2.929624;1;Adaptation;15;1;;;;;
10.9;-0.5;-0.5;5.460909;1;Adaptation;15;1;;;;;
10.92;-0.5;-0.5;4.300897;1;Adaptation;15;1;;;;;
10.94;-0.5;-0.5;4.643241;1;Adaptation;15;1;;;;;
10.96;-2;-0.25;5.916135;1;Adaptation;15;1;;;;;
10.98;-0.5;-0.5;4.317825;1;Adaptation;15;1;;;;;
11;-0.5;-0.5;2.961802;1;Adaptation;15;1;;;;;
11.02;0;0;2.187654;1;Adaptation;15;1;;;;;
11.04;-0.5;-0.5;3.556856;1;Adaptation;15;1;;;;;
11.06;-0.5;-0.5;2.223796;1;Adaptation;15;1;;;;;
11.08;-0.5;-0.5;5.905879;1;Adaptation;15;1;;;;;
11.1;-0.5;-0.5;2.965958;1;Adaptation;15;1;;;;;
11.12;-0.5;-0.5;4.909172;1;Adaptation;15;1;;;;;
11.14;-0.5;-0.5;5.371625;1;Adaptation;15;1;;;;;
11.16;0;0.125;3.511111;1;Adaptation;15;1;;;;;
11.18;-0.5;-0.5;5.893153;1;Adaptation;15;1;;;;;
11.2;-0.5;-0.5;5.99879;1;Adaptation;15;1;;;;;
11.22;-0.5;-0.5;2.88301;1;Adaptation;15;1;;;;;
11.24;0;0;2.838814;1;Adaptation;15;1;;;;;
11.26;-2;-0.125;2.224156;1;Adaptation;15;1;;;;;
11.28;2;0;2.41143;1;Adaptation;15;1;;;;;
11.3;-0.5;-0.5;4.571276;1;Adaptation;15;1;;;;;
11.32;-0.5;-0.5;3.960913;1;Adaptation;15;1;;;;;
11.34;-0.5;-0.5;3.931334;1;Adaptation;15;1;;;;;
11.36;-0.5;-0.5;5.25525;1;Adaptation;15;1;;;;;
11.38;-0.5;-0.5;4.364381;1;Adaptation;15;1;;;;;
11.4;-2;0.25;4.812198;1;Adaptation;15;1;;;;;
11.42;0;0;2.599055;1;Adaptation;15;1;;;;;
11.44;-0.5;-0.5;3.551254;1;Adaptation;15;1;;;;;
11.46;-0.5;-0.5;4.844965;1;Adaptation;15;1;;;;;
11.48;-0.5;-0.5;2.060839;1;Adaptation;15;1;;;;;
11.5;-0.5;-0.5;3.314358;1;Adaptation;15;1;;;;;
11.52;0;0.125;2.366161;1;Adaptation;15;1;;;;;
11.54;-0.5;-0.5;2.965476;1;Adaptation;15;1;;;;;
11.56;-0.5;-0.5;5.216196;1;Adaptation;15;1;;;;;
11.58;-0.5;-0.5;5.4812;1;Adaptation;15;1;;;;;
11.6;-0.5;-0.5;5.540435;1;Adaptation;15;1;;;;;
11.62;-0.5;-0.5;5.960287;1;Adaptation;15;1;;;;;
11.64;-0.5;-0.5;2.490107;1;Adaptation;15;1;;;;;
11.66;-0.5;-0.5;5.743141;1;Adaptation;15;1;;;;;
11.68;-0.5;-0.5;3.45298;1;Adaptation;15;1;;;;;
11.7;-0.5;-0.5;2.049818;1;Adaptation;15;1;;;;;
11.72;-0.5;-0.5;2.390725;1;Adaptation;15;1;;;;;
11.74;-0.5;-0.5;3.872178;1;Adaptation;15;1;;;;;
11.76;0;-0.25;2.419744;1;Adaptation;15;1;;;;;
11.78;-0.5;-0.5;5.765084;1;Adaptation;15;1;;;;;
11.8;-0.5;-0.5;2.25897;1;Adaptation;15;1;;;;;
11.82;-0.5;-0.5;3.90145;1;Adaptation;15;1;;;;;
11.84;-0.5;-0.5;5.171105;1;Adaptation;15;1;;;;;
11.86;-0.5;-0.5;2.656603;1;Adaptation;15;1;;;;;
11.88;0;-0.125;3.981964;1;Adaptation;15;1;;;;;
11.9;0;0;2.478549;1;Adaptation;15;1;;;;;
11.92;-0.5;-0.5;5.906972;1;Adaptation;15;1;;;;;
11.94;0;0;5.721576;1;Adaptation;15;1;;;;;
11.96;-0.5;-0.5;2.597194;1;Adaptation;15;1;;;;;
11.98;-0.5;-0.5;3.534715;1;Adaptation;15;1;;;;;
12;-0.5;-0.5;3.697198;1;Adaptation;15;1;;;;;
12.02;-0.5;-0.5;2.955465;1;Adaptation;15;1;;;;;
12.04;-0.5;-0.5;4.599168;1;Adaptation;15;1;;;;;
12.06;2;0.25;3.717703;1;Adaptation;15;1;;;;;
12.08;-0.5;-0.5;3.039899;1;Adaptation;15;1;;;;;
12.1;-0.5;-0.5;5.841852;1;Adaptation;15;1;;;;;
12.12;-0.5;-0.5;3.664036;1;Adaptation;15;1;;;;;
12.14;0;0;4.97065;1;Adaptation;15;1;;;;;
12.16;0;0;3.961046;1;Adaptation;15;1;;;;;
12.18;2;0.125;2.93095;1;Adaptation;15;1;;;;;
12.2;-0.5;-0.5;4.328517;1;Adaptation;15;1;;;;;
12.22;2;0;3.001483;1;Adaptation;15;1;;;;;
12.24;0;0;3.383758;1;Adaptation;15;1;;;;;
12.26;0;0.125;5.357406;1;Adaptation;15;1;;;;;
12.28;-0.5;-0.5;3.768878;1;Adaptation;15;1;;;;;
12.3;-0.5;-0.5;3.208342;1;Adaptation;15;1;;;;;
12.32;-0.5;-0.5;3.613739;1;Adaptation;15;1;;;;;
12.34;-0.5;-0.5;2.140422;1;Adaptation;15;1;;;;;
12.36;-0.5;-0.5;2.411246;1;Adaptation;15;1;;;;;
12.38;-0.5;-0.5;5.563347;1;Adaptation;15;1;;;;;
12.4;-0.5;-0.5;5.710843;1;Adaptation;15;1;;;;;
12.42;-0.5;-0.5;2.657368;1;Adaptation;15;1;;;;;
12.44;-0.5;-0.5;4.96915;1;Adaptation;15;1;;;;;
12.46;-0.5;-0.5;2.262056;1;Adaptation;15;1;;;;;
12.48;2;0;3.999127;1;Adaptation;15;1;;;;;
12.5;-0.5;-0.5;3.635391;1;Adaptation;15;1;;;;;
12.52;-0.5;-0.5;5.265727;1;Adaptation;15;1;;;;;
12.54;-0.5;-0.5;5.440384;1;Adaptation;15;1;;;;;
12.56;-0.5;-0.5;4.753124;1;Adaptation;15;1;;;;;
12.58;-0.5;-0.5;2.405457;1;Adaptation;15;1;;;;;
12.6;0;0.125;3.427186;1;Adaptation;15;1;;;;;
12.62;2;0.125;2.249517;1;Adaptation;15;1;;;;;
12.64;-0.5;-0.5;5.139349;1;Adaptation;15;1;;;;;
12.66;-0.5;-0.5;3.155624;1;Adaptation;15;1;;;;;
12.68;-0.5;-0.5;5.503191;1;Adaptation;15;1;;;;;
12.7;-2;0;2.112766;1;Adaptation;15;1;;;;;
12.72;-0.5;-0.5;5.888668;1;Adaptation;15;1;;;;;
12.74;-0.5;-0.5;2.819635;1;Adaptation;15;1;;;;;
12.76;-2;0;2.106081;1;Adaptation;15;1;;;;;
12.78;2;0.125;4.131341;1;Adaptation;15;1;;;;;
12.8;-0.5;-0.5;2.215838;1;Adaptation;15;1;;;;;
12.82;-0.5;-0.5;2.077942;1;Adaptation;15;1;;;;;
12.84;-0.5;-0.5;3.491933;1;Adaptation;15;1;;;;;
12.86;0;-0.25;5.965465;1;Adaptation;15;1;;;;;
12.88;-2;-0.125;2.772548;1;Adaptation;15;1;;;;;
12.9;0;0.125;3.023172;1;Adaptation;15;1;;;;;
12.92;-0.5;-0.5;2.395909;1;Adaptation;15;1;;;;;
12.94;-0.5;-0.5;4.617622;1;Adaptation;15;1;;;;;
12.96;0;0;3.171851;1;Adaptation;15;1;;;;;
12.98;0;0;3.535455;1;Adaptation;15;1;;;;;
13;0;0;3.678066;1;Adaptation;15;1;;;;;
13.02;-0.5;-0.5;4.561319;1;Adaptation;15;1;;;;;
13.04;-0.5;-0.5;3.725894;1;Adaptation;15;1;;;;;
13.06;-0.5;-0.5;2.780327;1;Adaptation;15;1;;;;;
13.08;-0.5;-0.5;3.925652;1;Adaptation;15;1;;;;;
13.1;-0.5;-0.5;3.855336;1;Adaptation;15;1;;;;;
13.12;-0.5;-0.5;5.655759;1;Adaptation;15;1;;;;;
13.14;-2;0.125;4.455791;1;Adaptation;15;1;;;;;
13.16;-0.5;-0.5;4.911589;1;Adaptation;15;1;;;;;
13.18;-2;0;4.586349;1;Adaptation;15;1;;;;;
13.2;-0.5;-0.5;5.15745;1;Adaptation;15;1;;;;;
13.22;0;0.125;2.637355;1;Adaptation;15;1;;;;;
13.24;-0.5;-0.5;5.109394;1;Adaptation;15;1;;;;;
13.26;0;0.125;4.125903;1;Adaptation;15;1;;;;;
13.28;-0.5;-0.5;5.975706;1;Adaptation;15;1;;;;;
13.3;-0.5;-0.5;2.166146;1;Adaptation;15;1;;;;;
13.32;0;0.25;3.216402;1;Adaptation;15;1;;;;;
13.34;-0.5;-0.5;3.526069;1;Adaptation;15;1;;;;;
13.36;-0.5;-0.5;5.616858;1;Adaptation;15;1;;;;;
13.38;2;0.125;3.755395;1;Adaptation;15;1;;;;;
13.4;-0.5;-0.5;2.981181;1;Adaptation;15;1;;;;;
13.42;-0.5;-0.5;3.844242;1;Adaptation;15;1;;;;;
13.44;-0.5;-0.5;3.319385;1;Adaptation;15;1;;;;;
13.46;-0.5;-0.5;4.057228;1;Adaptation;15;1;;;;;
13.48;-0.5;-0.5;2.925976;1;Adaptation;15;1;;;;;
13.5;-0.5;-0.5;2.59284;1;Adaptation;15;1;;;;;
13.52;-0.5;-0.5;3.787547;1;Adaptation;15;1;;;;;
13.54;-0.5;-0.5;3.922968;1;Adaptation;15;1;;;;;
13.56;0;-0.125;3.755347;1;Adaptation;15;1;;;;;
13.58;-0.5;-0.5;2.305786;1;Adaptation;15;1;;;;;
13.6;-0.5;-0.5;5.939616;1;Adaptation;15;1;;;;;
13.62;-0.5;-0.5;3.401706;1;Adaptation;15;1;;;;;
13.64;-2;0;5.766526;1;Adaptation;15;1;;;;;
13.66;-0.5;-0.5;5.933224;1;Adaptation;15;1;;;;;
13.68;-0.5;-0.5;3.3914;1;Adaptation;15;1;;;;;
13.7;-0.5;-0.5;2.371365;1;Adaptation;15;1;;;;;
13.72;2;-0.125;4.636066;1;Adaptation;15;1;;;;;
13.74;-0.5;-0.5;3.866665;1;Adaptation;15;1;;;;;
13.76;-0.5;-0.5;3.549814;1;Adaptation;15;1;;;;;
13.78;-0.5;-0.5;5.713311;1;Adaptation;15;1;;;;;
13.8;-0.5;-0.5;5.922014;1;Adaptation;15;1;;;;;
13.82;-0.5;-0.5;2.490649;1;Adaptation;15;1;;;;;
13.84;-0.5;-0.5;5.732308;1;Adaptation;15;1;;;;;
13.86;-0.5;-0.5;3.640256;1;Adaptation;15;1;;;;;
13.88;-0.5;-0.5;4.920929;1;Adaptation;15;1;;;;;
13.9;-0.5;-0.5;5.986416;1;Adaptation;15;1;;;;;
13.92;0;0;2.777084;1;Adaptation;15;1;;;;;
13.94;0;0.125;5.649185;1;Adaptation;15;1;;;;;
13.96;-0.5;-0.5;5.360332;1;Adaptation;15;1;;;;;
13.98;0;-0.375;2.197518;1;Adaptation;15;1;;;;;
14;-0.5;-0.5;3.263754;1;Adaptation;15;1;;;;;
14.02;-0.5;-0.5;3.707433;1;Adaptation;15;1;;;;;
14.04;-0.5;-0.5;3.52018;1;Adaptation;15;1;;;;;
14.06;-0.5;-0.5;4.508518;1;Adaptation;15;1;;;;;
14.08;-0.5;-0.5;4.802754;1;Adaptation;15;1;;;;;
14.1;2;0.125;5.571636;1;Adaptation;15;1;;;;;
14.12;-0.5;-0.5;3.128029;1;Adaptation;15;1;;;;;
14.14;-0.5;-0.5;2.921633;1;Adaptation;15;1;;;;;
14.16;-0.5;-0.5;3.394543;1;Adaptation;15;1;;;;;
14.18;-0.5;-0.5;5.631351;1;Adaptation;15;1;;;;;
14.2;0;-0.125;4.926002;1;Adaptation;15;1;;;;;
14.22;0;0;4.292545;1;Adaptation;15;1;;;;;
14.24;4;0;5.967416;1;Adaptation;15;1;;;;;
14.26;-0.5;-0.5;3.966264;1;Adaptation;15;1;;;;;
14.28;-0.5;-0.5;4.841652;1;Adaptation;15;1;;;;;
14.3;0;0;5.422509;1;Adaptation;15;1;;;;;
14.32;-0.5;-0.5;2.863805;1;Adaptation;15;1;;;;;
14.34;0;0.125;3.882469;1;Adaptation;15;1;;;;;
14.36;-0.5;-0.5;5.358768;1;Adaptation;15;1;;;;;
14.38;-0.5;-0.5;4.257533;1;Adaptation;15;1;;;;;
14.4;-0.5;-0.5;5.064096;1;Adaptation;15;1;;;;;
14.42;-0.5;-0.5;4.223616;1;Adaptation;15;1;;;;;
14.44;2;0;5.632952;1;Adaptation;15;1;;;;;
14.46;0;-0.125;4.182328;1;Adaptation;15;1;;;;;
14.48;-0.5;-0.5;3.493916;1;Adaptation;15;1;;;;;
14.5;-0.5;-0.5;4.819798;1;Adaptation;15;1;;;;;
14.52;-0.5;-0.5;5.447033;1;Adaptation;15;1;;;;;
14.54;-0.5;-0.5;2.421285;1;Adaptation;15;1;;;;;
14.56;-0.5;-0.5;3.968462;1;Adaptation;15;1;;;;;
14.58;-0.5;-0.5;3.6767;1;Adaptation;15;1;;;;;
14.6;-0.5;-0.5;3.400873;1;Adaptation;15;1;;;;;
14.62;-0.5;-0.5;3.549906;1;Adaptation;15;1;;;;;
14.64;-0.5;-0.5;5.648604;1;Adaptation;15;1;;;;;
14.66;-0.5;-0.5;4.709664;1;Adaptation;15;1;;;;;
14.68;-0.5;-0.5;2.12268;1;Adaptation;15;1;;;;;
14.7;-0.5;-0.5;5.160385;1;Adaptation;15;1;;;;;
14.72;-0.5;-0.5;3.902356;1;Adaptation;15;1;;;;;
14.74;-0.5;-0.5;5.265936;1;Adaptation;15;1;;;;;
14.76;-0.5;-0.5;4.716557;1;Adaptation;15;1;;;;;
14.78;-0.5;-0.5;3.757388;1;Adaptation;15;1;;;;;
14.8;0;0.125;2.262312;1;Adaptation;15;1;;;;;
14.82;-0.5;-0.5;2.205784;1;Adaptation;15;1;;;;;
14.84;-0.5;-0.5;4.745838;1;Adaptation;15;1;;;;;
14.86;-0.5;-0.5;2.349633;1;Adaptation;15;1;;;;;
14.88;0;-0.25;2.519929;1;Adaptation;15;1;;;;;
14.9;0;0;4.534359;1;Adaptation;15;1;;;;;
14.92;-0.5;-0.5;2.846107;1;Adaptation;15;1;;;;;
14.94;-2;0.125;4.990693;1;Adaptation;15;1;;;;;
14.96;-0.5;-0.5;4.84171;1;Adaptation;15;1;;;;;
14.98;-0.5;-0.5;5.799127;1;Adaptation;15;1;;;;;
15;-0.5;-0.5;4.289213;1;Adaptation;15;1;;;;;
15.02;-0.5;-0.5;4.432721;1;Adaptation;15;1;;;;;
15.04;-0.5;-0.5;2.630608;1;Adaptation;15;1;;;;;
15.06;-0.5;-0.5;3.39632;1;Adaptation;15;1;;;;;
15.08;-0.5;-0.5;2.987961;1;Adaptation;15;1;;;;;
15.1;-0.5;-0.5;2.00342;1;Adaptation;15;1;;;;;
15.12;-2;0;5.980347;1;Adaptation;15;1;;;;;
15.14;-0.5;-0.5;2.625618;1;Adaptation;15;1;;;;;
15.16;-0.5;-0.5;5.485482;1;Adaptation;15;1;;;;;
15.18;-0.5;-0.5;4.617514;1;Adaptation;15;1;;;;;
15.2;-0.5;-0.5;4.537606;1;Adaptation;15;1;;;;;
15.22;-0.5;-0.5;4.845486;1;Adaptation;15;1;;;;;
15.24;-0.5;-0.5;3.86259;1;Adaptation;15;1;;;;;
15.26;-0.5;-0.5;3.186696;1;Adaptation;15;1;;;;;
15.28;-0.5;-0.5;2.762215;1;Adaptation;15;1;;;;;
15.3;0;0;3.741065;1;Adaptation;15;1;;;;;
15.32;0;-0.125;4.320856;1;Adaptation;15;1;;;;;
15.34;-2;0;5.98055;1;Adaptation;15;1;;;;;
15.36;-0.5;-0.5;5.343345;1;Adaptation;15;1;;;;;
15.38;-0.5;-0.5;5.361044;1;Adaptation;15;1;;;;;
15.4;-0.5;-0.5;2.551134;1;Adaptation;15;1;;;;;
15.42;0;0.125;3.15528;1;Adaptation;15;1;;;;;
15.44;-0.5;-0.5;3.613825;1;Adaptation;15;1;;;;;
15.46;0;-0.125;5.225225;1;Adaptation;15;1;;;;;
15.48;-0.5;-0.5;2.557363;1;Adaptation;15;1;;;;;
15.5;-0.5;-0.5;4.121126;1;Adaptation;15;1;;;;;
15.52;-0.5;-0.5;4.82503;1;Adaptation;15;1;;;;;
15.54;-0.5;-0.5;5.616981;1;Adaptation;15;1;;;;;
15.56;-0.5;-0.5;2.519438;1;Adaptation;15;1;;;;;
15.58;-0.5;-0.5;4.663054;1;Adaptation;15;1;;;;;
15.6;-0.5;-0.5;3.262022;1;Adaptation;15;1;;;;;
15.62;-0.5;-0.5;4.422089;1;Adaptation;15;1;;;;;
15.64;-0.5;-0.5;2.877103;1;Adaptation;15;1;;;;;
15.66;2;0.125;5.066581;1;Adaptation;15;1;;;;;
15.68;-0.5;-0.5;2.98756;1;Adaptation;15;1;;;;;
15.7;0;0.125;4.338008;1;Adaptation;15;1;;;;;
15.72;-0.5;-0.5;2.519754;1;Adaptation;15;1;;;;;
15.74;-0.5;-0.5;4.072495;1;Adaptation;15;1;;;;;
15.76;-0.5;-0.5;2.006473;1;Adaptation;15;1;;;;;
15.78;-0.5;-0.5;3.25266;1;Adaptation;15;1;;;;;
15.8;-0.5;-0.5;2.566732;1;Adaptation;15;1;;;;;
15.82;0;-0.125;4.513069;1;Adaptation;15;1;;;;;
15.84;-0.5;-0.5;3.451207;1;Adaptation;15;1;;;;;
15.86;-0.5;-0.5;3.538349;1;Adaptation;15;1;;;;;
15.88;-0.5;-0.5;5.430389;1;Adaptation;15;1;;;;;
15.9;-2;0.125;3.460908;1;Adaptation;15;1;;;;;
15.92;0;0.125;3.705015;1;Adaptation;15;1;;;;;
15.94;-2;0.25;3.901407;1;Adaptation;15;1;;;;;
15.96;-2;-0.125;4.700998;1;Adaptation;15;1;;;;;
15.98;-0.5;-0.5;4.53809;1;Adaptation;15;1;;;;;
16;-0.5;-0.5;3.06742;1;Adaptation;15;1;;;;;
16.02;-0.5;-0.5;2.881043;1;Adaptation;15;1;;;;;
16.04;-0.5;-0.5;3.885068;1;Adaptation;15;1;;;;;
16.06;-0.5;-0.5;5.774193;1;Adaptation;15;1;;;;;
16.08;0;0;3.520026;1;Adaptation;15;1;;;;;
16.1;-0.5;-0.5;2.689701;1;Adaptation;15;1;;;;;
16.12;-0.5;-0.5;5.707369;1;Adaptation;15;1;;;;;
16.14;-0.5;-0.5;2.283271;1;Adaptation;15;1;;;;;
16.16;-0.5;-0.5;2.855529;1;Adaptation;15;1;;;;;
16.18;-0.5;-0.5;5.765646;1;Adaptation;15;1;;;;;
16.2;-0.5;-0.5;5.373664;1;Adaptation;15;1;;;;;
16.22;-0.5;-0.5;3.509872;1;Adaptation;15;1;;;;;
16.24;-0.5;-0.5;3.052271;1;Adaptation;15;1;;;;;
16.26;-0.5;-0.5;3.627897;1;Adaptation;15;1;;;;;
16.28;-0.5;-0.5;3.971749;1;Adaptation;15;1;;;;;
16.3;-0.5;-0.5;4.768527;1;Adaptation;15;1;;;;;
16.32;0;0.125;5.191551;1;Adaptation;15;1;;;;;
16.34;-0.5;-0.5;3.123594;1;Adaptation;15;1;;;;;
16.36;0;-0.125;3.700216;1;Adaptation;15;1;;;;;
16.38;-0.5;-0.5;3.886302;1;Adaptation;15;1;;;;;
16.4;0;0.125;3.09386;1;Adaptation;15;1;;;;;
16.42;-0.5;-0.5;5.659395;1;Adaptation;15;1;;;;;
16.44;-0.5;-0.5;4.580719;1;Adaptation;15;1;;;;;
16.46;-0.5;-0.5;3.083651;1;Adaptation;15;1;;;;;
16.48;0;-0.125;4.128329;1;Adaptation;15;1;;;;;
16.5;-0.5;-0.5;2.05534;1;Adaptation;15;1;;;;;
16.52;-0.5;-0.5;4.942325;1;Adaptation;15;1;;;;;
16.54;0;-0.125;2.671964;1;Adaptation;15;1;;;;;
16.56;0;0;3.756243;1;Adaptation;15;1;;;;;
16.58;-0.5;-0.5;5.193166;1;Adaptation;15;1;;;;;
16.6;-0.5;-0.5;2.371523;1;Adaptation;15;1;;;;;
16.62;-2;0.25;2.876971;1;Adaptation;15;1;;;;;
16.64;-0.5;-0.5;2.33607;1;Adaptation;15;1;;;;;
16.66;-2;0;4.617262;1;Adaptation;15;1;;;;;
16.68;-0.5;-0.5;4.806353;1;Adaptation;15;1;;;;;
16.7;0;0;5.979808;1;Adaptation;15;1;;;;;
16.72;0;0;4.409139;1;Adaptation;15;1;;;;;
16.74;-0.5;-0.5;4.898364;1;Adaptation;15;1;;;;;
16.76;-2;0.125;2.274998;1;Adaptation;15;1;;;;;
16.78;0;-0.125;2.08499;1;Adaptation;15;1;;;;;
16.8;-0.5;-0.5;4.27018;1;Adaptation;15;1;;;;;
16.82;-0.5;-0.5;4.091774;1;Adaptation;15;1;;;;;
16.84;-0.5;-0.5;2.442551;1;Adaptation;15;1;;;;;
16.86;2;0;2.921754;1;Adaptation;15;1;;;;;
16.88;-0.5;-0.5;2.115577;1;Adaptation;15;1;;;;;
16.9;0;0;5.912246;1;Adaptation;15;1;;;;;
16.92;-2;0.375;2.746023;1;Adaptation;15;1;;;;;
16.94;-0.5;-0.5;2.611501;1;Adaptation;15;1;;;;;
16.96;0;0;4.010115;1;Adaptation;15;1;;;;;
16.98;-0.5;-0.5;3.365012;1;Adaptation;15;1;;;;;
17;-0.5;-0.5;4.062317;1;Adaptation;15;1;;;;;
17.02;0;-0.25;4.609735;1;Adaptation;15;1;;;;;
17.04;2;0.125;4.51764;1;Adaptation;15;1;;;;;
17.06;-0.5;-0.5;5.869977;1;Adaptation;15;1;;;;;
17.08;0;0;4.927432;1;Adaptation;15;1;;;;;
17.1;-0.5;-0.5;2.350384;1;Adaptation;15;1;;;;;
17.12;-0.5;-0.5;4.73666;1;Adaptation;15;1;;;;;
17.14;-2;-0.125;5.550914;1;Adaptation;15;1;;;;;
17.16;-0.5;-0.5;4.122654;1;Adaptation;15;1;;;;;
17.18;-0.5;-0.5;2.764549;1;Adaptation;15;1;;;;;
17.2;-0.5;-0.5;3.590774;1;Adaptation;15;1;;;;;
17.22;-0.5;-0.5;2.439041;1;Adaptation;15;1;;;;;
17.24;-0.5;-0.5;5.725535;1;Adaptation;15;1;;;;;
17.26;0;-0.25;4.701685;1;Adaptation;15;1;;;;;
17.28;-0.5;-0.5;2.37309;1;Adaptation;15;1;;;;;
17.3;-0.5;-0.5;5.802489;1;Adaptation;15;1;;;;;
17.32;-0.5;-0.5;4.662353;1;Adaptation;15;1;;;;;
17.34;-0.5;-0.5;3.074698;1;Adaptation;15;1;;;;;
17.36;-0.5;-0.5;3.1073;1;Adaptation;15;1;;;;;
17.38;-0.5;-0.5;5.077751;1;Adaptation;15;1;;;;;
17.4;2;0.125;4.700948;1;Adaptation;15;1;;;;;
17.42;-0.5;-0.5;4.519172;1;Adaptation;15;1;;;;;
17.44;-0.5;-0.5;3.241159;1;Adaptation;15;1;;;;;
17.46;-0.5;-0.5;4.954482;1;Adaptation;15;1;;;;;
17.48;-0.5;-0.5;3.414939;1;Adaptation;15;1;;;;;
17.5;-0.5;-0.5;2.108187;1;Adaptation;15;1;;;;;
17.52;-2;0.125;5.318364;1;Adaptation;15;1;;;;;
17.54;-0.5;-0.5;3.615493;1;Adaptation;15;1;;;;;
17.56;-2;0.25;2.24434;1;Adaptation;15;1;;;;;
17.58;-0.5;-0.5;5.519655;1;Adaptation;15;1;;;;;
17.6;-0.5;-0.5;5.556265;1;Adaptation;15;1;;;;;
17.62;-0.5;-0.5;4.365623;1;Adaptation;15;1;;;;;
17.64;-0.5;-0.5;5.239582;1;Adaptation;15;1;;;;;
17.66;0;-0.125;3.126806;1;Adaptation;15;1;;;;;
17.68;-0.5;-0.5;3.256209;1;Adaptation;15;1;;;;;
17.7;0;-0.125;4.877143;1;Adaptation;15;1;;;;;
17.72;-0.5;-0.5;5.624091;1;Adaptation;15;1;;;;;
17.74;-0.5;-0.5;4.887226;1;Adaptation;15;1;;;;;
17.76;-0.5;-0.5;3.032167;1;Adaptation;15;1;;;;;
17.78;-0.5;-0.5;5.685306;1;Adaptation;15;1;;;;;
17.8;-0.5;-0.5;2.182892;1;Adaptation;15;1;;;;;
17.82;-0.5;-0.5;4.387458;1;Adaptation;15;1;;;;;
17.84;-0.5;-0.5;4.958639;1;Adaptation;15;1;;;;;
17.86;-0.5;-0.5;3.312984;1;Adaptation;15;1;;;;;
17.88;-0.5;-0.5;4.89228;1;Adaptation;15;1;;;;;
17.9;-0.5;-0.5;5.21412;1;Adaptation;15;1;;;;;
17.92;-0.5;-0.5;5.932343;1;Adaptation;15;1;;;;;
17.94;-0.5;-0.5;4.774718;1;Adaptation;15;1;;;;;
17.96;0;0.25;2.247876;1;Adaptation;15;1;;;;;
17.98;-2;-0.125;2.617569;1;Adaptation;15;1;;;;;
18;4;0;2.728996;1;Adaptation;15;1;;;;;
18.02;-0.5;-0.5;5.227917;1;Adaptation;15;1;;;;;
18.04;-2;0;5.187215;1;Adaptation;15;1;;;;;
18.06;-0.5;-0.5;2.593934;1;Adaptation;15;1;;;;;
18.08;-0.5;-0.5;3.147732;1;Adaptation;15;1;;;;;
18.1;-0.5;-0.5;3.07914;1;Adaptation;15;1;;;;;
18.12;-0.5;-0.5;3.668444;1;Adaptation;15;1;;;;;
18.14;-0.5;-0.5;2.245265;1;Adaptation;15;1;;;;;
18.16;-0.5;-0.5;4.978207;1;Adaptation;15;1;;;;;
18.18;-2;0;4.185369;1;Adaptation;15;1;;;;;
18.2;-0.5;-0.5;3.522112;1;Adaptation;15;1;;;;;
18.22;2;0;5.619936;1;Adaptation;15;1;;;;;
18.24;-0.5;-0.5;5.184216;1;Adaptation;15;1;;;;;
18.26;0;0;5.504757;1;Adaptation;15;1;;;;;
18.28;-0.5;-0.5;2.308227;1;Adaptation;15;1;;;;;
18.3;-0.5;-0.5;5.871403;1;Adaptation;15;1;;;;;
18.32;-0.5;-0.5;3.478715;1;Adaptation;15;1;;;;;
18.34;-2;0;3.9791;1;Adaptation;15;1;;;;;
18.36;0;-0.125;3.488501;1;Adaptation;15;1;;;;;
18.38;-0.5;-0.5;2.91977;1;Adaptation;15;1;;;;;
18.4;-0.5;-0.5;5.713439;1;Adaptation;15;1;;;;;
18.42;0;-0.125;3.703573;1;Adaptation;15;1;;;;;
18.44;-0.5;-0.5;3.282665;1;Adaptation;15;1;;;;;
18.46;0;0.125;4.318907;1;Adaptation;15;1;;;;;
18.48;0;0;3.685299;1;Adaptation;15;1;;;;;
18.5;-0.5;-0.5;4.096537;1;Adaptation;15;1;;;;;
18.52;-0.5;-0.5;4.097755;1;Adaptation;15;1;;;;;
18.54;-0.5;-0.5;5.681706;1;Adaptation;15;1;;;;;
18.56;-0.5;-0.5;2.70918;1;Adaptation;15;1;;;;;
18.58;-0.5;-0.5;3.213229;1;Adaptation;15;1;;;;;
18.6;-0.5;-0.5;2.723276;1;Adaptation;15;1;;;;;
18.62;-0.5;-0.5;3.430711;1;Adaptation;15;1;;;;;
18.64;-0.5;-0.5;3.906087;1;Adaptation;15;1;;;;;
18.66;-0.5;-0.5;4.890931;1;Adaptation;15;1;;;;;
18.68;-0.5;-0.5;5.166016;1;Adaptation;15;1;;;;;
18.7;-0.5;-0.5;2.079017;1;Adaptation;15;1;;;;;
18.72;-0.5;-0.5;3.408563;1;Adaptation;15;1;;;;;
18.74;0;0;4.11554;1;Adaptation;15;1;;;;;
18.76;0;0;4.843085;1;Adaptation;15;1;;;;;
18.78;0;0.125;3.454714;1;Adaptation;15;1;;;;;
18.8;-0.5;-0.5;5.374887;1;Adaptation;15;1;;;;;
18.82;0;0;3.210486;1;Adaptation;15;1;;;;;
18.84;-0.5;-0.5;3.182516;1;Adaptation;15;1;;;;;
18.86;-0.5;-0.5;3.453181;1;Adaptation;15;1;;;;;
18.88;-0.5;-0.5;4.767959;1;Adaptation;15;1;;;;;
18.9;-0.5;-0.5;5.879581;1;Adaptation;15;1;;;;;
18.92;2;0.125;5.157851;1;Adaptation;15;1;;;;;
18.94;0;0;4.501847;1;Adaptation;15;1;;;;;
18.96;-0.5;-0.5;3.002626;1;Adaptation;15;1;;;;;
18.98;-0.5;-0.5;5.235628;1;Adaptation;15;1;;;;;
19;-0.5;-0.5;2.247664;1;Adaptation;15;1;;;;;
19.02;-0.5;-0.5;5.950417;1;Adaptation;15;1;;;;;
19.04;-0.5;-0.5;3.145795;1;Adaptation;15;1;;;;;
19.06;-0.5;-0.5;2.862345;1;Adaptation;15;1;;;;;
19.08;-0.5;-0.5;3.94252;1;Adaptation;15;1;;;;;
19.1;-0.5;-0.5;5.184556;1;Adaptation;15;1;;;;;
19.12;-0.5;-0.5;5.041655;1;Adaptation;15;1;;;;;
19.14;-0.5;-0.5;4.091688;1;Adaptation;15;1;;;;;
19.16;-0.5;-0.5;2.816428;1;Adaptation;15;1;;;;;
19.18;0;0;5.020349;1;Adaptation;15;1;;;;;
19.2;-0.5;-0.5;4.868227;1;Adaptation;15;1;;;;;
19.22;-0.5;-0.5;5.958094;1;Adaptation;15;1;;;;;
19.24;-0.5;-0.5;3.490666;1;Adaptation;15;1;;;;;
19.26;-0.5;-0.5;5.641549;1;Adaptation;15;1;;;;;
19.28;-0.5;-0.5;3.925162;1;Adaptation;15;1;;;;;
19.3;-0.5;-0.5;4.477489;1;Adaptation;15;1;;;;;
19.32;-2;-0.125;4.878307;1;Adaptation;15;1;;;;;
19.34;-0.5;-0.5;3.094547;1;Adaptation;15;1;;;;;
19.36;0;0;4.892343;1;Adaptation;15;1;;;;;
19.38;-0.5;-0.5;4.546731;1;Adaptation;15;1;;;;;
19.4;-0.5;-0.5;4.573158;1;Adaptation;15;1;;;;;
19.42;-0.5;-0.5;5.672225;1;Adaptation;15;1;;;;;
19.44;-0.5;-0.5;5.136542;1;Adaptation;15;1;;;;;
19.46;-0.5;-0.5;4.684352;1;Adaptation;15;1;;;;;
19.48;-0.5;-0.5;5.966877;1;Adaptation;15;1;;;;;
19.5;-0.5;-0.5;2.504089;1;Adaptation;15;1;;;;;
19.52;-0.5;-0.5;5.99616;1;Adaptation;15;1;;;;;
19.54;-2;0;5.514101;1;Adaptation;15;1;;;;;
19.56;-0.5;-0.5;4.103338;1;Adaptation;15;1;;;;;
19.58;-0.5;-0.5;5.107368;1;Adaptation;15;1;;;;;
19.6;-0.5;-0.5;3.733132;1;Adaptation;15;1;;;;;
19.62;-0.5;-0.5;4.530581;1;Adaptation;15;1;;;;;
19.64;-0.5;-0.5;2.277877;1;Adaptation;15;1;;;;;
19.66;-0.5;-0.5;3.831909;1;Adaptation;15;1;;;;;
19.68;-0.5;-0.5;4.37497;1;Adaptation;15;1;;;;;
19.7;-0.5;-0.5;2.743221;1;Adaptation;15;1;;;;;
19.72;-0.5;-0.5;5.805101;1;Adaptation;15;1;;;;;
19.74;-0.5;-0.5;5.068479;1;Adaptation;15;1;;;;;
19.76;-0.5;-0.5;5.652058;1;Adaptation;15;1;;;;;
19.78;-0.5;-0.5;3.478474;1;Adaptation;15;1;;;;;
19.8;-0.5;-0.5;2.953521;1;Adaptation;15;1;;;;;
19.82;-0.5;-0.5;4.808226;1;Adaptation;15;1;;;;;
19.84;0;0.125;5.710961;1;Adaptation;15;1;;;;;
19.86;2;0;4.781786;1;Adaptation;15;1;;;;;
19.88;-2;0;4.41496;1;Adaptation;15;1;;;;;
19.9;-0.5;-0.5;3.194565;1;Adaptation;15;1;;;;;
19.92;-0.5;-0.5;4.891075;1;Adaptation;15;1;;;;;
19.94;-0.5;-0.5;5.635578;1;Adaptation;15;1;;;;;
19.96;-2;0.125;3.707222;1;Adaptation;15;1;;;;;
19.98;-0.5;-0.5;2.144834;1;Adaptation;15;1;;;;;
20;-0.5;-0.5;5.248985;1;Adaptation;15;1;;;;;
20.02;-2;-0.125;5.956809;1;Adaptation;15;1;;;;;
20.04;-0.5;-0.5;5.968348;1;Adaptation;15;1;;;;;
20.06;-0.5;-0.5;3.136504;1;Adaptation;15;1;;;;;
20.08;-0.5;-0.5;2.269604;1;Adaptation;15;1;;;;;
20.1;-0.5;-0.5;4.754052;1;Adaptation;15;1;;;;;
20.12;-0.5;-0.5;3.070804;1;Adaptation;15;1;;;;;
20.14;-0.5;-0.5;3.477039;1;Adaptation;15;1;;;;;
20.16;0;0.125;2.514546;1;Adaptation;15;1;;;;;
20.18;-0.5;-0.5;4.601957;1;Adaptation;15;1;;;;;
20.2;0;0;3.517985;1;Adaptation;15;1;;;;;
20.22;-0.5;-0.5;5.207205;1;Adaptation;15;1;;;;;
20.24;-0.5;-0.5;4.283935;1;Adaptation;15;1;;;;;
20.26;-0.5;-0.5;3.096641;1;Adaptation;15;1;;;;;
20.28;-2;-0.125;2.27947;1;Adaptation;15;1;;;;;
20.3;-0.5;-0.5;3.508675;1;Adaptation;15;1;;;;;
20.32;-0.5;-0.5;2.111742;1;Adaptation;15;1;;;;;
20.34;-0.5;-0.5;5.149666;1;Adaptation;15;1;;;;;
20.36;-0.5;-0.5;2.527755;1;Adaptation;15;1;;;;;
20.38;-0.5;-0.5;4.75338;1;Adaptation;15;1;;;;;
20.4;-0.5;-0.5;2.067424;1;Adaptation;15;1;;;;;
20.42;-0.5;-0.5;5.249397;1;Adaptation;15;1;;;;;
20.44;-0.5;-0.5;5.66669;1;Adaptation;15;1;;;;;
20.46;-0.5;-0.5;2.371017;1;Adaptation;15;1;;;;;
20.48;-2;-0.125;2.443547;1;Adaptation;15;1;;;;;
20.5;-0.5;-0.5;2.863268;1;Adaptation;15;1;;;;;
20.52;-0.5;-0.5;3.138895;1;Adaptation;15;1;;;;;
20.54;-2;0.125;2.802854;1;Adaptation;15;1;;;;;
20.56;-0.5;-0.5;2.395988;1;Adaptation;15;1;;;;;
20.58;-2;-0.125;3.582945;1;Adaptation;15;1;;;;;
20.6;-2;0;5.833206;1;Adaptation;15;1;;;;;
20.62;-0.5;-0.5;5.49286;1;Adaptation;15;1;;;;;
20.64;-0.5;-0.5;2.702652;1;Adaptation;15;1;;;;;
20.66;-0.5;-0.5;3.048404;1;Adaptation;15;1;;;;;
20.68;-0.5;-0.5;3.037488;1;Adaptation;15;1;;;;;
20.7;-0.5;-0.5;5.901011;1;Adaptation;15;1;;;;;
20.72;-0.5;-0.5;4.442664;1;Adaptation;15;1;;;;;
20.74;-0.5;-0.5;5.512827;1;Adaptation;15;1;;;;;
20.76;-0.5;-0.5;2.302672;1;Adaptation;15;1;;;;;
20.78;-0.5;-0.5;5.597031;1;Adaptation;15;1;;;;;
20.8;2;0;4.414934;1;Adaptation;15;1;;;;;
20.82;0;0;3.025254;1;Adaptation;15;1;;;;;
20.84;-0.5;-0.5;5.287759;1;Adaptation;15;1;;;;;
20.86;0;0.25;4.953162;1;Adaptation;15;1;;;;;
20.88;0;-0.125;3.043321;1;Adaptation;15;1;;;;;
20.9;-0.5;-0.5;5.086102;1;Adaptation;15;1;;;;;
20.92;-2;0.25;3.02464;1;Adaptation;15;1;;;;;
20.94;-0.5;-0.5;5.358886;1;Adaptation;15;1;;;;;
20.96;-0.5;-0.5;5.564255;1;Adaptation;15;1;;;;;
20.98;-0.5;-0.5;4.16919;1;Adaptation;15;1;;;;;
21;2;-0.125;3.007456;1;Adaptation;15;1;;;;;
21.02;0;0.125;3.528451;1;Adaptation;15;1;;;;;
21.04;0;0;4.875682;1;Adaptation;15;1;;;;;
21.06;-0.5;-0.5;4.882621;1;Adaptation;15;1;;;;;
21.08;-0.5;-0.5;5.013402;1;Adaptation;15;1;;;;;
21.1;-0.5;-0.5;2.772453;1;Adaptation;15;1;;;;;
21.12;-0.5;-0.5;2.466789;1;Adaptation;15;1;;;;;
21.14;0;-0.25;5.913226;1;Adaptation;15;1;;;;;
21.16;-0.5;-0.5;2.677278;1;Adaptation;15;1;;;;;
21.18;2;0.125;2.395331;1;Adaptation;15;1;;;;;
21.2;-0.5;-0.5;4.230379;1;Adaptation;15;1;;;;;
21.22;0;-0.25;3.922181;1;Adaptation;15;1;;;;;
21.24;2;0;5.158749;1;Adaptation;15;1;;;;;
21.26;-0.5;-0.5;4.247658;1;Adaptation;15;1;;;;;
21.28;-0.5;-0.5;5.247565;1;Adaptation;15;1;;;;;
21.3;0;0;4.01916;1;Adaptation;15;1;;;;;
21.32;-0.5;-0.5;4.855572;1;Adaptation;15;1;;;;;
21.34;-0.5;-0.5;2.975226;1;Adaptation;15;1;;;;;
21.36;-0.5;-0.5;5.61834;1;Adaptation;15;1;;;;;
21.38;-0.5;-0.5;2.141446;1;Adaptation;15;1;;;;;
21.4;0;0;3.48731;1;Adaptation;15;1;;;;;
21.42;-0.5;-0.5;4.825348;1;Adaptation;15;1;;;;;
21.44;-0.5;-0.5;5.391457;1;Adaptation;15;1;;;;;
21.46;-0.5;-0.5;2.93135;1;Adaptation;15;1;;;;;
21.48;-0.5;-0.5;4.734358;1;Adaptation;15;1;;;;;
21.5;-0.5;-0.5;4.901071;1;Adaptation;15;1;;;;;
21.52;-2;0;2.541055;1;Adaptation;15;1;;;;;
21.54;0;-0.125;5.300278;1;Adaptation;15;1;;;;;
21.56;-0.5;-0.5;3.775862;1;Adaptation;15;1;;;;;
21.58;-0.5;-0.5;2.027956;1;Adaptation;15;1;;;;;
21.6;2;-0.25;3.397712;1;Adaptation;15;1;;;;;
21.62;-2;0;2.453696;1;Adaptation;15;1;;;;;
21.64;-0.5;-0.5;5.093829;1;Adaptation;15;1;;;;;
21.66;-0.5;-0.5;5.80597;1;Adaptation;15;1;;;;;
21.68;0;0.125;5.637293;1;Adaptation;15;1;;;;;
21.7;-0.5;-0.5;4.46001;1;Adaptation;15;1;;;;;
21.72;-0.5;-0.5;3.024314;1;Adaptation;15;1;;;;;
21.74;-0.5;-0.5;5.060149;1;Adaptation;15;1;;;;;
21.76;-0.5;-0.5;4.51087;1;Adaptation;15;1;;;;;
21.78;-0.5;-0.5;3.707729;1;Adaptation;15;1;;;;;
21.8;-0.5;-0.5;2.869481;1;Adaptation;15;1;;;;;
21.82;-0.5;-0.5;2.96456;1;Adaptation;15;1;;;;;
21.84;-0.5;-0.5;2.802901;1;Adaptation;15;1;;;;;
21.86;0;-0.25;2.095518;1;Adaptation;15;1;;;;;
21.88;-0.5;-0.5;2.565835;1;Adaptation;15;1;;;;;
21.9;-0.5;-0.5;5.98205;1;Adaptation;15;1;;;;;
21.92;-0.5;-0.5;4.566964;1;Adaptation;15;1;;;;;
21.94;-2;0;2.524374;1;Adaptation;15;1;;;;;
21.96;-0.5;-0.5;2.78644;1;Adaptation;15;1;;;;;
21.98;-0.5;-0.5;3.791533;1;Adaptation;15;1;;;;;
22;-0.5;-0.5;5.225802;1;Adaptation;15;1;;;;;
22.02;-0.5;-0.5;2.851439;1;Adaptation;15;1;;;;;
22.04;0;0;2.150209;1;Adaptation;15;1;;;;;
22.06;2;0;3.510316;1;Adaptation;15;1;;;;;
22.08;0;-0.125;2.080959;1;Adaptation;15;1;;;;;
22.1;-0.5;-0.5;4.400087;1;Adaptation;15;1;;;;;
22.12;-2;0.125;3.499276;1;Adaptation;15;1;;;;;
22.14;2;0;3.652545;1;Adaptation;15;1;;;;;
22.16;-2;0.125;5.940965;1;Adaptation;15;1;;;;;
22.18;-0.5;-0.5;2.986164;1;Adaptation;15;1;;;;;
22.2;-2;0.125;2.478399;1;Adaptation;15;1;;;;;
22.22;-0.5;-0.5;4.100476;1;Adaptation;15;1;;;;;
22.24;-0.5;-0.5;3.462669;1;Adaptation;15;1;;;;;
22.26;-0.5;-0.5;3.054916;1;Adaptation;15;1;;;;;
22.28;-0.5;-0.5;5.030066;1;Adaptation;15;1;;;;;
22.3;-0.5;-0.5;5.757147;1;Adaptation;15;1;;;;;
22.32;-0.5;-0.5;2.672866;1;Adaptation;15;1;;;;;
22.34;-0.5;-0.5;4.572024;1;Adaptation;15;1;;;;;
22.36;-0.5;-0.5;4.528908;1;Adaptation;15;1;;;;;
22.38;-0.5;-0.5;4.96453;1;Adaptation;15;1;;;;;
22.4;-0.5;-0.5;4.970939;1;Adaptation;15;1;;;;;
22.42;-0.5;-0.5;2.636243;1;Adaptation;15;1;;;;;
22.44;-0.5;-0.5;4.328283;1;Adaptation;15;1;;;;;
22.46;-0.5;-0.5;3.896304;1;Adaptation;15;1;;;;;
22.48;-0.5;-0.5;5.15869;1;Adaptation;15;1;;;;;
22.5;-0.5;-0.5;2.553301;1;Adaptation;15;1;;;;;
22.52;-2;0;5.325175;1;Adaptation;15;1;;;;;
22.54;0;0;3.678015;1;Adaptation;15;1;;;;;
22.56;-0.5;-0.5;2.901583;1;Adaptation;15;1;;;;;
22.58;-0.5;-0.5;3.409677;1;Adaptation;15;1;;;;;
22.6;-0.5;-0.5;4.059772;1;Adaptation;15;1;;;;;
22.62;-0.5;-0.5;2.777546;1;Adaptation;15;1;;;;;
22.64;-0.5;-0.5;3.173913;1;Adaptation;15;1;;;;;
22.66;-0.5;-0.5;5.739611;1;Adaptation;15;1;;;;;
22.68;0;-0.125;2.404871;1;Adaptation;15;1;;;;;
22.7;-0.5;-0.5;2.930575;1;Adaptation;15;1;;;;;
22.72;-0.5;-0.5;4.61787;1;Adaptation;15;1;;;;;
22.74;-0.5;-0.5;2.118985;1;Adaptation;15;1;;;;;
22.76;-0.5;-0.5;4.741794;1;Adaptation;15;1;;;;;
22.78;-0.5;-0.5;2.643986;1;Adaptation;15;1;;;;;
22.8;-0.5;-0.5;5.080955;1;Adaptation;15;1;;;;;
22.82;2;0.125;4.32694;1;Adaptation;15;1;;;;;
22.84;0;-0.125;5.009651;1;Adaptation;15;1;;;;;
22.86;-0.5;-0.5;5.945793;1;Adaptation;15;1;;;;;
22.88;-0.5;-0.5;4.415213;1;Adaptation;15;1;;;;;
22.9;2;0;5.109366;1;Adaptation;15;1;;;;;
22.92;-0.5;-0.5;4.222647;1;Adaptation;15;1;;;;;
22.94;-0.5;-0.5;3.479421;1;Adaptation;15;1;;;;;
22.96;0;0;5.988349;1;Adaptation;15;1;;;;;
22.98;-0.5;-0.5;2.24248;1;Adaptation;15;1;;;;;
23;0;0.125;2.988904;1;Adaptation;15;1;;;;;
23.02;-0.5;-0.5;4.915888;1;Adaptation;15;1;;;;;
23.04;-0.5;-0.5;2.296774;1;Adaptation;15;1;;;;;
23.06;-0.5;-0.5;5.124481;1;Adaptation;15;1;;;;;
23.08;-0.5;-0.5;3.555557;1;Adaptation;15;1;;;;;
23.1;-0.5;-0.5;3.058021;1;Adaptation;15;1;;;;;
23.12;0;-0.125;3.613673;1;Adaptation;15;1;;;;;
23.14;-0.5;-0.5;5.59709;1;Adaptation;15;1;;;;;
23.16;-0.5;-0.5;5.446532;1;Adaptation;15;1;;;;;
23.18;-0.5;-0.5;3.476616;1;Adaptation;15;1;;;;;
23.2;-0.5;-0.5;5.395143;1;Adaptation;15;1;;;;;
23.22;-0.5;-0.5;5.417085;1;Adaptation;15;1;;;;;
23.24;-0.5;-0.5;5.594906;1;Adaptation;15;1;;;;;
23.26;-0.5;-0.5;2.417994;1;Adaptation;15;1;;;;;
23.28;-0.5;-0.5;5.912896;1;Adaptation;15;1;;;;;
23.3;-0.5;-0.5;4.33719;1;Adaptation;15;1;;;;;
23.32;-0.5;-0.5;2.336579;1;Adaptation;15;1;;;;;
23.34;-0.5;-0.5;2.995348;1;Adaptation;15;1;;;;;
23.36;-0.5;-0.5;5.109462;1;Adaptation;15;1;;;;;
23.38;-0.5;-0.5;5.894773;1;Adaptation;15;1;;;;;
23.4;-0.5;-0.5;2.492687;1;Adaptation;15;1;;;;;
23.42;-0.5;-0.5;3.4236;1;Adaptation;15;1;;;;;
23.44;-0.5;-0.5;5.304793;1;Adaptation;15;1;;;;;
23.46;-0.5;-0.5;3.04538;1;Adaptation;15;1;;;;;
23.48;0;0;4.245031;1;Adaptation;15;1;;;;;
23.5;-0.5;-0.5;3.043539;1;Adaptation;15;1;;;;;
23.52;-0.5;-0.5;4.288717;1;Adaptation;15;1;;;;;
23.54;-0.5;-0.5;3.440561;1;Adaptation;15;1;;;;;
23.56;-0.5;-0.5;5.515425;1;Adaptation;15;1;;;;;
23.58;-2;-0.25;2.596272;1;Adaptation;15;1;;;;;
23.6;-0.5;-0.5;5.369268;1;Adaptation;15;1;;;;;
23.62;0;0;4.911434;1;Adaptation;15;1;;;;;
23.64;0;0.125;4.160937;1;Adaptation;15;1;;;;;
23.66;-0.5;-0.5;3.61066;1;Adaptation;15;1;;;;;
23.68;-0.5;-0.5;3.576915;1;Adaptation;15;1;;;;;
23.7;-0.5;-0.5;2.652016;1;Adaptation;15;1;;;;;
23.72;-0.5;-0.5;4.975092;1;Adaptation;15;1;;;;;
23.74;-0.5;-0.5;4.794196;1;Adaptation;15;1;;;;;
23.76;0;0.125;2.905486;1;Adaptation;15;1;;;;;
23.78;-0.5;-0.5;2.328652;1;Adaptation;15;1;;;;;
23.8;-0.5;-0.5;4.817943;1;Adaptation;15;1;;;;;
23.82;-0.5;-0.5;4.818192;1;Adaptation;15;1;;;;;
23.84;-0.5;-0.5;3.399423;1;Adaptation;15;1;;;;;
23.86;-2;0;3.660606;1;Adaptation;15;1;;;;;
23.88;-0.5;-0.5;3.03268;1;Adaptation;15;1;;;;;
23.9;-2;0.25;3.437046;1;Adaptation;15;1;;;;;
23.92;0;-0.25;3.012217;1;Adaptation;15;1;;;;;
23.94;-0.5;-0.5;5.472092;1;Adaptation;15;1;;;;;
23.96;-0.5;-0.5;2.641883;1;Adaptation;15;1;;;;;
23.98;0;-0.125;4.628884;1;Adaptation;15;1;;;;;
24;-0.5;-0.5;5.83814;1;Adaptation;15;1;;;;;
24.02;-0.5;-0.5;4.59748;1;Adaptation;15;1;;;;;
24.04;-0.5;-0.5;5.398437;1;Adaptation;15;1;;;;;
24.06;0;0.25;2.099707;1;Adaptation;15;1;;;;;
24.08;-0.5;-0.5;3.763403;1;Adaptation;15;1;;;;;
24.1;-0.5;-0.5;4.506272;1;Adaptation;15;1;;;;;
24.12;-0.5;-0.5;2.978522;1;Adaptation;15;1;;;;;
24.14;-0.5;-0.5;4.999377;1;Adaptation;15;1;;;;;
24.16;0;-0.25;3.811016;1;Adaptation;15;1;;;;;
24.18;-0.5;-0.5;5.470369;1;Adaptation;15;1;;;;;
24.2;-0.5;-0.5;2.772213;1;Adaptation;15;1;;;;;
24.22;2;0.125;3.127566;1;Adaptation;15;1;;;;;
24.24;-0.5;-0.5;3.931231;1;Adaptation;15;1;;;;;
24.26;-0.5;-0.5;4.628247;1;Adaptation;15;1;;;;;
24.28;-0.5;-0.5;3.969614;1;Adaptation;15;1;;;;;
24.3;-0.5;-0.5;2.679338;1;Adaptation;15;1;;;;;
24.32;0;-0.125;4.357203;1;Adaptation;15;1;;;;;
24.34;-0.5;-0.5;2.745743;1;Adaptation;15;1;;;;;
24.36;-0.5;-0.5;2.086445;1;Adaptation;15;1;;;;;
24.38;-0.5;-0.5;2.905482;1;Adaptation;15;1;;;;;
24.4;-0.5;-0.5;3.77915;1;Adaptation;15;1;;;;;
24.42;-2;-0.125;4.800759;1;Adaptation;15;1;;;;;
24.44;-0.5;-0.5;3.302689;1;Adaptation;15;1;;;;;
24.46;-0.5;-0.5;4.194131;1;Adaptation;15;1;;;;;
24.48;-0.5;-0.5;5.240735;1;Adaptation;15;1;;;;;
24.5;-0.5;-0.5;5.898118;1;Adaptation;15;1;;;;;
24.52;-0.5;-0.5;5.308179;1;Adaptation;15;1;;;;;
24.54;-0.5;-0.5;4.421185;1;Adaptation;15;1;;;;;
24.56;-4;-0.125;2.365014;1;Adaptation;15;1;;;;;
24.58;-0.5;-0.5;3.326415;1;Adaptation;15;1;;;;;
24.6;-0.5;-0.5;2.856133;1;Adaptation;15;1;;;;;
24.62;-0.5;-0.5;5.166149;1;Adaptation;15;1;;;;;
24.64;-0.5;-0.5;2.737283;1;Adaptation;15;1;;;;;
24.66;-0.5;-0.5;4.980078;1;Adaptation;15;1;;;;;
24.68;-0.5;-0.5;3.383791;1;Adaptation;15;1;;;;;
24.7;-0.5;-0.5;2.347094;1;Adaptation;15;1;;;;;
24.72;-0.5;-0.5;4.358031;1;Adaptation;15;1;;;;;
24.74;-0.5;-0.5;3.509456;1;Adaptation;15;1;;;;;
24.76;-0.5;-0.5;5.650144;1;Adaptation;15;1;;;;;
24.78;-0.5;-0.5;4.650062;1;Adaptation;15;1;;;;;
24.8;-0.5;-0.5;4.445672;1;Adaptation;15;1;;;;;
24.82;-0.5;-0.5;3.077223;1;Adaptation;15;1;;;;;
24.84;-0.5;-0.5;4.019686;1;Adaptation;15;1;;;;;
24.86;-0.5;-0.5;3.893367;1;Adaptation;15;1;;;;;
24.88;0;0.25;5.633523;1;Adaptation;15;1;;;;;
24.9;-0.5;-0.5;2.40188;1;Adaptation;15;1;;;;;
24.92;-0.5;-0.5;3.868412;1;Adaptation;15;1;;;;;
24.94;-0.5;-0.5;5.332072;1;Adaptation;15;1;;;;;
24.96;-0.5;-0.5;5.895222;1;Adaptation;15;1;;;;;
24.98;-0.5;-0.5;2.161276;1;Adaptation;15;1;;;;;
25;-2;0;2.353012;1;Adaptation;15;1;;;;;
25.02;-0.5;-0.5;4.099339;1;Adaptation;15;1;;;;;
25.04;-0.5;-0.5;4.500395;1;Adaptation;15;1;;;;;
25.06;-0.5;-0.5;3.162195;1;Adaptation;15;1;;;;;
25.08;2;-0.25;5.075593;1;Adaptation;15;1;;;;;
25.1;-0.5;-0.5;4.725128;1;Adaptation;15;1;;;;;
25.12;-0.5;-0.5;3.99399;1;Adaptation;15;1;;;;;
25.14;-0.5;-0.5;3.75107;1;Adaptation;15;1;;;;;
25.16;-0.5;-0.5;2.605403;1;Adaptation;15;1;;;;;
25.18;0;0;3.407236;1;Adaptation;15;1;;;;;
25.2;2;0.125;4.64973;1;Adaptation;15;1;;;;;
25.22;-0.5;-0.5;5.469423;1;Adaptation;15;1;;;;;
25.24;-2;0.125;4.754721;1;Adaptation;15;1;;;;;
25.26;-0.5;-0.5;5.055242;1;Adaptation;15;1;;;;;
25.28;0;0.25;2.06178;1;Adaptation;15;1;;;;;
25.3;-0.5;-0.5;5.633323;1;Adaptation;15;1;;;;;
25.32;-0.5;-0.5;4.426819;1;Adaptation;15;1;;;;;
25.34;-0.5;-0.5;5.401704;1;Adaptation;15;1;;;;;
25.36;-0.5;-0.5;3.884193;1;Adaptation;15;1;;;;;
25.38;-2;-0.125;3.974247;1;Adaptation;15;1;;;;;
25.4;-0.5;-0.5;2.826706;1;Adaptation;15;1;;;;;
25.42;0;0;2.852128;1;Adaptation;15;1;;;;;
25.44;-0.5;-0.5;2.513313;1;Adaptation;15;1;;;;;
25.46;-0.5;-0.5;5.470131;1;Adaptation;15;1;;;;;
25.48;-2;0.125;5.293929;1;Adaptation;15;1;;;;;
25.5;-0.5;-0.5;4.885175;1;Adaptation;15;1;;;;;
25.52;2;-0.125;4.560965;1;Adaptation;15;1;;;;;
25.54;0;0.25;2.521798;1;Adaptation;15;1;;;;;
25.56;-0.5;-0.5;4.707969;1;Adaptation;15;1;;;;;
25.58;-0.5;-0.5;4.506547;1;Adaptation;15;1;;;;;
25.6;-0.5;-0.5;3.369708;1;Adaptation;15;1;;;;;
25.62;-0.5;-0.5;4.739543;1;Adaptation;15;1;;;;;
25.64;-0.5;-0.5;4.598091;1;Adaptation;15;1;;;;;
25.66;-0.5;-0.5;4.983006;1;Adaptation;15;1;;;;;
25.68;-0.5;-0.5;2.254813;1;Adaptation;15;1;;;;;
25.7;-2;-0.125;3.360779;1;Adaptation;15;1;;;;;
25.72;-0.5;-0.5;4.331327;1;Adaptation;15;1;;;;;
25.74;-0.5;-0.5;2.070371;1;Adaptation;15;1;;;;;
25.76;-0.5;-0.5;5.254599;1;Adaptation;15;1;;;;;
25.78;-0.5;-0.5;4.330317;1;Adaptation;15;1;;;;;
25.8;-0.5;-0.5;2.185787;1;Adaptation;15;1;;;;;
25.82;-0.5;-0.5;4.240652;1;Adaptation;15;1;;;;;
25.84;-0.5;-0.5;4.720772;1;Adaptation;15;1;;;;;
25.86;2;-0.125;5.80848;1;Adaptation;15;1;;;;;
25.88;-0.5;-0.5;4.418559;1;Adaptation;15;1;;;;;
25.9;-0.5;-0.5;5.650015;1;Adaptation;15;1;;;;;
25.92;-0.5;-0.5;2.235268;1;Adaptation;15;1;;;;;
25.94;-0.5;-0.5;3.479756;1;Adaptation;15;1;;;;;
25.96;0;-0.125;5.262733;1;Adaptation;15;1;;;;;
25.98;0;-0.125;3.04958;1;Adaptation;15;1;;;;;
26;-0.5;-0.5;5.778415;1;Adaptation;15;1;;;;;
26.02;0;-0.25;5.131109;1;Adaptation;15;1;;;;;
26.04;-0.5;-0.5;2.916613;1;Adaptation;15;1;;;;;
26.06;-0.5;-0.5;4.672952;1;Adaptation;15;1;;;;;
26.08;0;0;4.505363;1;Adaptation;15;1;;;;;
26.1;-0.5;-0.5;2.636139;1;Adaptation;15;1;;;;;
26.12;-0.5;-0.5;5.845147;1;Adaptation;15;1;;;;;
26.14;-0.5;-0.5;5.396137;1;Adaptation;15;1;;;;;
26.16;-0.5;-0.5;3.484447;1;Adaptation;15;1;;;;;
26.18;-0.5;-0.5;4.931107;1;Adaptation;15;1;;;;;
26.2;-0.5;-0.5;2.932431;1;Adaptation;15;1;;;;;
26.22;-0.5;-0.5;4.040308;1;Adaptation;15;1;;;;;
26.24;-2;0;3.605644;1;Adaptation;15;1;;;;;
26.26;2;0;3.192911;1;Adaptation;15;1;;;;;
26.28;0;0.25;3.568692;1;Adaptation;15;1;;;;;
26.3;0;0;5.940823;1;Adaptation;15;1;;;;;
26.32;-0.5;-0.5;3.366887;1;Adaptation;15;1;;;;;
26.34;-0.5;-0.5;2.47228;1;Adaptation;15;1;;;;;
26.36;-0.5;-0.5;3.650187;1;Adaptation;15;1;;;;;
26.38;0;-0.125;5.605999;1;Adaptation;15;1;;;;;
26.4;2;-0.125;5.18338;1;Adaptation;15;1;;;;;
26.42;2;0.125;3.49916;1;Adaptation;15;1;;;;;
26.44;0;-0.125;5.381871;1;Adaptation;15;1;;;;;
26.46;-0.5;-0.5;2.123912;1;Adaptation;15;1;;;;;
26.48;-0.5;-0.5;5.154917;1;Adaptation;15;1;;;;;
26.5;-0.5;-0.5;5.559193;1;Adaptation;15;1;;;;;
26.52;0;0;3.160559;1;Adaptation;15;1;;;;;
26.54;2;0;4.939979;1;Adaptation;15;1;;;;;
26.56;-0.5;-0.5;2.125761;1;Adaptation;15;1;;;;;
26.58;0;0.25;4.557809;1;Adaptation;15;1;;;;;
26.6;-0.5;-0.5;2.70269;1;Adaptation;15;1;;;;;
26.62;-0.5;-0.5;5.067654;1;Adaptation;15;1;;;;;
26.64;-0.5;-0.5;3.289843;1;Adaptation;15;1;;;;;
26.66;-0.5;-0.5;3.109666;1;Adaptation;15;1;;;;;
26.68;-0.5;-0.5;5.793448;1;Adaptation;15;1;;;;;
26.7;-0.5;-0.5;4.98748;1;Adaptation;15;1;;;;;
26.72;0;0.125;3.138027;1;Adaptation;15;1;;;;;
26.74;-0.5;-0.5;2.177225;1;Adaptation;15;1;;;;;
26.76;0;-0.125;5.04474;1;Adaptation;15;1;;;;;
26.78;-2;-0.125;2.855988;1;Adaptation;15;1;;;;;
26.8;-2;0.125;2.554126;1;Adaptation;15;1;;;;;
26.82;-0.5;-0.5;5.201594;1;Adaptation;15;1;;;;;
26.84;-0.5;-0.5;5.128536;1;Adaptation;15;1;;;;;
26.86;-0.5;-0.5;3.904694;1;Adaptation;15;1;;;;;
26.88;-4;0;5.415495;1;Adaptation;15;1;;;;;
26.9;-0.5;-0.5;5.520172;1;Adaptation;15;1;;;;;
26.92;-0.5;-0.5;2.690594;1;Adaptation;15;1;;;;;
26.94;-0.5;-0.5;4.819871;1;Adaptation;15;1;;;;;
26.96;-0.5;-0.5;4.439634;1;Adaptation;15;1;;;;;
26.98;-2;-0.25;5.631742;1;Adaptation;15;1;;;;;
27;-0.5;-0.5;3.472567;1;Adaptation;15;1;;;;;
27.02;-0.5;-0.5;5.484655;1;Adaptation;15;1;;;;;
27.04;-0.5;-0.5;3.819173;1;Adaptation;15;1;;;;;
27.06;2;0.25;5.437002;1;Adaptation;15;1;;;;;
27.08;-0.5;-0.5;4.479915;1;Adaptation;15;1;;;;;
27.1;-0.5;-0.5;5.829324;1;Adaptation;15;1;;;;;
27.12;-0.5;-0.5;2.891467;1;Adaptation;15;1;;;;;
27.14;-0.5;-0.5;5.953978;1;Adaptation;15;1;;;;;
27.16;-0.5;-0.5;2.730721;1;Adaptation;15;1;;;;;
27.18;-0.5;-0.5;4.637087;1;Adaptation;15;1;;;;;
27.2;-0.5;-0.5;5.766382;1;Adaptation;15;1;;;;;
27.22;-0.5;-0.5;4.255065;1;Adaptation;15;1;;;;;
27.24;0;0;2.760508;1;Adaptation;15;1;;;;;
27.26;0;0;3.561108;1;Adaptation;15;1;;;;;
27.28;-0.5;-0.5;3.334756;1;Adaptation;15;1;;;;;
27.3;-0.5;-0.5;4.95838;1;Adaptation;15;1;;;;;
27.32;-0.5;-0.5;5.971313;1;Adaptation;15;1;;;;;
27.34;-0.5;-0.5;3.862804;1;Adaptation;15;1;;;;;
27.36;-0.5;-0.5;5.866213;1;Adaptation;15;1;;;;;
27.38;-0.5;-0.5;5.143275;1;Adaptation;15;1;;;;;
27.4;0;0;2.988734;1;Adaptation;15;1;;;;;
27.42;-0.5;-0.5;4.201484;1;Adaptation;15;1;;;;;
27.44;-0.5;-0.5;5.010609;1;Adaptation;15;1;;;;;
27.46;2;0.125;4.801386;1;Adaptation;15;1;;;;;
27.48;2;-0.125;5.432277;1;Adaptation;15;1;;;;;
27.5;-0.5;-0.5;4.964069;1;Adaptation;15;1;;;;;
27.52;-0.5;-0.5;5.365938;1;Adaptation;15;1;;;;;
27.54;-0.5;-0.5;2.685842;1;Adaptation;15;1;;;;;
27.56;-0.5;-0.5;5.01497;1;Adaptation;15;1;;;;;
27.58;-0.5;-0.5;4.296605;1;Adaptation;15;1;;;;;
27.6;2;0;2.55318;1;Adaptation;15;1;;;;;
27.62;-0.5;-0.5;2.991338;1;Adaptation;15;1;;;;;
27.64;0;-0.25;3.974853;1;Adaptation;15;1;;;;;
27.66;0;0;4.879304;1;Adaptation;15;1;;;;;
27.68;2;0.25;2.118969;1;Adaptation;15;1;;;;;
27.7;-0.5;-0.5;3.522634;1;Adaptation;15;1;;;;;
27.72;-0.5;-0.5;4.612377;1;Adaptation;15;1;;;;;
27.74;-0.5;-0.5;3.600933;1;Adaptation;15;1;;;;;
27.76;-0.5;-0.5;2.4546;1;Adaptation;15;1;;;;;
27.78;-0.5;-0.5;2.920897;1;Adaptation;15;1;;;;;
27.8;-0.5;-0.5;4.201133;1;Adaptation;15;1;;;;;
27.82;-0.5;-0.5;4.201064;1;Adaptation;15;1;;;;;
27.84;-0.5;-0.5;4.071328;1;Adaptation;15;1;;;;;
27.86;2;0;5.476639;1;Adaptation;15;1;;;;;
27.88;-0.5;-0.5;5.104931;1;Adaptation;15;1;;;;;
27.9;0;0.125;2.843703;1;Adaptation;15;1;;;;;
27.92;-0.5;-0.5;4.575773;1;Adaptation;15;1;;;;;
27.94;-0.5;-0.5;2.459917;1;Adaptation;15;1;;;;;
27.96;-0.5;-0.5;3.239277;1;Adaptation;15;1;;;;;
27.98;-0.5;-0.5;3.1987;1;Adaptation;15;1;;;;;
28;-0.5;-0.5;2.516458;1;Adaptation;15;1;;;;;
28.02;-0.5;-0.5;4.88948;1;Adaptation;15;1;;;;;
28.04;-2;0.125;2.774027;1;Adaptation;15;1;;;;;
28.06;-0.5;-0.5;5.970137;1;Adaptation;15;1;;;;;
28.08;-0.5;-0.5;3.683625;1;Adaptation;15;1;;;;;
28.1;-0.5;-0.5;2.13897;1;Adaptation;15;1;;;;;
28.12;-0.5;-0.5;5.661316;1;Adaptation;15;1;;;;;
28.14;-0.5;-0.5;5.698351;1;Adaptation;15;1;;;;;
28.16;0;0.125;2.410463;1;Adaptation;15;1;;;;;
28.18;-0.5;-0.5;5.573474;1;Adaptation;15;1;;;;;
28.2;-0.5;-0.5;2.204716;1;Adaptation;15;1;;;;;
28.22;0;0;2.621856;1;Adaptation;15;1;;;;;
28.24;-0.5;-0.5;4.35446;1;Adaptation;15;1;;;;;
28.26;-0.5;-0.5;5.51634;1;Adaptation;15;1;;;;;
28.28;-0.5;-0.5;3.740228;1;Adaptation;15;1;;;;;
28.3;-0.5;-0.5;3.487612;1;Adaptation;15;1;;;;;
28.32;-0.5;-0.5;5.729314;1;Adaptation;15;1;;;;;
28.34;-0.5;-0.5;2.612583;1;Adaptation;15;1;;;;;
28.36;-0.5;-0.5;2.225766;1;Adaptation;15;1;;;;;
28.38;-0.5;-0.5;2.271131;1;Adaptation;15;1;;;;;
28.4;-0.5;-0.5;2.482519;1;Adaptation;15;1;;;;;
28.42;-0.5;-0.5;4.335227;1;Adaptation;15;1;;;;;
28.44;-0.5;-0.5;4.416185;1;Adaptation;15;1;;;;;
28.46;2;0;2.060368;1;Adaptation;15;1;;;;;
28.48;0;-0.125;2.057454;1;Adaptation;15;1;;;;;
28.5;0;0;3.53555;1;Adaptation;15;1;;;;;
28.52;-2;-0.125;3.200555;1;Adaptation;15;1;;;;;
28.54;-0.5;-0.5;4.136705;1;Adaptation;15;1;;;;;
28.56;-0.5;-0.5;3.16271;1;Adaptation;15;1;;;;;
28.58;-2;-0.125;3.709737;1;Adaptation;15;1;;;;;
28.6;-0.5;-0.5;2.602807;1;Adaptation;15;1;;;;;
28.62;-0.5;-0.5;4.83399;1;Adaptation;15;1;;;;;
28.64;-0.5;-0.5;5.417035;1;Adaptation;15;1;;;;;
28.66;-0.5;-0.5;4.110048;1;Adaptation;15;1;;;;;
28.68;0;-0.125;4.140091;1;Adaptation;15;1;;;;;
28.7;-0.5;-0.5;2.102219;1;Adaptation;15;1;;;;;
28.72;-0.5;-0.5;2.240664;1;Adaptation;15;1;;;;;
28.74;0;-0.125;2.767708;1;Adaptation;15;1;;;;;
28.76;-0.5;-0.5;5.057915;1;Adaptation;15;1;;;;;
28.78;-0.5;-0.5;5.471828;1;Adaptation;15;1;;;;;
28.8;-0.5;-0.5;5.639141;1;Adaptation;15;1;;;;;
28.82;-0.5;-0.5;2.331833;1;Adaptation;15;1;;;;;
28.84;-0.5;-0.5;3.547791;1;Adaptation;15;1;;;;;
28.86;-0.5;-0.5;2.884627;1;Adaptation;15;1;;;;;
28.88;-0.5;-0.5;2.576463;1;Adaptation;15;1;;;;;
28.9;-0.5;-0.5;4.289935;1;Adaptation;15;1;;;;;
28.92;-0.5;-0.5;3.996357;1;Adaptation;15;1;;;;;
28.94;-0.5;-0.5;4.157038;1;Adaptation;15;1;;;;;
28.96;-0.5;-0.5;3.240975;1;Adaptation;15;1;;;;;
28.98;-0.5;-0.5;2.511318;1;Adaptation;15;1;;;;;
29;-0.5;-0.5;4.556014;1;Adaptation;15;1;;;;;
29.02;-0.5;-0.5;2.050031;1;Adaptation;15;1;;;;;
29.04;0;0;4.094661;1;Adaptation;15;1;;;;;
29.06;-0.5;-0.5;2.184299;1;Adaptation;15;1;;;;;
29.08;-0.5;-0.5;2.028266;1;Adaptation;15;1;;;;;
29.1;2;0;2.817934;1;Adaptation;15;1;;;;;
29.12;-0.5;-0.5;3.392182;1;Adaptation;15;1;;;;;
29.14;-0.5;-0.5;5.390956;1;Adaptation;15;1;;;;;
29.16;-2;0;3.473838;1;Adaptation;15;1;;;;;
29.18;0;0;5.219062;1;Adaptation;15;1;;;;;
29.2;0;0;5.157777;1;Adaptation;15;1;;;;;
29.22;0;0;3.550476;1;Adaptation;15;1;;;;;
29.24;-0.5;-0.5;3.439845;1;Adaptation;15;1;;;;;
29.26;-0.5;-0.5;5.763176;1;Adaptation;15;1;;;;;
29.28;-0.5;-0.5;4.919862;1;Adaptation;15;1;;;;;
29.3;0;0;4.147117;1;Adaptation;15;1;;;;;
29.32;-0.5;-0.5;4.421299;1;Adaptation;15;1;;;;;
29.34;-0.5;-0.5;2.878078;1;Adaptation;15;1;;;;;
29.36;0;0.125;4.624355;1;Adaptation;15;1;;;;;
29.38;0;-0.125;4.589047;1;Adaptation;15;1;;;;;
29.4;0;0.125;5.646792;1;Adaptation;15;1;;;;;
29.42;-0.5;-0.5;2.056583;1;Adaptation;15;1;;;;;
29.44;-0.5;-0.5;4.575237;1;Adaptation;15;1;;;;;
29.46;0;0.25;4.611698;1;Adaptation;15;1;;;;;
29.48;-0.5;-0.5;4.533099;1;Adaptation;15;1;;;;;
29.5;-0.5;-0.5;4.179561;1;Adaptation;15;1;;;;;
29.52;-0.5;-0.5;2.774957;1;Adaptation;15;1;;;;;
29.54;-0.5;-0.5;4.29863;1;Adaptation;15;1;;;;;
29.56;-0.5;-0.5;5.812246;1;Adaptation;15;1;;;;;
29.58;-0.5;-0.5;4.639079;1;Adaptation;15;1;;;;;
29.6;-0.5;-0.5;2.008284;1;Adaptation;15;1;;;;;
29.62;0;0;5.63162;1;Adaptation;15;1;;;;;
29.64;-2;0.25;4.202464;1;Adaptation;15;1;;;;;
29.66;-0.5;-0.5;3.461127;1;Adaptation;15;1;;;;;
29.68;0;-0.25;4.396766;1;Adaptation;15;1;;;;;
29.7;-0.5;-0.5;4.753485;1;Adaptation;15;1;;;;;
29.72;-0.5;-0.5;2.33882;1;Adaptation;15;1;;;;;
29.74;0;-0.25;5.292133;1;Adaptation;15;1;;;;;
29.76;-0.5;-0.5;3.36532;1;Adaptation;15;1;;;;;
29.78;-0.5;-0.5;3.482621;1;Adaptation;15;1;;;;;
29.8;-2;-0.125;4.811757;1;Adaptation;15;1;;;;;
29.82;-0.5;-0.5;4.869632;1;Adaptation;15;1;;;;;
29.84;-0.5;-0.5;3.723541;1;Adaptation;15;1;;;;;
29.86;-0.5;-0.5;4.298232;1;Adaptation;15;1;;;;;
29.88;-0.5;-0.5;3.163272;1;Adaptation;15;1;;;;;
29.9;-0.5;-0.5;2.091494;1;Adaptation;15;1;;;;;
29.92;0;0.125;3.190226;1;Adaptation;15;1;;;;;
29.94;0;0.125;4.808471;1;Adaptation;15;1;;;;;
29.96;2;-0.25;2.131161;1;Adaptation;15;1;;;;;
29.98;-0.5;-0.5;2.638497;1;Adaptation;15;1;;;;;
30;-0.5;-0.5;3.212225;1;Adaptation;15;1;;;;;
30.02;-0.5;-0.5;3.563629;1;Adaptation;15;1;;;;;
30.04;2;0.125;2.316579;1;Adaptation;15;1;;;;;
30.06;-0.5;-0.5;4.418996;1;Adaptation;15;1;;;;;
30.08;0;-0.25;2.285172;1;Adaptation;15;1;;;;;
30.1;0;0;4.853283;1;Adaptation;15;1;;;;;
30.12;-0.5;-0.5;5.608873;1;Adaptation;15;1;;;;;
30.14;0;-0.125;2.036939;1;Adaptation;15;1;;;;;
30.16;0;-0.125;5.814426;1;Adaptation;15;1;;;;;
30.18;-0.5;-0.5;5.604605;1;Adaptation;15;1;;;;;
30.2;-0.5;-0.5;3.605831;1;Adaptation;15;1;;;;;
30.22;-0.5;-0.5;2.035077;1;Adaptation;15;1;;;;;
30.24;0;0.25;4.723139;1;Adaptation;15;1;;;;;
30.26;-0.5;-0.5;2.519063;1;Adaptation;15;1;;;;;
30.28;0;0.25;3.051979;1;Adaptation;15;1;;;;;
30.3;0;0;2.664401;1;Adaptation;15;1;;;;;
30.32;-0.5;-0.5;5.509845;1;Adaptation;15;1;;;;;
30.34;-0.5;-0.5;5.669046;1;Adaptation;15;1;;;;;
30.36;-2;0;5.417076;1;Adaptation;15;1;;;;;
30.38;0;0;4.524777;1;Adaptation;15;1;;;;;
30.4;-0.5;-0.5;5.918158;1;Adaptation;15;1;;;;;
30.42;-0.5;-0.5;4.919778;1;Adaptation;15;1;;;;;
30.44;0;-0.25;4.899158;1;Adaptation;15;1;;;;;
30.46;-0.5;-0.5;2.957744;1;Adaptation;15;1;;;;;
30.48;-0.5;-0.5;4.679195;1;Adaptation;15;1;;;;;
30.5;-0.5;-0.5;2.809505;1;Adaptation;15;1;;;;;
30.52;-0.5;-0.5;3.612531;1;Adaptation;15;1;;;;;
30.54;-0.5;-0.5;2.19799;1;Adaptation;15;1;;;;;
30.56;-0.5;-0.5;4.083591;1;Adaptation;15;1;;;;;
30.58;0;-0.125;3.663431;1;Adaptation;15;1;;;;;
30.6;-0.5;-0.5;4.321273;1;Adaptation;15;1;;;;;
30.62;-0.5;-0.5;4.827861;1;Adaptation;15;1;;;;;
30.64;-0.5;-0.5;3.635648;1;Adaptation;15;1;;;;;
30.66;-0.5;-0.5;3.578943;1;Adaptation;15;1;;;;;
30.68;-0.5;-0.5;5.774168;1;Adaptation;15;1;;;;;
30.7;-0.5;-0.5;5.079609;1;Adaptation;15;1;;;;;
30.72;-0.5;-0.5;3.541304;1;Adaptation;15;1;;;;;
30.74;-0.5;-0.5;4.099782;1;Adaptation;15;1;;;;;
30.76;-0.5;-0.5;5.416968;1;Adaptation;15;1;;;;;
30.78;-0.5;-0.5;2.541745;1;Adaptation;15;1;;;;;
30.8;0;0.125;4.428708;1;Adaptation;15;1;;;;;
30.82;-0.5;-0.5;2.058619;1;Adaptation;15;1;;;;;
30.84;-0.5;-0.5;5.648899;1;Adaptation;15;1;;;;;
30.86;-0.5;-0.5;5.246313;1;Adaptation;15;1;;;;;
30.88;-0.5;-0.5;5.050439;1;Adaptation;15;1;;;;;
30.9;-0.5;-0.5;3.333378;1;Adaptation;15;1;;;;;
30.92;0;0.25;4.891515;1;Adaptation;15;1;;;;;
30.94;-0.5;-0.5;5.479579;1;Adaptation;15;1;;;;;
30.96;0;-0.125;4.301234;1;Adaptation;15;1;;;;;
30.98;-0.5;-0.5;2.989097;1;Adaptation;15;1;;;;;
31;-0.5;-0.5;4.420403;1;Adaptation;15;1;;;;;
31.02;0;0.125;4.425131;1;Adaptation;15;1;;;;;
31.04;-0.5;-0.5;3.824366;1;Adaptation;15;1;;;;;
31.06;-0.5;-0.5;5.77121;1;Adaptation;15;1;;;;;
31.08;-2;0.125;3.745935;1;Adaptation;15;1;;;;;
31.1;-0.5;-0.5;4.418781;1;Adaptation;15;1;;;;;
31.12;-0.5;-0.5;3.378188;1;Adaptation;15;1;;;;;
31.14;0;-0.125;4.629311;1;Adaptation;15;1;;;;;
31.16;-0.5;-0.5;3.335643;1;Adaptation;15;1;;;;;
31.18;-0.5;-0.5;3.640762;1;Adaptation;15;1;;;;;
31.2;-2;0;5.720373;1;Adaptation;15;1;;;;;
31.22;0;0.125;3.259967;1;Adaptation;15;1;;;;;
31.24;-0.5;-0.5;3.446376;1;Adaptation;15;1;;;;;
31.26;-0.5;-0.5;2.684597;1;Adaptation;15;1;;;;;
31.28;0;0.25;2.829155;1;Adaptation;15;1;;;;;
31.3;-0.5;-0.5;5.866456;1;Adaptation;15;1;;;;;
31.32;-0.5;-0.5;4.569751;1;Adaptation;15;1;;;;;
31.34;-0.5;-0.5;5.748595;1;Adaptation;15;1;;;;;
31.36;0;0;5.599296;1;Adaptation;15;1;;;;;
31.38;-2;0;3.63003;1;Adaptation;15;1;;;;;
31.4;-0.5;-0.5;3.481462;1;Adaptation;15;1;;;;;
31.42;4;0;2.76545;1;Adaptation;15;1;;;;;
31.44;0;0;2.897761;1;Adaptation;15;1;;;;;
31.46;0;-0.125;4.036064;1;Adaptation;15;1;;;;;
31.48;-0.5;-0.5;5.058283;1;Adaptation;15;1;;;;;
31.5;-0.5;-0.5;3.029282;1;Adaptation;15;1;;;;;
31.52;2;0;4.985811;1;Adaptation;15;1;;;;;
31.54;2;-0.125;3.725283;1;Adaptation;15;1;;;;;
31.56;-0.5;-0.5;4.67785;1;Adaptation;15;1;;;;;
31.58;-0.5;-0.5;2.29864;1;Adaptation;15;1;;;;;
31.6;-0.5;-0.5;5.808949;1;Adaptation;15;1;;;;;
31.62;-0.5;-0.5;4.706064;1;Adaptation;15;1;;;;;
31.64;-0.5;-0.5;3.176421;1;Adaptation;15;1;;;;;
31.66;-0.5;-0.5;4.870528;1;Adaptation;15;1;;;;;
31.68;0;0.125;3.02681;1;Adaptation;15;1;;;;;
31.7;-0.5;-0.5;5.175902;1;Adaptation;15;1;;;;;
31.72;2;-0.125;2.001406;1;Adaptation;15;1;;;;;
31.74;0;0;5.409344;1;Adaptation;15;1;;;;;
31.76;-0.5;-0.5;3.924713;1;Adaptation;15;1;;;;;
;;;;;;;;;;;;
