time;pos_x_right;pos_y_right;dil_right;pos_x_left;pos_y_left;dil_left;brightness;state;fov;trial;;
0;-0.5;-0.5;5.511674;1;Adaptation;15;1;;;;;
0.02;-0.5;-0.5;2.10825;1;Adaptation;15;1;;;;;
0.04;-0.5;-0.5;3.013198;1;Adaptation;15;1;;;;;
0.06;-0.5;-0.5;3.174935;1;Adaptation;15;1;;;;;
0.08;-0.5;-0.5;2.948157;1;Adaptation;15;1;;;;;
0.09999999;-0.5;-0.5;2.610825;1;Adaptation;15;1;;;;;
0.12;-0.5;-0.5;3.194364;1;Adaptation;15;1;;;;;
0.14;-0.5;-0.5;2.774909;1;Adaptation;15;1;;;;;
0.16;-0.5;-0.5;4.062205;1;Adaptation;15;1;;;;;
0.18;-0.5;-0.5;5.160773;1;Adaptation;15;1;;;;;
0.2;-0.5;-0.5;4.627248;1;Adaptation;15;1;;;;;
0.22;-0.5;-0.5;2.614563;1;Adaptation;15;1;;;;;
0.24;-0.5;-0.5;2.720968;1;Adaptation;15;1;;;;;
0.26;-0.5;-0.5;2.976348;1;Adaptation;15;1;;;;;
0.28;-0.5;-0.5;5.424699;1;Adaptation;15;1;;;;;
0.3;-0.5;-0.5;4.019434;1;Adaptation;15;1;;;;;
0.32;-0.5;-0.5;2.771408;1;Adaptation;15;1;;;;;
0.34;-0.5;-0.5;2.012845;1;Adaptation;15;1;;;;;
0.36;-0.5;-0.5;3.011818;1;Adaptation;15;1;;;;;
0.38;0;-0.125;4.756926;1;Adaptation;15;1;;;;;
0.4;-0.5;-0.5;3.972212;1;Adaptation;15;1;;;;;
0.42;-0.5;-0.5;4.652819;1;Adaptation;15;1;;;;;
0.44;-0.5;-0.5;5.494667;1;Adaptation;15;1;;;;;
0.46;0;0;2.502247;1;Adaptation;15;1;;;;;
0.48;-0.5;-0.5;4.748578;1;Adaptation;15;1;;;;;
0.5;-0.5;-0.5;2.458986;1;Adaptation;15;1;;;;;
0.52;-0.5;-0.5;2.204443;1;Adaptation;15;1;;;;;
0.54;-0.5;-0.5;4.232584;1;Adaptation;15;1;;;;;
0.56;0;-0.125;5.197312;1;Adaptation;15;1;;;;;
0.58;-0.5;-0.5;4.669782;1;Adaptation;15;1;;;;;
0.6;2;-0.125;4.481741;1;Adaptation;15;1;;;;;
0.62;-0.5;-0.5;3.122209;1;Adaptation;15;1;;;;;
0.64;-0.5;-0.5;5.30056;1;Adaptation;15;1;;;;;
0.66;-0.5;-0.5;3.164947;1;Adaptation;15;1;;;;;
0.68;-0.5;-0.5;4.724931;1;Adaptation;15;1;;;;;
0.7;-0.5;-0.5;5.642194;1;Adaptation;15;1;;;;;
0.72;-0.5;-0.5;3.533685;1;Adaptation;15;1;;;;;
0.74;2;0.125;3.710315;1;Adaptation;15;1;;;;;
0.76;-0.5;-0.5;4.300786;1;Adaptation;15;1;;;;;
0.78;-0.5;-0.5;2.607704;1;Adaptation;15;1;;;;;
0.8;-2;0.25;4.246951;1;Adaptation;15;1;;;;;
0.82;-2;0.25;5.730421;1;Adaptation;15;1;;;;;
0.84;-2;0.125;2.244138;1;Adaptation;15;1;;;;;
0.86;-0.5;-0.5;2.664966;1;Adaptation;15;1;;;;;
0.88;-0.5;-0.5;5.719603;1;Adaptation;15;1;;;;;
0.9;0;-0.25;4.804556;1;Adaptation;15;1;;;;;
0.92;-0.5;-0.5;5.260286;1;Adaptation;15;1;;;;;
0.94;-0.5;-0.5;4.094846;1;Adaptation;15;1;;;;;
0.96;2;-0.25;4.193133;1;Adaptation;15;1;;;;;
0.98;-0.5;-0.5;4.017867;1;Adaptation;15;1;;;;;
1;-0.5;-0.5;2.006953;1;Adaptation;15;1;;;;;
1.02;-0.5;-0.5;4.48008;1;Adaptation;15;1;;;;;
1.04;2;0.125;5.843899;1;Adaptation;15;1;;;;;
1.06;0;0;2.208861;1;Adaptation;15;1;;;;;
1.08;-0.5;-0.5;3.332196;1;Adaptation;15;1;;;;;
1.1;-0.5;-0.5;3.277375;1;Adaptation;15;1;;;;;
1.12;-0.5;-0.5;4.814328;1;Adaptation;15;1;;;;;
1.14;-0.5;-0.5;5.322097;1;Adaptation;15;1;;;;;
1.16;-0.5;-0.5;2.031814;1;Adaptation;15;1;;;;;
1.18;-0.5;-0.5;2.00881;1;Adaptation;15;1;;;;;
1.2;-0.5;-0.5;5.559887;1;Adaptation;15;1;;;;;
1.22;0;0.25;4.959752;1;Adaptation;15;1;;;;;
1.24;-0.5;-0.5;2.119749;1;Adaptation;15;1;;;;;
1.26;-0.5;-0.5;4.951868;1;Adaptation;15;1;;;;;
1.28;-0.5;-0.5;3.586726;1;Adaptation;15;1;;;;;
1.3;-0.5;-0.5;5.05309;1;Adaptation;15;1;;;;;
1.32;-0.5;-0.5;2.770747;1;Adaptation;15;1;;;;;
1.34;0;0;2.926581;1;Adaptation;15;1;;;;;
1.36;-0.5;-0.5;3.427965;1;Adaptation;15;1;;;;;
1.38;-0.5;-0.5;4.803306;1;Adaptation;15;1;;;;;
1.4;-0.5;-0.5;5.021075;1;Adaptation;15;1;;;;;
1.42;-0.5;-0.5;5.47627;1;Adaptation;15;1;;;;;
1.44;-0.5;-0.5;4.45368;1;Adaptation;15;1;;;;;
1.46;-0.5;-0.5;2.163836;1;Adaptation;15;1;;;;;
1.48;0;-0.25;2.70366;1;Adaptation;15;1;;;;;
1.5;-0.5;-0.5;5.566079;1;Adaptation;15;1;;;;;
1.52;-0.5;-0.5;2.09748;1;Adaptation;15;1;;;;;
1.54;0;0;5.790842;1;Adaptation;15;1;;;;;
1.56;-0.5;-0.5;5.720633;1;Adaptation;15;1;;;;;
1.58;-0.5;-0.5;5.837922;1;Adaptation;15;1;;;;;
1.6;0;0.375;5.593209;1;Adaptation;15;1;;;;;
1.62;-0.5;-0.5;5.719303;1;Adaptation;15;1;;;;;
1.64;-0.5;-0.5;2.466769;1;Adaptation;15;1;;;;;
1.66;-0.5;-0.5;3.933368;1;Adaptation;15;1;;;;;
1.68;-0.5;-0.5;5.196573;1;Adaptation;15;1;;;;;
1.7;2;0.125;3.857047;1;Adaptation;15;1;;;;;
1.72;-0.5;-0.5;5.426895;1;Adaptation;15;1;;;;;
1.74;-0.5;-0.5;2.317672;1;Adaptation;15;1;;;;;
1.76;-0.5;-0.5;5.136223;1;Adaptation;15;1;;;;;
1.78;-0.5;-0.5;4.744209;1;Adaptation;15;1;;;;;
1.8;-2;-0.125;3.47259;1;Adaptation;15;1;;;;;
1.82;-0.5;-0.5;5.498986;1;Adaptation;15;1;;;;;
1.84;-0.5;-0.5;2.223166;1;Adaptation;15;1;;;;;
1.86;-0.5;-0.5;5.09518;1;Adaptation;15;1;;;;;
1.88;-0.5;-0.5;3.705848;1;Adaptation;15;1;;;;;
1.9;-0.5;-0.5;5.551139;1;Adaptation;15;1;;;;;
1.92;-0.5;-0.5;2.99134;1;Adaptation;15;1;;;;;
1.94;0;-0.125;4.294502;1;Adaptation;15;1;;;;;
1.96;-0.5;-0.5;4.354186;1;Adaptation;15;1;;;;;
1.98;-0.5;-0.5;5.287855;1;Adaptation;15;1;;;;;
2;-0.5;-0.5;5.17716;1;Adaptation;15;1;;;;;
2.02;-0.5;-0.5;2.972484;1;Adaptation;15;1;;;;;
2.04;-0.5;-0.5;4.279371;1;Adaptation;15;1;;;;;
2.06;0;0;2.325816;1;Adaptation;15;1;;;;;
2.08;-0.5;-0.5;2.087471;1;Adaptation;15;1;;;;;
2.1;-2;-0.125;2.692596;1;Adaptation;15;1;;;;;
2.12;2;-0.125;4.203279;1;Adaptation;15;1;;;;;
2.14;-0.5;-0.5;5.164411;1;Adaptation;15;1;;;;;
2.16;-0.5;-0.5;5.157408;1;Adaptation;15;1;;;;;
2.18;0;0;5.451926;1;Adaptation;15;1;;;;;
2.2;0;-0.125;2.147568;1;Adaptation;15;1;;;;;
2.22;-2;0.125;4.021533;1;Adaptation;15;1;;;;;
2.24;0;-0.25;2.853352;1;Adaptation;15;1;;;;;
2.26;-0.5;-0.5;2.446406;1;Adaptation;15;1;;;;;
2.28;0;0.125;3.999403;1;Adaptation;15;1;;;;;
2.3;2;0.125;2.362862;1;Adaptation;15;1;;;;;
2.32;-0.5;-0.5;3.39775;1;Adaptation;15;1;;;;;
2.34;-0.5;-0.5;5.382288;1;Adaptation;15;1;;;;;
2.36;-0.5;-0.5;2.440976;1;Adaptation;15;1;;;;;
2.38;2;0;2.649441;1;Adaptation;15;1;;;;;
2.4;-0.5;-0.5;4.449755;1;Adaptation;15;1;;;;;
2.42;-0.5;-0.5;5.790284;1;Adaptation;15;1;;;;;
2.44;-0.5;-0.5;3.469618;1;Adaptation;15;1;;;;;
2.46;-0.5;-0.5;3.426419;1;Adaptation;15;1;;;;;
2.48;-0.5;-0.5;2.836937;1;Adaptation;15;1;;;;;
2.5;-0.5;-0.5;2.100562;1;Adaptation;15;1;;;;;
2.52;-2;-0.125;2.380372;1;Adaptation;15;1;;;;;
2.54;-0.5;-0.5;2.871721;1;Adaptation;15;1;;;;;
2.56;0;0.125;3.279047;1;Adaptation;15;1;;;;;
2.58;-0.5;-0.5;2.723223;1;Adaptation;15;1;;;;;
2.6;-0.5;-0.5;3.742119;1;Adaptation;15;1;;;;;
2.62;0;-0.125;3.060731;1;Adaptation;15;1;;;;;
2.64;-2;0;5.076064;1;Adaptation;15;1;;;;;
2.66;-0.5;-0.5;4.245332;1;Adaptation;15;1;;;;;
2.68;0;0;2.173044;1;Adaptation;15;1;;;;;
2.7;-0.5;-0.5;3.438977;1;Adaptation;15;1;;;;;
2.72;-0.5;-0.5;4.837195;1;Adaptation;15;1;;;;;
2.74;0;0.125;2.209782;1;Adaptation;15;1;;;;;
2.76;0;0.25;4.924463;1;Adaptation;15;1;;;;;
2.78;-0.5;-0.5;3.410243;1;Adaptation;15;1;;;;;
2.8;-0.5;-0.5;2.762898;1;Adaptation;15;1;;;;;
2.82;0;0;4.032524;1;Adaptation;15;1;;;;;
2.84;0;0;2.915887;1;Adaptation;15;1;;;;;
2.86;-0.5;-0.5;2.587232;1;Adaptation;15;1;;;;;
2.88;-0.5;-0.5;3.576666;1;Adaptation;15;1;;;;;
2.9;-2;-0.125;4.454799;1;Adaptation;15;1;;;;;
2.92;-0.5;-0.5;4.808769;1;Adaptation;15;1;;;;;
2.94;-0.5;-0.5;2.30775;1;Adaptation;15;1;;;;;
2.96;-0.5;-0.5;5.836008;1;Adaptation;15;1;;;;;
2.98;2;-0.25;5.676598;1;Adaptation;15;1;;;;;
3;-0.5;-0.5;2.11522;1;Adaptation;15;1;;;;;
3.02;-0.5;-0.5;3.484831;1;Adaptation;15;1;;;;;
3.04;-0.5;-0.5;3.600756;1;Adaptation;15;1;;;;;
3.06;-0.5;-0.5;3.035135;1;Adaptation;15;1;;;;;
3.08;-0.5;-0.5;2.1573;1;Adaptation;15;1;;;;;
3.1;-0.5;-0.5;3.040937;1;Adaptation;15;1;;;;;
3.12;2;0;3.646861;1;Adaptation;15;1;;;;;
3.14;-0.5;-0.5;5.995193;1;Adaptation;15;1;;;;;
3.16;-0.5;-0.5;5.236038;1;Adaptation;15;1;;;;;
3.18;-0.5;-0.5;4.495328;1;Adaptation;15;1;;;;;
3.2;-0.5;-0.5;2.889996;1;Adaptation;15;1;;;;;
3.22;-0.5;-0.5;4.456688;1;Adaptation;15;1;;;;;
3.24;-0.5;-0.5;3.045029;1;Adaptation;15;1;;;;;
3.26;0;0;4.355769;1;Adaptation;15;1;;;;;
3.28;-0.5;-0.5;5.7345;1;Adaptation;15;1;;;;;
3.3;0;-0.125;2.168952;1;Adaptation;15;1;;;;;
3.32;-0.5;-0.5;3.120273;1;Adaptation;15;1;;;;;
3.34;0;0.125;2.500154;1;Adaptation;15;1;;;;;
3.36;-0.5;-0.5;3.762771;1;Adaptation;15;1;;;;;
3.38;-0.5;-0.5;3.983985;1;Adaptation;15;1;;;;;
3.4;-0.5;-0.5;3.641971;1;Adaptation;15;1;;;;;
3.42;-0.5;-0.5;4.84972;1;Adaptation;15;1;;;;;
3.44;-0.5;-0.5;5.006778;1;Adaptation;15;1;;;;;
3.46;-0.5;-0.5;2.312238;1;Adaptation;15;1;;;;;
3.48;-0.5;-0.5;4.471859;1;Adaptation;15;1;;;;;
3.5;-0.5;-0.5;3.733243;1;Adaptation;15;1;;;;;
3.52;-0.5;-0.5;3.555294;1;Adaptation;15;1;;;;;
3.54;-2;0.125;5.70355;1;Adaptation;15;1;;;;;
3.56;-0.5;-0.5;5.724502;1;Adaptation;15;1;;;;;
3.58;-0.5;-0.5;5.556549;1;Adaptation;15;1;;;;;
3.6;0;0.25;4.677398;1;Adaptation;15;1;;;;;
3.62;-0.5;-0.5;5.826388;1;Adaptation;15;1;;;;;
3.64;-0.5;-0.5;4.255069;1;Adaptation;15;1;;;;;
3.66;0;-0.125;5.605585;1;Adaptation;15;1;;;;;
3.68;-0.5;-0.5;4.540351;1;Adaptation;15;1;;;;;
3.7;-0.5;-0.5;5.287387;1;Adaptation;15;1;;;;;
3.72;2;0;5.147558;1;Adaptation;15;1;;;;;
3.74;-0.5;-0.5;2.015653;1;Adaptation;15;1;;;;;
3.76;-0.5;-0.5;3.409451;1;Adaptation;15;1;;;;;
3.78;-0.5;-0.5;3.815249;1;Adaptation;15;1;;;;;
3.8;-0.5;-0.5;3.339183;1;Adaptation;15;1;;;;;
3.82;-0.5;-0.5;2.81164;1;Adaptation;15;1;;;;;
3.84;0;0.125;4.574265;1;Adaptation;15;1;;;;;
3.86;0;0;5.620478;1;Adaptation;15;1;;;;;
3.88;-0.5;-0.5;2.763398;1;Adaptation;15;1;;;;;
3.9;-0.5;-0.5;3.421229;1;Adaptation;15;1;;;;;
;;;;;;;;;;;;
