time;pos_x_right;pos_y_right;dil_right;pos_x_left;pos_y_left;dil_left;brightness;state;fov;trial;;
0;-0.5;-0.5;4.367865;1;Adaptation;15;1;;;;;
0.02;-0.5;-0.5;2.869062;1;Adaptation;15;1;;;;;
0.04;-0.5;-0.5;4.758871;1;Adaptation;15;1;;;;;
0.06;-0.5;-0.5;4.133157;1;Adaptation;15;1;;;;;
0.08;-0.5;-0.5;2.618518;1;Adaptation;15;1;;;;;
0.09999999;-0.5;-0.5;4.976127;1;Adaptation;15;1;;;;;
0.12;-0.5;-0.5;3.042497;1;Adaptation;15;1;;;;;
0.14;-0.5;-0.5;4.891584;1;Adaptation;15;1;;;;;
0.16;-0.5;-0.5;4.046401;1;Adaptation;15;1;;;;;
0.18;-0.5;-0.5;3.13364;1;Adaptation;15;1;;;;;
0.2;-0.5;-0.5;5.764654;1;Adaptation;15;1;;;;;
0.22;-0.5;-0.5;4.579137;1;Adaptation;15;1;;;;;
0.24;-0.5;-0.5;5.876785;1;Adaptation;15;1;;;;;
0.26;-0.5;-0.5;4.311439;1;Adaptation;15;1;;;;;
0.28;-0.5;-0.5;4.030875;1;Adaptation;15;1;;;;;
0.3;-0.5;-0.5;3.300542;1;Adaptation;15;1;;;;;
0.32;-0.5;-0.5;5.40489;1;Adaptation;15;1;;;;;
0.34;-0.5;-0.5;4.546321;1;Adaptation;15;1;;;;;
0.36;-0.5;-0.5;3.905972;1;Adaptation;15;1;;;;;
0.38;-0.5;-0.5;4.38726;1;Adaptation;15;1;;;;;
0.4;2;0.25;4.833814;1;Adaptation;15;1;;;;;
0.42;-0.5;-0.5;5.80853;1;Adaptation;15;1;;;;;
0.44;-0.5;-0.5;3.486969;1;Adaptation;15;1;;;;;
0.46;-0.5;-0.5;2.240136;1;Adaptation;15;1;;;;;
0.48;-0.5;-0.5;3.429025;1;Adaptation;15;1;;;;;
0.5;-0.5;-0.5;3.518463;1;Adaptation;15;1;;;;;
0.52;-0.5;-0.5;4.626819;1;Adaptation;15;1;;;;;
0.54;-0.5;-0.5;2.168174;1;Adaptation;15;1;;;;;
0.56;-2;-0.125;4.619284;1;Adaptation;15;1;;;;;
0.58;-0.5;-0.5;5.013743;1;Adaptation;15;1;;;;;
0.6;-2;0;4.572184;1;Adaptation;15;1;;;;;
0.62;-0.5;-0.5;5.447035;1;Adaptation;15;1;;;;;
0.64;-0.5;-0.5;2.79313;1;Adaptation;15;1;;;;;
0.66;0;0;2.115334;1;Adaptation;15;1;;;;;
0.68;2;0;4.774415;1;Adaptation;15;1;;;;;
0.7;-0.5;-0.5;3.033752;1;Adaptation;15;1;;;;;
0.72;-0.5;-0.5;5.255575;1;Adaptation;15;1;;;;;
0.74;-0.5;-0.5;3.481757;1;Adaptation;15;1;;;;;
0.76;-0.5;-0.5;4.758822;1;Adaptation;15;1;;;;;
0.78;-0.5;-0.5;5.658024;1;Adaptation;15;1;;;;;
0.8;-0.5;-0.5;2.07449;1;Adaptation;15;1;;;;;
0.82;-2;0.125;4.987931;1;Adaptation;15;1;;;;;
0.84;-0.5;-0.5;3.682878;1;Adaptation;15;1;;;;;
0.86;-0.5;-0.5;4.159953;1;Adaptation;15;1;;;;;
0.88;-0.5;-0.5;4.495098;1;Adaptation;15;1;;;;;
0.9;-0.5;-0.5;5.12008;1;Adaptation;15;1;;;;;
0.92;0;0.25;4.026743;1;Adaptation;15;1;;;;;
0.94;-0.5;-0.5;4.651275;1;Adaptation;15;1;;;;;
0.96;0;-0.25;3.974778;1;Adaptation;15;1;;;;;
0.98;-0.5;-0.5;4.905508;1;Adaptation;15;1;;;;;
1;-0.5;-0.5;2.912013;1;Adaptation;15;1;;;;;
1.02;-0.5;-0.5;5.208207;1;Adaptation;15;1;;;;;
1.04;-0.5;-0.5;4.154427;1;Adaptation;15;1;;;;;
1.06;0;0;4.841217;1;Adaptation;15;1;;;;;
1.08;-0.5;-0.5;3.172242;1;Adaptation;15;1;;;;;
1.1;0;0;4.841966;1;Adaptation;15;1;;;;;
1.12;-0.5;-0.5;4.325992;1;Adaptation;15;1;;;;;
1.14;-0.5;-0.5;3.121483;1;Adaptation;15;1;;;;;
1.16;-0.5;-0.5;2.359909;1;Adaptation;15;1;;;;;
1.18;-0.5;-0.5;4.650649;1;Adaptation;15;1;;;;;
1.2;0;0;3.474307;1;Adaptation;15;1;;;;;
1.22;0;0;3.080331;1;Adaptation;15;1;;;;;
1.24;-0.5;-0.5;5.196246;1;Adaptation;15;1;;;;;
1.26;2;0;4.175097;1;Adaptation;15;1;;;;;
1.28;-0.5;-0.5;4.647943;1;Adaptation;15;1;;;;;
1.3;-0.5;-0.5;3.320229;1;Adaptation;15;1;;;;;
1.32;-0.5;-0.5;3.149978;1;Adaptation;15;1;;;;;
1.34;-0.5;-0.5;3.231688;1;Adaptation;15;1;;;;;
1.36;-0.5;-0.5;5.96003;1;Adaptation;15;1;;;;;
1.38;-0.5;-0.5;5.464524;1;Adaptation;15;1;;;;;
1.4;-0.5;-0.5;2.939926;1;Adaptation;15;1;;;;;
1.42;0;0.125;2.395574;1;Adaptation;15;1;;;;;
1.44;2;-0.125;4.953815;1;Adaptation;15;1;;;;;
1.46;-0.5;-0.5;2.606826;1;Adaptation;15;1;;;;;
1.48;-0.5;-0.5;4.210572;1;Adaptation;15;1;;;;;
1.5;-0.5;-0.5;4.236859;1;Adaptation;15;1;;;;;
1.52;-0.5;-0.5;4.194371;1;Adaptation;15;1;;;;;
1.54;-0.5;-0.5;2.058605;1;Adaptation;15;1;;;;;
1.56;-0.5;-0.5;5.968512;1;Adaptation;15;1;;;;;
1.58;-0.5;-0.5;3.727071;1;Adaptation;15;1;;;;;
1.6;-0.5;-0.5;2.157327;1;Adaptation;15;1;;;;;
1.62;0;0;4.511799;1;Adaptation;15;1;;;;;
1.64;-0.5;-0.5;3.061675;1;Adaptation;15;1;;;;;
1.66;-0.5;-0.5;5.311755;1;Adaptation;15;1;;;;;
1.68;-2;-0.25;3.119088;1;Adaptation;15;1;;;;;
1.7;0;0;5.843202;1;Adaptation;15;1;;;;;
1.72;-0.5;-0.5;3.846805;1;Adaptation;15;1;;;;;
1.74;-0.5;-0.5;5.324979;1;Adaptation;15;1;;;;;
1.76;-0.5;-0.5;2.235832;1;Adaptation;15;1;;;;;
1.78;-0.5;-0.5;3.691053;1;Adaptation;15;1;;;;;
1.8;-0.5;-0.5;4.912986;1;Adaptation;15;1;;;;;
1.82;-0.5;-0.5;2.45271;1;Adaptation;15;1;;;;;
1.84;2;0.25;5.659482;1;Adaptation;15;1;;;;;
1.86;0;-0.375;2.851786;1;Adaptation;15;1;;;;;
1.88;-0.5;-0.5;5.629169;1;Adaptation;15;1;;;;;
1.9;-0.5;-0.5;3.250655;1;Adaptation;15;1;;;;;
1.92;2;0.25;2.273446;1;Adaptation;15;1;;;;;
1.94;-0.5;-0.5;5.636623;1;Adaptation;15;1;;;;;
1.96;-2;-0.125;4.913735;1;Adaptation;15;1;;;;;
1.98;-4;0.125;5.244688;1;Adaptation;15;1;;;;;
2;0;0.125;3.950712;1;Adaptation;15;1;;;;;
2.02;-0.5;-0.5;2.493085;1;Adaptation;15;1;;;;;
2.04;-0.5;-0.5;2.82785;1;Adaptation;15;1;;;;;
2.06;-0.5;-0.5;5.400908;1;Adaptation;15;1;;;;;
2.08;0;0.125;4.874966;1;Adaptation;15;1;;;;;
2.1;-0.5;-0.5;3.15622;1;Adaptation;15;1;;;;;
2.12;-0.5;-0.5;5.771358;1;Adaptation;15;1;;;;;
2.14;-0.5;-0.5;2.308111;1;Adaptation;15;1;;;;;
2.16;-0.5;-0.5;5.957553;1;Adaptation;15;1;;;;;
2.18;-0.5;-0.5;5.167047;1;Adaptation;15;1;;;;;
2.2;0;-0.25;2.159077;1;Adaptation;15;1;;;;;
2.22;-0.5;-0.5;3.900158;1;Adaptation;15;1;;;;;
2.24;-0.5;-0.5;4.499475;1;Adaptation;15;1;;;;;
2.26;-0.5;-0.5;4.937737;1;Adaptation;15;1;;;;;
2.28;2;0.125;5.427322;1;Adaptation;15;1;;;;;
2.3;-0.5;-0.5;5.528256;1;Adaptation;15;1;;;;;
2.32;-0.5;-0.5;2.872286;1;Adaptation;15;1;;;;;
2.34;-0.5;-0.5;2.057013;1;Adaptation;15;1;;;;;
2.36;-0.5;-0.5;4.801278;1;Adaptation;15;1;;;;;
2.38;-0.5;-0.5;3.931334;1;Adaptation;15;1;;;;;
2.4;-0.5;-0.5;3.596505;1;Adaptation;15;1;;;;;
2.42;0;-0.125;5.314088;1;Adaptation;15;1;;;;;
2.44;-0.5;-0.5;2.842809;1;Adaptation;15;1;;;;;
2.46;-0.5;-0.5;3.592947;1;Adaptation;15;1;;;;;
2.48;-0.5;-0.5;5.25106;1;Adaptation;15;1;;;;;
2.5;-0.5;-0.5;4.654954;1;Adaptation;15;1;;;;;
2.52;-0.5;-0.5;3.091717;1;Adaptation;15;1;;;;;
2.54;-0.5;-0.5;4.345007;1;Adaptation;15;1;;;;;
2.56;0;-0.125;2.003421;1;Adaptation;15;1;;;;;
2.58;-2;-0.125;2.446965;1;Adaptation;15;1;;;;;
2.6;-0.5;-0.5;3.769226;1;Adaptation;15;1;;;;;
2.62;-0.5;-0.5;4.671676;1;Adaptation;15;1;;;;;
2.64;0;0;3.897756;1;Adaptation;15;1;;;;;
2.66;-0.5;-0.5;2.903106;1;Adaptation;15;1;;;;;
2.68;-0.5;-0.5;3.318575;1;Adaptation;15;1;;;;;
2.7;-0.5;-0.5;3.953058;1;Adaptation;15;1;;;;;
2.72;-0.5;-0.5;5.045408;1;Adaptation;15;1;;;;;
2.74;-0.5;-0.5;4.517381;1;Adaptation;15;1;;;;;
2.76;-0.5;-0.5;2.917507;1;Adaptation;15;1;;;;;
2.78;-0.5;-0.5;2.576896;1;Adaptation;15;1;;;;;
2.8;-0.5;-0.5;2.950716;1;Adaptation;15;1;;;;;
2.82;-0.5;-0.5;2.989794;1;Adaptation;15;1;;;;;
2.84;-0.5;-0.5;4.513058;1;Adaptation;15;1;;;;;
2.86;-2;-0.25;4.161224;1;Adaptation;15;1;;;;;
2.88;-0.5;-0.5;5.908674;1;Adaptation;15;1;;;;;
2.9;-0.5;-0.5;4.947029;1;Adaptation;15;1;;;;;
2.92;-0.5;-0.5;2.624366;1;Adaptation;15;1;;;;;
2.94;-0.5;-0.5;3.174852;1;Adaptation;15;1;;;;;
2.96;-0.5;-0.5;3.84324;1;Adaptation;15;1;;;;;
2.98;-0.5;-0.5;3.524678;1;Adaptation;15;1;;;;;
3;-0.5;-0.5;2.620952;1;Adaptation;15;1;;;;;
3.02;0;-0.25;2.217831;1;Adaptation;15;1;;;;;
3.04;0;0;4.176013;1;Adaptation;15;1;;;;;
3.06;-0.5;-0.5;3.071834;1;Adaptation;15;1;;;;;
3.08;0;0;2.642684;1;Adaptation;15;1;;;;;
3.1;0;0;3.256447;1;Adaptation;15;1;;;;;
3.12;-0.5;-0.5;3.556351;1;Adaptation;15;1;;;;;
3.14;-0.5;-0.5;4.536702;1;Adaptation;15;1;;;;;
3.16;-0.5;-0.5;3.714216;1;Adaptation;15;1;;;;;
3.18;-0.5;-0.5;5.681967;1;Adaptation;15;1;;;;;
3.2;-0.5;-0.5;3.153144;1;Adaptation;15;1;;;;;
3.22;0;0;5.753652;1;Adaptation;15;1;;;;;
3.24;-0.5;-0.5;5.382453;1;Adaptation;15;1;;;;;
3.26;-0.5;-0.5;5.470222;1;Adaptation;15;1;;;;;
3.28;-0.5;-0.5;2.863895;1;Adaptation;15;1;;;;;
3.3;-0.5;-0.5;2.596088;1;Adaptation;15;1;;;;;
3.32;0;0.125;2.037169;1;Adaptation;15;1;;;;;
3.34;-0.5;-0.5;5.971323;1;Adaptation;15;1;;;;;
3.36;-0.5;-0.5;2.687631;1;Adaptation;15;1;;;;;
3.38;-0.5;-0.5;4.331898;1;Adaptation;15;1;;;;;
3.4;-0.5;-0.5;5.790915;1;Adaptation;15;1;;;;;
3.42;2;0.25;2.303603;1;Adaptation;15;1;;;;;
3.44;-0.5;-0.5;5.496007;1;Adaptation;15;1;;;;;
3.46;-0.5;-0.5;4.297235;1;Adaptation;15;1;;;;;
3.48;2;0.125;3.114155;1;Adaptation;15;1;;;;;
3.5;-0.5;-0.5;4.478657;1;Adaptation;15;1;;;;;
3.52;0;-0.125;4.587034;1;Adaptation;15;1;;;;;
3.54;-2;-0.125;2.955703;1;Adaptation;15;1;;;;;
3.56;-0.5;-0.5;5.635557;1;Adaptation;15;1;;;;;
3.58;-0.5;-0.5;2.342619;1;Adaptation;15;1;;;;;
3.6;-0.5;-0.5;2.150553;1;Adaptation;15;1;;;;;
3.62;-0.5;-0.5;3.511271;1;Adaptation;15;1;;;;;
3.64;-0.5;-0.5;2.929486;1;Adaptation;15;1;;;;;
3.66;-0.5;-0.5;5.34054;1;Adaptation;15;1;;;;;
3.68;-0.5;-0.5;2.581237;1;Adaptation;15;1;;;;;
3.7;-0.5;-0.5;5.654646;1;Adaptation;15;1;;;;;
3.72;-0.5;-0.5;4.734557;1;Adaptation;15;1;;;;;
3.74;0;-0.125;5.298005;1;Adaptation;15;1;;;;;
3.76;-0.5;-0.5;3.839423;1;Adaptation;15;1;;;;;
3.78;0;0;3.124279;1;Adaptation;15;1;;;;;
3.8;2;0.125;4.695612;1;Adaptation;15;1;;;;;
3.82;-0.5;-0.5;5.88588;1;Adaptation;15;1;;;;;
3.84;-0.5;-0.5;4.686148;1;Adaptation;15;1;;;;;
3.86;-0.5;-0.5;5.003114;1;Adaptation;15;1;;;;;
3.88;-0.5;-0.5;2.025406;1;Adaptation;15;1;;;;;
3.9;-0.5;-0.5;5.019294;1;Adaptation;15;1;;;;;
3.92;-0.5;-0.5;4.997051;1;Adaptation;15;1;;;;;
3.94;2;-0.25;3.353803;1;Adaptation;15;1;;;;;
3.96;2;-0.125;5.046181;1;Adaptation;15;1;;;;;
3.98;-0.5;-0.5;4.57749;1;Adaptation;15;1;;;;;
4;-0.5;-0.5;3.498924;1;Adaptation;15;1;;;;;
4.02;-0.5;-0.5;4.786663;1;Adaptation;15;1;;;;;
4.04;0;0.25;4.680869;1;Adaptation;15;1;;;;;
4.06;-0.5;-0.5;4.265966;1;Adaptation;15;1;;;;;
4.08;-0.5;-0.5;4.570017;1;Adaptation;15;1;;;;;
4.1;-0.5;-0.5;3.861529;1;Adaptation;15;1;;;;;
4.12;-0.5;-0.5;3.879009;1;Adaptation;15;1;;;;;
4.14;-0.5;-0.5;4.773108;1;Adaptation;15;1;;;;;
4.16;2;0.125;4.086524;1;Adaptation;15;1;;;;;
4.18;-0.5;-0.5;5.882178;1;Adaptation;15;1;;;;;
4.2;-0.5;-0.5;2.465415;1;Adaptation;15;1;;;;;
4.22;-0.5;-0.5;3.462028;1;Adaptation;15;1;;;;;
4.24;0;0;5.779682;1;Adaptation;15;1;;;;;
4.26;-0.5;-0.5;3.189851;1;Adaptation;15;1;;;;;
4.28;2;0;3.396631;1;Adaptation;15;1;;;;;
4.3;-0.5;-0.5;4.136319;1;Adaptation;15;1;;;;;
4.32;0;0;2.400067;1;Adaptation;15;1;;;;;
4.34;-0.5;-0.5;5.207229;1;Adaptation;15;1;;;;;
4.36;-0.5;-0.5;5.614232;1;Adaptation;15;1;;;;;
4.38;-0.5;-0.5;5.404148;1;Adaptation;15;1;;;;;
4.4;-0.5;-0.5;2.434825;1;Adaptation;15;1;;;;;
4.42;-0.5;-0.5;2.120121;1;Adaptation;15;1;;;;;
4.44;-0.5;-0.5;4.508191;1;Adaptation;15;1;;;;;
4.46;-0.5;-0.5;2.703764;1;Adaptation;15;1;;;;;
4.48;-0.5;-0.5;5.362232;1;Adaptation;15;1;;;;;
4.5;-0.5;-0.5;2.646532;1;Adaptation;15;1;;;;;
4.52;-0.5;-0.5;2.799217;1;Adaptation;15;1;;;;;
4.54;-0.5;-0.5;4.16616;1;Adaptation;15;1;;;;;
4.56;-0.5;-0.5;4.899818;1;Adaptation;15;1;;;;;
4.58;-0.5;-0.5;5.963295;1;Adaptation;15;1;;;;;
4.6;-0.5;-0.5;5.628674;1;Adaptation;15;1;;;;;
4.62;0;0;2.064793;1;Adaptation;15;1;;;;;
4.64;0;0.25;3.692818;1;Adaptation;15;1;;;;;
4.66;-0.5;-0.5;2.040997;1;Adaptation;15;1;;;;;
4.68;0;0.25;3.270491;1;Adaptation;15;1;;;;;
4.7;-0.5;-0.5;5.691058;1;Adaptation;15;1;;;;;
4.72;-0.5;-0.5;3.895551;1;Adaptation;15;1;;;;;
4.74;-0.5;-0.5;5.996377;1;Adaptation;15;1;;;;;
4.76;-0.5;-0.5;4.041273;1;Adaptation;15;1;;;;;
4.78;2;0.125;3.904184;1;Adaptation;15;1;;;;;
4.8;0;0;2.040357;1;Adaptation;15;1;;;;;
4.82;-0.5;-0.5;2.341544;1;Adaptation;15;1;;;;;
4.84;-0.5;-0.5;5.338237;1;Adaptation;15;1;;;;;
4.86;-0.5;-0.5;3.001725;1;Adaptation;15;1;;;;;
4.88;-0.5;-0.5;5.499701;1;Adaptation;15;1;;;;;
4.9;-0.5;-0.5;5.008006;1;Adaptation;15;1;;;;;
4.92;-0.5;-0.5;2.082468;1;Adaptation;15;1;;;;;
4.94;0;0.25;2.980498;1;Adaptation;15;1;;;;;
4.96;-0.5;-0.5;5.579445;1;Adaptation;15;1;;;;;
4.98;-2;-0.125;5.383739;1;Adaptation;15;1;;;;;
5;-0.5;-0.5;5.392726;1;Adaptation;15;1;;;;;
5.02;0;0.25;4.764004;1;Adaptation;15;1;;;;;
;;;;;;;;;;;;
