time;pos_x_right;pos_y_right;dil_right;pos_x_left;pos_y_left;dil_left;brightness;state;fov;trial;;
0;-0.5;-0.5;3.92184;1;Adaptation;15;1;;;;;
0.02;-0.5;-0.5;4.80768;1;Adaptation;15;1;;;;;
0.04;-0.5;-0.5;2.798183;1;Adaptation;15;1;;;;;
0.06;-0.5;-0.5;4.180512;1;Adaptation;15;1;;;;;
0.08;-0.5;-0.5;2.477542;1;Adaptation;15;1;;;;;
0.09999999;-0.5;-0.5;4.884766;1;Adaptation;15;1;;;;;
0.12;-0.5;-0.5;4.055803;1;Adaptation;15;1;;;;;
0.14;-0.5;-0.5;4.492381;1;Adaptation;15;1;;;;;
0.16;-0.5;-0.5;2.184826;1;Adaptation;15;1;;;;;
0.18;-0.5;-0.5;2.396309;1;Adaptation;15;1;;;;;
0.2;-0.5;-0.5;3.509883;1;Adaptation;15;1;;;;;
0.22;-0.5;-0.5;5.967686;1;Adaptation;15;1;;;;;
0.24;-0.5;-0.5;2.369813;1;Adaptation;15;1;;;;;
0.26;-0.5;-0.5;5.937648;1;Adaptation;15;1;;;;;
0.28;-0.5;-0.5;3.727987;1;Adaptation;15;1;;;;;
0.3;-0.5;-0.5;4.240764;1;Adaptation;15;1;;;;;
0.32;-0.5;-0.5;2.609824;1;Adaptation;15;1;;;;;
0.34;-0.5;-0.5;4.179253;1;Adaptation;15;1;;;;;
0.36;-0.5;-0.5;5.866005;1;Adaptation;15;1;;;;;
0.38;-0.5;-0.5;2.345275;1;Adaptation;15;1;;;;;
0.4;-0.5;-0.5;2.731465;1;Adaptation;15;1;;;;;
0.42;-0.5;-0.5;4.364652;1;Adaptation;15;1;;;;;
0.44;-0.5;-0.5;3.238223;1;Adaptation;15;1;;;;;
0.46;2;-0.125;4.335154;1;Adaptation;15;1;;;;;
0.48;-0.5;-0.5;2.959785;1;Adaptation;15;1;;;;;
0.5;-0.5;-0.5;4.075483;1;Adaptation;15;1;;;;;
0.52;-0.5;-0.5;4.381257;1;Adaptation;15;1;;;;;
0.54;0;-0.125;2.374385;1;Adaptation;15;1;;;;;
0.56;-0.5;-0.5;5.70077;1;Adaptation;15;1;;;;;
0.58;-0.5;-0.5;4.149497;1;Adaptation;15;1;;;;;
0.6;-0.5;-0.5;2.252783;1;Adaptation;15;1;;;;;
0.62;2;-0.125;3.755332;1;Adaptation;15;1;;;;;
0.64;-0.5;-0.5;3.559284;1;Adaptation;15;1;;;;;
0.66;-0.5;-0.5;4.870504;1;Adaptation;15;1;;;;;
0.68;-0.5;-0.5;3.984125;1;Adaptation;15;1;;;;;
0.7;-0.5;-0.5;2.390512;1;Adaptation;15;1;;;;;
0.72;-0.5;-0.5;5.791153;1;Adaptation;15;1;;;;;
0.74;-0.5;-0.5;3.271811;1;Adaptation;15;1;;;;;
0.76;2;-0.25;4.248589;1;Adaptation;15;1;;;;;
0.78;-0.5;-0.5;3.121274;1;Adaptation;15;1;;;;;
0.8;-2;0.25;3.305984;1;Adaptation;15;1;;;;;
0.82;-0.5;-0.5;4.056755;1;Adaptation;15;1;;;;;
0.84;-0.5;-0.5;2.061388;1;Adaptation;15;1;;;;;
0.86;0;0.125;5.362371;1;Adaptation;15;1;;;;;
0.88;2;-0.125;2.053117;1;Adaptation;15;1;;;;;
0.9;0;0.125;2.236532;1;Adaptation;15;1;;;;;
0.92;0;0;5.454213;1;Adaptation;15;1;;;;;
0.94;-0.5;-0.5;4.449821;1;Adaptation;15;1;;;;;
0.96;2;-0.125;3.001928;1;Adaptation;15;1;;;;;
0.98;-0.5;-0.5;2.584723;1;Adaptation;15;1;;;;;
1;-2;-0.125;3.560052;1;Adaptation;15;1;;;;;
1.02;-0.5;-0.5;5.740426;1;Adaptation;15;1;;;;;
1.04;-0.5;-0.5;3.464812;1;Adaptation;15;1;;;;;
1.06;0;0;2.300919;1;Adaptation;15;1;;;;;
1.08;4;-0.125;2.809627;1;Adaptation;15;1;;;;;
1.1;0;-0.25;2.651074;1;Adaptation;15;1;;;;;
1.12;0;0;2.270328;1;Adaptation;15;1;;;;;
1.14;-0.5;-0.5;4.372479;1;Adaptation;15;1;;;;;
1.16;-0.5;-0.5;3.710323;1;Adaptation;15;1;;;;;
1.18;2;0;5.718716;1;Adaptation;15;1;;;;;
1.2;2;0;4.433642;1;Adaptation;15;1;;;;;
1.22;-0.5;-0.5;5.385046;1;Adaptation;15;1;;;;;
1.24;0;-0.125;2.82662;1;Adaptation;15;1;;;;;
1.26;-0.5;-0.5;4.492568;1;Adaptation;15;1;;;;;
1.28;-0.5;-0.5;2.360338;1;Adaptation;15;1;;;;;
1.3;-0.5;-0.5;3.144737;1;Adaptation;15;1;;;;;
1.32;-0.5;-0.5;3.435738;1;Adaptation;15;1;;;;;
1.34;2;-0.25;2.499589;1;Adaptation;15;1;;;;;
1.36;2;0.125;5.318685;1;Adaptation;15;1;;;;;
1.38;-0.5;-0.5;5.821264;1;Adaptation;15;1;;;;;
1.4;-0.5;-0.5;3.615712;1;Adaptation;15;1;;;;;
1.42;-0.5;-0.5;5.496808;1;Adaptation;15;1;;;;;
1.44;-0.5;-0.5;2.670465;1;Adaptation;15;1;;;;;
1.46;-0.5;-0.5;5.863964;1;Adaptation;15;1;;;;;
1.48;0;0.25;4.53689;1;Adaptation;15;1;;;;;
1.5;-0.5;-0.5;5.24104;1;Adaptation;15;1;;;;;
1.52;-0.5;-0.5;4.545507;1;Adaptation;15;1;;;;;
1.54;2;-0.25;3.773093;1;Adaptation;15;1;;;;;
1.56;-0.5;-0.5;3.149253;1;Adaptation;15;1;;;;;
1.58;0;-0.25;4.898673;1;Adaptation;15;1;;;;;
1.6;-0.5;-0.5;4.235754;1;Adaptation;15;1;;;;;
1.62;-0.5;-0.5;5.322367;1;Adaptation;15;1;;;;;
1.64;-0.5;-0.5;2.760439;1;Adaptation;15;1;;;;;
1.66;-0.5;-0.5;4.439527;1;Adaptation;15;1;;;;;
1.68;-0.5;-0.5;4.013019;1;Adaptation;15;1;;;;;
1.7;2;-0.125;3.436803;1;Adaptation;15;1;;;;;
1.72;-0.5;-0.5;3.227305;1;Adaptation;15;1;;;;;
1.74;-0.5;-0.5;2.322461;1;Adaptation;15;1;;;;;
1.76;-0.5;-0.5;2.393792;1;Adaptation;15;1;;;;;
1.78;-2;0;3.316651;1;Adaptation;15;1;;;;;
1.8;-0.5;-0.5;5.675084;1;Adaptation;15;1;;;;;
1.82;2;0;4.936852;1;Adaptation;15;1;;;;;
1.84;-0.5;-0.5;5.891395;1;Adaptation;15;1;;;;;
1.86;-0.5;-0.5;2.889135;1;Adaptation;15;1;;;;;
1.88;-0.5;-0.5;2.313489;1;Adaptation;15;1;;;;;
1.9;-0.5;-0.5;5.594923;1;Adaptation;15;1;;;;;
1.92;-0.5;-0.5;4.300679;1;Adaptation;15;1;;;;;
1.94;-0.5;-0.5;5.40397;1;Adaptation;15;1;;;;;
1.96;-0.5;-0.5;2.886906;1;Adaptation;15;1;;;;;
1.98;-0.5;-0.5;3.558136;1;Adaptation;15;1;;;;;
2;-0.5;-0.5;2.126984;1;Adaptation;15;1;;;;;
2.02;-0.5;-0.5;4.179983;1;Adaptation;15;1;;;;;
2.04;-0.5;-0.5;5.175195;1;Adaptation;15;1;;;;;
2.06;-0.5;-0.5;4.716415;1;Adaptation;15;1;;;;;
2.08;-0.5;-0.5;4.630016;1;Adaptation;15;1;;;;;
2.1;-0.5;-0.5;2.108773;1;Adaptation;15;1;;;;;
2.12;-0.5;-0.5;2.604053;1;Adaptation;15;1;;;;;
2.14;-0.5;-0.5;5.724619;1;Adaptation;15;1;;;;;
2.16;0;0.375;5.371783;1;Adaptation;15;1;;;;;
2.18;-0.5;-0.5;4.248757;1;Adaptation;15;1;;;;;
2.2;-0.5;-0.5;5.065431;1;Adaptation;15;1;;;;;
2.22;-0.5;-0.5;3.348724;1;Adaptation;15;1;;;;;
2.24;0;-0.25;3.261401;1;Adaptation;15;1;;;;;
2.26;-0.5;-0.5;4.606392;1;Adaptation;15;1;;;;;
2.28;-0.5;-0.5;5.36085;1;Adaptation;15;1;;;;;
2.3;-2;0;2.250766;1;Adaptation;15;1;;;;;
2.32;2;0.125;3.439318;1;Adaptation;15;1;;;;;
2.34;-0.5;-0.5;4.148265;1;Adaptation;15;1;;;;;
2.36;-0.5;-0.5;2.810591;1;Adaptation;15;1;;;;;
2.38;-0.5;-0.5;5.117498;1;Adaptation;15;1;;;;;
2.4;-0.5;-0.5;4.988418;1;Adaptation;15;1;;;;;
2.42;-0.5;-0.5;5.018021;1;Adaptation;15;1;;;;;
2.44;-0.5;-0.5;4.723898;1;Adaptation;15;1;;;;;
2.46;-0.5;-0.5;4.51551;1;Adaptation;15;1;;;;;
2.48;0;-0.125;5.097899;1;Adaptation;15;1;;;;;
;;;;;;;;;;;;
