time;pos_x_right;pos_y_right;dil_right;pos_x_left;pos_y_left;dil_left;brightness;fov;trial;;
0;-0.5;-0.5;5.547011;1;15;1;;;;;
0.02;-0.5;-0.5;3.00031;1;15;1;;;;;
0.04;-0.5;-0.5;3.21936;1;15;1;;;;;
0.06;-0.5;-0.5;4.117559;1;15;1;;;;;
0.08;-0.5;-0.5;3.419007;1;15;1;;;;;
0.09999999;-0.5;-0.5;5.351177;1;15;1;;;;;
0.12;-0.5;-0.5;3.749305;1;15;1;;;;;
0.14;-0.5;-0.5;4.45624;1;15;1;;;;;
0.16;-0.5;-0.5;5.713668;1;15;1;;;;;
0.18;-0.5;-0.5;3.571771;1;15;1;;;;;
0.2;-0.5;-0.5;2.982371;1;15;1;;;;;
0.22;-0.5;-0.5;2.133885;1;15;1;;;;;
0.24;-0.5;-0.5;5.313047;1;15;1;;;;;
0.26;-0.5;-0.5;4.963877;1;15;1;;;;;
0.28;-0.5;-0.5;3.793793;1;15;1;;;;;
0.3;-0.5;-0.5;5.668037;1;15;1;;;;;
0.32;-0.5;-0.5;3.01083;1;15;1;;;;;
0.34;-0.5;-0.5;3.598016;1;15;1;;;;;
0.36;-0.5;-0.5;3.411751;1;15;1;;;;;
0.38;-0.5;-0.5;3.422683;1;15;1;;;;;
0.4;-0.5;-0.5;5.294887;1;15;1;;;;;
0.42;-0.5;-0.5;2.77239;1;15;1;;;;;
0.44;-0.5;-0.5;5.927434;1;15;1;;;;;
0.46;-0.5;-0.5;2.938269;1;15;1;;;;;
0.48;-0.5;-0.5;2.498102;1;15;1;;;;;
0.5;-0.5;-0.5;3.071976;1;15;1;;;;;
0.52;-0.5;-0.5;5.848304;1;15;1;;;;;
0.54;-0.5;-0.5;3.500983;1;15;1;;;;;
0.56;-0.5;-0.5;2.832203;1;15;1;;;;;
0.58;-0.5;-0.5;3.040534;1;15;1;;;;;
0.6;-0.5;-0.5;2.742347;1;15;1;;;;;
0.62;-0.5;-0.5;2.662563;1;15;1;;;;;
0.64;-0.5;-0.5;3.3307;1;15;1;;;;;
0.66;-0.5;-0.5;3.456062;1;15;1;;;;;
0.68;-0.5;-0.5;5.284397;1;15;1;;;;;
0.7;-0.5;-0.5;5.475431;1;15;1;;;;;
0.72;-0.5;-0.5;5.989748;1;15;1;;;;;
0.74;-0.5;-0.5;4.296351;1;15;1;;;;;
0.76;-0.5;-0.5;4.65513;1;15;1;;;;;
0.78;-0.5;-0.5;2.373963;1;15;1;;;;;
0.8;-0.5;-0.5;4.992976;1;15;1;;;;;
0.82;-0.5;-0.5;4.629768;1;15;1;;;;;
0.84;-0.5;-0.5;5.380551;1;15;1;;;;;
0.86;-0.5;-0.5;5.41072;1;15;1;;;;;
0.88;-0.5;-0.5;2.587547;1;15;1;;;;;
0.9;-0.5;-0.5;3.407893;1;15;1;;;;;
0.92;-0.5;-0.5;4.034188;1;15;1;;;;;
0.94;-0.5;-0.5;4.509814;1;15;1;;;;;
0.96;-0.5;-0.5;2.728759;1;15;1;;;;;
0.98;-0.5;-0.5;4.754819;1;15;1;;;;;
1;-0.5;-0.5;2.274006;1;15;1;;;;;
1.02;-0.5;-0.5;3.092079;1;15;1;;;;;
1.04;-0.5;-0.5;2.615738;1;15;1;;;;;
1.06;-0.5;-0.5;5.180106;1;15;1;;;;;
1.08;-0.5;-0.5;4.657097;1;15;1;;;;;
1.1;-0.5;-0.5;5.506589;1;15;1;;;;;
1.12;-0.5;-0.5;3.480927;1;15;1;;;;;
1.14;-0.5;-0.5;4.847888;1;15;1;;;;;
1.16;-0.5;-0.5;3.287341;1;15;1;;;;;
1.18;-0.5;-0.5;2.062599;1;15;1;;;;;
1.2;-0.5;-0.5;3.735625;1;15;1;;;;;
1.22;-0.5;-0.5;5.477718;1;15;1;;;;;
1.24;-0.5;-0.5;2.96292;1;15;1;;;;;
1.26;-0.5;-0.5;4.263929;1;15;1;;;;;
1.28;-0.5;-0.5;2.536222;1;15;1;;;;;
1.3;-0.5;-0.5;3.851641;1;15;1;;;;;
1.32;-0.5;-0.5;2.118966;1;15;1;;;;;
1.34;-0.5;-0.5;4.233037;1;15;1;;;;;
1.36;-0.5;-0.5;3.344168;1;15;1;;;;;
1.38;-0.5;-0.5;3.318799;1;15;1;;;;;
1.4;-0.5;-0.5;2.15747;1;15;1;;;;;
1.42;-0.5;-0.5;4.796286;1;15;1;;;;;
1.44;-0.5;-0.5;2.806047;1;15;1;;;;;
1.46;-0.5;-0.5;3.015794;1;15;1;;;;;
1.48;-0.5;-0.5;2.834769;1;15;1;;;;;
1.5;-0.5;-0.5;4.026804;1;15;1;;;;;
1.52;-0.5;-0.5;3.64087;1;15;1;;;;;
1.54;-0.5;-0.5;2.802995;1;15;1;;;;;
1.56;-0.5;-0.5;3.148399;1;15;1;;;;;
1.58;-0.5;-0.5;3.23973;1;15;1;;;;;
1.6;-0.5;-0.5;4.433491;1;15;1;;;;;
1.62;-0.5;-0.5;4.222233;1;15;1;;;;;
1.64;-0.5;-0.5;3.689014;1;15;1;;;;;
1.66;-0.5;-0.5;4.457332;1;15;1;;;;;
1.68;-0.5;-0.5;5.714507;1;15;1;;;;;
1.7;-0.5;-0.5;3.618321;1;15;1;;;;;
1.72;-0.5;-0.5;3.963774;1;15;1;;;;;
1.74;-0.5;-0.5;4.407108;1;15;1;;;;;
1.76;-0.5;-0.5;2.645349;1;15;1;;;;;
1.78;-0.5;-0.5;5.954226;1;15;1;;;;;
1.8;-0.5;-0.5;5.054439;1;15;1;;;;;
1.82;-0.5;-0.5;5.058323;1;15;1;;;;;
1.84;-0.5;-0.5;3.053517;1;15;1;;;;;
1.86;-0.5;-0.5;2.859342;1;15;1;;;;;
1.88;-0.5;-0.5;5.782127;1;15;1;;;;;
1.9;-0.5;-0.5;2.974693;1;15;1;;;;;
1.92;-0.5;-0.5;2.412688;1;15;1;;;;;
1.94;-0.5;-0.5;3.493101;1;15;1;;;;;
1.96;-0.5;-0.5;3.367539;1;15;1;;;;;
1.98;-0.5;-0.5;3.309127;1;15;1;;;;;
2;-0.5;-0.5;4.634045;1;15;1;;;;;
2.02;-0.5;-0.5;4.220133;1;15;1;;;;;
2.04;-0.5;-0.5;2.438377;1;15;1;;;;;
2.06;-0.5;-0.5;3.609272;1;15;1;;;;;
2.08;-0.5;-0.5;5.54641;1;15;1;;;;;
2.1;-0.5;-0.5;3.591731;1;15;1;;;;;
2.12;-0.5;-0.5;4.553418;1;15;1;;;;;
2.14;-0.5;-0.5;5.25326;1;15;1;;;;;
2.16;-0.5;-0.5;2.574158;1;15;1;;;;;
2.18;-0.5;-0.5;3.842849;1;15;1;;;;;
2.2;-0.5;-0.5;4.196696;1;15;1;;;;;
2.22;-0.5;-0.5;5.203256;1;15;1;;;;;
2.24;-0.5;-0.5;3.825589;1;15;1;;;;;
2.26;-0.5;-0.5;2.187208;1;15;1;;;;;
2.28;-0.5;-0.5;3.411321;1;15;1;;;;;
2.3;-0.5;-0.5;2.160335;1;15;1;;;;;
2.32;-0.5;-0.5;5.274787;1;15;1;;;;;
2.34;-0.5;-0.5;2.850222;1;15;1;;;;;
2.36;-0.5;-0.5;2.218152;1;15;1;;;;;
2.38;-0.5;-0.5;3.22449;1;15;1;;;;;
2.4;-0.5;-0.5;4.987701;1;15;1;;;;;
2.42;-0.5;-0.5;2.794264;1;15;1;;;;;
2.44;-0.5;-0.5;5.588768;1;15;1;;;;;
2.46;-0.5;-0.5;5.757343;1;15;1;;;;;
2.48;-0.5;-0.5;3.898277;1;15;1;;;;;
2.5;-0.5;-0.5;3.695679;1;15;1;;;;;
2.52;-0.5;-0.5;2.686185;1;15;1;;;;;
2.54;-0.5;-0.5;3.304408;1;15;1;;;;;
2.56;-0.5;-0.5;4.716126;1;15;1;;;;;
2.58;-0.5;-0.5;3.39384;1;15;1;;;;;
2.6;-0.5;-0.5;5.585274;1;15;1;;;;;
2.62;-0.5;-0.5;2.200994;1;15;1;;;;;
2.64;-0.5;-0.5;4.506441;1;15;1;;;;;
2.66;-0.5;-0.5;4.154613;1;15;1;;;;;
2.68;-0.5;-0.5;2.255439;1;15;1;;;;;
2.7;-0.5;-0.5;4.225655;1;15;1;;;;;
2.72;-0.5;-0.5;4.610044;1;15;1;;;;;
2.74;-0.5;-0.5;5.378747;1;15;1;;;;;
2.76;-0.5;-0.5;2.103109;1;15;1;;;;;
2.78;-0.5;-0.5;4.116952;1;15;1;;;;;
2.8;-0.5;-0.5;3.440131;1;15;1;;;;;
2.82;-0.5;-0.5;4.016108;1;15;1;;;;;
2.84;-0.5;-0.5;3.871749;1;15;1;;;;;
2.86;-0.5;-0.5;4.502943;1;15;1;;;;;
2.88;-0.5;-0.5;2.481992;1;15;1;;;;;
2.9;-0.5;-0.5;3.487307;1;15;1;;;;;
2.92;-0.5;-0.5;5.197967;1;15;1;;;;;
2.94;-0.5;-0.5;2.996658;1;15;1;;;;;
2.96;-0.5;-0.5;4.459275;1;15;1;;;;;
2.98;-0.5;-0.5;5.900994;1;15;1;;;;;
3;-0.5;-0.5;2.578012;1;15;1;;;;;
3.02;-0.5;-0.5;3.695902;1;15;1;;;;;
3.04;-0.5;-0.5;5.244835;1;15;1;;;;;
3.06;-0.5;-0.5;4.842059;1;15;1;;;;;
3.08;-0.5;-0.5;5.993563;1;15;1;;;;;
3.1;-0.5;-0.5;2.034902;1;15;1;;;;;
3.12;-0.5;-0.5;4.153794;1;15;1;;;;;
3.14;-0.5;-0.5;2.218033;1;15;1;;;;;
3.16;-0.5;-0.5;4.868081;1;15;1;;;;;
3.18;-0.5;-0.5;4.585096;1;15;1;;;;;
3.2;-0.5;-0.5;4.064441;1;15;1;;;;;
3.22;-0.5;-0.5;2.639066;1;15;1;;;;;
3.24;-0.5;-0.5;3.88675;1;15;1;;;;;
3.26;-0.5;-0.5;2.219196;1;15;1;;;;;
3.28;-0.5;-0.5;3.697572;1;15;1;;;;;
3.3;-0.5;-0.5;4.765132;1;15;1;;;;;
3.32;-0.5;-0.5;5.065589;1;15;1;;;;;
3.34;-0.5;-0.5;2.156709;1;15;1;;;;;
3.36;-0.5;-0.5;4.561734;1;15;1;;;;;
3.38;-0.5;-0.5;3.233245;1;15;1;;;;;
3.4;-0.5;-0.5;3.713134;1;15;1;;;;;
3.42;-0.5;-0.5;3.151733;1;15;1;;;;;
3.44;-0.5;-0.5;2.040113;1;15;1;;;;;
3.46;-0.5;-0.5;4.395832;1;15;1;;;;;
3.48;-0.5;-0.5;2.042488;1;15;1;;;;;
3.5;-0.5;-0.5;2.428248;1;15;1;;;;;
3.52;-0.5;-0.5;5.319695;1;15;1;;;;;
3.54;-0.5;-0.5;4.297686;1;15;1;;;;;
3.56;-0.5;-0.5;5.245679;1;15;1;;;;;
3.58;-0.5;-0.5;3.383325;1;15;1;;;;;
3.6;-0.5;-0.5;2.162639;1;15;1;;;;;
3.62;-0.5;-0.5;4.63699;1;15;1;;;;;
3.64;-0.5;-0.5;5.508762;1;15;1;;;;;
3.66;-0.5;-0.5;2.427661;1;15;1;;;;;
3.68;-0.5;-0.5;3.096477;1;15;1;;;;;
3.7;-0.5;-0.5;3.263705;1;15;1;;;;;
3.72;-0.5;-0.5;2.810057;1;15;1;;;;;
3.74;-0.5;-0.5;4.828364;1;15;1;;;;;
3.76;-0.5;-0.5;5.593627;1;15;1;;;;;
3.78;-0.5;-0.5;4.961308;1;15;1;;;;;
3.8;-0.5;-0.5;4.897784;1;15;1;;;;;
3.82;-0.5;-0.5;2.373824;1;15;1;;;;;
3.84;-0.5;-0.5;5.227312;1;15;1;;;;;
3.86;-0.5;-0.5;3.354172;1;15;1;;;;;
3.88;-0.5;-0.5;5.596626;1;15;1;;;;;
3.9;-0.5;-0.5;5.090757;1;15;1;;;;;
3.92;-0.5;-0.5;4.40506;1;15;1;;;;;
3.94;-0.5;-0.5;2.361025;1;15;1;;;;;
3.96;-0.5;-0.5;3.155654;1;15;1;;;;;
3.98;-0.5;-0.5;2.473221;1;15;1;;;;;
4;-0.5;-0.5;3.558513;1;15;1;;;;;
4.02;-0.5;-0.5;3.658686;1;15;1;;;;;
4.04;-0.5;-0.5;2.459593;1;15;1;;;;;
4.06;-0.5;-0.5;3.057833;1;15;1;;;;;
4.08;-0.5;-0.5;3.208231;1;15;1;;;;;
4.1;-0.5;-0.5;3.46083;1;15;1;;;;;
4.12;-0.5;-0.5;2.401055;1;15;1;;;;;
4.14;-0.5;-0.5;2.040974;1;15;1;;;;;
4.16;-0.5;-0.5;2.555941;1;15;1;;;;;
4.18;-0.5;-0.5;5.708091;1;15;1;;;;;
4.2;-0.5;-0.5;3.162876;1;15;1;;;;;
4.22;-0.5;-0.5;3.742226;1;15;1;;;;;
4.24;-0.5;-0.5;2.031114;1;15;1;;;;;
4.26;-0.5;-0.5;2.062037;1;15;1;;;;;
4.28;-0.5;-0.5;3.736009;1;15;1;;;;;
4.3;-0.5;-0.5;3.117995;1;15;1;;;;;
4.32;-0.5;-0.5;2.231623;1;15;1;;;;;
4.34;-0.5;-0.5;2.413594;1;15;1;;;;;
4.36;-0.5;-0.5;3.232255;1;15;1;;;;;
4.38;-0.5;-0.5;3.793049;1;15;1;;;;;
4.4;-0.5;-0.5;4.403622;1;15;1;;;;;
4.42;-0.5;-0.5;2.595021;1;15;1;;;;;
4.44;-0.5;-0.5;2.193932;1;15;1;;;;;
4.46;-0.5;-0.5;4.745621;1;15;1;;;;;
4.48;-0.5;-0.5;2.859928;1;15;1;;;;;
4.5;-0.5;-0.5;2.909384;1;15;1;;;;;
4.52;-0.5;-0.5;3.318743;1;15;1;;;;;
4.54;-0.5;-0.5;4.211015;1;15;1;;;;;
4.56;-0.5;-0.5;3.619814;1;15;1;;;;;
4.58;-0.5;-0.5;4.632875;1;15;1;;;;;
4.6;-0.5;-0.5;5.551566;1;15;1;;;;;
4.62;-0.5;-0.5;5.965029;1;15;1;;;;;
4.64;-0.5;-0.5;4.967993;1;15;1;;;;;
4.66;-0.5;-0.5;2.621806;1;15;1;;;;;
4.68;-0.5;-0.5;3.085196;1;15;1;;;;;
4.7;-0.5;-0.5;5.649733;1;15;1;;;;;
4.72;-0.5;-0.5;4.227838;1;15;1;;;;;
4.74;-0.5;-0.5;4.23163;1;15;1;;;;;
4.76;-0.5;-0.5;4.847154;1;15;1;;;;;
4.78;-0.5;-0.5;5.201031;1;15;1;;;;;
4.8;-0.5;-0.5;3.095438;1;15;1;;;;;
4.82;-0.5;-0.5;5.755921;1;15;1;;;;;
4.84;-0.5;-0.5;3.064657;1;15;1;;;;;
4.86;-0.5;-0.5;5.443848;1;15;1;;;;;
4.88;-0.5;-0.5;2.761305;1;15;1;;;;;
4.9;-0.5;-0.5;2.846946;1;15;1;;;;;
4.92;-0.5;-0.5;2.62616;1;15;1;;;;;
4.94;-0.5;-0.5;5.839493;1;15;1;;;;;
4.96;-0.5;-0.5;4.841058;1;15;1;;;;;
4.98;-0.5;-0.5;5.075181;1;15;1;;;;;
5;-0.5;-0.5;3.557439;1;15;1;;;;;
5.02;-0.5;-0.5;4.412582;1;15;1;;;;;
5.04;-0.5;-0.5;2.715669;1;15;1;;;;;
5.06;-0.5;-0.5;2.442817;1;15;1;;;;;
5.08;-0.5;-0.5;2.520353;1;15;1;;;;;
5.1;-0.5;-0.5;2.071143;1;15;1;;;;;
5.12;-0.5;-0.5;5.549975;1;15;1;;;;;
5.14;-0.5;-0.5;5.333099;1;15;1;;;;;
5.16;-0.5;-0.5;4.49292;1;15;1;;;;;
5.18;-0.5;-0.5;2.512307;1;15;1;;;;;
5.2;-0.5;-0.5;4.727223;1;15;1;;;;;
5.22;-0.5;-0.5;2.280856;1;15;1;;;;;
5.24;-0.5;-0.5;4.582355;1;15;1;;;;;
5.26;-0.5;-0.5;3.456272;1;15;1;;;;;
5.28;-0.5;-0.5;3.953567;1;15;1;;;;;
5.3;-0.5;-0.5;4.276466;1;15;1;;;;;
5.32;-0.5;-0.5;4.040202;1;15;1;;;;;
5.34;-0.5;-0.5;3.631883;1;15;1;;;;;
5.36;-0.5;-0.5;4.640169;1;15;1;;;;;
5.38;-0.5;-0.5;2.798525;1;15;1;;;;;
5.4;-0.5;-0.5;2.799588;1;15;1;;;;;
5.42;-0.5;-0.5;3.13129;1;15;1;;;;;
5.44;-0.5;-0.5;3.723344;1;15;1;;;;;
5.46;-0.5;-0.5;3.371327;1;15;1;;;;;
5.48;-0.5;-0.5;4.693739;1;15;1;;;;;
5.5;-0.5;-0.5;5.719823;1;15;1;;;;;
5.52;-0.5;-0.5;4.000264;1;15;1;;;;;
5.54;-0.5;-0.5;4.420925;1;15;1;;;;;
5.56;-0.5;-0.5;5.479169;1;15;1;;;;;
5.58;-0.5;-0.5;5.560007;1;15;1;;;;;
5.6;-0.5;-0.5;5.74097;1;15;1;;;;;
5.62;-0.5;-0.5;4.695853;1;15;1;;;;;
5.64;-0.5;-0.5;4.872355;1;15;1;;;;;
5.66;-0.5;-0.5;2.976228;1;15;1;;;;;
5.68;-0.5;-0.5;4.236714;1;15;1;;;;;
5.7;-0.5;-0.5;4.910467;1;15;1;;;;;
5.72;-0.5;-0.5;2.830914;1;15;1;;;;;
5.74;-0.5;-0.5;2.246382;1;15;1;;;;;
5.76;-0.5;-0.5;4.780261;1;15;1;;;;;
5.78;-0.5;-0.5;4.380774;1;15;1;;;;;
5.8;-0.5;-0.5;2.273075;1;15;1;;;;;
5.82;-0.5;-0.5;2.102802;1;15;1;;;;;
5.84;-0.5;-0.5;2.312292;1;15;1;;;;;
5.86;-0.5;-0.5;2.47705;1;15;1;;;;;
5.88;-0.5;-0.5;4.680423;1;15;1;;;;;
5.9;-0.5;-0.5;4.100765;1;15;1;;;;;
5.92;-0.5;-0.5;5.649171;1;15;1;;;;;
5.94;-0.5;-0.5;4.013051;1;15;1;;;;;
5.96;-0.5;-0.5;5.542399;1;15;1;;;;;
5.98;-0.5;-0.5;3.111823;1;15;1;;;;;
6;-0.5;-0.5;3.624106;1;15;1;;;;;
6.02;-0.5;-0.5;2.493967;1;15;1;;;;;
6.04;-0.5;-0.5;4.536633;1;15;1;;;;;
6.06;-0.5;-0.5;5.516451;1;15;1;;;;;
6.08;-0.5;-0.5;3.360198;1;15;1;;;;;
6.1;-0.5;-0.5;5.954723;1;15;1;;;;;
6.12;-0.5;-0.5;5.351066;1;15;1;;;;;
6.14;-0.5;-0.5;3.228219;1;15;1;;;;;
6.16;-0.5;-0.5;4.514764;1;15;1;;;;;
6.18;-0.5;-0.5;3.76561;1;15;1;;;;;
6.2;-0.5;-0.5;2.595153;1;15;1;;;;;
6.22;-0.5;-0.5;3.280642;1;15;1;;;;;
6.24;-0.5;-0.5;3.250105;1;15;1;;;;;
6.26;-0.5;-0.5;5.084111;1;15;1;;;;;
6.28;-0.5;-0.5;5.661391;1;15;1;;;;;
6.3;-0.5;-0.5;3.320755;1;15;1;;;;;
6.32;-0.5;-0.5;4.781141;1;15;1;;;;;
6.34;-0.5;-0.5;5.058406;1;15;1;;;;;
6.36;-0.5;-0.5;4.196441;1;15;1;;;;;
6.38;-0.5;-0.5;4.614459;1;15;1;;;;;
6.4;-0.5;-0.5;2.28601;1;15;1;;;;;
6.42;-0.5;-0.5;3.632151;1;15;1;;;;;
6.44;-0.5;-0.5;5.335233;1;15;1;;;;;
6.46;-0.5;-0.5;3.560696;1;15;1;;;;;
6.48;-0.5;-0.5;3.003971;1;15;1;;;;;
6.5;-0.5;-0.5;3.174808;1;15;1;;;;;
6.52;-0.5;-0.5;5.552467;1;15;1;;;;;
6.54;-0.5;-0.5;5.173418;1;15;1;;;;;
6.56;-0.5;-0.5;5.17597;1;15;1;;;;;
6.58;-0.5;-0.5;5.9664;1;15;1;;;;;
6.6;-0.5;-0.5;4.399428;1;15;1;;;;;
6.62;-0.5;-0.5;4.215858;1;15;1;;;;;
6.64;-0.5;-0.5;2.913548;1;15;1;;;;;
6.66;-0.5;-0.5;4.364532;1;15;1;;;;;
6.68;-0.5;-0.5;5.314757;1;15;1;;;;;
6.7;-0.5;-0.5;3.982078;1;15;1;;;;;
6.72;-0.5;-0.5;3.980122;1;15;1;;;;;
6.74;-0.5;-0.5;2.187036;1;15;1;;;;;
6.76;-0.5;-0.5;5.006865;1;15;1;;;;;
6.78;-0.5;-0.5;5.817481;1;15;1;;;;;
6.8;-0.5;-0.5;5.11576;1;15;1;;;;;
6.82;-0.5;-0.5;3.446153;1;15;1;;;;;
6.84;-0.5;-0.5;2.152451;1;15;1;;;;;
6.86;-0.5;-0.5;4.16975;1;15;1;;;;;
6.88;-0.5;-0.5;4.62905;1;15;1;;;;;
6.9;-0.5;-0.5;2.33677;1;15;1;;;;;
6.92;-0.5;-0.5;2.720923;1;15;1;;;;;
6.94;-0.5;-0.5;2.057104;1;15;1;;;;;
6.96;-0.5;-0.5;2.665465;1;15;1;;;;;
6.98;-0.5;-0.5;5.807493;1;15;1;;;;;
7;-0.5;-0.5;4.213951;1;15;1;;;;;
7.02;-0.5;-0.5;4.266009;1;15;1;;;;;
7.04;-0.5;-0.5;4.763408;1;15;1;;;;;
7.06;-0.5;-0.5;2.055421;1;15;1;;;;;
7.08;-0.5;-0.5;2.266355;1;15;1;;;;;
7.1;-0.5;-0.5;5.103405;1;15;1;;;;;
7.12;-0.5;-0.5;3.12761;1;15;1;;;;;
7.14;-0.5;-0.5;4.909789;1;15;1;;;;;
7.16;-0.5;-0.5;2.799974;1;15;1;;;;;
7.18;-0.5;-0.5;5.88333;1;15;1;;;;;
7.2;-0.5;-0.5;4.696988;1;15;1;;;;;
7.22;-0.5;-0.5;5.030383;1;15;1;;;;;
7.24;-0.5;-0.5;4.519467;1;15;1;;;;;
7.26;-0.5;-0.5;3.322995;1;15;1;;;;;
7.28;-0.5;-0.5;3.84176;1;15;1;;;;;
7.3;-0.5;-0.5;5.705714;1;15;1;;;;;
7.32;-0.5;-0.5;5.476902;1;15;1;;;;;
7.34;-0.5;-0.5;3.87758;1;15;1;;;;;
7.36;-0.5;-0.5;2.926994;1;15;1;;;;;
7.38;-0.5;-0.5;2.197499;1;15;1;;;;;
7.4;-0.5;-0.5;3.044267;1;15;1;;;;;
7.42;-0.5;-0.5;4.385015;1;15;1;;;;;
7.44;-0.5;-0.5;5.452796;1;15;1;;;;;
7.46;-0.5;-0.5;2.665876;1;15;1;;;;;
7.48;-0.5;-0.5;3.450723;1;15;1;;;;;
7.5;-0.5;-0.5;2.528684;1;15;1;;;;;
7.52;-0.5;-0.5;2.709751;1;15;1;;;;;
7.54;-0.5;-0.5;5.836837;1;15;1;;;;;
7.56;-0.5;-0.5;3.646595;1;15;1;;;;;
7.58;-0.5;-0.5;5.109358;1;15;1;;;;;
7.6;-0.5;-0.5;3.099869;1;15;1;;;;;
7.62;-0.5;-0.5;3.69966;1;15;1;;;;;
7.64;-0.5;-0.5;3.788975;1;15;1;;;;;
7.66;-0.5;-0.5;5.275044;1;15;1;;;;;
7.68;-0.5;-0.5;4.001429;1;15;1;;;;;
7.7;-0.5;-0.5;3.516144;1;15;1;;;;;
7.72;-0.5;-0.5;2.089627;1;15;1;;;;;
7.74;-0.5;-0.5;2.68115;1;15;1;;;;;
7.76;-0.5;-0.5;3.868804;1;15;1;;;;;
7.78;-0.5;-0.5;3.705363;1;15;1;;;;;
7.8;-0.5;-0.5;5.446555;1;15;1;;;;;
7.82;-0.5;-0.5;5.191349;1;15;1;;;;;
7.84;-0.5;-0.5;5.906802;1;15;1;;;;;
7.86;-0.5;-0.5;5.156509;1;15;1;;;;;
7.88;-0.5;-0.5;2.544049;1;15;1;;;;;
7.9;-0.5;-0.5;5.219813;1;15;1;;;;;
7.92;-0.5;-0.5;3.011551;1;15;1;;;;;
7.94;-0.5;-0.5;5.028489;1;15;1;;;;;
7.96;-0.5;-0.5;4.161008;1;15;1;;;;;
7.98;-0.5;-0.5;5.761395;1;15;1;;;;;
8;-0.5;-0.5;2.396906;1;15;1;;;;;
8.02;-0.5;-0.5;2.682609;1;15;1;;;;;
8.04;-0.5;-0.5;3.868994;1;15;1;;;;;
8.059999;-0.5;-0.5;5.281511;1;15;1;;;;;
8.08;-0.5;-0.5;2.168;1;15;1;;;;;
8.099999;-0.5;-0.5;3.381346;1;15;1;;;;;
8.12;-0.5;-0.5;5.972825;1;15;1;;;;;
8.139999;-0.5;-0.5;5.300051;1;15;1;;;;;
8.16;-0.5;-0.5;5.835495;1;15;1;;;;;
8.179999;-0.5;-0.5;3.002855;1;15;1;;;;;
8.2;-0.5;-0.5;4.580735;1;15;1;;;;;
8.22;-0.5;-0.5;4.128691;1;15;1;;;;;
8.24;-0.5;-0.5;2.325346;1;15;1;;;;;
8.26;-0.5;-0.5;5.997041;1;15;1;;;;;
8.28;-0.5;-0.5;5.197959;1;15;1;;;;;
8.3;-0.5;-0.5;2.177513;1;15;1;;;;;
8.32;-0.5;-0.5;4.464803;1;15;1;;;;;
8.34;-0.5;-0.5;4.210606;1;15;1;;;;;
8.36;-0.5;-0.5;2.525311;1;15;1;;;;;
8.38;-0.5;-0.5;4.352441;1;15;1;;;;;
8.4;-0.5;-0.5;4.314557;1;15;1;;;;;
8.42;-0.5;-0.5;5.677444;1;15;1;;;;;
8.44;-0.5;-0.5;3.141879;1;15;1;;;;;
8.46;-0.5;-0.5;2.994802;1;15;1;;;;;
8.48;-0.5;-0.5;4.653953;1;15;1;;;;;
8.5;-0.5;-0.5;5.17331;1;15;1;;;;;
8.52;-0.5;-0.5;4.96233;1;15;1;;;;;
8.54;-0.5;-0.5;3.873583;1;15;1;;;;;
8.559999;-0.5;-0.5;2.933002;1;15;1;;;;;
8.58;-0.5;-0.5;3.293991;1;15;1;;;;;
8.599999;-0.5;-0.5;5.695806;1;15;1;;;;;
8.62;-0.5;-0.5;4.160665;1;15;1;;;;;
8.639999;-0.5;-0.5;5.859708;1;15;1;;;;;
8.66;-0.5;-0.5;4.874564;1;15;1;;;;;
8.679999;-0.5;-0.5;3.992346;1;15;1;;;;;
8.7;-0.5;-0.5;4.114332;1;15;1;;;;;
8.72;-0.5;-0.5;3.760661;1;15;1;;;;;
8.74;-0.5;-0.5;4.46539;1;15;1;;;;;
8.76;-0.5;-0.5;4.957045;1;15;1;;;;;
8.78;-0.5;-0.5;3.237598;1;15;1;;;;;
8.8;-0.5;-0.5;3.344341;1;15;1;;;;;
8.82;-0.5;-0.5;4.997601;1;15;1;;;;;
8.84;-0.5;-0.5;5.258595;1;15;1;;;;;
8.86;-0.5;-0.5;2.348018;1;15;1;;;;;
8.88;-0.5;-0.5;4.485273;1;15;1;;;;;
8.9;-0.5;-0.5;3.603919;1;15;1;;;;;
8.92;-0.5;-0.5;4.964083;1;15;1;;;;;
8.94;-0.5;-0.5;3.563271;1;15;1;;;;;
8.96;-0.5;-0.5;4.092548;1;15;1;;;;;
8.98;-0.5;-0.5;4.076999;1;15;1;;;;;
9;-0.5;-0.5;2.612978;1;15;1;;;;;
9.02;-0.5;-0.5;5.276741;1;15;1;;;;;
9.04;-0.5;-0.5;2.518989;1;15;1;;;;;
9.059999;-0.5;-0.5;3.646813;1;15;1;;;;;
9.08;-0.5;-0.5;2.285907;1;15;1;;;;;
9.099999;-0.5;-0.5;5.928242;1;15;1;;;;;
9.12;-0.5;-0.5;4.978662;1;15;1;;;;;
9.139999;-0.5;-0.5;5.475144;1;15;1;;;;;
9.16;-0.5;-0.5;5.629368;1;15;1;;;;;
9.179999;-0.5;-0.5;3.893903;1;15;1;;;;;
9.2;-0.5;-0.5;5.253397;1;15;1;;;;;
9.22;-0.5;-0.5;4.464425;1;15;1;;;;;
9.24;-0.5;-0.5;2.713246;1;15;1;;;;;
9.26;-0.5;-0.5;5.142317;1;15;1;;;;;
9.28;-0.5;-0.5;4.386315;1;15;1;;;;;
9.3;-0.5;-0.5;5.27892;1;15;1;;;;;
9.32;-0.5;-0.5;5.961413;1;15;1;;;;;
9.34;-0.5;-0.5;2.594274;1;15;1;;;;;
9.36;-0.5;-0.5;4.736959;1;15;1;;;;;
9.38;-0.5;-0.5;3.190475;1;15;1;;;;;
9.4;-0.5;-0.5;2.369221;1;15;1;;;;;
9.42;-0.5;-0.5;3.585803;1;15;1;;;;;
9.44;-0.5;-0.5;5.908041;1;15;1;;;;;
9.46;-0.5;-0.5;2.953474;1;15;1;;;;;
9.48;-0.5;-0.5;3.277402;1;15;1;;;;;
9.5;-0.5;-0.5;3.279222;1;15;1;;;;;
9.52;-0.5;-0.5;4.426037;1;15;1;;;;;
9.54;-0.5;-0.5;5.454383;1;15;1;;;;;
9.559999;-0.5;-0.5;2.662289;1;15;1;;;;;
9.58;-0.5;-0.5;5.031523;1;15;1;;;;;
9.599999;-0.5;-0.5;5.8786;1;15;1;;;;;
9.62;-0.5;-0.5;3.364183;1;15;1;;;;;
9.639999;-0.5;-0.5;3.815397;1;15;1;;;;;
9.66;-0.5;-0.5;3.963682;1;15;1;;;;;
9.679999;-0.5;-0.5;2.570037;1;15;1;;;;;
9.7;-0.5;-0.5;2.841601;1;15;1;;;;;
9.719999;-0.5;-0.5;4.394995;1;15;1;;;;;
9.74;-0.5;-0.5;4.593967;1;15;1;;;;;
9.76;-0.5;-0.5;4.113317;1;15;1;;;;;
9.78;-0.5;-0.5;5.942458;1;15;1;;;;;
9.8;-0.5;-0.5;5.705487;1;15;1;;;;;
9.82;-0.5;-0.5;5.95402;1;15;1;;;;;
9.84;-0.5;-0.5;3.50195;1;15;1;;;;;
9.86;-0.5;-0.5;5.337867;1;15;1;;;;;
9.88;-0.5;-0.5;5.144883;1;15;1;;;;;
9.9;-0.5;-0.5;4.790189;1;15;1;;;;;
9.92;-0.5;-0.5;4.033681;1;15;1;;;;;
9.94;-0.5;-0.5;5.164451;1;15;1;;;;;
9.96;-0.5;-0.5;5.859002;1;15;1;;;;;
9.98;-0.5;-0.5;4.25511;1;15;1;;;;;
10;-0.5;-0.5;4.466334;1;15;1;;;;;
10.02;-0.5;-0.5;4.049047;1;15;1;;;;;
10.04;-0.5;-0.5;2.51739;1;15;1;;;;;
10.06;-0.5;-0.5;4.854406;1;15;1;;;;;
10.08;-0.5;-0.5;2.677416;1;15;1;;;;;
10.1;-0.5;-0.5;4.846515;1;15;1;;;;;
10.12;-0.5;-0.5;2.274828;1;15;1;;;;;
10.14;-0.5;-0.5;4.775614;1;15;1;;;;;
10.16;-0.5;-0.5;5.732999;1;15;1;;;;;
10.18;-0.5;-0.5;5.668354;1;15;1;;;;;
10.2;-0.5;-0.5;3.098442;1;15;1;;;;;
10.22;-0.5;-0.5;2.940642;1;15;1;;;;;
10.24;-0.5;-0.5;4.428489;1;15;1;;;;;
10.26;-0.5;-0.5;3.622969;1;15;1;;;;;
10.28;-0.5;-0.5;3.892386;1;15;1;;;;;
10.3;-0.5;-0.5;2.747256;1;15;1;;;;;
10.32;-0.5;-0.5;3.108715;1;15;1;;;;;
10.34;-0.5;-0.5;2.31842;1;15;1;;;;;
10.36;-0.5;-0.5;3.285636;1;15;1;;;;;
10.38;-0.5;-0.5;4.890688;1;15;1;;;;;
10.4;-0.5;-0.5;2.664069;1;15;1;;;;;
10.42;-0.5;-0.5;5.592047;1;15;1;;;;;
10.44;-0.5;-0.5;3.840358;1;15;1;;;;;
10.46;-0.5;-0.5;4.663534;1;15;1;;;;;
10.48;-0.5;-0.5;2.927737;1;15;1;;;;;
10.5;-0.5;-0.5;4.661249;1;15;1;;;;;
10.52;-0.5;-0.5;4.71503;1;15;1;;;;;
10.54;-0.5;-0.5;2.413118;1;15;1;;;;;
10.56;-0.5;-0.5;3.101139;1;15;1;;;;;
10.58;-0.5;-0.5;4.559196;1;15;1;;;;;
10.6;-0.5;-0.5;5.165343;1;15;1;;;;;
10.62;-0.5;-0.5;3.411363;1;15;1;;;;;
10.64;-0.5;-0.5;5.954539;1;15;1;;;;;
10.66;-0.5;-0.5;2.80195;1;15;1;;;;;
10.68;-0.5;-0.5;5.061564;1;15;1;;;;;
10.7;-0.5;-0.5;5.370723;1;15;1;;;;;
10.72;-0.5;-0.5;5.209394;1;15;1;;;;;
10.74;-0.5;-0.5;5.987988;1;15;1;;;;;
10.76;-0.5;-0.5;3.837883;1;15;1;;;;;
10.78;-0.5;-0.5;5.942014;1;15;1;;;;;
10.8;-0.5;-0.5;3.670658;1;15;1;;;;;
10.82;-0.5;-0.5;5.0629;1;15;1;;;;;
10.84;-0.5;-0.5;3.164853;1;15;1;;;;;
10.86;-0.5;-0.5;4.592523;1;15;1;;;;;
10.88;-0.5;-0.5;5.502245;1;15;1;;;;;
10.9;-0.5;-0.5;2.064451;1;15;1;;;;;
10.92;-0.5;-0.5;2.965453;1;15;1;;;;;
10.94;-0.5;-0.5;4.911503;1;15;1;;;;;
10.96;-0.5;-0.5;2.727897;1;15;1;;;;;
10.98;-0.5;-0.5;5.382085;1;15;1;;;;;
11;-0.5;-0.5;4.947415;1;15;1;;;;;
11.02;-0.5;-0.5;2.945444;1;15;1;;;;;
11.04;-0.5;-0.5;5.211205;1;15;1;;;;;
11.06;-0.5;-0.5;5.319647;1;15;1;;;;;
11.08;-0.5;-0.5;3.519044;1;15;1;;;;;
11.1;-0.5;-0.5;3.485445;1;15;1;;;;;
11.12;-0.5;-0.5;2.868353;1;15;1;;;;;
11.14;-0.5;-0.5;3.087581;1;15;1;;;;;
11.16;-0.5;-0.5;5.915329;1;15;1;;;;;
11.18;-0.5;-0.5;5.816519;1;15;1;;;;;
11.2;-0.5;-0.5;3.992532;1;15;1;;;;;
11.22;-0.5;-0.5;4.432003;1;15;1;;;;;
11.24;-0.5;-0.5;4.668743;1;15;1;;;;;
11.26;-0.5;-0.5;2.814301;1;15;1;;;;;
11.28;-0.5;-0.5;2.022785;1;15;1;;;;;
11.3;-0.5;-0.5;5.986173;1;15;1;;;;;
11.32;-0.5;-0.5;2.041588;1;15;1;;;;;
11.34;-0.5;-0.5;3.561421;1;15;1;;;;;
11.36;-0.5;-0.5;4.849969;1;15;1;;;;;
11.38;-0.5;-0.5;2.962929;1;15;1;;;;;
11.4;-0.5;-0.5;4.433769;1;15;1;;;;;
11.42;-0.5;-0.5;2.036325;1;15;1;;;;;
11.44;-0.5;-0.5;3.02942;1;15;1;;;;;
11.46;-0.5;-0.5;3.844537;1;15;1;;;;;
11.48;-0.5;-0.5;4.656299;1;15;1;;;;;
11.5;-0.5;-0.5;5.523923;1;15;1;;;;;
11.52;-0.5;-0.5;2.390801;1;15;1;;;;;
11.54;-0.5;-0.5;4.381967;1;15;1;;;;;
11.56;-0.5;-0.5;2.003329;1;15;1;;;;;
11.58;-0.5;-0.5;5.988717;1;15;1;;;;;
11.6;-0.5;-0.5;4.806245;1;15;1;;;;;
11.62;-0.5;-0.5;5.566881;1;15;1;;;;;
11.64;-0.5;-0.5;2.111744;1;15;1;;;;;
11.66;-0.5;-0.5;3.437593;1;15;1;;;;;
11.68;-0.5;-0.5;5.234567;1;15;1;;;;;
11.7;-0.5;-0.5;4.880628;1;15;1;;;;;
11.72;-0.5;-0.5;2.526366;1;15;1;;;;;
11.74;-0.5;-0.5;4.63355;1;15;1;;;;;
11.76;-0.5;-0.5;5.412559;1;15;1;;;;;
11.78;-0.5;-0.5;5.171968;1;15;1;;;;;
11.8;-0.5;-0.5;4.06925;1;15;1;;;;;
11.82;-0.5;-0.5;3.632071;1;15;1;;;;;
11.84;-0.5;-0.5;5.189449;1;15;1;;;;;
11.86;-0.5;-0.5;3.584897;1;15;1;;;;;
11.88;-0.5;-0.5;2.473433;1;15;1;;;;;
11.9;-0.5;-0.5;3.032095;1;15;1;;;;;
11.92;-0.5;-0.5;3.106744;1;15;1;;;;;
11.94;-0.5;-0.5;2.614963;1;15;1;;;;;
11.96;-0.5;-0.5;5.237796;1;15;1;;;;;
11.98;-0.5;-0.5;4.765566;1;15;1;;;;;
12;-0.5;-0.5;4.931376;1;15;1;;;;;
12.02;-0.5;-0.5;5.31364;1;15;1;;;;;
12.04;-0.5;-0.5;2.185346;1;15;1;;;;;
12.06;-0.5;-0.5;2.550411;1;15;1;;;;;
12.08;-0.5;-0.5;5.950427;1;15;1;;;;;
12.1;-0.5;-0.5;3.834616;1;15;1;;;;;
12.12;-0.5;-0.5;3.20208;1;15;1;;;;;
12.14;-0.5;-0.5;4.990005;1;15;1;;;;;
12.16;-0.5;-0.5;2.827538;1;15;1;;;;;
12.18;-0.5;-0.5;4.701272;1;15;1;;;;;
12.2;-0.5;-0.5;5.368066;1;15;1;;;;;
12.22;-0.5;-0.5;4.205706;1;15;1;;;;;
12.24;-0.5;-0.5;2.729829;1;15;1;;;;;
12.26;-0.5;-0.5;3.784547;1;15;1;;;;;
12.28;-0.5;-0.5;4.40692;1;15;1;;;;;
12.3;-0.5;-0.5;5.308187;1;15;1;;;;;
12.32;-0.5;-0.5;4.119732;1;15;1;;;;;
12.34;-0.5;-0.5;5.153284;1;15;1;;;;;
12.36;-0.5;-0.5;4.38712;1;15;1;;;;;
12.38;-0.5;-0.5;5.645497;1;15;1;;;;;
12.4;-0.5;-0.5;2.944636;1;15;1;;;;;
12.42;-0.5;-0.5;3.637408;1;15;1;;;;;
12.44;-0.5;-0.5;2.690659;1;15;1;;;;;
12.46;-0.5;-0.5;5.486191;1;15;1;;;;;
12.48;-0.5;-0.5;5.241623;1;15;1;;;;;
12.5;-0.5;-0.5;3.59619;1;15;1;;;;;
12.52;-0.5;-0.5;4.02869;1;15;1;;;;;
12.54;-0.5;-0.5;4.073107;1;15;1;;;;;
12.56;-0.5;-0.5;4.822497;1;15;1;;;;;
12.58;-0.5;-0.5;5.196179;1;15;1;;;;;
12.6;-0.5;-0.5;2.100207;1;15;1;;;;;
12.62;-0.5;-0.5;3.929414;1;15;1;;;;;
12.64;-0.5;-0.5;2.847343;1;15;1;;;;;
12.66;-0.5;-0.5;2.148774;1;15;1;;;;;
12.68;-0.5;-0.5;4.854459;1;15;1;;;;;
12.7;-0.5;-0.5;3.637486;1;15;1;;;;;
12.72;-0.5;-0.5;3.272399;1;15;1;;;;;
12.74;-0.5;-0.5;3.610017;1;15;1;;;;;
12.76;-0.5;-0.5;5.046747;1;15;1;;;;;
12.78;-0.5;-0.5;4.906362;1;15;1;;;;;
12.8;-0.5;-0.5;2.387652;1;15;1;;;;;
12.82;-0.5;-0.5;4.280956;1;15;1;;;;;
12.84;-0.5;-0.5;2.195319;1;15;1;;;;;
12.86;-0.5;-0.5;2.529288;1;15;1;;;;;
12.88;-0.5;-0.5;2.912528;1;15;1;;;;;
12.9;-0.5;-0.5;3.484683;1;15;1;;;;;
12.92;-0.5;-0.5;5.603739;1;15;1;;;;;
12.94;-0.5;-0.5;3.03533;1;15;1;;;;;
12.96;-0.5;-0.5;4.821115;1;15;1;;;;;
12.98;-0.5;-0.5;4.415791;1;15;1;;;;;
13;-0.5;-0.5;4.76437;1;15;1;;;;;
13.02;-0.5;-0.5;5.471717;1;15;1;;;;;
13.04;-0.5;-0.5;2.30426;1;15;1;;;;;
13.06;-0.5;-0.5;4.852912;1;15;1;;;;;
13.08;-0.5;-0.5;3.099018;1;15;1;;;;;
13.1;-0.5;-0.5;5.821856;1;15;1;;;;;
13.12;-0.5;-0.5;5.960771;1;15;1;;;;;
13.14;-0.5;-0.5;4.898377;1;15;1;;;;;
13.16;-0.5;-0.5;2.04164;1;15;1;;;;;
13.18;-0.5;-0.5;2.177054;1;15;1;;;;;
13.2;-0.5;-0.5;3.39417;1;15;1;;;;;
13.22;-0.5;-0.5;5.700409;1;15;1;;;;;
13.24;-0.5;-0.5;4.648708;1;15;1;;;;;
13.26;-0.5;-0.5;2.052614;1;15;1;;;;;
13.28;-0.5;-0.5;2.670732;1;15;1;;;;;
13.3;-0.5;-0.5;5.581486;1;15;1;;;;;
13.32;-0.5;-0.5;4.841203;1;15;1;;;;;
13.34;-0.5;-0.5;3.749399;1;15;1;;;;;
13.36;-0.5;-0.5;5.422226;1;15;1;;;;;
13.38;-0.5;-0.5;4.833225;1;15;1;;;;;
13.4;-0.5;-0.5;3.332372;1;15;1;;;;;
13.42;-0.5;-0.5;4.612214;1;15;1;;;;;
13.44;-0.5;-0.5;3.194441;1;15;1;;;;;
13.46;-0.5;-0.5;3.42028;1;15;1;;;;;
13.48;-0.5;-0.5;5.443581;1;15;1;;;;;
13.5;-0.5;-0.5;3.21733;1;15;1;;;;;
13.52;-0.5;-0.5;4.472889;1;15;1;;;;;
13.54;-0.5;-0.5;2.773701;1;15;1;;;;;
13.56;-0.5;-0.5;5.582846;1;15;1;;;;;
13.58;-0.5;-0.5;2.01059;1;15;1;;;;;
13.6;-0.5;-0.5;4.44812;1;15;1;;;;;
13.62;-0.5;-0.5;4.140927;1;15;1;;;;;
13.64;-0.5;-0.5;5.860767;1;15;1;;;;;
13.66;-0.5;-0.5;5.5758;1;15;1;;;;;
13.68;-0.5;-0.5;5.921405;1;15;1;;;;;
13.7;-0.5;-0.5;2.80685;1;15;1;;;;;
13.72;-0.5;-0.5;2.396506;1;15;1;;;;;
13.74;-0.5;-0.5;5.737603;1;15;1;;;;;
13.76;-0.5;-0.5;3.241154;1;15;1;;;;;
13.78;-0.5;-0.5;2.479779;1;15;1;;;;;
13.8;-0.5;-0.5;2.586879;1;15;1;;;;;
13.82;-0.5;-0.5;4.770853;1;15;1;;;;;
13.84;-0.5;-0.5;2.408833;1;15;1;;;;;
13.86;-0.5;-0.5;3.041015;1;15;1;;;;;
13.88;-0.5;-0.5;3.414155;1;15;1;;;;;
13.9;-0.5;-0.5;2.830126;1;15;1;;;;;
13.92;-0.5;-0.5;3.72273;1;15;1;;;;;
13.94;-0.5;-0.5;3.202175;1;15;1;;;;;
13.96;-0.5;-0.5;3.405074;1;15;1;;;;;
13.98;-0.5;-0.5;5.502251;1;15;1;;;;;
14;-0.5;-0.5;4.940909;1;15;1;;;;;
14.02;-0.5;-0.5;5.752511;1;15;1;;;;;
14.04;-0.5;-0.5;5.119533;1;15;1;;;;;
14.06;-0.5;-0.5;4.162776;1;15;1;;;;;
14.08;-0.5;-0.5;2.132793;1;15;1;;;;;
14.1;-0.5;-0.5;3.427129;1;15;1;;;;;
14.12;-0.5;-0.5;3.377685;1;15;1;;;;;
14.14;-0.5;-0.5;4.270765;1;15;1;;;;;
14.16;-0.5;-0.5;3.385497;1;15;1;;;;;
14.18;-0.5;-0.5;5.642312;1;15;1;;;;;
14.2;-0.5;-0.5;3.87631;1;15;1;;;;;
14.22;-0.5;-0.5;2.535961;1;15;1;;;;;
14.24;-0.5;-0.5;3.288769;1;15;1;;;;;
14.26;-0.5;-0.5;4.438908;1;15;1;;;;;
14.28;-0.5;-0.5;4.631698;1;15;1;;;;;
14.3;-0.5;-0.5;2.593574;1;15;1;;;;;
14.32;-0.5;-0.5;5.973602;1;15;1;;;;;
14.34;-0.5;-0.5;4.373083;1;15;1;;;;;
14.36;-0.5;-0.5;4.561503;1;15;1;;;;;
14.38;-0.5;-0.5;5.518313;1;15;1;;;;;
14.4;-0.5;-0.5;4.815637;1;15;1;;;;;
14.42;-0.5;-0.5;2.546862;1;15;1;;;;;
14.44;-0.5;-0.5;5.534357;1;15;1;;;;;
14.46;-0.5;-0.5;4.483974;1;15;1;;;;;
14.48;-0.5;-0.5;4.417444;1;15;1;;;;;
14.5;-0.5;-0.5;3.16481;1;15;1;;;;;
14.52;-0.5;-0.5;3.957129;1;15;1;;;;;
14.54;-0.5;-0.5;2.5105;1;15;1;;;;;
14.56;-0.5;-0.5;4.61696;1;15;1;;;;;
14.58;-0.5;-0.5;5.671;1;15;1;;;;;
14.6;-0.5;-0.5;2.034462;1;15;1;;;;;
14.62;-0.5;-0.5;4.938343;1;15;1;;;;;
14.64;-0.5;-0.5;5.956284;1;15;1;;;;;
14.66;-0.5;-0.5;2.429303;1;15;1;;;;;
14.68;-0.5;-0.5;2.879092;1;15;1;;;;;
14.7;-0.5;-0.5;4.804715;1;15;1;;;;;
14.72;-0.5;-0.5;3.959642;1;15;1;;;;;
14.74;-0.5;-0.5;5.894904;1;15;1;;;;;
14.76;-0.5;-0.5;2.05206;1;15;1;;;;;
14.78;-0.5;-0.5;5.869744;1;15;1;;;;;
14.8;-0.5;-0.5;5.306128;1;15;1;;;;;
14.82;-0.5;-0.5;3.2837;1;15;1;;;;;
14.84;-0.5;-0.5;5.648627;1;15;1;;;;;
14.86;-0.5;-0.5;4.932955;1;15;1;;;;;
14.88;-0.5;-0.5;3.246249;1;15;1;;;;;
14.9;-0.5;-0.5;5.09518;1;15;1;;;;;
14.92;-0.5;-0.5;3.523544;1;15;1;;;;;
14.94;-0.5;-0.5;3.969486;1;15;1;;;;;
14.96;-0.5;-0.5;4.362696;1;15;1;;;;;
14.98;-0.5;-0.5;5.807984;1;15;1;;;;;
15;-0.5;-0.5;4.968731;1;15;1;;;;;
15.02;-0.5;-0.5;4.911607;1;15;1;;;;;
15.04;-0.5;-0.5;2.575586;1;15;1;;;;;
15.06;-0.5;-0.5;3.976126;1;15;1;;;;;
15.08;-0.5;-0.5;4.230873;1;15;1;;;;;
15.1;-0.5;-0.5;5.868399;1;15;1;;;;;
15.12;-0.5;-0.5;5.5759;1;15;1;;;;;
15.14;-0.5;-0.5;5.388135;1;15;1;;;;;
15.16;-0.5;-0.5;3.830066;1;15;1;;;;;
15.18;-0.5;-0.5;3.239041;1;15;1;;;;;
15.2;-0.5;-0.5;3.63058;1;15;1;;;;;
15.22;-0.5;-0.5;3.513293;1;15;1;;;;;
15.24;-0.5;-0.5;5.940933;1;15;1;;;;;
15.26;-0.5;-0.5;2.136426;1;15;1;;;;;
15.28;-0.5;-0.5;3.588276;1;15;1;;;;;
15.3;-0.5;-0.5;3.203016;1;15;1;;;;;
15.32;-0.5;-0.5;5.89834;1;15;1;;;;;
15.34;-0.5;-0.5;5.355628;1;15;1;;;;;
15.36;-0.5;-0.5;3.621428;1;15;1;;;;;
15.38;-0.5;-0.5;4.048123;1;15;1;;;;;
15.4;-0.5;-0.5;4.804509;1;15;1;;;;;
15.42;-0.5;-0.5;5.013713;1;15;1;;;;;
15.44;-0.5;-0.5;3.15487;1;15;1;;;;;
15.46;-0.5;-0.5;4.640189;1;15;1;;;;;
15.48;-0.5;-0.5;5.290142;1;15;1;;;;;
15.5;-0.5;-0.5;3.502295;1;15;1;;;;;
15.52;-0.5;-0.5;3.195653;1;15;1;;;;;
15.54;-0.5;-0.5;3.265438;1;15;1;;;;;
15.56;-0.5;-0.5;2.335155;1;15;1;;;;;
15.58;-0.5;-0.5;4.610082;1;15;1;;;;;
15.6;-0.5;-0.5;2.769144;1;15;1;;;;;
15.62;-0.5;-0.5;2.12277;1;15;1;;;;;
15.64;-0.5;-0.5;5.465039;1;15;1;;;;;
15.66;-0.5;-0.5;5.561064;1;15;1;;;;;
15.68;-0.5;-0.5;5.60879;1;15;1;;;;;
15.7;-0.5;-0.5;4.611228;1;15;1;;;;;
15.72;-0.5;-0.5;2.851578;1;15;1;;;;;
15.74;-0.5;-0.5;5.363387;1;15;1;;;;;
15.76;-0.5;-0.5;2.711337;1;15;1;;;;;
15.78;-0.5;-0.5;2.613531;1;15;1;;;;;
15.8;-0.5;-0.5;2.196381;1;15;1;;;;;
15.82;-0.5;-0.5;4.71804;1;15;1;;;;;
15.84;-0.5;-0.5;5.505925;1;15;1;;;;;
15.86;-0.5;-0.5;2.580933;1;15;1;;;;;
15.88;-0.5;-0.5;5.170813;1;15;1;;;;;
15.9;-0.5;-0.5;3.795078;1;15;1;;;;;
15.92;-0.5;-0.5;3.064425;1;15;1;;;;;
15.94;-0.5;-0.5;4.521566;1;15;1;;;;;
15.96;-0.5;-0.5;4.066423;1;15;1;;;;;
15.98;-0.5;-0.5;4.147276;1;15;1;;;;;
16;-0.5;-0.5;4.446516;1;15;1;;;;;
16.02;-0.5;-0.5;5.048028;1;15;1;;;;;
16.04;-0.5;-0.5;2.257175;1;15;1;;;;;
16.06;-0.5;-0.5;2.845595;1;15;1;;;;;
16.08;-0.5;-0.5;2.569578;1;15;1;;;;;
16.1;-0.5;-0.5;4.314968;1;15;1;;;;;
16.12;-0.5;-0.5;3.30081;1;15;1;;;;;
16.14;-0.5;-0.5;4.402776;1;15;1;;;;;
16.16;-0.5;-0.5;2.118981;1;15;1;;;;;
16.18;-0.5;-0.5;5.751694;1;15;1;;;;;
16.2;-0.5;-0.5;2.854154;1;15;1;;;;;
16.22;-0.5;-0.5;3.021503;1;15;1;;;;;
16.24;-0.5;-0.5;4.047221;1;15;1;;;;;
16.26;-0.5;-0.5;3.85236;1;15;1;;;;;
16.28;-0.5;-0.5;2.847275;1;15;1;;;;;
16.3;-0.5;-0.5;3.750087;1;15;1;;;;;
16.32;-0.5;-0.5;4.011212;1;15;1;;;;;
16.34;-0.5;-0.5;4.64622;1;15;1;;;;;
16.36;-0.5;-0.5;2.879618;1;15;1;;;;;
16.38;-0.5;-0.5;5.587874;1;15;1;;;;;
16.4;-0.5;-0.5;2.165984;1;15;1;;;;;
16.42;-0.5;-0.5;4.40331;1;15;1;;;;;
16.44;-0.5;-0.5;2.186954;1;15;1;;;;;
16.46;-0.5;-0.5;2.200894;1;15;1;;;;;
16.48;-0.5;-0.5;3.6434;1;15;1;;;;;
16.5;-0.5;-0.5;2.367185;1;15;1;;;;;
16.52;-0.5;-0.5;4.974345;1;15;1;;;;;
16.54;-0.5;-0.5;3.459656;1;15;1;;;;;
16.56;-0.5;-0.5;5.951952;1;15;1;;;;;
16.58;-0.5;-0.5;4.390319;1;15;1;;;;;
16.6;-0.5;-0.5;5.471276;1;15;1;;;;;
16.62;-0.5;-0.5;3.912081;1;15;1;;;;;
16.64;-0.5;-0.5;4.964505;1;15;1;;;;;
16.66;-0.5;-0.5;4.024701;1;15;1;;;;;
16.68;-0.5;-0.5;3.337605;1;15;1;;;;;
16.7;-0.5;-0.5;4.861055;1;15;1;;;;;
16.72;-0.5;-0.5;2.998782;1;15;1;;;;;
16.74;-0.5;-0.5;3.904349;1;15;1;;;;;
16.76;-0.5;-0.5;4.169317;1;15;1;;;;;
16.78;-0.5;-0.5;4.836276;1;15;1;;;;;
16.8;-0.5;-0.5;3.776781;1;15;1;;;;;
16.82;-0.5;-0.5;2.706461;1;15;1;;;;;
16.84;-0.5;-0.5;4.192155;1;15;1;;;;;
16.86;-0.5;-0.5;5.385025;1;15;1;;;;;
16.88;-0.5;-0.5;4.466649;1;15;1;;;;;
16.9;-0.5;-0.5;2.142753;1;15;1;;;;;
16.92;-0.5;-0.5;3.988989;1;15;1;;;;;
16.94;-0.5;-0.5;3.992977;1;15;1;;;;;
16.96;-0.5;-0.5;5.189463;1;15;1;;;;;
16.98;-0.5;-0.5;4.858741;1;15;1;;;;;
17;-0.5;-0.5;4.3274;1;15;1;;;;;
17.02;-0.5;-0.5;3.386127;1;15;1;;;;;
17.04;-0.5;-0.5;2.233568;1;15;1;;;;;
17.06;-0.5;-0.5;4.890475;1;15;1;;;;;
17.08;-0.5;-0.5;5.702344;1;15;1;;;;;
17.1;-0.5;-0.5;2.763963;1;15;1;;;;;
17.12;-0.5;-0.5;5.920031;1;15;1;;;;;
17.14;-0.5;-0.5;5.819184;1;15;1;;;;;
17.16;-0.5;-0.5;3.468993;1;15;1;;;;;
17.18;-0.5;-0.5;5.284544;1;15;1;;;;;
17.2;-0.5;-0.5;4.533995;1;15;1;;;;;
17.22;-0.5;-0.5;5.626189;1;15;1;;;;;
17.24;-0.5;-0.5;2.810763;1;15;1;;;;;
17.26;-0.5;-0.5;5.788125;1;15;1;;;;;
17.28;-0.5;-0.5;3.61663;1;15;1;;;;;
17.3;-0.5;-0.5;5.86767;1;15;1;;;;;
17.32;-0.5;-0.5;5.462503;1;15;1;;;;;
17.34;-0.5;-0.5;4.073854;1;15;1;;;;;
17.36;-0.5;-0.5;5.682176;1;15;1;;;;;
17.38;-0.5;-0.5;4.553472;1;15;1;;;;;
17.4;-0.5;-0.5;2.434797;1;15;1;;;;;
17.42;-0.5;-0.5;4.683455;1;15;1;;;;;
17.44;-0.5;-0.5;3.467659;1;15;1;;;;;
17.46;-0.5;-0.5;3.114675;1;15;1;;;;;
17.48;-0.5;-0.5;2.791605;1;15;1;;;;;
17.5;-0.5;-0.5;2.98721;1;15;1;;;;;
17.52;-0.5;-0.5;2.537348;1;15;1;;;;;
17.54;-0.5;-0.5;5.771962;1;15;1;;;;;
17.56;-0.5;-0.5;2.98342;1;15;1;;;;;
17.58;-0.5;-0.5;4.419461;1;15;1;;;;;
17.6;-0.5;-0.5;5.914587;1;15;1;;;;;
17.62;-0.5;-0.5;3.315094;1;15;1;;;;;
17.64;-0.5;-0.5;3.435667;1;15;1;;;;;
17.66;-0.5;-0.5;5.275069;1;15;1;;;;;
17.68;-0.5;-0.5;2.059196;1;15;1;;;;;
17.7;-0.5;-0.5;5.667779;1;15;1;;;;;
17.72;-0.5;-0.5;4.044955;1;15;1;;;;;
17.74;-0.5;-0.5;3.586216;1;15;1;;;;;
17.76;-0.5;-0.5;3.325639;1;15;1;;;;;
17.78;-0.5;-0.5;2.709779;1;15;1;;;;;
17.8;-0.5;-0.5;2.294199;1;15;1;;;;;
17.82;-0.5;-0.5;5.098952;1;15;1;;;;;
17.84;-0.5;-0.5;2.001679;1;15;1;;;;;
17.86;-0.5;-0.5;2.464168;1;15;1;;;;;
17.88;-0.5;-0.5;4.776328;1;15;1;;;;;
17.9;-0.5;-0.5;4.203104;1;15;1;;;;;
17.92;-0.5;-0.5;5.906281;1;15;1;;;;;
17.94;-0.5;-0.5;3.265777;1;15;1;;;;;
17.96;-0.5;-0.5;2.648751;1;15;1;;;;;
17.98;-0.5;-0.5;5.566555;1;15;1;;;;;
18;-0.5;-0.5;5.738127;1;15;1;;;;;
18.02;-0.5;-0.5;2.090543;1;15;1;;;;;
18.04;-0.5;-0.5;5.290048;1;15;1;;;;;
18.06;-0.5;-0.5;4.997745;1;15;1;;;;;
18.08;-0.5;-0.5;3.789889;1;15;1;;;;;
18.1;-0.5;-0.5;3.34971;1;15;1;;;;;
18.12;-0.5;-0.5;2.050839;1;15;1;;;;;
18.14;-0.5;-0.5;2.660625;1;15;1;;;;;
18.16;-0.5;-0.5;5.039063;1;15;1;;;;;
18.18;-0.5;-0.5;4.113587;1;15;1;;;;;
18.2;-0.5;-0.5;4.239522;1;15;1;;;;;
18.22;-0.5;-0.5;5.498883;1;15;1;;;;;
18.24;-0.5;-0.5;2.184812;1;15;1;;;;;
18.26;-0.5;-0.5;5.775269;1;15;1;;;;;
18.28;-0.5;-0.5;3.745569;1;15;1;;;;;
18.3;-0.5;-0.5;5.156021;1;15;1;;;;;
18.32;-0.5;-0.5;2.490907;1;15;1;;;;;
18.34;-0.5;-0.5;4.862521;1;15;1;;;;;
18.36;-0.5;-0.5;3.060517;1;15;1;;;;;
18.38;-0.5;-0.5;5.1897;1;15;1;;;;;
18.4;-0.5;-0.5;5.072943;1;15;1;;;;;
18.42;-0.5;-0.5;4.878026;1;15;1;;;;;
18.44;-0.5;-0.5;4.020628;1;15;1;;;;;
18.46;-0.5;-0.5;2.742138;1;15;1;;;;;
18.48;-0.5;-0.5;4.523744;1;15;1;;;;;
18.5;-0.5;-0.5;2.837578;1;15;1;;;;;
18.52;-0.5;-0.5;4.428111;1;15;1;;;;;
18.54;-0.5;-0.5;5.346184;1;15;1;;;;;
18.56;-0.5;-0.5;5.147842;1;15;1;;;;;
18.58;-0.5;-0.5;5.586312;1;15;1;;;;;
18.6;-0.5;-0.5;5.492099;1;15;1;;;;;
18.62;-0.5;-0.5;4.110603;1;15;1;;;;;
18.64;-0.5;-0.5;2.132707;1;15;1;;;;;
18.66;-0.5;-0.5;4.799405;1;15;1;;;;;
18.68;-0.5;-0.5;3.445139;1;15;1;;;;;
18.7;-0.5;-0.5;5.074668;1;15;1;;;;;
18.72;-0.5;-0.5;2.39961;1;15;1;;;;;
18.74;-0.5;-0.5;4.798531;1;15;1;;;;;
18.76;-0.5;-0.5;5.011079;1;15;1;;;;;
18.78;-0.5;-0.5;4.848163;1;15;1;;;;;
18.8;-0.5;-0.5;5.47859;1;15;1;;;;;
18.82;-0.5;-0.5;4.665226;1;15;1;;;;;
18.84;-0.5;-0.5;5.049964;1;15;1;;;;;
18.86;-0.5;-0.5;5.796565;1;15;1;;;;;
18.88;-0.5;-0.5;2.403045;1;15;1;;;;;
18.9;-0.5;-0.5;4.660131;1;15;1;;;;;
18.92;-0.5;-0.5;5.510889;1;15;1;;;;;
18.94;-0.5;-0.5;2.068186;1;15;1;;;;;
18.96;-0.5;-0.5;4.475559;1;15;1;;;;;
18.98;-0.5;-0.5;3.275821;1;15;1;;;;;
19;-0.5;-0.5;5.598922;1;15;1;;;;;
19.02;-0.5;-0.5;5.962177;1;15;1;;;;;
19.04;-0.5;-0.5;2.934917;1;15;1;;;;;
19.06;-0.5;-0.5;5.148009;1;15;1;;;;;
19.08;-0.5;-0.5;3.649753;1;15;1;;;;;
19.1;-0.5;-0.5;3.235523;1;15;1;;;;;
19.12;-0.5;-0.5;2.7492;1;15;1;;;;;
19.14;-0.5;-0.5;2.863539;1;15;1;;;;;
19.16;-0.5;-0.5;4.993676;1;15;1;;;;;
19.18;-0.5;-0.5;2.335211;1;15;1;;;;;
19.2;-0.5;-0.5;3.742287;1;15;1;;;;;
19.22;-0.5;-0.5;3.720057;1;15;1;;;;;
19.24;-0.5;-0.5;2.391931;1;15;1;;;;;
19.26;-0.5;-0.5;2.60834;1;15;1;;;;;
19.28;-0.5;-0.5;4.045142;1;15;1;;;;;
19.3;-0.5;-0.5;2.720662;1;15;1;;;;;
19.32;-0.5;-0.5;5.554931;1;15;1;;;;;
19.34;-0.5;-0.5;4.206724;1;15;1;;;;;
19.36;-0.5;-0.5;2.423332;1;15;1;;;;;
19.38;-0.5;-0.5;4.773345;1;15;1;;;;;
19.4;-0.5;-0.5;5.832645;1;15;1;;;;;
19.42;-0.5;-0.5;4.916718;1;15;1;;;;;
19.44;-0.5;-0.5;3.181907;1;15;1;;;;;
19.46;-0.5;-0.5;2.750949;1;15;1;;;;;
19.48;-0.5;-0.5;5.597965;1;15;1;;;;;
19.5;-0.5;-0.5;2.622847;1;15;1;;;;;
19.52;-0.5;-0.5;5.034065;1;15;1;;;;;
19.54;-0.5;-0.5;5.488957;1;15;1;;;;;
19.56;-0.5;-0.5;3.711371;1;15;1;;;;;
19.58;-0.5;-0.5;3.587177;1;15;1;;;;;
19.6;-0.5;-0.5;4.372125;1;15;1;;;;;
19.62;-0.5;-0.5;2.857128;1;15;1;;;;;
19.64;-0.5;-0.5;3.54538;1;15;1;;;;;
19.66;-0.5;-0.5;2.379567;1;15;1;;;;;
19.68;-0.5;-0.5;3.749101;1;15;1;;;;;
19.7;-0.5;-0.5;5.612214;1;15;1;;;;;
19.72;-0.5;-0.5;3.7538;1;15;1;;;;;
19.74;-0.5;-0.5;3.690965;1;15;1;;;;;
19.76;-0.5;-0.5;3.061626;1;15;1;;;;;
19.78;-0.5;-0.5;2.623158;1;15;1;;;;;
19.8;-0.5;-0.5;2.65324;1;15;1;;;;;
19.82;-0.5;-0.5;5.326333;1;15;1;;;;;
19.84;-0.5;-0.5;5.873939;1;15;1;;;;;
19.86;-0.5;-0.5;3.624902;1;15;1;;;;;
19.88;-0.5;-0.5;5.779867;1;15;1;;;;;
19.9;-0.5;-0.5;2.876911;1;15;1;;;;;
19.92;-0.5;-0.5;2.149295;1;15;1;;;;;
19.94;-0.5;-0.5;4.635339;1;15;1;;;;;
19.96;-0.5;-0.5;5.79273;1;15;1;;;;;
19.98;-0.5;-0.5;3.361649;1;15;1;;;;;
20;-0.5;-0.5;5.704468;1;15;1;;;;;
20.02;-0.5;-0.5;3.150856;1;15;1;;;;;
20.04;-0.5;-0.5;3.780702;1;15;1;;;;;
20.06;-0.5;-0.5;4.150835;1;15;1;;;;;
20.08;-0.5;-0.5;4.540091;1;15;1;;;;;
20.1;-0.5;-0.5;3.859537;1;15;1;;;;;
20.12;-0.5;-0.5;4.186924;1;15;1;;;;;
20.14;-0.5;-0.5;5.043046;1;15;1;;;;;
20.16;-0.5;-0.5;4.89055;1;15;1;;;;;
20.18;-0.5;-0.5;2.682216;1;15;1;;;;;
20.2;-0.5;-0.5;5.705347;1;15;1;;;;;
20.22;-0.5;-0.5;2.891365;1;15;1;;;;;
20.24;-0.5;-0.5;4.068539;1;15;1;;;;;
20.26;-0.5;-0.5;2.706727;1;15;1;;;;;
20.28;-0.5;-0.5;5.743845;1;15;1;;;;;
20.3;-0.5;-0.5;4.627028;1;15;1;;;;;
20.32;-0.5;-0.5;3.97593;1;15;1;;;;;
20.34;-0.5;-0.5;3.891047;1;15;1;;;;;
20.36;-0.5;-0.5;3.603053;1;15;1;;;;;
20.38;-0.5;-0.5;4.271832;1;15;1;;;;;
20.4;-0.5;-0.5;2.500248;1;15;1;;;;;
20.42;-0.5;-0.5;4.043576;1;15;1;;;;;
20.44;-0.5;-0.5;3.659541;1;15;1;;;;;
20.46;-0.5;-0.5;4.545198;1;15;1;;;;;
20.48;-0.5;-0.5;4.410263;1;15;1;;;;;
20.5;-0.5;-0.5;3.588399;1;15;1;;;;;
20.52;-0.5;-0.5;2.711331;1;15;1;;;;;
20.54;-0.5;-0.5;4.946135;1;15;1;;;;;
20.56;-0.5;-0.5;3.765017;1;15;1;;;;;
20.58;-0.5;-0.5;4.523705;1;15;1;;;;;
20.6;-0.5;-0.5;3.841306;1;15;1;;;;;
20.62;-0.5;-0.5;3.443126;1;15;1;;;;;
20.64;-0.5;-0.5;4.194031;1;15;1;;;;;
20.66;-0.5;-0.5;4.743997;1;15;1;;;;;
20.68;-0.5;-0.5;2.70616;1;15;1;;;;;
20.7;-0.5;-0.5;4.674363;1;15;1;;;;;
20.72;-0.5;-0.5;5.13987;1;15;1;;;;;
20.74;-0.5;-0.5;2.503074;1;15;1;;;;;
20.76;-0.5;-0.5;2.387378;1;15;1;;;;;
20.78;-0.5;-0.5;4.040988;1;15;1;;;;;
20.8;-0.5;-0.5;2.338525;1;15;1;;;;;
20.82;-0.5;-0.5;2.589945;1;15;1;;;;;
20.84;-0.5;-0.5;3.03093;1;15;1;;;;;
20.86;-0.5;-0.5;4.296502;1;15;1;;;;;
20.88;-0.5;-0.5;4.100544;1;15;1;;;;;
20.9;-0.5;-0.5;3.081013;1;15;1;;;;;
20.92;-0.5;-0.5;5.382127;1;15;1;;;;;
20.94;-0.5;-0.5;2.314962;1;15;1;;;;;
20.96;-0.5;-0.5;4.454966;1;15;1;;;;;
20.98;-0.5;-0.5;3.16352;1;15;1;;;;;
21;-0.5;-0.5;4.284361;1;15;1;;;;;
21.02;-0.5;-0.5;4.626543;1;15;1;;;;;
21.04;-0.5;-0.5;4.463696;1;15;1;;;;;
21.06;-0.5;-0.5;3.887208;1;15;1;;;;;
21.08;-0.5;-0.5;4.64482;1;15;1;;;;;
21.1;-0.5;-0.5;3.405038;1;15;1;;;;;
21.12;-0.5;-0.5;5.218911;1;15;1;;;;;
21.14;-0.5;-0.5;2.410868;1;15;1;;;;;
21.16;-0.5;-0.5;4.705515;1;15;1;;;;;
21.18;-0.5;-0.5;4.049297;1;15;1;;;;;
21.2;-0.5;-0.5;4.867079;1;15;1;;;;;
21.22;-0.5;-0.5;2.77983;1;15;1;;;;;
21.24;-0.5;-0.5;5.150797;1;15;1;;;;;
21.26;-0.5;-0.5;4.564119;1;15;1;;;;;
21.28;-0.5;-0.5;4.158562;1;15;1;;;;;
21.3;-0.5;-0.5;2.169493;1;15;1;;;;;
21.32;-0.5;-0.5;2.517887;1;15;1;;;;;
21.34;-0.5;-0.5;4.781156;1;15;1;;;;;
21.36;-0.5;-0.5;5.233868;1;15;1;;;;;
21.38;-0.5;-0.5;5.250181;1;15;1;;;;;
21.4;-0.5;-0.5;3.819959;1;15;1;;;;;
21.42;-0.5;-0.5;5.150673;1;15;1;;;;;
21.44;-0.5;-0.5;5.33658;1;15;1;;;;;
21.46;-0.5;-0.5;5.701915;1;15;1;;;;;
21.48;-0.5;-0.5;3.745497;1;15;1;;;;;
21.5;-0.5;-0.5;3.179982;1;15;1;;;;;
21.52;-0.5;-0.5;5.702119;1;15;1;;;;;
21.54;-0.5;-0.5;2.346461;1;15;1;;;;;
21.56;-0.5;-0.5;5.311697;1;15;1;;;;;
21.58;-0.5;-0.5;5.117558;1;15;1;;;;;
21.6;-0.5;-0.5;4.935375;1;15;1;;;;;
21.62;-0.5;-0.5;5.925781;1;15;1;;;;;
21.64;-0.5;-0.5;5.79276;1;15;1;;;;;
21.66;-0.5;-0.5;3.204;1;15;1;;;;;
21.68;-0.5;-0.5;4.15277;1;15;1;;;;;
21.7;-0.5;-0.5;3.748959;1;15;1;;;;;
21.72;-0.5;-0.5;3.974263;1;15;1;;;;;
21.74;-0.5;-0.5;2.629797;1;15;1;;;;;
21.76;-0.5;-0.5;4.567366;1;15;1;;;;;
21.78;-0.5;-0.5;5.756446;1;15;1;;;;;
21.8;-0.5;-0.5;5.908214;1;15;1;;;;;
21.82;-0.5;-0.5;4.666611;1;15;1;;;;;
21.84;-0.5;-0.5;4.337728;1;15;1;;;;;
21.86;-0.5;-0.5;5.87524;1;15;1;;;;;
21.88;-0.5;-0.5;3.005024;1;15;1;;;;;
21.9;-0.5;-0.5;2.232706;1;15;1;;;;;
21.92;-0.5;-0.5;3.339833;1;15;1;;;;;
21.94;-0.5;-0.5;5.290977;1;15;1;;;;;
21.96;-0.5;-0.5;2.532599;1;15;1;;;;;
21.98;-0.5;-0.5;5.917553;1;15;1;;;;;
22;-0.5;-0.5;5.857908;1;15;1;;;;;
22.02;-0.5;-0.5;2.31348;1;15;1;;;;;
22.04;-0.5;-0.5;2.869197;1;15;1;;;;;
22.06;-0.5;-0.5;3.804846;1;15;1;;;;;
22.08;-0.5;-0.5;5.821488;1;15;1;;;;;
22.1;-0.5;-0.5;3.095014;1;15;1;;;;;
22.12;-0.5;-0.5;3.932794;1;15;1;;;;;
22.14;-0.5;-0.5;3.596451;1;15;1;;;;;
22.16;-0.5;-0.5;5.315919;1;15;1;;;;;
22.18;-0.5;-0.5;4.80617;1;15;1;;;;;
22.2;-0.5;-0.5;5.963222;1;15;1;;;;;
22.22;-0.5;-0.5;4.135914;1;15;1;;;;;
22.24;-0.5;-0.5;2.233502;1;15;1;;;;;
22.26;-0.5;-0.5;3.558428;1;15;1;;;;;
22.28;-0.5;-0.5;3.136727;1;15;1;;;;;
22.3;-0.5;-0.5;5.640348;1;15;1;;;;;
22.32;-0.5;-0.5;2.894004;1;15;1;;;;;
22.34;-0.5;-0.5;2.694041;1;15;1;;;;;
22.36;-0.5;-0.5;3.010853;1;15;1;;;;;
22.38;-0.5;-0.5;3.413552;1;15;1;;;;;
22.4;-0.5;-0.5;4.715078;1;15;1;;;;;
22.42;-0.5;-0.5;4.393861;1;15;1;;;;;
22.44;-0.5;-0.5;3.865015;1;15;1;;;;;
22.46;-0.5;-0.5;5.838436;1;15;1;;;;;
22.48;-0.5;-0.5;5.5399;1;15;1;;;;;
22.5;-0.5;-0.5;2.644141;1;15;1;;;;;
22.52;-0.5;-0.5;4.779014;1;15;1;;;;;
22.54;-0.5;-0.5;5.532065;1;15;1;;;;;
22.56;-0.5;-0.5;3.369125;1;15;1;;;;;
22.58;-0.5;-0.5;4.223082;1;15;1;;;;;
22.6;-0.5;-0.5;4.309097;1;15;1;;;;;
22.62;-0.5;-0.5;3.03617;1;15;1;;;;;
22.64;-0.5;-0.5;2.327232;1;15;1;;;;;
22.66;-0.5;-0.5;4.638757;1;15;1;;;;;
22.68;-0.5;-0.5;4.449975;1;15;1;;;;;
22.7;-0.5;-0.5;2.438507;1;15;1;;;;;
22.72;-0.5;-0.5;2.129602;1;15;1;;;;;
22.74;-0.5;-0.5;5.067225;1;15;1;;;;;
22.76;-0.5;-0.5;2.133629;1;15;1;;;;;
22.78;-0.5;-0.5;3.68874;1;15;1;;;;;
22.8;-0.5;-0.5;2.045281;1;15;1;;;;;
22.82;-0.5;-0.5;3.60199;1;15;1;;;;;
22.84;-0.5;-0.5;3.449555;1;15;1;;;;;
22.86;-0.5;-0.5;4.241234;1;15;1;;;;;
22.88;-0.5;-0.5;4.866805;1;15;1;;;;;
22.9;-0.5;-0.5;2.15997;1;15;1;;;;;
22.92;-0.5;-0.5;3.848268;1;15;1;;;;;
22.94;-0.5;-0.5;3.156208;1;15;1;;;;;
22.96;-0.5;-0.5;2.0987;1;15;1;;;;;
22.98;-0.5;-0.5;3.443377;1;15;1;;;;;
23;-0.5;-0.5;5.397056;1;15;1;;;;;
23.02;-0.5;-0.5;4.347468;1;15;1;;;;;
23.04;-0.5;-0.5;4.39854;1;15;1;;;;;
23.06;-0.5;-0.5;4.112961;1;15;1;;;;;
23.08;-0.5;-0.5;3.920269;1;15;1;;;;;
23.1;-0.5;-0.5;2.355153;1;15;1;;;;;
23.12;-0.5;-0.5;3.595827;1;15;1;;;;;
23.14;-0.5;-0.5;3.983362;1;15;1;;;;;
23.16;-0.5;-0.5;3.479679;1;15;1;;;;;
23.18;-0.5;-0.5;3.842317;1;15;1;;;;;
23.2;-0.5;-0.5;2.064432;1;15;1;;;;;
23.22;-0.5;-0.5;3.516228;1;15;1;;;;;
23.24;-0.5;-0.5;3.540068;1;15;1;;;;;
23.26;-0.5;-0.5;2.993141;1;15;1;;;;;
23.28;-0.5;-0.5;4.566287;1;15;1;;;;;
23.3;-0.5;-0.5;3.876151;1;15;1;;;;;
23.32;-0.5;-0.5;2.394785;1;15;1;;;;;
23.34;-0.5;-0.5;5.288852;1;15;1;;;;;
23.36;-0.5;-0.5;5.5267;1;15;1;;;;;
23.38;-0.5;-0.5;5.616819;1;15;1;;;;;
23.4;-0.5;-0.5;5.318698;1;15;1;;;;;
23.42;-0.5;-0.5;2.435531;1;15;1;;;;;
23.44;-0.5;-0.5;4.06047;1;15;1;;;;;
23.46;-0.5;-0.5;2.913318;1;15;1;;;;;
23.48;-0.5;-0.5;3.804991;1;15;1;;;;;
23.5;-0.5;-0.5;5.524143;1;15;1;;;;;
23.52;-0.5;-0.5;2.418837;1;15;1;;;;;
23.54;-0.5;-0.5;4.235726;1;15;1;;;;;
23.56;-0.5;-0.5;4.248404;1;15;1;;;;;
23.58;-0.5;-0.5;3.956925;1;15;1;;;;;
23.6;-0.5;-0.5;3.660375;1;15;1;;;;;
23.62;-0.5;-0.5;3.514452;1;15;1;;;;;
23.64;-0.5;-0.5;4.063516;1;15;1;;;;;
23.66;-0.5;-0.5;2.572078;1;15;1;;;;;
23.68;-0.5;-0.5;4.481494;1;15;1;;;;;
23.7;-0.5;-0.5;4.585317;1;15;1;;;;;
23.72;-0.5;-0.5;4.950783;1;15;1;;;;;
23.74;-0.5;-0.5;2.294131;1;15;1;;;;;
23.76;-0.5;-0.5;4.860699;1;15;1;;;;;
23.78;-0.5;-0.5;5.764768;1;15;1;;;;;
23.8;-0.5;-0.5;5.606299;1;15;1;;;;;
23.82;-0.5;-0.5;3.530807;1;15;1;;;;;
23.84;-0.5;-0.5;2.78147;1;15;1;;;;;
23.86;-0.5;-0.5;5.9007;1;15;1;;;;;
23.88;-0.5;-0.5;2.7013;1;15;1;;;;;
23.9;-0.5;-0.5;4.446294;1;15;1;;;;;
23.92;-0.5;-0.5;2.863525;1;15;1;;;;;
23.94;-0.5;-0.5;5.837909;1;15;1;;;;;
23.96;-0.5;-0.5;5.047838;1;15;1;;;;;
23.98;-0.5;-0.5;5.334794;1;15;1;;;;;
24;-0.5;-0.5;3.240088;1;15;1;;;;;
24.02;-0.5;-0.5;3.186127;1;15;1;;;;;
24.04;-0.5;-0.5;4.988414;1;15;1;;;;;
24.06;-0.5;-0.5;3.008606;1;15;1;;;;;
24.08;-0.5;-0.5;3.63886;1;15;1;;;;;
24.1;-0.5;-0.5;5.485148;1;15;1;;;;;
24.12;-0.5;-0.5;3.203531;1;15;1;;;;;
24.14;-0.5;-0.5;4.873612;1;15;1;;;;;
24.16;-0.5;-0.5;3.459949;1;15;1;;;;;
24.18;-0.5;-0.5;2.686234;1;15;1;;;;;
24.2;-0.5;-0.5;4.946124;1;15;1;;;;;
24.22;-0.5;-0.5;3.135114;1;15;1;;;;;
24.24;-0.5;-0.5;5.72302;1;15;1;;;;;
24.26;-0.5;-0.5;5.321576;1;15;1;;;;;
24.28;-0.5;-0.5;3.250152;1;15;1;;;;;
24.3;-0.5;-0.5;3.754563;1;15;1;;;;;
24.32;-0.5;-0.5;3.777716;1;15;1;;;;;
24.34;-0.5;-0.5;2.705257;1;15;1;;;;;
24.36;-0.5;-0.5;4.25282;1;15;1;;;;;
24.38;-0.5;-0.5;4.549431;1;15;1;;;;;
24.4;-0.5;-0.5;3.80732;1;15;1;;;;;
24.42;-0.5;-0.5;5.115438;1;15;1;;;;;
24.44;-0.5;-0.5;3.909091;1;15;1;;;;;
24.46;-0.5;-0.5;3.743328;1;15;1;;;;;
24.48;-0.5;-0.5;3.243357;1;15;1;;;;;
24.5;-0.5;-0.5;5.889609;1;15;1;;;;;
24.52;-0.5;-0.5;3.371971;1;15;1;;;;;
24.54;-0.5;-0.5;5.528917;1;15;1;;;;;
24.56;-0.5;-0.5;2.670216;1;15;1;;;;;
24.58;-0.5;-0.5;3.830989;1;15;1;;;;;
24.6;-0.5;-0.5;4.249576;1;15;1;;;;;
24.62;-0.5;-0.5;4.701354;1;15;1;;;;;
24.64;-0.5;-0.5;3.342463;1;15;1;;;;;
24.66;-0.5;-0.5;5.011435;1;15;1;;;;;
24.68;-0.5;-0.5;3.416658;1;15;1;;;;;
24.7;-0.5;-0.5;3.095407;1;15;1;;;;;
24.72;-0.5;-0.5;5.326794;1;15;1;;;;;
24.74;-0.5;-0.5;2.313778;1;15;1;;;;;
24.76;-0.5;-0.5;4.338568;1;15;1;;;;;
24.78;-0.5;-0.5;4.951495;1;15;1;;;;;
24.8;-0.5;-0.5;2.106816;1;15;1;;;;;
24.82;-0.5;-0.5;2.743244;1;15;1;;;;;
24.84;-0.5;-0.5;4.662374;1;15;1;;;;;
24.86;-0.5;-0.5;4.855936;1;15;1;;;;;
24.88;-0.5;-0.5;3.877796;1;15;1;;;;;
24.9;-0.5;-0.5;2.167281;1;15;1;;;;;
24.92;-0.5;-0.5;3.084446;1;15;1;;;;;
24.94;-0.5;-0.5;2.837096;1;15;1;;;;;
24.96;-0.5;-0.5;5.928403;1;15;1;;;;;
24.98;-0.5;-0.5;5.122486;1;15;1;;;;;
25;-0.5;-0.5;5.232288;1;15;1;;;;;
25.02;-0.5;-0.5;2.606365;1;15;1;;;;;
25.04;-0.5;-0.5;4.315189;1;15;1;;;;;
25.06;-0.5;-0.5;4.461308;1;15;1;;;;;
25.08;-0.5;-0.5;3.824014;1;15;1;;;;;
25.1;-0.5;-0.5;5.446169;1;15;1;;;;;
25.12;-0.5;-0.5;4.214005;1;15;1;;;;;
25.14;-0.5;-0.5;2.580739;1;15;1;;;;;
25.16;-0.5;-0.5;2.247715;1;15;1;;;;;
25.18;-0.5;-0.5;4.675979;1;15;1;;;;;
25.2;-0.5;-0.5;5.263918;1;15;1;;;;;
25.22;-0.5;-0.5;2.030469;1;15;1;;;;;
25.24;-0.5;-0.5;5.106689;1;15;1;;;;;
25.26;-0.5;-0.5;3.707886;1;15;1;;;;;
25.28;-0.5;-0.5;4.512475;1;15;1;;;;;
25.3;-0.5;-0.5;4.46062;1;15;1;;;;;
25.32;-0.5;-0.5;3.251138;1;15;1;;;;;
25.34;-0.5;-0.5;5.601729;1;15;1;;;;;
25.36;-0.5;-0.5;4.634794;1;15;1;;;;;
25.38;-0.5;-0.5;4.178785;1;15;1;;;;;
25.4;-0.5;-0.5;2.569611;1;15;1;;;;;
25.42;-0.5;-0.5;3.320864;1;15;1;;;;;
25.44;-0.5;-0.5;4.800285;1;15;1;;;;;
25.46;-0.5;-0.5;4.823622;1;15;1;;;;;
25.48;-0.5;-0.5;2.618894;1;15;1;;;;;
25.5;-0.5;-0.5;4.421531;1;15;1;;;;;
25.52;-0.5;-0.5;4.585445;1;15;1;;;;;
25.54;-0.5;-0.5;4.081399;1;15;1;;;;;
25.56;-0.5;-0.5;2.31438;1;15;1;;;;;
25.58;-0.5;-0.5;5.472419;1;15;1;;;;;
25.6;-0.5;-0.5;3.63248;1;15;1;;;;;
25.62;-0.5;-0.5;2.449336;1;15;1;;;;;
25.64;-0.5;-0.5;5.853978;1;15;1;;;;;
25.66;-0.5;-0.5;4.710896;1;15;1;;;;;
25.68;-0.5;-0.5;3.934218;1;15;1;;;;;
25.7;-0.5;-0.5;3.327861;1;15;1;;;;;
25.72;-0.5;-0.5;3.707028;1;15;1;;;;;
25.74;-0.5;-0.5;2.90772;1;15;1;;;;;
25.76;-0.5;-0.5;5.383214;1;15;1;;;;;
25.78;-0.5;-0.5;4.807049;1;15;1;;;;;
25.8;-0.5;-0.5;3.474564;1;15;1;;;;;
25.82;-0.5;-0.5;3.211662;1;15;1;;;;;
25.84;-0.5;-0.5;2.36132;1;15;1;;;;;
25.86;-0.5;-0.5;2.284678;1;15;1;;;;;
25.88;-0.5;-0.5;2.551165;1;15;1;;;;;
25.9;-0.5;-0.5;5.631885;1;15;1;;;;;
25.92;-0.5;-0.5;5.554177;1;15;1;;;;;
25.94;-0.5;-0.5;2.159194;1;15;1;;;;;
25.96;-0.5;-0.5;3.602791;1;15;1;;;;;
25.98;-0.5;-0.5;2.434586;1;15;1;;;;;
26;-0.5;-0.5;4.021677;1;15;1;;;;;
26.02;-0.5;-0.5;2.171757;1;15;1;;;;;
26.04;-0.5;-0.5;3.220732;1;15;1;;;;;
26.06;-0.5;-0.5;4.896427;1;15;1;;;;;
26.08;-0.5;-0.5;3.865275;1;15;1;;;;;
26.1;-0.5;-0.5;5.482026;1;15;1;;;;;
26.12;-0.5;-0.5;5.913939;1;15;1;;;;;
26.14;-0.5;-0.5;2.694378;1;15;1;;;;;
26.16;-0.5;-0.5;4.489862;1;15;1;;;;;
26.18;-0.5;-0.5;5.494209;1;15;1;;;;;
26.2;-0.5;-0.5;2.457684;1;15;1;;;;;
26.22;-0.5;-0.5;5.600023;1;15;1;;;;;
26.24;-0.5;-0.5;4.252048;1;15;1;;;;;
26.26;-0.5;-0.5;4.829762;1;15;1;;;;;
26.28;-0.5;-0.5;5.418918;1;15;1;;;;;
26.3;-0.5;-0.5;2.378459;1;15;1;;;;;
26.32;-0.5;-0.5;2.699381;1;15;1;;;;;
26.34;-0.5;-0.5;5.287961;1;15;1;;;;;
26.36;-0.5;-0.5;3.806614;1;15;1;;;;;
26.38;-0.5;-0.5;2.82342;1;15;1;;;;;
26.4;-0.5;-0.5;4.707156;1;15;1;;;;;
26.42;-0.5;-0.5;3.273717;1;15;1;;;;;
26.44;-0.5;-0.5;3.704829;1;15;1;;;;;
26.46;-0.5;-0.5;2.110703;1;15;1;;;;;
26.48;-0.5;-0.5;4.506851;1;15;1;;;;;
26.5;-0.5;-0.5;2.869753;1;15;1;;;;;
26.52;-0.5;-0.5;3.806061;1;15;1;;;;;
26.54;-0.5;-0.5;2.279152;1;15;1;;;;;
26.56;-0.5;-0.5;5.461469;1;15;1;;;;;
26.58;-0.5;-0.5;4.423462;1;15;1;;;;;
26.6;-0.5;-0.5;4.999567;1;15;1;;;;;
26.62;-0.5;-0.5;3.472665;1;15;1;;;;;
26.64;-0.5;-0.5;5.070259;1;15;1;;;;;
26.66;-0.5;-0.5;4.130481;1;15;1;;;;;
26.68;-0.5;-0.5;2.79917;1;15;1;;;;;
26.7;-0.5;-0.5;2.05768;1;15;1;;;;;
26.72;-0.5;-0.5;4.154779;1;15;1;;;;;
26.74;-0.5;-0.5;2.102222;1;15;1;;;;;
26.76;-0.5;-0.5;5.563026;1;15;1;;;;;
26.78;-0.5;-0.5;2.635153;1;15;1;;;;;
26.8;-0.5;-0.5;5.912436;1;15;1;;;;;
26.82;-0.5;-0.5;3.909668;1;15;1;;;;;
26.84;-0.5;-0.5;3.736453;1;15;1;;;;;
26.86;-0.5;-0.5;4.800026;1;15;1;;;;;
26.88;-0.5;-0.5;5.496042;1;15;1;;;;;
26.9;-0.5;-0.5;2.882639;1;15;1;;;;;
26.92;-0.5;-0.5;4.451214;1;15;1;;;;;
26.94;-0.5;-0.5;4.447599;1;15;1;;;;;
26.96;-0.5;-0.5;5.878541;1;15;1;;;;;
26.98;-0.5;-0.5;4.094094;1;15;1;;;;;
27;-0.5;-0.5;2.432186;1;15;1;;;;;
27.02;-0.5;-0.5;5.025701;1;15;1;;;;;
27.04;-0.5;-0.5;5.578297;1;15;1;;;;;
27.06;-0.5;-0.5;2.069396;1;15;1;;;;;
27.08;-0.5;-0.5;2.415482;1;15;1;;;;;
27.1;-0.5;-0.5;3.518788;1;15;1;;;;;
27.12;-0.5;-0.5;2.657577;1;15;1;;;;;
27.14;-0.5;-0.5;2.255412;1;15;1;;;;;
27.16;-0.5;-0.5;5.591217;1;15;1;;;;;
27.18;-0.5;-0.5;4.36316;1;15;1;;;;;
27.2;-0.5;-0.5;4.335366;1;15;1;;;;;
27.22;-0.5;-0.5;2.993635;1;15;1;;;;;
27.24;-0.5;-0.5;4.291636;1;15;1;;;;;
27.26;-0.5;-0.5;3.554912;1;15;1;;;;;
27.28;-0.5;-0.5;4.070035;1;15;1;;;;;
27.3;-0.5;-0.5;4.519331;1;15;1;;;;;
27.32;-0.5;-0.5;3.910489;1;15;1;;;;;
27.34;-0.5;-0.5;2.250156;1;15;1;;;;;
27.36;-0.5;-0.5;4.148104;1;15;1;;;;;
27.38;-0.5;-0.5;3.4397;1;15;1;;;;;
27.4;-0.5;-0.5;3.020336;1;15;1;;;;;
27.42;-0.5;-0.5;2.910939;1;15;1;;;;;
27.44;-0.5;-0.5;2.808384;1;15;1;;;;;
27.46;-0.5;-0.5;5.940338;1;15;1;;;;;
27.48;-0.5;-0.5;4.135875;1;15;1;;;;;
27.5;-0.5;-0.5;5.585145;1;15;1;;;;;
27.52;-0.5;-0.5;5.475924;1;15;1;;;;;
27.54;-0.5;-0.5;5.677199;1;15;1;;;;;
27.56;-0.5;-0.5;3.740951;1;15;1;;;;;
27.58;-0.5;-0.5;4.299087;1;15;1;;;;;
27.6;-0.5;-0.5;4.991343;1;15;1;;;;;
27.62;-0.5;-0.5;2.637277;1;15;1;;;;;
27.64;-0.5;-0.5;2.229236;1;15;1;;;;;
27.66;-0.5;-0.5;3.128262;1;15;1;;;;;
27.68;-0.5;-0.5;3.244668;1;15;1;;;;;
27.7;-0.5;-0.5;3.322858;1;15;1;;;;;
27.72;-0.5;-0.5;4.770001;1;15;1;;;;;
27.74;-0.5;-0.5;5.048086;1;15;1;;;;;
27.76;-0.5;-0.5;4.357615;1;15;1;;;;;
27.78;-0.5;-0.5;4.500052;1;15;1;;;;;
27.8;-0.5;-0.5;4.838929;1;15;1;;;;;
27.82;-0.5;-0.5;2.278748;1;15;1;;;;;
27.84;-0.5;-0.5;2.671651;1;15;1;;;;;
27.86;-0.5;-0.5;4.8164;1;15;1;;;;;
27.88;-0.5;-0.5;5.210353;1;15;1;;;;;
27.9;-0.5;-0.5;3.423736;1;15;1;;;;;
27.92;-0.5;-0.5;4.583497;1;15;1;;;;;
27.94;-0.5;-0.5;5.193208;1;15;1;;;;;
27.96;-0.5;-0.5;4.690844;1;15;1;;;;;
27.98;-0.5;-0.5;5.10506;1;15;1;;;;;
28;-0.5;-0.5;4.011518;1;15;1;;;;;
28.02;-0.5;-0.5;2.64466;1;15;1;;;;;
28.04;-0.5;-0.5;5.682317;1;15;1;;;;;
28.06;-0.5;-0.5;4.882334;1;15;1;;;;;
28.08;-0.5;-0.5;2.462639;1;15;1;;;;;
28.1;-0.5;-0.5;3.591329;1;15;1;;;;;
28.12;-0.5;-0.5;2.353007;1;15;1;;;;;
28.14;-0.5;-0.5;4.586792;1;15;1;;;;;
28.16;-0.5;-0.5;3.000969;1;15;1;;;;;
28.18;-0.5;-0.5;3.349679;1;15;1;;;;;
28.2;-0.5;-0.5;2.580774;1;15;1;;;;;
28.22;-0.5;-0.5;4.127206;1;15;1;;;;;
28.24;-0.5;-0.5;2.972271;1;15;1;;;;;
28.26;-0.5;-0.5;4.872596;1;15;1;;;;;
28.28;-0.5;-0.5;2.0358;1;15;1;;;;;
28.3;-0.5;-0.5;5.876225;1;15;1;;;;;
28.32;-0.5;-0.5;4.568406;1;15;1;;;;;
28.34;-0.5;-0.5;2.357265;1;15;1;;;;;
28.36;-0.5;-0.5;3.787298;1;15;1;;;;;
28.38;-0.5;-0.5;5.002029;1;15;1;;;;;
28.4;-0.5;-0.5;2.147288;1;15;1;;;;;
28.42;-0.5;-0.5;4.076865;1;15;1;;;;;
28.44;-0.5;-0.5;3.519794;1;15;1;;;;;
28.46;-0.5;-0.5;3.986106;1;15;1;;;;;
28.48;-0.5;-0.5;3.031971;1;15;1;;;;;
28.5;-0.5;-0.5;4.90531;1;15;1;;;;;
28.52;-0.5;-0.5;5.872656;1;15;1;;;;;
28.54;-0.5;-0.5;2.532769;1;15;1;;;;;
28.56;-0.5;-0.5;3.679545;1;15;1;;;;;
28.58;-0.5;-0.5;3.268991;1;15;1;;;;;
28.6;-0.5;-0.5;2.680668;1;15;1;;;;;
28.62;-0.5;-0.5;5.968751;1;15;1;;;;;
28.64;-0.5;-0.5;5.498597;1;15;1;;;;;
28.66;-0.5;-0.5;2.044303;1;15;1;;;;;
28.68;-0.5;-0.5;3.771482;1;15;1;;;;;
28.7;-0.5;-0.5;2.70379;1;15;1;;;;;
28.72;-0.5;-0.5;2.268393;1;15;1;;;;;
28.74;-0.5;-0.5;2.847991;1;15;1;;;;;
28.76;-0.5;-0.5;3.818222;1;15;1;;;;;
28.78;-0.5;-0.5;3.728673;1;15;1;;;;;
28.8;-0.5;-0.5;2.050212;1;15;1;;;;;
28.82;-0.5;-0.5;4.915344;1;15;1;;;;;
28.84;-0.5;-0.5;3.478654;1;15;1;;;;;
28.86;-0.5;-0.5;3.020427;1;15;1;;;;;
28.88;-0.5;-0.5;3.772885;1;15;1;;;;;
28.9;-0.5;-0.5;4.422699;1;15;1;;;;;
28.92;-0.5;-0.5;4.652356;1;15;1;;;;;
28.94;-0.5;-0.5;4.950452;1;15;1;;;;;
28.96;-0.5;-0.5;2.062635;1;15;1;;;;;
28.98;-0.5;-0.5;3.978837;1;15;1;;;;;
29;-0.5;-0.5;4.004755;1;15;1;;;;;
29.02;-0.5;-0.5;5.929959;1;15;1;;;;;
29.04;-0.5;-0.5;2.506568;1;15;1;;;;;
29.06;-0.5;-0.5;5.579836;1;15;1;;;;;
29.08;-0.5;-0.5;3.729511;1;15;1;;;;;
29.1;-0.5;-0.5;4.135266;1;15;1;;;;;
29.12;-0.5;-0.5;3.022166;1;15;1;;;;;
29.14;-0.5;-0.5;5.575972;1;15;1;;;;;
29.16;-0.5;-0.5;5.416202;1;15;1;;;;;
29.18;-0.5;-0.5;4.27196;1;15;1;;;;;
29.2;-0.5;-0.5;5.801346;1;15;1;;;;;
29.22;-0.5;-0.5;5.316538;1;15;1;;;;;
29.24;-0.5;-0.5;3.872641;1;15;1;;;;;
29.26;-0.5;-0.5;4.439566;1;15;1;;;;;
29.28;-0.5;-0.5;5.624421;1;15;1;;;;;
29.3;-0.5;-0.5;2.940457;1;15;1;;;;;
29.32;-0.5;-0.5;5.085912;1;15;1;;;;;
29.34;-0.5;-0.5;3.127792;1;15;1;;;;;
29.36;-0.5;-0.5;2.485264;1;15;1;;;;;
29.38;-0.5;-0.5;5.420794;1;15;1;;;;;
29.4;-0.5;-0.5;3.560997;1;15;1;;;;;
29.42;-0.5;-0.5;4.395607;1;15;1;;;;;
29.44;-0.5;-0.5;3.089065;1;15;1;;;;;
29.46;-0.5;-0.5;2.168166;1;15;1;;;;;
29.48;-0.5;-0.5;4.320743;1;15;1;;;;;
29.5;-0.5;-0.5;2.109937;1;15;1;;;;;
29.52;-0.5;-0.5;4.030625;1;15;1;;;;;
29.54;-0.5;-0.5;4.084343;1;15;1;;;;;
29.56;-0.5;-0.5;4.497613;1;15;1;;;;;
29.58;-0.5;-0.5;4.593144;1;15;1;;;;;
29.6;-0.5;-0.5;3.86424;1;15;1;;;;;
29.62;-0.5;-0.5;2.395219;1;15;1;;;;;
29.64;-0.5;-0.5;2.122046;1;15;1;;;;;
29.66;-0.5;-0.5;5.853368;1;15;1;;;;;
29.68;-0.5;-0.5;5.897821;1;15;1;;;;;
29.7;-0.5;-0.5;2.279915;1;15;1;;;;;
29.72;-0.5;-0.5;3.035819;1;15;1;;;;;
29.74;-0.5;-0.5;3.004138;1;15;1;;;;;
29.76;-0.5;-0.5;2.780769;1;15;1;;;;;
29.78;-0.5;-0.5;3.776376;1;15;1;;;;;
29.8;-0.5;-0.5;5.440161;1;15;1;;;;;
29.82;-0.5;-0.5;3.209569;1;15;1;;;;;
29.84;-0.5;-0.5;3.577929;1;15;1;;;;;
29.86;-0.5;-0.5;4.320697;1;15;1;;;;;
29.88;-0.5;-0.5;4.571491;1;15;1;;;;;
29.9;-0.5;-0.5;2.923427;1;15;1;;;;;
29.92;-0.5;-0.5;2.468446;1;15;1;;;;;
29.94;-0.5;-0.5;2.492262;1;15;1;;;;;
29.96;-0.5;-0.5;2.494156;1;15;1;;;;;
29.98;-0.5;-0.5;3.462362;1;15;1;;;;;
30;-0.5;-0.5;4.850819;1;15;1;;;;;
30.02;-0.5;-0.5;3.451593;1;15;1;;;;;
30.04;-0.5;-0.5;2.768954;1;15;1;;;;;
30.06;-0.5;-0.5;4.862517;1;15;1;;;;;
30.08;-0.5;-0.5;2.698746;1;15;1;;;;;
30.1;-0.5;-0.5;2.240163;1;15;1;;;;;
30.12;-0.5;-0.5;4.851965;1;15;1;;;;;
30.14;-0.5;-0.5;5.173303;1;15;1;;;;;
30.16;-0.5;-0.5;5.593132;1;15;1;;;;;
30.18;-0.5;-0.5;5.045547;1;15;1;;;;;
30.2;-0.5;-0.5;2.911971;1;15;1;;;;;
30.22;-0.5;-0.5;4.388881;1;15;1;;;;;
30.24;-0.5;-0.5;2.763533;1;15;1;;;;;
30.26;-0.5;-0.5;4.162861;1;15;1;;;;;
30.28;-0.5;-0.5;2.912206;1;15;1;;;;;
30.3;-0.5;-0.5;2.078611;1;15;1;;;;;
30.32;-0.5;-0.5;5.553181;1;15;1;;;;;
30.34;-0.5;-0.5;4.089883;1;15;1;;;;;
30.36;-0.5;-0.5;4.431342;1;15;1;;;;;
30.38;-0.5;-0.5;2.708405;1;15;1;;;;;
30.4;-0.5;-0.5;4.771124;1;15;1;;;;;
30.42;-0.5;-0.5;3.269417;1;15;1;;;;;
30.44;-0.5;-0.5;5.971296;1;15;1;;;;;
30.46;-0.5;-0.5;3.304208;1;15;1;;;;;
30.48;-0.5;-0.5;3.877088;1;15;1;;;;;
30.5;-0.5;-0.5;2.737274;1;15;1;;;;;
30.52;-0.5;-0.5;2.995157;1;15;1;;;;;
30.54;-0.5;-0.5;4.613734;1;15;1;;;;;
30.56;-0.5;-0.5;3.87886;1;15;1;;;;;
30.58;-0.5;-0.5;4.825857;1;15;1;;;;;
30.6;-0.5;-0.5;5.095852;1;15;1;;;;;
30.62;-0.5;-0.5;5.889889;1;15;1;;;;;
30.64;-0.5;-0.5;3.581393;1;15;1;;;;;
30.66;-0.5;-0.5;5.974541;1;15;1;;;;;
30.68;-0.5;-0.5;2.697493;1;15;1;;;;;
30.7;-0.5;-0.5;3.068132;1;15;1;;;;;
30.72;-0.5;-0.5;2.74274;1;15;1;;;;;
30.74;-0.5;-0.5;2.900233;1;15;1;;;;;
30.76;-0.5;-0.5;5.305149;1;15;1;;;;;
30.78;-0.5;-0.5;2.364022;1;15;1;;;;;
30.8;-0.5;-0.5;2.386878;1;15;1;;;;;
30.82;-0.5;-0.5;3.851109;1;15;1;;;;;
30.84;-0.5;-0.5;5.77822;1;15;1;;;;;
30.86;-0.5;-0.5;2.745945;1;15;1;;;;;
30.88;-0.5;-0.5;4.329185;1;15;1;;;;;
30.9;-0.5;-0.5;5.559133;1;15;1;;;;;
30.92;-0.5;-0.5;3.829375;1;15;1;;;;;
30.94;-0.5;-0.5;2.65038;1;15;1;;;;;
30.96;-0.5;-0.5;4.497746;1;15;1;;;;;
30.98;-0.5;-0.5;2.460823;1;15;1;;;;;
31;-0.5;-0.5;3.023454;1;15;1;;;;;
31.02;-0.5;-0.5;4.614342;1;15;1;;;;;
31.04;-0.5;-0.5;4.103659;1;15;1;;;;;
31.06;-0.5;-0.5;3.112117;1;15;1;;;;;
31.08;-0.5;-0.5;2.321277;1;15;1;;;;;
31.1;-0.5;-0.5;5.154362;1;15;1;;;;;
31.12;-0.5;-0.5;5.421247;1;15;1;;;;;
31.14;-0.5;-0.5;2.787288;1;15;1;;;;;
31.16;-0.5;-0.5;4.487478;1;15;1;;;;;
31.18;-0.5;-0.5;2.911424;1;15;1;;;;;
31.2;-0.5;-0.5;4.115754;1;15;1;;;;;
31.22;-0.5;-0.5;2.155413;1;15;1;;;;;
31.24;-0.5;-0.5;3.380631;1;15;1;;;;;
31.26;-0.5;-0.5;2.964656;1;15;1;;;;;
31.28;-0.5;-0.5;2.260451;1;15;1;;;;;
31.3;-0.5;-0.5;3.206825;1;15;1;;;;;
31.32;-0.5;-0.5;4.503018;1;15;1;;;;;
31.34;-0.5;-0.5;2.567917;1;15;1;;;;;
31.36;-0.5;-0.5;5.380257;1;15;1;;;;;
31.38;-0.5;-0.5;3.225184;1;15;1;;;;;
31.4;-0.5;-0.5;4.221919;1;15;1;;;;;
31.42;-0.5;-0.5;2.527285;1;15;1;;;;;
31.44;-0.5;-0.5;2.223829;1;15;1;;;;;
31.46;-0.5;-0.5;5.927607;1;15;1;;;;;
31.48;-0.5;-0.5;3.02723;1;15;1;;;;;
31.5;-0.5;-0.5;3.911279;1;15;1;;;;;
31.52;-0.5;-0.5;3.720369;1;15;1;;;;;
31.54;-0.5;-0.5;3.037501;1;15;1;;;;;
31.56;-0.5;-0.5;2.040619;1;15;1;;;;;
31.58;-0.5;-0.5;3.296745;1;15;1;;;;;
31.6;-0.5;-0.5;2.745852;1;15;1;;;;;
31.62;-0.5;-0.5;5.335433;1;15;1;;;;;
31.64;-0.5;-0.5;2.028871;1;15;1;;;;;
31.66;-0.5;-0.5;3.502378;1;15;1;;;;;
31.68;-0.5;-0.5;4.95799;1;15;1;;;;;
31.7;-0.5;-0.5;4.527347;1;15;1;;;;;
31.72;-0.5;-0.5;5.330652;1;15;1;;;;;
31.74;-0.5;-0.5;2.664234;1;15;1;;;;;
31.76;-0.5;-0.5;5.774425;1;15;1;;;;;
31.78;-0.5;-0.5;3.731483;1;15;1;;;;;
31.8;-0.5;-0.5;4.112131;1;15;1;;;;;
31.82;-0.5;-0.5;3.907447;1;15;1;;;;;
31.84;-0.5;-0.5;5.287328;1;15;1;;;;;
31.86;-0.5;-0.5;3.225816;1;15;1;;;;;
31.88;-0.5;-0.5;3.982224;1;15;1;;;;;
31.9;-0.5;-0.5;4.475913;1;15;1;;;;;
31.92;-0.5;-0.5;2.782803;1;15;1;;;;;
31.94;-0.5;-0.5;3.263652;1;15;1;;;;;
31.96;-0.5;-0.5;4.705235;1;15;1;;;;;
31.98;-0.5;-0.5;3.98738;1;15;1;;;;;
32;-0.5;-0.5;4.444189;1;15;1;;;;;
32.02;-0.5;-0.5;4.590271;1;15;1;;;;;
32.04;-0.5;-0.5;5.204993;1;15;1;;;;;
32.06;-0.5;-0.5;3.799236;1;15;1;;;;;
32.08;-0.5;-0.5;4.166615;1;15;1;;;;;
32.1;-0.5;-0.5;3.064559;1;15;1;;;;;
32.12;-0.5;-0.5;4.275623;1;15;1;;;;;
32.14;-0.5;-0.5;5.80951;1;15;1;;;;;
32.16;-0.5;-0.5;4.756571;1;15;1;;;;;
32.18;-0.5;-0.5;2.215149;1;15;1;;;;;
32.2;-0.5;-0.5;3.670319;1;15;1;;;;;
32.22;-0.5;-0.5;3.763802;1;15;1;;;;;
32.24;-0.5;-0.5;4.008622;1;15;1;;;;;
32.26;-0.5;-0.5;2.283156;1;15;1;;;;;
32.28;-0.5;-0.5;2.213391;1;15;1;;;;;
32.3;-0.5;-0.5;3.525321;1;15;1;;;;;
32.32;-0.5;-0.5;4.384622;1;15;1;;;;;
32.34;-0.5;-0.5;4.849427;1;15;1;;;;;
32.36;-0.5;-0.5;4.450746;1;15;1;;;;;
32.38;-0.5;-0.5;5.881975;1;15;1;;;;;
32.4;-0.5;-0.5;2.149394;1;15;1;;;;;
32.42;-0.5;-0.5;5.265434;1;15;1;;;;;
32.44;-0.5;-0.5;5.812428;1;15;1;;;;;
32.46;-0.5;-0.5;4.109458;1;15;1;;;;;
32.48;-0.5;-0.5;2.861244;1;15;1;;;;;
32.5;-0.5;-0.5;2.04471;1;15;1;;;;;
32.52;-0.5;-0.5;3.29063;1;15;1;;;;;
32.54;-0.5;-0.5;2.459119;1;15;1;;;;;
32.56;-0.5;-0.5;4.678444;1;15;1;;;;;
32.58;-0.5;-0.5;3.689659;1;15;1;;;;;
32.6;-0.5;-0.5;5.618453;1;15;1;;;;;
32.62;-0.5;-0.5;3.227701;1;15;1;;;;;
32.64;-0.5;-0.5;2.412025;1;15;1;;;;;
32.66;-0.5;-0.5;4.144657;1;15;1;;;;;
32.68;-0.5;-0.5;5.549214;1;15;1;;;;;
32.7;-0.5;-0.5;5.177112;1;15;1;;;;;
32.72;-0.5;-0.5;2.842347;1;15;1;;;;;
32.74;-0.5;-0.5;3.207486;1;15;1;;;;;
32.76;-0.5;-0.5;5.834897;1;15;1;;;;;
32.78;-0.5;-0.5;2.227852;1;15;1;;;;;
32.8;-0.5;-0.5;3.463649;1;15;1;;;;;
32.82;-0.5;-0.5;2.877381;1;15;1;;;;;
32.84;-0.5;-0.5;5.693418;1;15;1;;;;;
32.86;-0.5;-0.5;4.062667;1;15;1;;;;;
32.88;-0.5;-0.5;4.862318;1;15;1;;;;;
32.9;-0.5;-0.5;5.887781;1;15;1;;;;;
32.92;-0.5;-0.5;3.198797;1;15;1;;;;;
32.94;-0.5;-0.5;4.904319;1;15;1;;;;;
32.96;-0.5;-0.5;2.231926;1;15;1;;;;;
32.98;-0.5;-0.5;4.117733;1;15;1;;;;;
33;-0.5;-0.5;3.457914;1;15;1;;;;;
33.02;-0.5;-0.5;2.224286;1;15;1;;;;;
33.04;-0.5;-0.5;5.58222;1;15;1;;;;;
33.06;-0.5;-0.5;5.117533;1;15;1;;;;;
33.08;-0.5;-0.5;3.024019;1;15;1;;;;;
33.1;-0.5;-0.5;5.102687;1;15;1;;;;;
33.12;-0.5;-0.5;3.831623;1;15;1;;;;;
33.14;-0.5;-0.5;4.706367;1;15;1;;;;;
33.16;-0.5;-0.5;5.751549;1;15;1;;;;;
33.18;-0.5;-0.5;5.195779;1;15;1;;;;;
33.2;-0.5;-0.5;3.029369;1;15;1;;;;;
33.22;-0.5;-0.5;5.17858;1;15;1;;;;;
33.24;-0.5;-0.5;4.511103;1;15;1;;;;;
33.26;-0.5;-0.5;4.435121;1;15;1;;;;;
33.28;-0.5;-0.5;5.409954;1;15;1;;;;;
33.3;-0.5;-0.5;5.797676;1;15;1;;;;;
33.32;-0.5;-0.5;3.336946;1;15;1;;;;;
33.34;-0.5;-0.5;4.808671;1;15;1;;;;;
33.36;-0.5;-0.5;5.550622;1;15;1;;;;;
33.38;-0.5;-0.5;2.960971;1;15;1;;;;;
33.4;-0.5;-0.5;3.788763;1;15;1;;;;;
33.42;-0.5;-0.5;3.403883;1;15;1;;;;;
33.44;-0.5;-0.5;3.172443;1;15;1;;;;;
33.46;-0.5;-0.5;2.222495;1;15;1;;;;;
33.48;-0.5;-0.5;4.549063;1;15;1;;;;;
33.5;-0.5;-0.5;2.156362;1;15;1;;;;;
33.52;-0.5;-0.5;3.914021;1;15;1;;;;;
33.54;-0.5;-0.5;3.731018;1;15;1;;;;;
33.56;-0.5;-0.5;4.532947;1;15;1;;;;;
33.58;-0.5;-0.5;4.676062;1;15;1;;;;;
33.6;-0.5;-0.5;2.25792;1;15;1;;;;;
33.62;-0.5;-0.5;4.547949;1;15;1;;;;;
33.64;-0.5;-0.5;4.011537;1;15;1;;;;;
33.66;-0.5;-0.5;3.645039;1;15;1;;;;;
33.68;-0.5;-0.5;5.622315;1;15;1;;;;;
33.7;-0.5;-0.5;4.154246;1;15;1;;;;;
33.72;-0.5;-0.5;5.546102;1;15;1;;;;;
33.74;-0.5;-0.5;5.890777;1;15;1;;;;;
33.76;-0.5;-0.5;4.255441;1;15;1;;;;;
33.78;-0.5;-0.5;2.046872;1;15;1;;;;;
33.8;-0.5;-0.5;2.114283;1;15;1;;;;;
33.82;-0.5;-0.5;5.700701;1;15;1;;;;;
33.84;-0.5;-0.5;5.644969;1;15;1;;;;;
33.86;-0.5;-0.5;2.971051;1;15;1;;;;;
33.88;-0.5;-0.5;2.497431;1;15;1;;;;;
33.9;-0.5;-0.5;5.552747;1;15;1;;;;;
33.92;-0.5;-0.5;4.800155;1;15;1;;;;;
33.94;-0.5;-0.5;3.473837;1;15;1;;;;;
33.96;-0.5;-0.5;3.195266;1;15;1;;;;;
33.98;-0.5;-0.5;5.282818;1;15;1;;;;;
34;-0.5;-0.5;4.734343;1;15;1;;;;;
34.02;-0.5;-0.5;4.211872;1;15;1;;;;;
34.04;-0.5;-0.5;2.980186;1;15;1;;;;;
34.06;-0.5;-0.5;5.210476;1;15;1;;;;;
34.08;-0.5;-0.5;4.836068;1;15;1;;;;;
34.1;-0.5;-0.5;2.597009;1;15;1;;;;;
34.12;-0.5;-0.5;3.55386;1;15;1;;;;;
34.14;-0.5;-0.5;5.273418;1;15;1;;;;;
34.16;-0.5;-0.5;5.506907;1;15;1;;;;;
34.18;-0.5;-0.5;3.936107;1;15;1;;;;;
34.2;-0.5;-0.5;2.480746;1;15;1;;;;;
34.22;-0.5;-0.5;5.326644;1;15;1;;;;;
34.24;-0.5;-0.5;2.559331;1;15;1;;;;;
34.26;-0.5;-0.5;5.313595;1;15;1;;;;;
34.28;-0.5;-0.5;5.656387;1;15;1;;;;;
34.3;-0.5;-0.5;4.083179;1;15;1;;;;;
34.32;-0.5;-0.5;2.746992;1;15;1;;;;;
34.34;-0.5;-0.5;5.238997;1;15;1;;;;;
34.36;-0.5;-0.5;4.973644;1;15;1;;;;;
34.38;-0.5;-0.5;4.447112;1;15;1;;;;;
34.4;-0.5;-0.5;4.49773;1;15;1;;;;;
34.42;-0.5;-0.5;3.746988;1;15;1;;;;;
34.44;-0.5;-0.5;4.85731;1;15;1;;;;;
34.46;-0.5;-0.5;5.723177;1;15;1;;;;;
34.48;-0.5;-0.5;4.020674;1;15;1;;;;;
34.5;-0.5;-0.5;2.744695;1;15;1;;;;;
34.52;-0.5;-0.5;4.959186;1;15;1;;;;;
34.54;-0.5;-0.5;2.131881;1;15;1;;;;;
34.56;-0.5;-0.5;3.119005;1;15;1;;;;;
34.58;-0.5;-0.5;3.822401;1;15;1;;;;;
34.6;-0.5;-0.5;3.533621;1;15;1;;;;;
34.62;-0.5;-0.5;2.50212;1;15;1;;;;;
34.64;-0.5;-0.5;4.335999;1;15;1;;;;;
34.66;-0.5;-0.5;4.806517;1;15;1;;;;;
;;;;;;;;;;;
