time;pos_x_right;pos_y_right;dil_right;pos_x_left;pos_y_left;dil_left;brightness;state;fov;trial;;
0;-0.5;-0.5;4.945498;1;Adaptation;15;1;;;;;
0.02;-0.5;-0.5;2.48102;1;Adaptation;15;1;;;;;
0.04;-0.5;-0.5;4.511258;1;Adaptation;15;1;;;;;
0.06;-0.5;-0.5;5.794449;1;Adaptation;15;1;;;;;
0.08;-0.5;-0.5;3.578804;1;Adaptation;15;1;;;;;
0.09999999;-0.5;-0.5;5.8907;1;Adaptation;15;1;;;;;
0.12;-0.5;-0.5;5.46487;1;Adaptation;15;1;;;;;
0.14;-0.5;-0.5;5.210456;1;Adaptation;15;1;;;;;
0.16;-0.5;-0.5;5.654435;1;Adaptation;15;1;;;;;
0.18;-0.5;-0.5;2.996447;1;Adaptation;15;1;;;;;
0.2;-0.5;-0.5;2.603975;1;Adaptation;15;1;;;;;
0.22;-0.5;-0.5;5.249061;1;Adaptation;15;1;;;;;
0.24;-0.5;-0.5;4.320607;1;Adaptation;15;1;;;;;
0.26;-0.5;-0.5;3.42179;1;Adaptation;15;1;;;;;
0.28;-0.5;-0.5;4.535975;1;Adaptation;15;1;;;;;
0.3;-0.5;-0.5;4.319112;1;Adaptation;15;1;;;;;
0.32;-0.5;-0.5;4.693856;1;Adaptation;15;1;;;;;
0.34;-0.5;-0.5;4.70555;1;Adaptation;15;1;;;;;
0.36;0;0.125;3.386413;1;Adaptation;15;1;;;;;
0.38;-0.5;-0.5;4.262259;1;Adaptation;15;1;;;;;
0.4;-0.5;-0.5;2.108842;1;Adaptation;15;1;;;;;
0.42;-0.5;-0.5;4.153438;1;Adaptation;15;1;;;;;
0.44;-0.5;-0.5;4.034201;1;Adaptation;15;1;;;;;
0.46;-2;-0.125;2.005094;1;Adaptation;15;1;;;;;
0.48;-0.5;-0.5;3.546057;1;Adaptation;15;1;;;;;
0.5;-0.5;-0.5;2.237294;1;Adaptation;15;1;;;;;
0.52;-0.5;-0.5;5.593548;1;Adaptation;15;1;;;;;
0.54;2;0.125;2.434907;1;Adaptation;15;1;;;;;
0.56;-0.5;-0.5;4.977768;1;Adaptation;15;1;;;;;
0.58;2;0;5.06593;1;Adaptation;15;1;;;;;
0.6;-0.5;-0.5;3.732343;1;Adaptation;15;1;;;;;
0.62;-0.5;-0.5;4.055651;1;Adaptation;15;1;;;;;
0.64;-0.5;-0.5;2.533897;1;Adaptation;15;1;;;;;
0.66;-0.5;-0.5;3.61929;1;Adaptation;15;1;;;;;
0.68;-0.5;-0.5;5.441828;1;Adaptation;15;1;;;;;
0.7;-2;0;3.318458;1;Adaptation;15;1;;;;;
0.72;-0.5;-0.5;3.47533;1;Adaptation;15;1;;;;;
0.74;-0.5;-0.5;4.384473;1;Adaptation;15;1;;;;;
0.76;-0.5;-0.5;2.656326;1;Adaptation;15;1;;;;;
0.78;-0.5;-0.5;5.403995;1;Adaptation;15;1;;;;;
0.8;-0.5;-0.5;4.79368;1;Adaptation;15;1;;;;;
0.82;-0.5;-0.5;3.342714;1;Adaptation;15;1;;;;;
0.84;-2;0.125;5.032037;1;Adaptation;15;1;;;;;
0.86;-0.5;-0.5;3.081285;1;Adaptation;15;1;;;;;
0.88;-0.5;-0.5;2.714254;1;Adaptation;15;1;;;;;
0.9;-0.5;-0.5;4.801643;1;Adaptation;15;1;;;;;
0.92;-0.5;-0.5;5.83128;1;Adaptation;15;1;;;;;
0.94;-0.5;-0.5;2.472801;1;Adaptation;15;1;;;;;
0.96;-0.5;-0.5;3.17565;1;Adaptation;15;1;;;;;
0.98;4;-0.25;2.803132;1;Adaptation;15;1;;;;;
1;0;0.125;4.433209;1;Adaptation;15;1;;;;;
1.02;-0.5;-0.5;3.526065;1;Adaptation;15;1;;;;;
1.04;-0.5;-0.5;3.547787;1;Adaptation;15;1;;;;;
1.06;-0.5;-0.5;4.007591;1;Adaptation;15;1;;;;;
1.08;-0.5;-0.5;5.492956;1;Adaptation;15;1;;;;;
1.1;0;-0.125;5.707871;1;Adaptation;15;1;;;;;
1.12;-0.5;-0.5;5.154545;1;Adaptation;15;1;;;;;
1.14;-0.5;-0.5;3.164416;1;Adaptation;15;1;;;;;
1.16;0;0.125;4.659666;1;Adaptation;15;1;;;;;
1.18;-0.5;-0.5;5.036545;1;Adaptation;15;1;;;;;
1.2;-0.5;-0.5;5.282604;1;Adaptation;15;1;;;;;
1.22;-0.5;-0.5;3.113864;1;Adaptation;15;1;;;;;
1.24;-0.5;-0.5;2.778619;1;Adaptation;15;1;;;;;
1.26;-0.5;-0.5;3.947609;1;Adaptation;15;1;;;;;
1.28;-0.5;-0.5;4.323845;1;Adaptation;15;1;;;;;
1.3;-0.5;-0.5;5.149116;1;Adaptation;15;1;;;;;
1.32;-0.5;-0.5;4.222052;1;Adaptation;15;1;;;;;
1.34;-0.5;-0.5;2.567704;1;Adaptation;15;1;;;;;
1.36;-2;0.125;4.028052;1;Adaptation;15;1;;;;;
1.38;-0.5;-0.5;5.668888;1;Adaptation;15;1;;;;;
1.4;2;0.125;2.671112;1;Adaptation;15;1;;;;;
1.42;-0.5;-0.5;2.950377;1;Adaptation;15;1;;;;;
1.44;2;-0.125;4.616039;1;Adaptation;15;1;;;;;
1.46;0;0.125;2.967136;1;Adaptation;15;1;;;;;
1.48;-0.5;-0.5;3.833318;1;Adaptation;15;1;;;;;
1.5;0;0;5.030267;1;Adaptation;15;1;;;;;
1.52;-0.5;-0.5;4.802142;1;Adaptation;15;1;;;;;
1.54;0;0.125;3.481121;1;Adaptation;15;1;;;;;
1.56;0;0.25;2.553511;1;Adaptation;15;1;;;;;
1.58;0;0;5.275941;1;Adaptation;15;1;;;;;
1.6;-0.5;-0.5;3.867092;1;Adaptation;15;1;;;;;
1.62;0;0.125;5.432246;1;Adaptation;15;1;;;;;
1.64;-0.5;-0.5;3.158465;1;Adaptation;15;1;;;;;
1.66;-2;-0.125;4.999637;1;Adaptation;15;1;;;;;
1.68;-2;-0.25;5.565097;1;Adaptation;15;1;;;;;
1.7;0;0.125;4.257911;1;Adaptation;15;1;;;;;
1.72;2;0;3.296721;1;Adaptation;15;1;;;;;
1.74;0;0.125;5.101852;1;Adaptation;15;1;;;;;
1.76;-0.5;-0.5;4.359732;1;Adaptation;15;1;;;;;
1.78;-0.5;-0.5;3.146515;1;Adaptation;15;1;;;;;
1.8;2;-0.25;5.057099;1;Adaptation;15;1;;;;;
1.82;-0.5;-0.5;3.513211;1;Adaptation;15;1;;;;;
1.84;-0.5;-0.5;2.011698;1;Adaptation;15;1;;;;;
1.86;-0.5;-0.5;2.912816;1;Adaptation;15;1;;;;;
1.88;-0.5;-0.5;5.62831;1;Adaptation;15;1;;;;;
1.9;-0.5;-0.5;5.671052;1;Adaptation;15;1;;;;;
1.92;-0.5;-0.5;5.379505;1;Adaptation;15;1;;;;;
1.94;-0.5;-0.5;4.19083;1;Adaptation;15;1;;;;;
1.96;-0.5;-0.5;5.748458;1;Adaptation;15;1;;;;;
1.98;-0.5;-0.5;4.368184;1;Adaptation;15;1;;;;;
2;4;0;3.445683;1;Adaptation;15;1;;;;;
2.02;-0.5;-0.5;2.630105;1;Adaptation;15;1;;;;;
2.04;-0.5;-0.5;4.151941;1;Adaptation;15;1;;;;;
2.06;-0.5;-0.5;3.968957;1;Adaptation;15;1;;;;;
2.08;-0.5;-0.5;4.793868;1;Adaptation;15;1;;;;;
2.1;0;0;3.964938;1;Adaptation;15;1;;;;;
2.12;-0.5;-0.5;2.609232;1;Adaptation;15;1;;;;;
2.14;-0.5;-0.5;2.207803;1;Adaptation;15;1;;;;;
2.16;-0.5;-0.5;2.172318;1;Adaptation;15;1;;;;;
2.18;-2;-0.125;2.750968;1;Adaptation;15;1;;;;;
2.2;-0.5;-0.5;4.527952;1;Adaptation;15;1;;;;;
2.22;-0.5;-0.5;5.423982;1;Adaptation;15;1;;;;;
2.24;-0.5;-0.5;5.503901;1;Adaptation;15;1;;;;;
2.26;-0.5;-0.5;2.890407;1;Adaptation;15;1;;;;;
2.28;-0.5;-0.5;5.576063;1;Adaptation;15;1;;;;;
2.3;-0.5;-0.5;5.639403;1;Adaptation;15;1;;;;;
2.32;-0.5;-0.5;3.785852;1;Adaptation;15;1;;;;;
2.34;-0.5;-0.5;5.984058;1;Adaptation;15;1;;;;;
2.36;-0.5;-0.5;5.991169;1;Adaptation;15;1;;;;;
2.38;-0.5;-0.5;3.665216;1;Adaptation;15;1;;;;;
2.4;-0.5;-0.5;4.045325;1;Adaptation;15;1;;;;;
2.42;0;0.125;4.538971;1;Adaptation;15;1;;;;;
2.44;-0.5;-0.5;3.251347;1;Adaptation;15;1;;;;;
2.46;-0.5;-0.5;5.978516;1;Adaptation;15;1;;;;;
2.48;-0.5;-0.5;2.717448;1;Adaptation;15;1;;;;;
2.5;-0.5;-0.5;4.520833;1;Adaptation;15;1;;;;;
2.52;-0.5;-0.5;5.060029;1;Adaptation;15;1;;;;;
2.54;-0.5;-0.5;2.282567;1;Adaptation;15;1;;;;;
2.56;0;-0.125;5.805568;1;Adaptation;15;1;;;;;
2.58;-0.5;-0.5;3.344027;1;Adaptation;15;1;;;;;
2.6;-0.5;-0.5;2.879862;1;Adaptation;15;1;;;;;
2.62;-0.5;-0.5;5.518851;1;Adaptation;15;1;;;;;
2.64;-0.5;-0.5;2.745078;1;Adaptation;15;1;;;;;
2.66;0;0;2.731035;1;Adaptation;15;1;;;;;
2.68;-0.5;-0.5;5.460706;1;Adaptation;15;1;;;;;
2.7;-0.5;-0.5;4.66019;1;Adaptation;15;1;;;;;
2.72;-0.5;-0.5;5.375946;1;Adaptation;15;1;;;;;
2.74;0;-0.125;4.855412;1;Adaptation;15;1;;;;;
2.76;-0.5;-0.5;2.240076;1;Adaptation;15;1;;;;;
2.78;-0.5;-0.5;2.934443;1;Adaptation;15;1;;;;;
2.8;-0.5;-0.5;5.485624;1;Adaptation;15;1;;;;;
2.82;-0.5;-0.5;2.091762;1;Adaptation;15;1;;;;;
2.84;-0.5;-0.5;5.602181;1;Adaptation;15;1;;;;;
2.86;0;-0.25;4.512872;1;Adaptation;15;1;;;;;
2.88;-0.5;-0.5;3.15386;1;Adaptation;15;1;;;;;
2.9;0;0.125;5.826681;1;Adaptation;15;1;;;;;
2.92;0;0.125;5.034462;1;Adaptation;15;1;;;;;
2.94;-2;-0.125;2.378654;1;Adaptation;15;1;;;;;
2.96;-0.5;-0.5;5.443806;1;Adaptation;15;1;;;;;
2.98;-0.5;-0.5;5.502902;1;Adaptation;15;1;;;;;
3;-0.5;-0.5;4.53506;1;Adaptation;15;1;;;;;
3.02;0;0;3.797344;1;Adaptation;15;1;;;;;
3.04;-0.5;-0.5;3.935338;1;Adaptation;15;1;;;;;
3.06;-0.5;-0.5;4.072696;1;Adaptation;15;1;;;;;
3.08;-0.5;-0.5;2.896391;1;Adaptation;15;1;;;;;
3.1;-0.5;-0.5;5.807008;1;Adaptation;15;1;;;;;
3.12;0;0;5.840731;1;Adaptation;15;1;;;;;
3.14;-2;-0.125;5.927545;1;Adaptation;15;1;;;;;
3.16;-0.5;-0.5;2.440642;1;Adaptation;15;1;;;;;
3.18;-0.5;-0.5;5.526718;1;Adaptation;15;1;;;;;
3.2;-2;0.125;5.23741;1;Adaptation;15;1;;;;;
3.22;-0.5;-0.5;5.362919;1;Adaptation;15;1;;;;;
3.24;-0.5;-0.5;3.802448;1;Adaptation;15;1;;;;;
3.26;-0.5;-0.5;2.430419;1;Adaptation;15;1;;;;;
3.28;-0.5;-0.5;3.399671;1;Adaptation;15;1;;;;;
3.3;-0.5;-0.5;3.214186;1;Adaptation;15;1;;;;;
3.32;-2;-0.125;2.207761;1;Adaptation;15;1;;;;;
3.34;0;-0.25;3.753708;1;Adaptation;15;1;;;;;
3.36;-0.5;-0.5;2.089839;1;Adaptation;15;1;;;;;
3.38;-0.5;-0.5;3.071187;1;Adaptation;15;1;;;;;
3.4;-0.5;-0.5;2.818157;1;Adaptation;15;1;;;;;
3.42;0;0.375;2.389772;1;Adaptation;15;1;;;;;
3.44;-0.5;-0.5;5.553185;1;Adaptation;15;1;;;;;
3.46;-0.5;-0.5;2.835788;1;Adaptation;15;1;;;;;
3.48;-0.5;-0.5;5.347219;1;Adaptation;15;1;;;;;
3.5;-0.5;-0.5;3.428721;1;Adaptation;15;1;;;;;
3.52;-0.5;-0.5;5.692948;1;Adaptation;15;1;;;;;
3.54;-0.5;-0.5;4.522727;1;Adaptation;15;1;;;;;
3.56;-0.5;-0.5;2.547489;1;Adaptation;15;1;;;;;
3.58;-0.5;-0.5;3.915928;1;Adaptation;15;1;;;;;
3.6;-0.5;-0.5;4.050572;1;Adaptation;15;1;;;;;
3.62;-0.5;-0.5;5.209285;1;Adaptation;15;1;;;;;
3.64;-0.5;-0.5;5.46366;1;Adaptation;15;1;;;;;
3.66;-0.5;-0.5;2.175948;1;Adaptation;15;1;;;;;
3.68;-0.5;-0.5;5.729858;1;Adaptation;15;1;;;;;
3.7;-0.5;-0.5;3.577061;1;Adaptation;15;1;;;;;
3.72;0;-0.25;3.031333;1;Adaptation;15;1;;;;;
3.74;0;-0.125;4.037498;1;Adaptation;15;1;;;;;
3.76;-2;-0.125;5.893277;1;Adaptation;15;1;;;;;
3.78;2;0.25;3.374843;1;Adaptation;15;1;;;;;
3.8;-2;-0.375;4.934851;1;Adaptation;15;1;;;;;
3.82;-0.5;-0.5;5.377861;1;Adaptation;15;1;;;;;
3.84;2;0.125;4.552707;1;Adaptation;15;1;;;;;
3.86;-0.5;-0.5;3.608618;1;Adaptation;15;1;;;;;
3.88;-0.5;-0.5;3.651776;1;Adaptation;15;1;;;;;
3.9;-0.5;-0.5;5.493983;1;Adaptation;15;1;;;;;
3.92;-0.5;-0.5;3.085991;1;Adaptation;15;1;;;;;
3.94;0;0.25;3.877223;1;Adaptation;15;1;;;;;
3.96;0;0;2.438748;1;Adaptation;15;1;;;;;
3.98;-0.5;-0.5;3.93804;1;Adaptation;15;1;;;;;
4;-0.5;-0.5;4.73895;1;Adaptation;15;1;;;;;
4.02;2;0.25;4.015797;1;Adaptation;15;1;;;;;
4.04;0;-0.125;3.266018;1;Adaptation;15;1;;;;;
4.06;-2;0.125;5.267558;1;Adaptation;15;1;;;;;
4.08;-0.5;-0.5;4.875399;1;Adaptation;15;1;;;;;
4.1;2;0.125;2.944181;1;Adaptation;15;1;;;;;
4.12;-0.5;-0.5;4.348798;1;Adaptation;15;1;;;;;
4.14;-0.5;-0.5;5.901517;1;Adaptation;15;1;;;;;
4.16;-0.5;-0.5;3.188661;1;Adaptation;15;1;;;;;
4.18;-0.5;-0.5;2.477256;1;Adaptation;15;1;;;;;
4.2;-0.5;-0.5;5.848681;1;Adaptation;15;1;;;;;
4.22;-0.5;-0.5;4.52397;1;Adaptation;15;1;;;;;
4.24;-0.5;-0.5;2.959358;1;Adaptation;15;1;;;;;
4.26;-0.5;-0.5;5.871899;1;Adaptation;15;1;;;;;
4.28;0;-0.125;4.385324;1;Adaptation;15;1;;;;;
4.3;-0.5;-0.5;2.623258;1;Adaptation;15;1;;;;;
4.32;-0.5;-0.5;5.848383;1;Adaptation;15;1;;;;;
4.34;2;0;3.779042;1;Adaptation;15;1;;;;;
4.36;-0.5;-0.5;5.268938;1;Adaptation;15;1;;;;;
4.38;-0.5;-0.5;4.6344;1;Adaptation;15;1;;;;;
4.4;0;-0.125;4.402833;1;Adaptation;15;1;;;;;
4.42;-2;0;4.649536;1;Adaptation;15;1;;;;;
4.44;-0.5;-0.5;3.64285;1;Adaptation;15;1;;;;;
4.46;-0.5;-0.5;3.898935;1;Adaptation;15;1;;;;;
4.48;-0.5;-0.5;2.649256;1;Adaptation;15;1;;;;;
4.5;-0.5;-0.5;3.542381;1;Adaptation;15;1;;;;;
4.52;-0.5;-0.5;2.877038;1;Adaptation;15;1;;;;;
4.54;-0.5;-0.5;4.901299;1;Adaptation;15;1;;;;;
4.56;0;-0.25;2.204241;1;Adaptation;15;1;;;;;
4.58;-0.5;-0.5;2.592021;1;Adaptation;15;1;;;;;
4.6;-0.5;-0.5;4.571412;1;Adaptation;15;1;;;;;
4.62;-0.5;-0.5;2.888413;1;Adaptation;15;1;;;;;
4.64;-0.5;-0.5;2.773153;1;Adaptation;15;1;;;;;
4.66;-0.5;-0.5;5.305578;1;Adaptation;15;1;;;;;
4.68;-0.5;-0.5;2.677544;1;Adaptation;15;1;;;;;
4.7;-0.5;-0.5;3.137828;1;Adaptation;15;1;;;;;
4.72;0;-0.125;2.640097;1;Adaptation;15;1;;;;;
4.74;-0.5;-0.5;2.84142;1;Adaptation;15;1;;;;;
4.76;-2;0;5.737431;1;Adaptation;15;1;;;;;
4.78;-0.5;-0.5;5.943135;1;Adaptation;15;1;;;;;
4.8;-0.5;-0.5;2.803203;1;Adaptation;15;1;;;;;
4.82;-0.5;-0.5;4.365857;1;Adaptation;15;1;;;;;
4.84;0;-0.25;3.899941;1;Adaptation;15;1;;;;;
4.86;-0.5;-0.5;5.414182;1;Adaptation;15;1;;;;;
4.88;-0.5;-0.5;5.876097;1;Adaptation;15;1;;;;;
4.9;0;0;5.931688;1;Adaptation;15;1;;;;;
4.92;-0.5;-0.5;3.002352;1;Adaptation;15;1;;;;;
4.94;-0.5;-0.5;4.829659;1;Adaptation;15;1;;;;;
4.96;-0.5;-0.5;2.859043;1;Adaptation;15;1;;;;;
4.98;-0.5;-0.5;2.472669;1;Adaptation;15;1;;;;;
5;-0.5;-0.5;2.198681;1;Adaptation;15;1;;;;;
5.02;2;0;3.35418;1;Adaptation;15;1;;;;;
5.04;-0.5;-0.5;3.446988;1;Adaptation;15;1;;;;;
5.06;0;-0.125;2.511894;1;Adaptation;15;1;;;;;
5.08;-0.5;-0.5;3.37599;1;Adaptation;15;1;;;;;
5.1;2;-0.25;4.964317;1;Adaptation;15;1;;;;;
5.12;-0.5;-0.5;3.800447;1;Adaptation;15;1;;;;;
5.14;2;0;3.984504;1;Adaptation;15;1;;;;;
5.16;-0.5;-0.5;3.710387;1;Adaptation;15;1;;;;;
5.18;2;0.25;5.677735;1;Adaptation;15;1;;;;;
5.2;0;0.125;3.793344;1;Adaptation;15;1;;;;;
5.22;-0.5;-0.5;3.596994;1;Adaptation;15;1;;;;;
5.24;-0.5;-0.5;3.526942;1;Adaptation;15;1;;;;;
5.26;0;0.125;3.544778;1;Adaptation;15;1;;;;;
5.28;-0.5;-0.5;5.810459;1;Adaptation;15;1;;;;;
5.3;-2;-0.125;2.861751;1;Adaptation;15;1;;;;;
5.32;-0.5;-0.5;5.582543;1;Adaptation;15;1;;;;;
5.34;-0.5;-0.5;3.123853;1;Adaptation;15;1;;;;;
5.36;-0.5;-0.5;2.749978;1;Adaptation;15;1;;;;;
5.38;-0.5;-0.5;3.983728;1;Adaptation;15;1;;;;;
5.4;0;0;4.595675;1;Adaptation;15;1;;;;;
5.42;-2;0.25;5.789209;1;Adaptation;15;1;;;;;
5.44;-0.5;-0.5;2.511457;1;Adaptation;15;1;;;;;
5.46;0;0.25;4.194744;1;Adaptation;15;1;;;;;
5.48;0;0;3.689713;1;Adaptation;15;1;;;;;
5.5;-0.5;-0.5;3.823971;1;Adaptation;15;1;;;;;
5.52;2;0.125;5.594459;1;Adaptation;15;1;;;;;
5.54;-0.5;-0.5;5.865079;1;Adaptation;15;1;;;;;
5.56;-0.5;-0.5;2.51223;1;Adaptation;15;1;;;;;
5.58;-0.5;-0.5;5.277856;1;Adaptation;15;1;;;;;
5.6;-0.5;-0.5;4.595661;1;Adaptation;15;1;;;;;
5.62;-0.5;-0.5;4.299096;1;Adaptation;15;1;;;;;
5.64;-0.5;-0.5;2.751285;1;Adaptation;15;1;;;;;
5.66;-0.5;-0.5;2.758594;1;Adaptation;15;1;;;;;
5.68;0;0;3.038948;1;Adaptation;15;1;;;;;
5.7;-0.5;-0.5;3.658303;1;Adaptation;15;1;;;;;
5.72;-0.5;-0.5;2.936722;1;Adaptation;15;1;;;;;
5.74;0;-0.125;2.305416;1;Adaptation;15;1;;;;;
5.76;0;0.25;3.432748;1;Adaptation;15;1;;;;;
5.78;0;-0.125;4.534302;1;Adaptation;15;1;;;;;
5.8;-0.5;-0.5;5.085285;1;Adaptation;15;1;;;;;
5.82;-0.5;-0.5;4.264788;1;Adaptation;15;1;;;;;
5.84;-0.5;-0.5;4.129602;1;Adaptation;15;1;;;;;
5.86;-0.5;-0.5;4.173338;1;Adaptation;15;1;;;;;
5.88;-0.5;-0.5;4.717401;1;Adaptation;15;1;;;;;
5.9;-0.5;-0.5;2.324316;1;Adaptation;15;1;;;;;
5.92;-0.5;-0.5;5.328925;1;Adaptation;15;1;;;;;
5.94;-0.5;-0.5;2.711265;1;Adaptation;15;1;;;;;
5.96;-0.5;-0.5;3.937449;1;Adaptation;15;1;;;;;
5.98;-0.5;-0.5;4.943766;1;Adaptation;15;1;;;;;
6;-0.5;-0.5;4.002353;1;Adaptation;15;1;;;;;
6.02;-2;0;2.915191;1;Adaptation;15;1;;;;;
6.04;-0.5;-0.5;3.269414;1;Adaptation;15;1;;;;;
6.06;2;0.125;5.992073;1;Adaptation;15;1;;;;;
6.08;-0.5;-0.5;2.046703;1;Adaptation;15;1;;;;;
6.1;-0.5;-0.5;4.289872;1;Adaptation;15;1;;;;;
6.12;-0.5;-0.5;3.578324;1;Adaptation;15;1;;;;;
6.14;0;0;2.13608;1;Adaptation;15;1;;;;;
6.16;-0.5;-0.5;5.896535;1;Adaptation;15;1;;;;;
6.18;0;0.125;5.933818;1;Adaptation;15;1;;;;;
6.2;-0.5;-0.5;2.203249;1;Adaptation;15;1;;;;;
6.22;-0.5;-0.5;3.690105;1;Adaptation;15;1;;;;;
6.24;-0.5;-0.5;3.579239;1;Adaptation;15;1;;;;;
6.26;-0.5;-0.5;3.883306;1;Adaptation;15;1;;;;;
6.28;-0.5;-0.5;3.611496;1;Adaptation;15;1;;;;;
6.3;-0.5;-0.5;5.678127;1;Adaptation;15;1;;;;;
6.32;-0.5;-0.5;5.867007;1;Adaptation;15;1;;;;;
6.34;0;-0.125;3.93094;1;Adaptation;15;1;;;;;
6.36;-0.5;-0.5;3.307964;1;Adaptation;15;1;;;;;
6.38;-0.5;-0.5;3.221205;1;Adaptation;15;1;;;;;
6.4;-0.5;-0.5;2.297513;1;Adaptation;15;1;;;;;
6.42;0;0;5.543575;1;Adaptation;15;1;;;;;
6.44;-0.5;-0.5;5.033426;1;Adaptation;15;1;;;;;
6.46;-0.5;-0.5;4.262909;1;Adaptation;15;1;;;;;
6.48;-0.5;-0.5;5.18927;1;Adaptation;15;1;;;;;
6.5;-0.5;-0.5;5.286297;1;Adaptation;15;1;;;;;
6.52;-2;0;2.048398;1;Adaptation;15;1;;;;;
6.54;-0.5;-0.5;3.199344;1;Adaptation;15;1;;;;;
6.56;-0.5;-0.5;2.902126;1;Adaptation;15;1;;;;;
6.58;-0.5;-0.5;4.01462;1;Adaptation;15;1;;;;;
6.6;0;0.125;4.735574;1;Adaptation;15;1;;;;;
6.62;-0.5;-0.5;3.188234;1;Adaptation;15;1;;;;;
6.64;-2;0;4.936264;1;Adaptation;15;1;;;;;
6.66;0;-0.125;3.901374;1;Adaptation;15;1;;;;;
6.68;-0.5;-0.5;3.015939;1;Adaptation;15;1;;;;;
6.7;-0.5;-0.5;2.669121;1;Adaptation;15;1;;;;;
6.72;-0.5;-0.5;5.609848;1;Adaptation;15;1;;;;;
6.74;-0.5;-0.5;5.093418;1;Adaptation;15;1;;;;;
6.76;-0.5;-0.5;2.375482;1;Adaptation;15;1;;;;;
6.78;-0.5;-0.5;3.077642;1;Adaptation;15;1;;;;;
6.8;0;0.25;2.363743;1;Adaptation;15;1;;;;;
6.82;-0.5;-0.5;3.507088;1;Adaptation;15;1;;;;;
6.84;-0.5;-0.5;4.273342;1;Adaptation;15;1;;;;;
6.86;-0.5;-0.5;3.444224;1;Adaptation;15;1;;;;;
6.88;-0.5;-0.5;3.473638;1;Adaptation;15;1;;;;;
6.9;-2;-0.25;2.789266;1;Adaptation;15;1;;;;;
6.92;-2;0.125;4.224887;1;Adaptation;15;1;;;;;
6.94;0;0;3.813093;1;Adaptation;15;1;;;;;
6.96;-0.5;-0.5;4.142941;1;Adaptation;15;1;;;;;
6.98;0;-0.25;5.809402;1;Adaptation;15;1;;;;;
7;-0.5;-0.5;3.531018;1;Adaptation;15;1;;;;;
7.02;-0.5;-0.5;3.710973;1;Adaptation;15;1;;;;;
7.04;-0.5;-0.5;2.722983;1;Adaptation;15;1;;;;;
7.06;-0.5;-0.5;3.204088;1;Adaptation;15;1;;;;;
7.08;0;-0.25;3.439677;1;Adaptation;15;1;;;;;
7.1;-2;-0.125;2.071721;1;Adaptation;15;1;;;;;
7.12;-0.5;-0.5;3.391516;1;Adaptation;15;1;;;;;
7.14;-0.5;-0.5;3.608998;1;Adaptation;15;1;;;;;
7.16;-0.5;-0.5;2.602005;1;Adaptation;15;1;;;;;
7.18;-0.5;-0.5;4.639391;1;Adaptation;15;1;;;;;
7.2;2;-0.125;5.825248;1;Adaptation;15;1;;;;;
7.22;-0.5;-0.5;2.167989;1;Adaptation;15;1;;;;;
7.24;0;-0.125;4.236682;1;Adaptation;15;1;;;;;
7.26;-0.5;-0.5;2.953365;1;Adaptation;15;1;;;;;
7.28;-0.5;-0.5;2.064866;1;Adaptation;15;1;;;;;
7.3;-0.5;-0.5;3.246424;1;Adaptation;15;1;;;;;
7.32;-2;0;3.55518;1;Adaptation;15;1;;;;;
7.34;-0.5;-0.5;3.043819;1;Adaptation;15;1;;;;;
7.36;-0.5;-0.5;2.99101;1;Adaptation;15;1;;;;;
7.38;-0.5;-0.5;5.679015;1;Adaptation;15;1;;;;;
7.4;-0.5;-0.5;4.717203;1;Adaptation;15;1;;;;;
7.42;0;0.125;2.63872;1;Adaptation;15;1;;;;;
7.44;0;-0.25;4.932588;1;Adaptation;15;1;;;;;
7.46;-0.5;-0.5;3.816451;1;Adaptation;15;1;;;;;
7.48;0;0;3.538238;1;Adaptation;15;1;;;;;
7.5;0;0.25;3.31813;1;Adaptation;15;1;;;;;
7.52;-0.5;-0.5;4.521102;1;Adaptation;15;1;;;;;
7.54;-0.5;-0.5;5.611472;1;Adaptation;15;1;;;;;
7.56;-0.5;-0.5;4.198958;1;Adaptation;15;1;;;;;
7.58;-0.5;-0.5;3.96491;1;Adaptation;15;1;;;;;
7.6;-0.5;-0.5;3.565649;1;Adaptation;15;1;;;;;
7.62;-0.5;-0.5;2.386011;1;Adaptation;15;1;;;;;
7.64;2;-0.125;2.579262;1;Adaptation;15;1;;;;;
7.66;-0.5;-0.5;4.169871;1;Adaptation;15;1;;;;;
7.68;-0.5;-0.5;4.344011;1;Adaptation;15;1;;;;;
7.7;-0.5;-0.5;4.21593;1;Adaptation;15;1;;;;;
7.72;-0.5;-0.5;5.399858;1;Adaptation;15;1;;;;;
7.74;-0.5;-0.5;5.945403;1;Adaptation;15;1;;;;;
7.76;-0.5;-0.5;3.205046;1;Adaptation;15;1;;;;;
7.78;-0.5;-0.5;2.705509;1;Adaptation;15;1;;;;;
7.8;-0.5;-0.5;2.684898;1;Adaptation;15;1;;;;;
7.82;-0.5;-0.5;4.892515;1;Adaptation;15;1;;;;;
7.84;-0.5;-0.5;3.120459;1;Adaptation;15;1;;;;;
7.86;-0.5;-0.5;5.208027;1;Adaptation;15;1;;;;;
7.88;2;0.125;2.604061;1;Adaptation;15;1;;;;;
7.9;0;0.25;5.096426;1;Adaptation;15;1;;;;;
7.92;-0.5;-0.5;5.3255;1;Adaptation;15;1;;;;;
7.94;-0.5;-0.5;5.315656;1;Adaptation;15;1;;;;;
7.96;-0.5;-0.5;5.259501;1;Adaptation;15;1;;;;;
7.98;-0.5;-0.5;2.612475;1;Adaptation;15;1;;;;;
8;-0.5;-0.5;2.726924;1;Adaptation;15;1;;;;;
8.02;-0.5;-0.5;4.004526;1;Adaptation;15;1;;;;;
8.04;-0.5;-0.5;3.836954;1;Adaptation;15;1;;;;;
8.059999;-0.5;-0.5;3.335436;1;Adaptation;15;1;;;;;
8.08;-0.5;-0.5;4.012144;1;Adaptation;15;1;;;;;
8.099999;-0.5;-0.5;5.73219;1;Adaptation;15;1;;;;;
8.12;-0.5;-0.5;3.673143;1;Adaptation;15;1;;;;;
8.139999;-0.5;-0.5;3.267582;1;Adaptation;15;1;;;;;
8.16;-0.5;-0.5;2.497233;1;Adaptation;15;1;;;;;
8.179999;-0.5;-0.5;2.754821;1;Adaptation;15;1;;;;;
8.2;-0.5;-0.5;2.809616;1;Adaptation;15;1;;;;;
8.22;-0.5;-0.5;4.544933;1;Adaptation;15;1;;;;;
8.24;-0.5;-0.5;5.862989;1;Adaptation;15;1;;;;;
8.26;-0.5;-0.5;2.397864;1;Adaptation;15;1;;;;;
8.28;-0.5;-0.5;5.701193;1;Adaptation;15;1;;;;;
8.3;-0.5;-0.5;4.976649;1;Adaptation;15;1;;;;;
8.32;-0.5;-0.5;4.023311;1;Adaptation;15;1;;;;;
8.34;-0.5;-0.5;3.903262;1;Adaptation;15;1;;;;;
8.36;-0.5;-0.5;2.772699;1;Adaptation;15;1;;;;;
8.38;-0.5;-0.5;2.260981;1;Adaptation;15;1;;;;;
8.4;0;-0.125;2.239697;1;Adaptation;15;1;;;;;
8.42;-0.5;-0.5;3.73554;1;Adaptation;15;1;;;;;
8.44;-0.5;-0.5;3.48328;1;Adaptation;15;1;;;;;
8.46;-2;-0.25;3.25212;1;Adaptation;15;1;;;;;
8.48;-0.5;-0.5;3.80377;1;Adaptation;15;1;;;;;
8.5;-0.5;-0.5;4.640817;1;Adaptation;15;1;;;;;
8.52;-0.5;-0.5;2.255557;1;Adaptation;15;1;;;;;
8.54;-0.5;-0.5;4.517406;1;Adaptation;15;1;;;;;
8.559999;-2;-0.125;4.237533;1;Adaptation;15;1;;;;;
8.58;-0.5;-0.5;3.404391;1;Adaptation;15;1;;;;;
8.599999;-0.5;-0.5;2.387598;1;Adaptation;15;1;;;;;
8.62;-4;0.125;4.623281;1;Adaptation;15;1;;;;;
8.639999;-0.5;-0.5;3.558319;1;Adaptation;15;1;;;;;
8.66;-2;-0.125;2.405431;1;Adaptation;15;1;;;;;
8.679999;0;0;2.544328;1;Adaptation;15;1;;;;;
8.7;-0.5;-0.5;4.526976;1;Adaptation;15;1;;;;;
8.72;-0.5;-0.5;4.119672;1;Adaptation;15;1;;;;;
8.74;0;0;4.38291;1;Adaptation;15;1;;;;;
8.76;2;-0.125;4.981049;1;Adaptation;15;1;;;;;
8.78;-0.5;-0.5;4.782179;1;Adaptation;15;1;;;;;
8.8;0;0;5.278613;1;Adaptation;15;1;;;;;
8.82;-0.5;-0.5;3.077362;1;Adaptation;15;1;;;;;
8.84;-0.5;-0.5;3.31028;1;Adaptation;15;1;;;;;
8.86;-0.5;-0.5;3.6833;1;Adaptation;15;1;;;;;
8.88;0;-0.125;4.633579;1;Adaptation;15;1;;;;;
8.9;-0.5;-0.5;5.010495;1;Adaptation;15;1;;;;;
8.92;2;0.25;5.292138;1;Adaptation;15;1;;;;;
8.94;-0.5;-0.5;3.913278;1;Adaptation;15;1;;;;;
8.96;-0.5;-0.5;5.33391;1;Adaptation;15;1;;;;;
8.98;-0.5;-0.5;3.738107;1;Adaptation;15;1;;;;;
9;0;-0.25;5.615679;1;Adaptation;15;1;;;;;
9.02;-0.5;-0.5;5.408062;1;Adaptation;15;1;;;;;
9.04;0;0;2.048057;1;Adaptation;15;1;;;;;
9.059999;-0.5;-0.5;3.744704;1;Adaptation;15;1;;;;;
9.08;-0.5;-0.5;4.37686;1;Adaptation;15;1;;;;;
9.099999;-0.5;-0.5;2.774326;1;Adaptation;15;1;;;;;
9.12;2;-0.125;2.551197;1;Adaptation;15;1;;;;;
9.139999;-0.5;-0.5;3.42219;1;Adaptation;15;1;;;;;
9.16;-0.5;-0.5;4.418297;1;Adaptation;15;1;;;;;
9.179999;-0.5;-0.5;5.45854;1;Adaptation;15;1;;;;;
9.2;0;0.125;5.143662;1;Adaptation;15;1;;;;;
9.22;-0.5;-0.5;2.544553;1;Adaptation;15;1;;;;;
9.24;0;-0.125;2.667823;1;Adaptation;15;1;;;;;
9.26;-0.5;-0.5;2.386622;1;Adaptation;15;1;;;;;
9.28;-0.5;-0.5;4.168666;1;Adaptation;15;1;;;;;
9.3;0;0;3.509447;1;Adaptation;15;1;;;;;
9.32;0;-0.125;5.502048;1;Adaptation;15;1;;;;;
9.34;-0.5;-0.5;3.962729;1;Adaptation;15;1;;;;;
9.36;0;-0.125;5.175634;1;Adaptation;15;1;;;;;
9.38;-0.5;-0.5;5.34473;1;Adaptation;15;1;;;;;
9.4;0;0.125;3.33184;1;Adaptation;15;1;;;;;
9.42;-0.5;-0.5;2.705279;1;Adaptation;15;1;;;;;
9.44;-0.5;-0.5;3.104371;1;Adaptation;15;1;;;;;
9.46;-0.5;-0.5;5.356497;1;Adaptation;15;1;;;;;
9.48;-0.5;-0.5;3.524887;1;Adaptation;15;1;;;;;
9.5;-0.5;-0.5;3.122494;1;Adaptation;15;1;;;;;
9.52;-0.5;-0.5;2.620716;1;Adaptation;15;1;;;;;
9.54;-0.5;-0.5;3.721494;1;Adaptation;15;1;;;;;
9.559999;-0.5;-0.5;5.878442;1;Adaptation;15;1;;;;;
9.58;-0.5;-0.5;2.155032;1;Adaptation;15;1;;;;;
9.599999;-0.5;-0.5;2.871801;1;Adaptation;15;1;;;;;
9.62;-0.5;-0.5;5.582257;1;Adaptation;15;1;;;;;
9.639999;-0.5;-0.5;4.624121;1;Adaptation;15;1;;;;;
9.66;-0.5;-0.5;5.18028;1;Adaptation;15;1;;;;;
9.679999;0;-0.125;4.480822;1;Adaptation;15;1;;;;;
9.7;-0.5;-0.5;2.617403;1;Adaptation;15;1;;;;;
9.719999;-0.5;-0.5;3.225868;1;Adaptation;15;1;;;;;
9.74;-0.5;-0.5;3.262606;1;Adaptation;15;1;;;;;
9.76;-0.5;-0.5;3.111179;1;Adaptation;15;1;;;;;
9.78;-0.5;-0.5;3.138233;1;Adaptation;15;1;;;;;
9.8;-0.5;-0.5;4.159081;1;Adaptation;15;1;;;;;
9.82;-0.5;-0.5;4.590865;1;Adaptation;15;1;;;;;
9.84;-0.5;-0.5;4.168141;1;Adaptation;15;1;;;;;
9.86;-0.5;-0.5;2.34967;1;Adaptation;15;1;;;;;
9.88;0;0.125;5.81715;1;Adaptation;15;1;;;;;
9.9;-0.5;-0.5;5.825149;1;Adaptation;15;1;;;;;
9.92;2;0.125;2.475772;1;Adaptation;15;1;;;;;
9.94;-0.5;-0.5;5.720121;1;Adaptation;15;1;;;;;
9.96;-0.5;-0.5;4.827119;1;Adaptation;15;1;;;;;
9.98;-0.5;-0.5;3.177433;1;Adaptation;15;1;;;;;
10;-0.5;-0.5;2.682454;1;Adaptation;15;1;;;;;
10.02;0;0.125;3.797471;1;Adaptation;15;1;;;;;
10.04;-0.5;-0.5;5.457006;1;Adaptation;15;1;;;;;
10.06;-2;0.125;4.010802;1;Adaptation;15;1;;;;;
10.08;-0.5;-0.5;2.017865;1;Adaptation;15;1;;;;;
10.1;0;0;2.557675;1;Adaptation;15;1;;;;;
10.12;-0.5;-0.5;2.428669;1;Adaptation;15;1;;;;;
10.14;-0.5;-0.5;4.933156;1;Adaptation;15;1;;;;;
10.16;-0.5;-0.5;2.94712;1;Adaptation;15;1;;;;;
10.18;0;-0.125;5.448792;1;Adaptation;15;1;;;;;
10.2;-0.5;-0.5;2.204296;1;Adaptation;15;1;;;;;
10.22;-0.5;-0.5;2.472053;1;Adaptation;15;1;;;;;
10.24;2;-0.25;3.594857;1;Adaptation;15;1;;;;;
10.26;-0.5;-0.5;3.257504;1;Adaptation;15;1;;;;;
10.28;-0.5;-0.5;3.007101;1;Adaptation;15;1;;;;;
10.3;-0.5;-0.5;5.631031;1;Adaptation;15;1;;;;;
10.32;-2;-0.125;3.509425;1;Adaptation;15;1;;;;;
10.34;-0.5;-0.5;3.8515;1;Adaptation;15;1;;;;;
10.36;-0.5;-0.5;4.202663;1;Adaptation;15;1;;;;;
10.38;0;0;5.138116;1;Adaptation;15;1;;;;;
10.4;-0.5;-0.5;4.320494;1;Adaptation;15;1;;;;;
10.42;-0.5;-0.5;2.858871;1;Adaptation;15;1;;;;;
10.44;-0.5;-0.5;2.640127;1;Adaptation;15;1;;;;;
10.46;-0.5;-0.5;4.294247;1;Adaptation;15;1;;;;;
10.48;-0.5;-0.5;3.852051;1;Adaptation;15;1;;;;;
10.5;0;0;4.093913;1;Adaptation;15;1;;;;;
10.52;-0.5;-0.5;2.489471;1;Adaptation;15;1;;;;;
10.54;-0.5;-0.5;5.162006;1;Adaptation;15;1;;;;;
10.56;2;0;5.257352;1;Adaptation;15;1;;;;;
10.58;-0.5;-0.5;2.800869;1;Adaptation;15;1;;;;;
10.6;-0.5;-0.5;2.873608;1;Adaptation;15;1;;;;;
10.62;-0.5;-0.5;3.90706;1;Adaptation;15;1;;;;;
10.64;0;0;3.354868;1;Adaptation;15;1;;;;;
10.66;0;0.125;5.411011;1;Adaptation;15;1;;;;;
10.68;-0.5;-0.5;2.236962;1;Adaptation;15;1;;;;;
10.7;-0.5;-0.5;4.725187;1;Adaptation;15;1;;;;;
10.72;-0.5;-0.5;4.777949;1;Adaptation;15;1;;;;;
10.74;-0.5;-0.5;3.868137;1;Adaptation;15;1;;;;;
10.76;-0.5;-0.5;4.658138;1;Adaptation;15;1;;;;;
10.78;-0.5;-0.5;4.428267;1;Adaptation;15;1;;;;;
10.8;-0.5;-0.5;2.375956;1;Adaptation;15;1;;;;;
10.82;-0.5;-0.5;5.555538;1;Adaptation;15;1;;;;;
10.84;-0.5;-0.5;2.259439;1;Adaptation;15;1;;;;;
10.86;-2;0;2.29;1;Adaptation;15;1;;;;;
10.88;-0.5;-0.5;4.982018;1;Adaptation;15;1;;;;;
10.9;-0.5;-0.5;5.739554;1;Adaptation;15;1;;;;;
10.92;-0.5;-0.5;5.827391;1;Adaptation;15;1;;;;;
10.94;-0.5;-0.5;2.345757;1;Adaptation;15;1;;;;;
10.96;-0.5;-0.5;3.141308;1;Adaptation;15;1;;;;;
10.98;-0.5;-0.5;4.344423;1;Adaptation;15;1;;;;;
11;-0.5;-0.5;2.470005;1;Adaptation;15;1;;;;;
11.02;-2;-0.125;5.571539;1;Adaptation;15;1;;;;;
11.04;-0.5;-0.5;5.453704;1;Adaptation;15;1;;;;;
11.06;-0.5;-0.5;5.902006;1;Adaptation;15;1;;;;;
11.08;-2;0.125;2.121634;1;Adaptation;15;1;;;;;
11.1;-0.5;-0.5;4.91361;1;Adaptation;15;1;;;;;
11.12;-0.5;-0.5;2.625248;1;Adaptation;15;1;;;;;
11.14;0;0;2.134258;1;Adaptation;15;1;;;;;
11.16;-0.5;-0.5;4.706851;1;Adaptation;15;1;;;;;
11.18;-0.5;-0.5;2.656007;1;Adaptation;15;1;;;;;
11.2;-0.5;-0.5;2.798438;1;Adaptation;15;1;;;;;
11.22;-0.5;-0.5;2.269402;1;Adaptation;15;1;;;;;
11.24;-0.5;-0.5;4.640434;1;Adaptation;15;1;;;;;
11.26;0;0.125;4.189578;1;Adaptation;15;1;;;;;
11.28;-0.5;-0.5;2.481799;1;Adaptation;15;1;;;;;
11.3;-0.5;-0.5;2.524562;1;Adaptation;15;1;;;;;
11.32;-0.5;-0.5;4.009926;1;Adaptation;15;1;;;;;
11.34;2;0.25;3.599708;1;Adaptation;15;1;;;;;
11.36;-0.5;-0.5;3.440188;1;Adaptation;15;1;;;;;
11.38;-0.5;-0.5;3.791279;1;Adaptation;15;1;;;;;
11.4;-0.5;-0.5;2.058854;1;Adaptation;15;1;;;;;
11.42;-0.5;-0.5;5.706467;1;Adaptation;15;1;;;;;
11.44;-0.5;-0.5;5.805742;1;Adaptation;15;1;;;;;
11.46;0;0;2.518052;1;Adaptation;15;1;;;;;
11.48;-0.5;-0.5;3.728545;1;Adaptation;15;1;;;;;
11.5;-2;-0.125;4.694625;1;Adaptation;15;1;;;;;
11.52;-0.5;-0.5;4.949741;1;Adaptation;15;1;;;;;
11.54;-0.5;-0.5;5.872241;1;Adaptation;15;1;;;;;
11.56;-0.5;-0.5;4.151505;1;Adaptation;15;1;;;;;
11.58;-0.5;-0.5;3.32659;1;Adaptation;15;1;;;;;
11.6;2;-0.125;2.521437;1;Adaptation;15;1;;;;;
11.62;-0.5;-0.5;2.971769;1;Adaptation;15;1;;;;;
11.64;-0.5;-0.5;2.406618;1;Adaptation;15;1;;;;;
11.66;-0.5;-0.5;5.176333;1;Adaptation;15;1;;;;;
11.68;-0.5;-0.5;2.78204;1;Adaptation;15;1;;;;;
11.7;-0.5;-0.5;3.273658;1;Adaptation;15;1;;;;;
11.72;-0.5;-0.5;5.738301;1;Adaptation;15;1;;;;;
11.74;-0.5;-0.5;3.232411;1;Adaptation;15;1;;;;;
11.76;-0.5;-0.5;2.843369;1;Adaptation;15;1;;;;;
11.78;0;0.125;5.390624;1;Adaptation;15;1;;;;;
11.8;-2;0;5.452783;1;Adaptation;15;1;;;;;
11.82;-0.5;-0.5;2.544651;1;Adaptation;15;1;;;;;
11.84;-0.5;-0.5;5.873914;1;Adaptation;15;1;;;;;
11.86;-0.5;-0.5;2.100908;1;Adaptation;15;1;;;;;
11.88;0;-0.25;2.470077;1;Adaptation;15;1;;;;;
11.9;-0.5;-0.5;5.498048;1;Adaptation;15;1;;;;;
11.92;-0.5;-0.5;5.851162;1;Adaptation;15;1;;;;;
11.94;0;-0.125;5.723697;1;Adaptation;15;1;;;;;
11.96;-0.5;-0.5;5.292131;1;Adaptation;15;1;;;;;
11.98;0;0.125;3.457853;1;Adaptation;15;1;;;;;
12;2;0.125;4.793076;1;Adaptation;15;1;;;;;
12.02;2;-0.125;3.152029;1;Adaptation;15;1;;;;;
12.04;-2;-0.125;4.470686;1;Adaptation;15;1;;;;;
12.06;-0.5;-0.5;5.347572;1;Adaptation;15;1;;;;;
12.08;-0.5;-0.5;3.458178;1;Adaptation;15;1;;;;;
12.1;0;0.125;4.24928;1;Adaptation;15;1;;;;;
12.12;-0.5;-0.5;4.91918;1;Adaptation;15;1;;;;;
12.14;-0.5;-0.5;4.719373;1;Adaptation;15;1;;;;;
12.16;-2;0.125;4.417857;1;Adaptation;15;1;;;;;
12.18;-2;-0.125;2.771257;1;Adaptation;15;1;;;;;
12.2;0;-0.125;2.025496;1;Adaptation;15;1;;;;;
12.22;-2;0;4.312151;1;Adaptation;15;1;;;;;
12.24;-0.5;-0.5;3.847706;1;Adaptation;15;1;;;;;
12.26;-0.5;-0.5;5.742587;1;Adaptation;15;1;;;;;
12.28;0;-0.25;4.596459;1;Adaptation;15;1;;;;;
12.3;0;0;5.679663;1;Adaptation;15;1;;;;;
12.32;-0.5;-0.5;3.644883;1;Adaptation;15;1;;;;;
12.34;-0.5;-0.5;3.562746;1;Adaptation;15;1;;;;;
12.36;-0.5;-0.5;4.020785;1;Adaptation;15;1;;;;;
12.38;-0.5;-0.5;4.549029;1;Adaptation;15;1;;;;;
12.4;-0.5;-0.5;2.950678;1;Adaptation;15;1;;;;;
12.42;0;-0.125;5.725136;1;Adaptation;15;1;;;;;
12.44;-0.5;-0.5;3.101543;1;Adaptation;15;1;;;;;
12.46;-0.5;-0.5;2.304032;1;Adaptation;15;1;;;;;
12.48;-0.5;-0.5;5.441398;1;Adaptation;15;1;;;;;
12.5;-0.5;-0.5;3.328877;1;Adaptation;15;1;;;;;
12.52;-0.5;-0.5;5.592129;1;Adaptation;15;1;;;;;
12.54;-2;-0.125;5.486341;1;Adaptation;15;1;;;;;
12.56;-0.5;-0.5;3.37156;1;Adaptation;15;1;;;;;
12.58;-2;0.125;3.362875;1;Adaptation;15;1;;;;;
12.6;-2;0;5.606763;1;Adaptation;15;1;;;;;
12.62;-0.5;-0.5;5.556374;1;Adaptation;15;1;;;;;
12.64;-0.5;-0.5;5.331247;1;Adaptation;15;1;;;;;
12.66;-0.5;-0.5;4.859676;1;Adaptation;15;1;;;;;
12.68;-0.5;-0.5;2.570296;1;Adaptation;15;1;;;;;
12.7;2;0.125;4.968486;1;Adaptation;15;1;;;;;
12.72;-0.5;-0.5;4.51002;1;Adaptation;15;1;;;;;
12.74;-0.5;-0.5;4.30027;1;Adaptation;15;1;;;;;
12.76;-0.5;-0.5;3.201997;1;Adaptation;15;1;;;;;
12.78;-0.5;-0.5;5.030892;1;Adaptation;15;1;;;;;
12.8;-2;0.375;4.814736;1;Adaptation;15;1;;;;;
12.82;-0.5;-0.5;4.641881;1;Adaptation;15;1;;;;;
12.84;-0.5;-0.5;5.538971;1;Adaptation;15;1;;;;;
12.86;-0.5;-0.5;4.8261;1;Adaptation;15;1;;;;;
12.88;-0.5;-0.5;5.270638;1;Adaptation;15;1;;;;;
12.9;-2;0.25;5.999631;1;Adaptation;15;1;;;;;
12.92;-0.5;-0.5;4.931093;1;Adaptation;15;1;;;;;
12.94;-0.5;-0.5;2.241372;1;Adaptation;15;1;;;;;
12.96;-0.5;-0.5;2.248837;1;Adaptation;15;1;;;;;
12.98;-0.5;-0.5;4.325294;1;Adaptation;15;1;;;;;
13;-0.5;-0.5;3.513966;1;Adaptation;15;1;;;;;
13.02;-0.5;-0.5;5.957654;1;Adaptation;15;1;;;;;
13.04;-0.5;-0.5;2.843371;1;Adaptation;15;1;;;;;
13.06;-0.5;-0.5;5.318368;1;Adaptation;15;1;;;;;
13.08;-0.5;-0.5;2.636695;1;Adaptation;15;1;;;;;
13.1;-0.5;-0.5;2.739634;1;Adaptation;15;1;;;;;
13.12;-0.5;-0.5;2.297202;1;Adaptation;15;1;;;;;
13.14;-0.5;-0.5;3.086169;1;Adaptation;15;1;;;;;
13.16;-0.5;-0.5;4.774244;1;Adaptation;15;1;;;;;
13.18;-0.5;-0.5;2.500095;1;Adaptation;15;1;;;;;
13.2;0;0.125;5.040773;1;Adaptation;15;1;;;;;
13.22;-2;0;4.856579;1;Adaptation;15;1;;;;;
13.24;2;0;3.505046;1;Adaptation;15;1;;;;;
13.26;-0.5;-0.5;4.649087;1;Adaptation;15;1;;;;;
13.28;-0.5;-0.5;5.193989;1;Adaptation;15;1;;;;;
13.3;-0.5;-0.5;3.301028;1;Adaptation;15;1;;;;;
13.32;0;-0.25;3.451983;1;Adaptation;15;1;;;;;
13.34;-0.5;-0.5;4.825132;1;Adaptation;15;1;;;;;
13.36;0;-0.25;2.615868;1;Adaptation;15;1;;;;;
13.38;-0.5;-0.5;5.740612;1;Adaptation;15;1;;;;;
13.4;0;0;2.390189;1;Adaptation;15;1;;;;;
13.42;-0.5;-0.5;4.348403;1;Adaptation;15;1;;;;;
13.44;-0.5;-0.5;2.273879;1;Adaptation;15;1;;;;;
13.46;-0.5;-0.5;4.215145;1;Adaptation;15;1;;;;;
13.48;-2;0.25;5.781599;1;Adaptation;15;1;;;;;
13.5;-2;0;2.783972;1;Adaptation;15;1;;;;;
13.52;-0.5;-0.5;2.842095;1;Adaptation;15;1;;;;;
13.54;-0.5;-0.5;2.291284;1;Adaptation;15;1;;;;;
13.56;-0.5;-0.5;5.255379;1;Adaptation;15;1;;;;;
13.58;0;0;5.126989;1;Adaptation;15;1;;;;;
13.6;2;0;4.690987;1;Adaptation;15;1;;;;;
13.62;-2;0;4.850683;1;Adaptation;15;1;;;;;
13.64;2;0.125;3.044829;1;Adaptation;15;1;;;;;
13.66;-0.5;-0.5;3.358015;1;Adaptation;15;1;;;;;
13.68;-2;-0.125;4.617959;1;Adaptation;15;1;;;;;
13.7;-0.5;-0.5;4.57659;1;Adaptation;15;1;;;;;
13.72;-2;0.125;4.039177;1;Adaptation;15;1;;;;;
13.74;-0.5;-0.5;5.697338;1;Adaptation;15;1;;;;;
13.76;-0.5;-0.5;3.800632;1;Adaptation;15;1;;;;;
13.78;0;0.25;2.190287;1;Adaptation;15;1;;;;;
13.8;0;0.375;4.225101;1;Adaptation;15;1;;;;;
13.82;-0.5;-0.5;4.801788;1;Adaptation;15;1;;;;;
13.84;-0.5;-0.5;3.762668;1;Adaptation;15;1;;;;;
13.86;-0.5;-0.5;5.002523;1;Adaptation;15;1;;;;;
13.88;-0.5;-0.5;4.568677;1;Adaptation;15;1;;;;;
13.9;-0.5;-0.5;2.305562;1;Adaptation;15;1;;;;;
13.92;0;0.25;4.142191;1;Adaptation;15;1;;;;;
13.94;-0.5;-0.5;5.629149;1;Adaptation;15;1;;;;;
13.96;-2;0.125;2.48839;1;Adaptation;15;1;;;;;
13.98;-2;0;3.264382;1;Adaptation;15;1;;;;;
14;-0.5;-0.5;4.511875;1;Adaptation;15;1;;;;;
14.02;-2;0.25;5.642577;1;Adaptation;15;1;;;;;
14.04;-0.5;-0.5;5.204965;1;Adaptation;15;1;;;;;
14.06;-0.5;-0.5;2.296224;1;Adaptation;15;1;;;;;
14.08;-0.5;-0.5;3.56911;1;Adaptation;15;1;;;;;
14.1;-0.5;-0.5;4.229712;1;Adaptation;15;1;;;;;
14.12;0;-0.25;3.463396;1;Adaptation;15;1;;;;;
14.14;-0.5;-0.5;4.694824;1;Adaptation;15;1;;;;;
14.16;-0.5;-0.5;5.82502;1;Adaptation;15;1;;;;;
14.18;0;0;3.402859;1;Adaptation;15;1;;;;;
14.2;-0.5;-0.5;3.390353;1;Adaptation;15;1;;;;;
14.22;-0.5;-0.5;4.998618;1;Adaptation;15;1;;;;;
14.24;2;0;5.774744;1;Adaptation;15;1;;;;;
14.26;-0.5;-0.5;5.478536;1;Adaptation;15;1;;;;;
14.28;-0.5;-0.5;4.366831;1;Adaptation;15;1;;;;;
14.3;-0.5;-0.5;5.164078;1;Adaptation;15;1;;;;;
14.32;-0.5;-0.5;2.797098;1;Adaptation;15;1;;;;;
14.34;0;0;3.080885;1;Adaptation;15;1;;;;;
14.36;0;0.25;5.963912;1;Adaptation;15;1;;;;;
14.38;-0.5;-0.5;5.137391;1;Adaptation;15;1;;;;;
14.4;-2;0;2.591481;1;Adaptation;15;1;;;;;
14.42;-0.5;-0.5;4.143686;1;Adaptation;15;1;;;;;
14.44;-0.5;-0.5;2.84494;1;Adaptation;15;1;;;;;
14.46;-0.5;-0.5;4.175659;1;Adaptation;15;1;;;;;
14.48;2;-0.125;4.321526;1;Adaptation;15;1;;;;;
14.5;-0.5;-0.5;5.337353;1;Adaptation;15;1;;;;;
14.52;-0.5;-0.5;4.575554;1;Adaptation;15;1;;;;;
14.54;-0.5;-0.5;2.58387;1;Adaptation;15;1;;;;;
14.56;-2;0;4.441322;1;Adaptation;15;1;;;;;
14.58;-0.5;-0.5;5.191407;1;Adaptation;15;1;;;;;
14.6;0;0.375;2.124837;1;Adaptation;15;1;;;;;
14.62;-0.5;-0.5;3.547102;1;Adaptation;15;1;;;;;
14.64;-0.5;-0.5;4.161883;1;Adaptation;15;1;;;;;
14.66;-0.5;-0.5;5.025047;1;Adaptation;15;1;;;;;
14.68;-0.5;-0.5;5.948303;1;Adaptation;15;1;;;;;
14.7;-0.5;-0.5;5.394074;1;Adaptation;15;1;;;;;
14.72;-0.5;-0.5;2.961394;1;Adaptation;15;1;;;;;
14.74;-0.5;-0.5;5.994367;1;Adaptation;15;1;;;;;
14.76;-0.5;-0.5;2.210708;1;Adaptation;15;1;;;;;
14.78;-0.5;-0.5;4.171185;1;Adaptation;15;1;;;;;
14.8;-0.5;-0.5;4.482643;1;Adaptation;15;1;;;;;
14.82;2;0.125;3.832252;1;Adaptation;15;1;;;;;
14.84;0;0;3.649101;1;Adaptation;15;1;;;;;
14.86;-0.5;-0.5;3.735616;1;Adaptation;15;1;;;;;
14.88;-0.5;-0.5;5.698854;1;Adaptation;15;1;;;;;
14.9;-0.5;-0.5;4.475075;1;Adaptation;15;1;;;;;
14.92;-2;-0.125;3.335235;1;Adaptation;15;1;;;;;
14.94;0;0.125;5.303627;1;Adaptation;15;1;;;;;
14.96;-0.5;-0.5;3.666395;1;Adaptation;15;1;;;;;
14.98;-0.5;-0.5;4.423421;1;Adaptation;15;1;;;;;
15;-0.5;-0.5;2.650364;1;Adaptation;15;1;;;;;
15.02;-0.5;-0.5;3.040546;1;Adaptation;15;1;;;;;
15.04;0;0;2.812;1;Adaptation;15;1;;;;;
15.06;2;0;5.90467;1;Adaptation;15;1;;;;;
15.08;2;-0.25;5.713022;1;Adaptation;15;1;;;;;
15.1;0;-0.125;3.10851;1;Adaptation;15;1;;;;;
15.12;0;0;4.193422;1;Adaptation;15;1;;;;;
15.14;-0.5;-0.5;3.231933;1;Adaptation;15;1;;;;;
15.16;0;-0.125;4.353804;1;Adaptation;15;1;;;;;
15.18;-0.5;-0.5;5.867025;1;Adaptation;15;1;;;;;
15.2;-0.5;-0.5;5.672059;1;Adaptation;15;1;;;;;
15.22;-0.5;-0.5;5.370276;1;Adaptation;15;1;;;;;
15.24;-0.5;-0.5;4.933386;1;Adaptation;15;1;;;;;
15.26;-0.5;-0.5;2.159086;1;Adaptation;15;1;;;;;
15.28;-0.5;-0.5;3.700058;1;Adaptation;15;1;;;;;
15.3;-0.5;-0.5;3.708042;1;Adaptation;15;1;;;;;
15.32;-0.5;-0.5;5.102605;1;Adaptation;15;1;;;;;
15.34;-2;0.125;2.507665;1;Adaptation;15;1;;;;;
15.36;-0.5;-0.5;2.675047;1;Adaptation;15;1;;;;;
15.38;-0.5;-0.5;3.005251;1;Adaptation;15;1;;;;;
15.4;-0.5;-0.5;4.202637;1;Adaptation;15;1;;;;;
15.42;-2;0.125;4.056346;1;Adaptation;15;1;;;;;
15.44;2;0;2.844405;1;Adaptation;15;1;;;;;
15.46;-0.5;-0.5;4.167289;1;Adaptation;15;1;;;;;
15.48;0;0;5.494651;1;Adaptation;15;1;;;;;
15.5;-0.5;-0.5;3.218197;1;Adaptation;15;1;;;;;
15.52;-2;0;5.315242;1;Adaptation;15;1;;;;;
15.54;0;0.125;5.450133;1;Adaptation;15;1;;;;;
15.56;-0.5;-0.5;5.976088;1;Adaptation;15;1;;;;;
15.58;-0.5;-0.5;5.167624;1;Adaptation;15;1;;;;;
15.6;-0.5;-0.5;4.688795;1;Adaptation;15;1;;;;;
15.62;-0.5;-0.5;5.378458;1;Adaptation;15;1;;;;;
15.64;-0.5;-0.5;4.84659;1;Adaptation;15;1;;;;;
15.66;-0.5;-0.5;4.129398;1;Adaptation;15;1;;;;;
15.68;-0.5;-0.5;5.928198;1;Adaptation;15;1;;;;;
15.7;-0.5;-0.5;4.666898;1;Adaptation;15;1;;;;;
15.72;-0.5;-0.5;2.036714;1;Adaptation;15;1;;;;;
15.74;2;-0.125;4.235318;1;Adaptation;15;1;;;;;
15.76;-0.5;-0.5;2.027999;1;Adaptation;15;1;;;;;
15.78;-0.5;-0.5;3.224581;1;Adaptation;15;1;;;;;
15.8;-0.5;-0.5;5.079384;1;Adaptation;15;1;;;;;
15.82;-0.5;-0.5;2.053519;1;Adaptation;15;1;;;;;
15.84;0;0.125;5.003844;1;Adaptation;15;1;;;;;
15.86;-0.5;-0.5;3.373743;1;Adaptation;15;1;;;;;
15.88;-0.5;-0.5;2.279355;1;Adaptation;15;1;;;;;
15.9;-0.5;-0.5;5.216092;1;Adaptation;15;1;;;;;
15.92;-0.5;-0.5;3.972805;1;Adaptation;15;1;;;;;
15.94;0;0.125;2.254902;1;Adaptation;15;1;;;;;
15.96;-0.5;-0.5;4.283651;1;Adaptation;15;1;;;;;
15.98;-0.5;-0.5;3.786721;1;Adaptation;15;1;;;;;
16;0;-0.125;3.039139;1;Adaptation;15;1;;;;;
16.02;-0.5;-0.5;2.314528;1;Adaptation;15;1;;;;;
16.04;-0.5;-0.5;3.037409;1;Adaptation;15;1;;;;;
16.06;-0.5;-0.5;3.271815;1;Adaptation;15;1;;;;;
16.08;0;-0.125;4.88825;1;Adaptation;15;1;;;;;
16.1;0;0.125;5.494881;1;Adaptation;15;1;;;;;
16.12;-0.5;-0.5;3.124768;1;Adaptation;15;1;;;;;
16.14;-0.5;-0.5;4.381611;1;Adaptation;15;1;;;;;
16.16;-0.5;-0.5;3.946771;1;Adaptation;15;1;;;;;
16.18;-0.5;-0.5;2.672592;1;Adaptation;15;1;;;;;
16.2;-0.5;-0.5;2.522882;1;Adaptation;15;1;;;;;
16.22;-0.5;-0.5;4.895991;1;Adaptation;15;1;;;;;
16.24;0;-0.125;5.389298;1;Adaptation;15;1;;;;;
16.26;-2;0.25;3.336082;1;Adaptation;15;1;;;;;
16.28;-0.5;-0.5;4.977233;1;Adaptation;15;1;;;;;
16.3;0;0;2.989491;1;Adaptation;15;1;;;;;
16.32;-0.5;-0.5;5.921236;1;Adaptation;15;1;;;;;
16.34;-0.5;-0.5;2.904303;1;Adaptation;15;1;;;;;
16.36;2;0;5.968323;1;Adaptation;15;1;;;;;
16.38;-0.5;-0.5;5.92557;1;Adaptation;15;1;;;;;
16.4;0;0.125;5.634433;1;Adaptation;15;1;;;;;
16.42;-0.5;-0.5;4.07201;1;Adaptation;15;1;;;;;
16.44;-0.5;-0.5;5.597754;1;Adaptation;15;1;;;;;
16.46;-0.5;-0.5;2.851836;1;Adaptation;15;1;;;;;
16.48;-0.5;-0.5;2.727896;1;Adaptation;15;1;;;;;
16.5;-0.5;-0.5;4.513544;1;Adaptation;15;1;;;;;
16.52;-0.5;-0.5;2.934479;1;Adaptation;15;1;;;;;
16.54;-0.5;-0.5;5.514624;1;Adaptation;15;1;;;;;
16.56;-0.5;-0.5;3.485604;1;Adaptation;15;1;;;;;
16.58;-0.5;-0.5;2.734504;1;Adaptation;15;1;;;;;
16.6;-0.5;-0.5;3.530733;1;Adaptation;15;1;;;;;
16.62;-0.5;-0.5;3.842314;1;Adaptation;15;1;;;;;
16.64;-2;0;3.945671;1;Adaptation;15;1;;;;;
16.66;-0.5;-0.5;2.853326;1;Adaptation;15;1;;;;;
16.68;-0.5;-0.5;4.304422;1;Adaptation;15;1;;;;;
16.7;-0.5;-0.5;5.777194;1;Adaptation;15;1;;;;;
16.72;-0.5;-0.5;4.501746;1;Adaptation;15;1;;;;;
16.74;-2;0;5.202941;1;Adaptation;15;1;;;;;
16.76;-0.5;-0.5;4.882676;1;Adaptation;15;1;;;;;
16.78;-0.5;-0.5;4.816865;1;Adaptation;15;1;;;;;
16.8;2;-0.125;2.012447;1;Adaptation;15;1;;;;;
16.82;0;-0.125;3.043689;1;Adaptation;15;1;;;;;
16.84;-0.5;-0.5;5.211043;1;Adaptation;15;1;;;;;
16.86;-0.5;-0.5;3.930345;1;Adaptation;15;1;;;;;
16.88;-2;0;5.475984;1;Adaptation;15;1;;;;;
16.9;-0.5;-0.5;4.359775;1;Adaptation;15;1;;;;;
16.92;0;-0.125;4.822062;1;Adaptation;15;1;;;;;
16.94;-0.5;-0.5;3.406235;1;Adaptation;15;1;;;;;
16.96;-0.5;-0.5;5.594618;1;Adaptation;15;1;;;;;
16.98;-0.5;-0.5;4.454692;1;Adaptation;15;1;;;;;
17;0;-0.125;3.766952;1;Adaptation;15;1;;;;;
17.02;2;0;5.243246;1;Adaptation;15;1;;;;;
17.04;-0.5;-0.5;5.166812;1;Adaptation;15;1;;;;;
17.06;-0.5;-0.5;4.96346;1;Adaptation;15;1;;;;;
17.08;0;-0.125;5.791517;1;Adaptation;15;1;;;;;
17.1;-0.5;-0.5;2.585814;1;Adaptation;15;1;;;;;
17.12;-0.5;-0.5;4.133337;1;Adaptation;15;1;;;;;
17.14;2;0.125;4.18263;1;Adaptation;15;1;;;;;
17.16;-0.5;-0.5;5.693433;1;Adaptation;15;1;;;;;
17.18;-0.5;-0.5;5.916163;1;Adaptation;15;1;;;;;
17.2;2;-0.125;5.709748;1;Adaptation;15;1;;;;;
17.22;-0.5;-0.5;5.879222;1;Adaptation;15;1;;;;;
17.24;-0.5;-0.5;5.949686;1;Adaptation;15;1;;;;;
17.26;-0.5;-0.5;2.03002;1;Adaptation;15;1;;;;;
17.28;-0.5;-0.5;5.885703;1;Adaptation;15;1;;;;;
17.3;0;-0.125;3.699826;1;Adaptation;15;1;;;;;
17.32;-0.5;-0.5;5.430992;1;Adaptation;15;1;;;;;
17.34;-0.5;-0.5;3.456865;1;Adaptation;15;1;;;;;
17.36;-0.5;-0.5;4.072986;1;Adaptation;15;1;;;;;
17.38;2;0;5.722122;1;Adaptation;15;1;;;;;
17.4;0;0;5.503823;1;Adaptation;15;1;;;;;
17.42;-0.5;-0.5;5.231406;1;Adaptation;15;1;;;;;
17.44;-0.5;-0.5;2.942127;1;Adaptation;15;1;;;;;
17.46;-2;-0.125;2.46938;1;Adaptation;15;1;;;;;
17.48;-0.5;-0.5;4.794761;1;Adaptation;15;1;;;;;
17.5;-0.5;-0.5;5.215868;1;Adaptation;15;1;;;;;
17.52;-2;0.125;3.855485;1;Adaptation;15;1;;;;;
17.54;2;-0.125;5.678331;1;Adaptation;15;1;;;;;
17.56;-0.5;-0.5;5.565175;1;Adaptation;15;1;;;;;
17.58;-0.5;-0.5;2.759128;1;Adaptation;15;1;;;;;
17.6;2;0;3.290772;1;Adaptation;15;1;;;;;
17.62;-0.5;-0.5;3.446547;1;Adaptation;15;1;;;;;
17.64;-2;0.25;3.559967;1;Adaptation;15;1;;;;;
17.66;-0.5;-0.5;4.677423;1;Adaptation;15;1;;;;;
17.68;-0.5;-0.5;2.731756;1;Adaptation;15;1;;;;;
17.7;-0.5;-0.5;2.278266;1;Adaptation;15;1;;;;;
17.72;-0.5;-0.5;5.377341;1;Adaptation;15;1;;;;;
17.74;-0.5;-0.5;2.260698;1;Adaptation;15;1;;;;;
17.76;-0.5;-0.5;2.836092;1;Adaptation;15;1;;;;;
17.78;-0.5;-0.5;2.230766;1;Adaptation;15;1;;;;;
17.8;-0.5;-0.5;2.705522;1;Adaptation;15;1;;;;;
17.82;-0.5;-0.5;5.211592;1;Adaptation;15;1;;;;;
17.84;-0.5;-0.5;5.360944;1;Adaptation;15;1;;;;;
17.86;-2;0;3.90875;1;Adaptation;15;1;;;;;
17.88;-0.5;-0.5;5.978331;1;Adaptation;15;1;;;;;
17.9;2;-0.25;4.12034;1;Adaptation;15;1;;;;;
17.92;-0.5;-0.5;4.96519;1;Adaptation;15;1;;;;;
17.94;0;0;4.442698;1;Adaptation;15;1;;;;;
17.96;-0.5;-0.5;5.629237;1;Adaptation;15;1;;;;;
17.98;0;0;4.843579;1;Adaptation;15;1;;;;;
18;-0.5;-0.5;3.4811;1;Adaptation;15;1;;;;;
18.02;0;0;2.095863;1;Adaptation;15;1;;;;;
18.04;-0.5;-0.5;5.611823;1;Adaptation;15;1;;;;;
18.06;2;0.125;2.592403;1;Adaptation;15;1;;;;;
18.08;0;-0.125;3.811702;1;Adaptation;15;1;;;;;
18.1;-0.5;-0.5;5.067291;1;Adaptation;15;1;;;;;
18.12;-0.5;-0.5;2.81961;1;Adaptation;15;1;;;;;
18.14;-0.5;-0.5;3.037736;1;Adaptation;15;1;;;;;
18.16;-0.5;-0.5;2.548944;1;Adaptation;15;1;;;;;
18.18;-0.5;-0.5;5.830274;1;Adaptation;15;1;;;;;
18.2;-0.5;-0.5;2.806719;1;Adaptation;15;1;;;;;
18.22;-0.5;-0.5;5.862408;1;Adaptation;15;1;;;;;
18.24;-2;0.125;3.199703;1;Adaptation;15;1;;;;;
18.26;-0.5;-0.5;3.766726;1;Adaptation;15;1;;;;;
18.28;-0.5;-0.5;2.98608;1;Adaptation;15;1;;;;;
18.3;-0.5;-0.5;2.377141;1;Adaptation;15;1;;;;;
18.32;-0.5;-0.5;5.998735;1;Adaptation;15;1;;;;;
18.34;-0.5;-0.5;3.282669;1;Adaptation;15;1;;;;;
18.36;-0.5;-0.5;3.902041;1;Adaptation;15;1;;;;;
18.38;-0.5;-0.5;2.276453;1;Adaptation;15;1;;;;;
18.4;-0.5;-0.5;5.745893;1;Adaptation;15;1;;;;;
18.42;0;-0.25;4.957494;1;Adaptation;15;1;;;;;
18.44;0;0;2.465603;1;Adaptation;15;1;;;;;
18.46;-0.5;-0.5;5.694664;1;Adaptation;15;1;;;;;
18.48;-0.5;-0.5;2.320271;1;Adaptation;15;1;;;;;
18.5;-0.5;-0.5;5.754981;1;Adaptation;15;1;;;;;
18.52;-0.5;-0.5;2.485545;1;Adaptation;15;1;;;;;
18.54;2;-0.25;2.139122;1;Adaptation;15;1;;;;;
18.56;-0.5;-0.5;2.612882;1;Adaptation;15;1;;;;;
18.58;-0.5;-0.5;4.668318;1;Adaptation;15;1;;;;;
18.6;-0.5;-0.5;4.692312;1;Adaptation;15;1;;;;;
18.62;-0.5;-0.5;5.435324;1;Adaptation;15;1;;;;;
18.64;-0.5;-0.5;2.021395;1;Adaptation;15;1;;;;;
18.66;-0.5;-0.5;4.706485;1;Adaptation;15;1;;;;;
;;;;;;;;;;;;
