time;pos_x_right;pos_y_right;dil_right;pos_x_left;pos_y_left;dil_left;brightness;fov;trial;;
0;-0.5;-0.5;3.407502;1;15;1;;;;;
0.02;-0.5;-0.5;5.11151;1;15;1;;;;;
0.04;-0.5;-0.5;2.139707;1;15;1;;;;;
0.06;-0.5;-0.5;5.514547;1;15;1;;;;;
0.08;-0.5;-0.5;5.239;1;15;1;;;;;
0.09999999;-0.5;-0.5;2.368899;1;15;1;;;;;
0.12;-0.5;-0.5;2.492283;1;15;1;;;;;
0.14;-0.5;-0.5;2.74966;1;15;1;;;;;
0.16;-0.5;-0.5;5.22547;1;15;1;;;;;
0.18;-0.5;-0.5;2.601014;1;15;1;;;;;
0.2;-0.5;-0.5;5.373794;1;15;1;;;;;
0.22;-0.5;-0.5;5.866723;1;15;1;;;;;
0.24;-0.5;-0.5;3.653934;1;15;1;;;;;
0.26;-0.5;-0.5;2.479308;1;15;1;;;;;
0.28;-0.5;-0.5;5.748743;1;15;1;;;;;
0.3;-0.5;-0.5;2.850066;1;15;1;;;;;
0.32;-0.5;-0.5;5.837325;1;15;1;;;;;
0.34;-0.5;-0.5;5.3355;1;15;1;;;;;
0.36;-0.5;-0.5;5.711187;1;15;1;;;;;
0.38;-0.5;-0.5;2.970352;1;15;1;;;;;
0.4;-0.5;-0.5;2.310182;1;15;1;;;;;
0.42;-0.5;-0.5;2.981038;1;15;1;;;;;
0.44;-0.5;-0.5;3.99314;1;15;1;;;;;
0.46;-0.5;-0.5;4.431813;1;15;1;;;;;
0.48;-0.5;-0.5;2.357635;1;15;1;;;;;
0.5;-0.5;-0.5;2.316374;1;15;1;;;;;
0.52;-0.5;-0.5;5.855968;1;15;1;;;;;
0.54;-0.5;-0.5;4.884403;1;15;1;;;;;
0.56;-0.5;-0.5;4.684045;1;15;1;;;;;
0.58;-0.5;-0.5;5.424716;1;15;1;;;;;
0.6;-0.5;-0.5;5.905842;1;15;1;;;;;
0.62;-0.5;-0.5;2.891891;1;15;1;;;;;
0.64;-0.5;-0.5;5.699046;1;15;1;;;;;
0.66;-0.5;-0.5;2.402534;1;15;1;;;;;
0.68;-0.5;-0.5;5.866561;1;15;1;;;;;
0.7;-0.5;-0.5;2.198982;1;15;1;;;;;
0.72;-0.5;-0.5;2.423086;1;15;1;;;;;
0.74;-0.5;-0.5;3.100399;1;15;1;;;;;
0.76;-0.5;-0.5;5.773932;1;15;1;;;;;
0.78;-0.5;-0.5;5.217709;1;15;1;;;;;
0.8;-0.5;-0.5;3.495064;1;15;1;;;;;
0.82;-0.5;-0.5;4.406446;1;15;1;;;;;
0.84;-0.5;-0.5;3.705253;1;15;1;;;;;
0.86;-0.5;-0.5;5.879313;1;15;1;;;;;
0.88;-0.5;-0.5;4.663146;1;15;1;;;;;
0.9;-0.5;-0.5;3.565819;1;15;1;;;;;
0.92;-0.5;-0.5;5.630559;1;15;1;;;;;
0.94;-0.5;-0.5;4.585106;1;15;1;;;;;
0.96;-0.5;-0.5;2.258537;1;15;1;;;;;
0.98;-0.5;-0.5;4.082818;1;15;1;;;;;
1;-0.5;-0.5;2.638927;1;15;1;;;;;
1.02;-0.5;-0.5;2.27824;1;15;1;;;;;
1.04;-0.5;-0.5;2.908278;1;15;1;;;;;
1.06;-0.5;-0.5;5.939155;1;15;1;;;;;
1.08;-0.5;-0.5;5.830539;1;15;1;;;;;
1.1;-0.5;-0.5;2.095744;1;15;1;;;;;
1.12;-0.5;-0.5;3.252373;1;15;1;;;;;
1.14;-0.5;-0.5;3.007876;1;15;1;;;;;
1.16;-0.5;-0.5;5.020569;1;15;1;;;;;
1.18;-0.5;-0.5;2.280075;1;15;1;;;;;
1.2;-0.5;-0.5;3.824896;1;15;1;;;;;
1.22;-0.5;-0.5;4.438828;1;15;1;;;;;
1.24;-0.5;-0.5;3.33963;1;15;1;;;;;
1.26;-0.5;-0.5;5.848423;1;15;1;;;;;
1.28;-0.5;-0.5;3.629131;1;15;1;;;;;
1.3;-0.5;-0.5;3.415122;1;15;1;;;;;
1.32;-0.5;-0.5;3.352766;1;15;1;;;;;
1.34;-0.5;-0.5;2.674605;1;15;1;;;;;
1.36;-0.5;-0.5;2.31281;1;15;1;;;;;
1.38;-0.5;-0.5;5.310103;1;15;1;;;;;
1.4;-0.5;-0.5;2.163463;1;15;1;;;;;
1.42;-0.5;-0.5;2.989242;1;15;1;;;;;
1.44;-0.5;-0.5;4.70715;1;15;1;;;;;
1.46;-0.5;-0.5;5.519989;1;15;1;;;;;
1.48;-0.5;-0.5;2.96466;1;15;1;;;;;
1.5;-0.5;-0.5;4.863062;1;15;1;;;;;
1.52;-0.5;-0.5;5.75464;1;15;1;;;;;
1.54;-0.5;-0.5;2.257913;1;15;1;;;;;
1.56;-0.5;-0.5;3.305083;1;15;1;;;;;
1.58;-0.5;-0.5;4.437286;1;15;1;;;;;
1.6;-0.5;-0.5;5.557353;1;15;1;;;;;
1.62;-0.5;-0.5;5.979993;1;15;1;;;;;
1.64;-0.5;-0.5;3.058811;1;15;1;;;;;
1.66;-0.5;-0.5;3.375285;1;15;1;;;;;
1.68;-0.5;-0.5;3.725457;1;15;1;;;;;
1.7;-0.5;-0.5;5.082132;1;15;1;;;;;
1.72;-0.5;-0.5;5.841062;1;15;1;;;;;
1.74;-0.5;-0.5;2.8401;1;15;1;;;;;
1.76;-0.5;-0.5;4.245136;1;15;1;;;;;
1.78;-0.5;-0.5;3.482402;1;15;1;;;;;
1.8;-0.5;-0.5;2.533253;1;15;1;;;;;
1.82;-0.5;-0.5;4.881284;1;15;1;;;;;
1.84;-0.5;-0.5;4.372806;1;15;1;;;;;
1.86;-0.5;-0.5;4.401475;1;15;1;;;;;
1.88;-0.5;-0.5;4.301075;1;15;1;;;;;
1.9;-0.5;-0.5;4.730094;1;15;1;;;;;
1.92;-0.5;-0.5;4.441807;1;15;1;;;;;
1.94;-0.5;-0.5;2.667453;1;15;1;;;;;
1.96;-0.5;-0.5;3.740525;1;15;1;;;;;
1.98;-0.5;-0.5;3.685171;1;15;1;;;;;
2;-0.5;-0.5;2.799906;1;15;1;;;;;
2.02;-0.5;-0.5;2.549177;1;15;1;;;;;
2.04;-0.5;-0.5;3.29359;1;15;1;;;;;
2.06;-0.5;-0.5;4.738005;1;15;1;;;;;
2.08;-0.5;-0.5;5.034366;1;15;1;;;;;
2.1;-0.5;-0.5;4.080417;1;15;1;;;;;
2.12;-0.5;-0.5;5.356743;1;15;1;;;;;
2.14;-0.5;-0.5;5.043981;1;15;1;;;;;
2.16;-0.5;-0.5;4.988151;1;15;1;;;;;
2.18;-0.5;-0.5;2.874867;1;15;1;;;;;
2.2;-0.5;-0.5;5.527457;1;15;1;;;;;
2.22;-0.5;-0.5;3.197233;1;15;1;;;;;
2.24;-0.5;-0.5;2.64586;1;15;1;;;;;
2.26;-0.5;-0.5;2.516595;1;15;1;;;;;
2.28;-0.5;-0.5;4.371627;1;15;1;;;;;
2.3;-0.5;-0.5;3.020998;1;15;1;;;;;
2.32;-0.5;-0.5;3.330899;1;15;1;;;;;
2.34;-0.5;-0.5;3.150339;1;15;1;;;;;
2.36;-0.5;-0.5;2.814228;1;15;1;;;;;
2.38;-0.5;-0.5;2.261731;1;15;1;;;;;
2.4;-0.5;-0.5;5.873173;1;15;1;;;;;
2.42;-0.5;-0.5;4.937079;1;15;1;;;;;
2.44;-0.5;-0.5;3.317547;1;15;1;;;;;
2.46;-0.5;-0.5;5.323537;1;15;1;;;;;
2.48;-0.5;-0.5;4.282038;1;15;1;;;;;
2.5;-0.5;-0.5;3.409993;1;15;1;;;;;
2.52;-0.5;-0.5;4.706429;1;15;1;;;;;
2.54;-0.5;-0.5;2.133874;1;15;1;;;;;
2.56;-0.5;-0.5;4.76213;1;15;1;;;;;
2.58;-0.5;-0.5;4.087768;1;15;1;;;;;
2.6;-0.5;-0.5;2.001968;1;15;1;;;;;
2.62;-0.5;-0.5;3.172337;1;15;1;;;;;
2.64;-0.5;-0.5;5.564321;1;15;1;;;;;
2.66;-0.5;-0.5;2.256786;1;15;1;;;;;
2.68;-0.5;-0.5;2.303274;1;15;1;;;;;
2.7;-0.5;-0.5;5.174801;1;15;1;;;;;
2.72;-0.5;-0.5;4.03027;1;15;1;;;;;
2.74;-0.5;-0.5;3.339581;1;15;1;;;;;
2.76;-0.5;-0.5;4.482965;1;15;1;;;;;
2.78;-0.5;-0.5;3.495546;1;15;1;;;;;
2.8;-0.5;-0.5;3.927898;1;15;1;;;;;
2.82;-0.5;-0.5;2.96194;1;15;1;;;;;
2.84;-0.5;-0.5;4.370391;1;15;1;;;;;
2.86;-0.5;-0.5;4.564722;1;15;1;;;;;
2.88;-0.5;-0.5;5.363162;1;15;1;;;;;
2.9;-0.5;-0.5;2.687613;1;15;1;;;;;
2.92;-0.5;-0.5;4.910607;1;15;1;;;;;
2.94;-0.5;-0.5;4.362857;1;15;1;;;;;
2.96;-0.5;-0.5;4.95811;1;15;1;;;;;
2.98;-0.5;-0.5;5.83449;1;15;1;;;;;
3;-0.5;-0.5;5.645511;1;15;1;;;;;
3.02;-0.5;-0.5;4.418529;1;15;1;;;;;
3.04;-0.5;-0.5;3.31492;1;15;1;;;;;
3.06;-0.5;-0.5;2.00435;1;15;1;;;;;
3.08;-0.5;-0.5;2.820039;1;15;1;;;;;
3.1;-0.5;-0.5;4.512582;1;15;1;;;;;
3.12;-0.5;-0.5;4.239532;1;15;1;;;;;
3.14;-0.5;-0.5;5.955028;1;15;1;;;;;
3.16;-0.5;-0.5;3.296923;1;15;1;;;;;
3.18;-0.5;-0.5;4.4777;1;15;1;;;;;
3.2;-0.5;-0.5;3.042496;1;15;1;;;;;
3.22;-0.5;-0.5;2.813131;1;15;1;;;;;
3.24;-0.5;-0.5;2.90376;1;15;1;;;;;
3.26;-0.5;-0.5;3.398695;1;15;1;;;;;
3.28;-0.5;-0.5;3.552079;1;15;1;;;;;
3.3;-0.5;-0.5;2.651895;1;15;1;;;;;
3.32;-0.5;-0.5;2.233094;1;15;1;;;;;
3.34;-0.5;-0.5;5.977633;1;15;1;;;;;
3.36;-0.5;-0.5;2.754672;1;15;1;;;;;
3.38;-0.5;-0.5;4.108659;1;15;1;;;;;
3.4;-0.5;-0.5;2.79572;1;15;1;;;;;
3.42;-0.5;-0.5;5.303606;1;15;1;;;;;
3.44;-0.5;-0.5;4.21994;1;15;1;;;;;
3.46;-0.5;-0.5;5.486971;1;15;1;;;;;
3.48;-0.5;-0.5;2.511737;1;15;1;;;;;
3.5;-0.5;-0.5;5.645627;1;15;1;;;;;
3.52;-0.5;-0.5;5.482143;1;15;1;;;;;
3.54;-0.5;-0.5;4.024706;1;15;1;;;;;
3.56;-0.5;-0.5;4.843322;1;15;1;;;;;
3.58;-0.5;-0.5;3.59277;1;15;1;;;;;
3.6;-0.5;-0.5;3.772514;1;15;1;;;;;
3.62;-0.5;-0.5;5.725597;1;15;1;;;;;
3.64;-0.5;-0.5;5.626247;1;15;1;;;;;
3.66;-0.5;-0.5;5.8399;1;15;1;;;;;
3.68;-0.5;-0.5;2.633238;1;15;1;;;;;
3.7;-0.5;-0.5;2.282463;1;15;1;;;;;
3.72;-0.5;-0.5;5.278001;1;15;1;;;;;
3.74;-0.5;-0.5;3.653034;1;15;1;;;;;
3.76;-0.5;-0.5;2.028821;1;15;1;;;;;
3.78;-0.5;-0.5;4.946609;1;15;1;;;;;
3.8;-0.5;-0.5;2.705482;1;15;1;;;;;
3.82;-0.5;-0.5;5.813503;1;15;1;;;;;
3.84;-0.5;-0.5;3.894692;1;15;1;;;;;
3.86;-0.5;-0.5;5.214142;1;15;1;;;;;
3.88;-0.5;-0.5;4.900069;1;15;1;;;;;
3.9;-0.5;-0.5;2.682958;1;15;1;;;;;
3.92;-0.5;-0.5;2.508012;1;15;1;;;;;
3.94;-0.5;-0.5;3.097736;1;15;1;;;;;
3.96;-0.5;-0.5;5.260082;1;15;1;;;;;
3.98;-0.5;-0.5;2.463049;1;15;1;;;;;
4;-0.5;-0.5;5.895552;1;15;1;;;;;
4.02;-0.5;-0.5;2.314709;1;15;1;;;;;
4.04;-0.5;-0.5;2.999805;1;15;1;;;;;
4.06;-0.5;-0.5;2.181062;1;15;1;;;;;
4.08;-0.5;-0.5;2.533437;1;15;1;;;;;
4.1;-0.5;-0.5;3.71528;1;15;1;;;;;
4.12;-0.5;-0.5;5.933179;1;15;1;;;;;
4.14;-0.5;-0.5;3.993855;1;15;1;;;;;
4.16;-0.5;-0.5;2.199664;1;15;1;;;;;
4.18;-0.5;-0.5;4.942472;1;15;1;;;;;
4.2;-0.5;-0.5;3.21798;1;15;1;;;;;
4.22;-0.5;-0.5;2.154769;1;15;1;;;;;
4.24;-0.5;-0.5;2.53568;1;15;1;;;;;
4.26;-0.5;-0.5;3.519012;1;15;1;;;;;
4.28;-0.5;-0.5;2.179359;1;15;1;;;;;
4.3;-0.5;-0.5;2.041069;1;15;1;;;;;
4.32;-0.5;-0.5;3.05535;1;15;1;;;;;
4.34;-0.5;-0.5;3.508329;1;15;1;;;;;
4.36;-0.5;-0.5;3.172198;1;15;1;;;;;
4.38;-0.5;-0.5;4.109698;1;15;1;;;;;
4.4;-0.5;-0.5;4.169409;1;15;1;;;;;
4.42;-0.5;-0.5;2.344766;1;15;1;;;;;
4.44;-0.5;-0.5;3.842788;1;15;1;;;;;
4.46;-0.5;-0.5;3.445941;1;15;1;;;;;
4.48;-0.5;-0.5;2.458455;1;15;1;;;;;
4.5;-0.5;-0.5;5.4336;1;15;1;;;;;
4.52;-0.5;-0.5;4.965424;1;15;1;;;;;
4.54;-0.5;-0.5;2.70097;1;15;1;;;;;
4.56;-0.5;-0.5;2.387154;1;15;1;;;;;
4.58;-0.5;-0.5;2.200707;1;15;1;;;;;
4.6;-0.5;-0.5;5.140539;1;15;1;;;;;
4.62;-0.5;-0.5;2.400032;1;15;1;;;;;
4.64;-0.5;-0.5;3.590559;1;15;1;;;;;
4.66;-0.5;-0.5;5.529743;1;15;1;;;;;
4.68;-0.5;-0.5;5.174045;1;15;1;;;;;
4.7;-0.5;-0.5;3.785393;1;15;1;;;;;
4.72;-0.5;-0.5;2.231868;1;15;1;;;;;
4.74;-0.5;-0.5;3.566832;1;15;1;;;;;
4.76;-0.5;-0.5;2.227326;1;15;1;;;;;
4.78;-0.5;-0.5;3.66908;1;15;1;;;;;
4.8;-0.5;-0.5;3.636603;1;15;1;;;;;
4.82;-0.5;-0.5;3.531581;1;15;1;;;;;
4.84;-0.5;-0.5;2.633524;1;15;1;;;;;
4.86;-0.5;-0.5;2.055085;1;15;1;;;;;
4.88;-0.5;-0.5;5.798631;1;15;1;;;;;
4.9;-0.5;-0.5;4.88902;1;15;1;;;;;
4.92;-0.5;-0.5;3.737657;1;15;1;;;;;
4.94;-0.5;-0.5;5.949685;1;15;1;;;;;
4.96;-0.5;-0.5;2.138283;1;15;1;;;;;
4.98;-0.5;-0.5;5.697519;1;15;1;;;;;
5;-0.5;-0.5;2.264444;1;15;1;;;;;
5.02;-0.5;-0.5;5.292614;1;15;1;;;;;
5.04;-0.5;-0.5;4.483461;1;15;1;;;;;
5.06;-0.5;-0.5;5.65217;1;15;1;;;;;
5.08;-0.5;-0.5;2.400151;1;15;1;;;;;
5.1;-0.5;-0.5;3.282822;1;15;1;;;;;
5.12;-0.5;-0.5;3.139055;1;15;1;;;;;
5.14;-0.5;-0.5;5.356888;1;15;1;;;;;
5.16;-0.5;-0.5;3.791342;1;15;1;;;;;
5.18;-0.5;-0.5;3.941631;1;15;1;;;;;
5.2;-0.5;-0.5;4.969359;1;15;1;;;;;
5.22;-0.5;-0.5;3.391173;1;15;1;;;;;
5.24;-0.5;-0.5;2.590322;1;15;1;;;;;
5.26;-0.5;-0.5;2.60905;1;15;1;;;;;
5.28;-0.5;-0.5;3.973558;1;15;1;;;;;
5.3;-0.5;-0.5;5.134423;1;15;1;;;;;
5.32;-0.5;-0.5;2.715061;1;15;1;;;;;
5.34;-0.5;-0.5;5.15729;1;15;1;;;;;
5.36;-0.5;-0.5;2.347262;1;15;1;;;;;
5.38;-0.5;-0.5;3.575754;1;15;1;;;;;
5.4;-0.5;-0.5;5.982915;1;15;1;;;;;
5.42;-0.5;-0.5;2.040844;1;15;1;;;;;
5.44;-0.5;-0.5;2.835969;1;15;1;;;;;
5.46;-0.5;-0.5;4.429229;1;15;1;;;;;
5.48;-0.5;-0.5;4.694211;1;15;1;;;;;
5.5;-0.5;-0.5;3.756524;1;15;1;;;;;
5.52;-0.5;-0.5;4.48806;1;15;1;;;;;
5.54;-0.5;-0.5;2.239216;1;15;1;;;;;
5.56;-0.5;-0.5;4.953337;1;15;1;;;;;
5.58;-0.5;-0.5;5.749781;1;15;1;;;;;
5.6;-0.5;-0.5;4.30934;1;15;1;;;;;
5.62;-0.5;-0.5;5.375842;1;15;1;;;;;
5.64;-0.5;-0.5;5.609723;1;15;1;;;;;
5.66;-0.5;-0.5;3.919439;1;15;1;;;;;
5.68;-0.5;-0.5;3.98441;1;15;1;;;;;
5.7;-0.5;-0.5;4.538454;1;15;1;;;;;
5.72;-0.5;-0.5;2.159586;1;15;1;;;;;
5.74;-0.5;-0.5;2.094532;1;15;1;;;;;
5.76;-0.5;-0.5;3.398091;1;15;1;;;;;
5.78;-0.5;-0.5;5.601739;1;15;1;;;;;
5.8;-0.5;-0.5;3.472655;1;15;1;;;;;
5.82;-0.5;-0.5;4.83716;1;15;1;;;;;
5.84;-0.5;-0.5;4.85376;1;15;1;;;;;
5.86;-0.5;-0.5;2.053866;1;15;1;;;;;
5.88;-0.5;-0.5;4.455383;1;15;1;;;;;
5.9;-0.5;-0.5;5.030476;1;15;1;;;;;
5.92;-0.5;-0.5;2.415848;1;15;1;;;;;
5.94;-0.5;-0.5;5.588491;1;15;1;;;;;
5.96;-0.5;-0.5;5.159081;1;15;1;;;;;
5.98;-0.5;-0.5;5.004441;1;15;1;;;;;
6;-0.5;-0.5;5.057885;1;15;1;;;;;
6.02;-0.5;-0.5;2.577732;1;15;1;;;;;
6.04;-0.5;-0.5;5.403969;1;15;1;;;;;
6.06;-0.5;-0.5;5.054994;1;15;1;;;;;
6.08;-0.5;-0.5;3.168519;1;15;1;;;;;
6.1;-0.5;-0.5;2.962979;1;15;1;;;;;
6.12;-0.5;-0.5;4.668497;1;15;1;;;;;
6.14;-0.5;-0.5;4.698115;1;15;1;;;;;
6.16;-0.5;-0.5;2.251894;1;15;1;;;;;
6.18;-0.5;-0.5;4.194878;1;15;1;;;;;
6.2;-0.5;-0.5;2.124576;1;15;1;;;;;
6.22;-0.5;-0.5;2.910119;1;15;1;;;;;
6.24;-0.5;-0.5;5.472779;1;15;1;;;;;
6.26;-0.5;-0.5;4.902547;1;15;1;;;;;
6.28;-0.5;-0.5;4.771561;1;15;1;;;;;
6.3;-0.5;-0.5;5.493969;1;15;1;;;;;
6.32;-0.5;-0.5;3.901681;1;15;1;;;;;
6.34;-0.5;-0.5;4.13934;1;15;1;;;;;
6.36;-0.5;-0.5;3.687439;1;15;1;;;;;
6.38;-0.5;-0.5;5.664658;1;15;1;;;;;
6.4;-0.5;-0.5;4.176162;1;15;1;;;;;
6.42;-0.5;-0.5;3.593415;1;15;1;;;;;
6.44;-0.5;-0.5;4.935296;1;15;1;;;;;
6.46;-0.5;-0.5;2.177329;1;15;1;;;;;
6.48;-0.5;-0.5;2.777175;1;15;1;;;;;
6.5;-0.5;-0.5;2.48019;1;15;1;;;;;
6.52;-0.5;-0.5;5.176313;1;15;1;;;;;
6.54;-0.5;-0.5;3.610643;1;15;1;;;;;
6.56;-0.5;-0.5;4.181713;1;15;1;;;;;
6.58;-0.5;-0.5;2.943814;1;15;1;;;;;
6.6;-0.5;-0.5;3.921741;1;15;1;;;;;
6.62;-0.5;-0.5;5.015959;1;15;1;;;;;
6.64;-0.5;-0.5;3.06842;1;15;1;;;;;
6.66;-0.5;-0.5;5.588207;1;15;1;;;;;
6.68;-0.5;-0.5;2.316508;1;15;1;;;;;
6.7;-0.5;-0.5;3.084162;1;15;1;;;;;
6.72;-0.5;-0.5;5.473166;1;15;1;;;;;
6.74;-0.5;-0.5;2.386653;1;15;1;;;;;
6.76;-0.5;-0.5;2.950441;1;15;1;;;;;
6.78;-0.5;-0.5;3.239603;1;15;1;;;;;
6.8;-0.5;-0.5;5.247943;1;15;1;;;;;
6.82;-0.5;-0.5;4.956963;1;15;1;;;;;
6.84;-0.5;-0.5;4.650598;1;15;1;;;;;
6.86;-0.5;-0.5;5.602346;1;15;1;;;;;
6.88;-0.5;-0.5;4.62886;1;15;1;;;;;
6.9;-0.5;-0.5;3.761204;1;15;1;;;;;
6.92;-0.5;-0.5;2.879912;1;15;1;;;;;
6.94;-0.5;-0.5;3.67504;1;15;1;;;;;
6.96;-0.5;-0.5;3.843706;1;15;1;;;;;
6.98;-0.5;-0.5;4.050995;1;15;1;;;;;
7;-0.5;-0.5;5.088697;1;15;1;;;;;
7.02;-0.5;-0.5;3.485499;1;15;1;;;;;
7.04;-0.5;-0.5;2.000917;1;15;1;;;;;
7.06;-0.5;-0.5;4.605134;1;15;1;;;;;
7.08;-0.5;-0.5;2.735992;1;15;1;;;;;
7.1;-0.5;-0.5;4.57958;1;15;1;;;;;
7.12;-0.5;-0.5;4.422796;1;15;1;;;;;
7.14;-0.5;-0.5;5.810626;1;15;1;;;;;
7.16;-0.5;-0.5;5.162117;1;15;1;;;;;
7.18;-0.5;-0.5;2.421845;1;15;1;;;;;
7.2;-0.5;-0.5;4.127252;1;15;1;;;;;
7.22;-0.5;-0.5;5.776307;1;15;1;;;;;
7.24;-0.5;-0.5;3.881074;1;15;1;;;;;
7.26;-0.5;-0.5;3.205775;1;15;1;;;;;
7.28;-0.5;-0.5;4.80887;1;15;1;;;;;
7.3;-0.5;-0.5;3.96255;1;15;1;;;;;
7.32;-0.5;-0.5;3.372674;1;15;1;;;;;
7.34;-0.5;-0.5;3.900971;1;15;1;;;;;
7.36;-0.5;-0.5;5.961004;1;15;1;;;;;
7.38;-0.5;-0.5;4.751654;1;15;1;;;;;
7.4;-0.5;-0.5;3.597768;1;15;1;;;;;
7.42;-0.5;-0.5;2.872396;1;15;1;;;;;
7.44;-0.5;-0.5;4.168123;1;15;1;;;;;
7.46;-0.5;-0.5;4.724546;1;15;1;;;;;
7.48;-0.5;-0.5;2.047071;1;15;1;;;;;
7.5;-0.5;-0.5;4.958189;1;15;1;;;;;
7.52;-0.5;-0.5;4.858965;1;15;1;;;;;
7.54;-0.5;-0.5;5.986241;1;15;1;;;;;
7.56;-0.5;-0.5;4.346817;1;15;1;;;;;
7.58;-0.5;-0.5;2.208394;1;15;1;;;;;
7.6;-0.5;-0.5;3.759577;1;15;1;;;;;
7.62;-0.5;-0.5;4.780718;1;15;1;;;;;
7.64;-0.5;-0.5;4.559528;1;15;1;;;;;
7.66;-0.5;-0.5;3.172832;1;15;1;;;;;
7.68;-0.5;-0.5;5.246595;1;15;1;;;;;
7.7;-0.5;-0.5;5.118736;1;15;1;;;;;
7.72;-0.5;-0.5;5.081992;1;15;1;;;;;
7.74;-0.5;-0.5;2.908884;1;15;1;;;;;
7.76;-0.5;-0.5;3.746657;1;15;1;;;;;
7.78;-0.5;-0.5;5.651727;1;15;1;;;;;
7.8;-0.5;-0.5;3.607276;1;15;1;;;;;
7.82;-0.5;-0.5;4.163165;1;15;1;;;;;
7.84;-0.5;-0.5;5.42508;1;15;1;;;;;
7.86;-0.5;-0.5;5.548945;1;15;1;;;;;
7.88;-0.5;-0.5;2.268024;1;15;1;;;;;
7.9;-0.5;-0.5;2.529007;1;15;1;;;;;
7.92;-0.5;-0.5;2.746017;1;15;1;;;;;
7.94;-0.5;-0.5;4.814556;1;15;1;;;;;
7.96;-0.5;-0.5;2.511781;1;15;1;;;;;
7.98;-0.5;-0.5;5.99353;1;15;1;;;;;
8;-0.5;-0.5;3.076253;1;15;1;;;;;
8.02;-0.5;-0.5;2.694075;1;15;1;;;;;
8.04;-0.5;-0.5;2.424891;1;15;1;;;;;
8.059999;-0.5;-0.5;4.578908;1;15;1;;;;;
8.08;-0.5;-0.5;2.832206;1;15;1;;;;;
8.099999;-0.5;-0.5;4.242135;1;15;1;;;;;
8.12;-0.5;-0.5;5.556644;1;15;1;;;;;
8.139999;-0.5;-0.5;4.285033;1;15;1;;;;;
8.16;-0.5;-0.5;3.017994;1;15;1;;;;;
8.179999;-0.5;-0.5;3.978762;1;15;1;;;;;
8.2;-0.5;-0.5;3.898629;1;15;1;;;;;
8.22;-0.5;-0.5;3.447898;1;15;1;;;;;
8.24;-0.5;-0.5;3.258051;1;15;1;;;;;
8.26;-0.5;-0.5;3.786024;1;15;1;;;;;
8.28;-0.5;-0.5;4.010653;1;15;1;;;;;
8.3;-0.5;-0.5;2.79878;1;15;1;;;;;
8.32;-0.5;-0.5;3.378801;1;15;1;;;;;
8.34;-0.5;-0.5;2.691613;1;15;1;;;;;
8.36;-0.5;-0.5;3.101777;1;15;1;;;;;
8.38;-0.5;-0.5;3.823843;1;15;1;;;;;
8.4;-0.5;-0.5;5.08809;1;15;1;;;;;
8.42;-0.5;-0.5;3.80254;1;15;1;;;;;
8.44;-0.5;-0.5;4.596481;1;15;1;;;;;
8.46;-0.5;-0.5;2.937466;1;15;1;;;;;
8.48;-0.5;-0.5;2.302731;1;15;1;;;;;
8.5;-0.5;-0.5;5.490854;1;15;1;;;;;
8.52;-0.5;-0.5;5.584082;1;15;1;;;;;
8.54;-0.5;-0.5;5.469354;1;15;1;;;;;
8.559999;-0.5;-0.5;5.245862;1;15;1;;;;;
8.58;-0.5;-0.5;2.901084;1;15;1;;;;;
8.599999;-0.5;-0.5;2.503579;1;15;1;;;;;
8.62;-0.5;-0.5;2.284234;1;15;1;;;;;
8.639999;-0.5;-0.5;5.311839;1;15;1;;;;;
8.66;-0.5;-0.5;5.506975;1;15;1;;;;;
8.679999;-0.5;-0.5;5.466801;1;15;1;;;;;
8.7;-0.5;-0.5;4.362635;1;15;1;;;;;
8.72;-0.5;-0.5;5.376703;1;15;1;;;;;
8.74;-0.5;-0.5;4.744165;1;15;1;;;;;
8.76;-0.5;-0.5;2.630086;1;15;1;;;;;
8.78;-0.5;-0.5;5.914787;1;15;1;;;;;
8.8;-0.5;-0.5;3.777089;1;15;1;;;;;
8.82;-0.5;-0.5;2.096495;1;15;1;;;;;
8.84;-0.5;-0.5;4.400351;1;15;1;;;;;
8.86;-0.5;-0.5;5.431336;1;15;1;;;;;
8.88;-0.5;-0.5;3.024131;1;15;1;;;;;
8.9;-0.5;-0.5;5.688556;1;15;1;;;;;
8.92;-0.5;-0.5;5.461367;1;15;1;;;;;
8.94;-0.5;-0.5;4.269547;1;15;1;;;;;
8.96;-0.5;-0.5;5.727258;1;15;1;;;;;
8.98;-0.5;-0.5;4.69363;1;15;1;;;;;
9;-0.5;-0.5;2.165518;1;15;1;;;;;
9.02;-0.5;-0.5;5.932768;1;15;1;;;;;
9.04;-0.5;-0.5;2.181867;1;15;1;;;;;
9.059999;-0.5;-0.5;2.539961;1;15;1;;;;;
9.08;-0.5;-0.5;3.373891;1;15;1;;;;;
9.099999;-0.5;-0.5;2.168588;1;15;1;;;;;
9.12;-0.5;-0.5;4.746251;1;15;1;;;;;
9.139999;-0.5;-0.5;2.181848;1;15;1;;;;;
9.16;-0.5;-0.5;4.203843;1;15;1;;;;;
9.179999;-0.5;-0.5;5.29281;1;15;1;;;;;
9.2;-0.5;-0.5;2.495062;1;15;1;;;;;
9.22;-0.5;-0.5;2.610207;1;15;1;;;;;
9.24;-0.5;-0.5;5.810913;1;15;1;;;;;
9.26;-0.5;-0.5;2.702446;1;15;1;;;;;
9.28;-0.5;-0.5;5.402713;1;15;1;;;;;
9.3;-0.5;-0.5;5.086628;1;15;1;;;;;
9.32;-0.5;-0.5;3.164186;1;15;1;;;;;
9.34;-0.5;-0.5;2.477095;1;15;1;;;;;
9.36;-0.5;-0.5;2.631376;1;15;1;;;;;
9.38;-0.5;-0.5;4.692444;1;15;1;;;;;
9.4;-0.5;-0.5;3.239511;1;15;1;;;;;
9.42;-0.5;-0.5;2.012927;1;15;1;;;;;
9.44;-0.5;-0.5;2.604757;1;15;1;;;;;
9.46;-0.5;-0.5;4.049051;1;15;1;;;;;
9.48;-0.5;-0.5;5.552497;1;15;1;;;;;
9.5;-0.5;-0.5;4.738071;1;15;1;;;;;
9.52;-0.5;-0.5;4.134113;1;15;1;;;;;
9.54;-0.5;-0.5;3.299902;1;15;1;;;;;
9.559999;-0.5;-0.5;3.757336;1;15;1;;;;;
9.58;-0.5;-0.5;2.940488;1;15;1;;;;;
9.599999;-0.5;-0.5;3.45338;1;15;1;;;;;
9.62;-0.5;-0.5;5.211392;1;15;1;;;;;
9.639999;-0.5;-0.5;2.036741;1;15;1;;;;;
9.66;-0.5;-0.5;5.549503;1;15;1;;;;;
9.679999;-0.5;-0.5;3.768625;1;15;1;;;;;
9.7;-0.5;-0.5;3.265071;1;15;1;;;;;
9.719999;-0.5;-0.5;2.326956;1;15;1;;;;;
9.74;-0.5;-0.5;2.638138;1;15;1;;;;;
9.76;-0.5;-0.5;4.447371;1;15;1;;;;;
9.78;-0.5;-0.5;5.407801;1;15;1;;;;;
9.8;-0.5;-0.5;3.020135;1;15;1;;;;;
9.82;-0.5;-0.5;2.272032;1;15;1;;;;;
9.84;-0.5;-0.5;2.30992;1;15;1;;;;;
9.86;-0.5;-0.5;3.546657;1;15;1;;;;;
9.88;-0.5;-0.5;2.558136;1;15;1;;;;;
9.9;-0.5;-0.5;5.489851;1;15;1;;;;;
9.92;-0.5;-0.5;5.464437;1;15;1;;;;;
9.94;-0.5;-0.5;5.178862;1;15;1;;;;;
9.96;-0.5;-0.5;3.636959;1;15;1;;;;;
9.98;-0.5;-0.5;4.937969;1;15;1;;;;;
10;-0.5;-0.5;5.290797;1;15;1;;;;;
10.02;-0.5;-0.5;2.815996;1;15;1;;;;;
10.04;-0.5;-0.5;5.620306;1;15;1;;;;;
10.06;-0.5;-0.5;4.324816;1;15;1;;;;;
10.08;-0.5;-0.5;2.246833;1;15;1;;;;;
10.1;-0.5;-0.5;5.279219;1;15;1;;;;;
10.12;-0.5;-0.5;4.865296;1;15;1;;;;;
10.14;-0.5;-0.5;4.199594;1;15;1;;;;;
10.16;-0.5;-0.5;4.036828;1;15;1;;;;;
10.18;-0.5;-0.5;2.065749;1;15;1;;;;;
10.2;-0.5;-0.5;3.5588;1;15;1;;;;;
10.22;-0.5;-0.5;4.308073;1;15;1;;;;;
10.24;-0.5;-0.5;5.478896;1;15;1;;;;;
10.26;-0.5;-0.5;4.667727;1;15;1;;;;;
10.28;-0.5;-0.5;2.369366;1;15;1;;;;;
10.3;-0.5;-0.5;3.503559;1;15;1;;;;;
10.32;-0.5;-0.5;3.574517;1;15;1;;;;;
10.34;-0.5;-0.5;2.335335;1;15;1;;;;;
10.36;-0.5;-0.5;3.080402;1;15;1;;;;;
10.38;-0.5;-0.5;2.001933;1;15;1;;;;;
10.4;-0.5;-0.5;4.312324;1;15;1;;;;;
10.42;-0.5;-0.5;3.449873;1;15;1;;;;;
10.44;-0.5;-0.5;2.248132;1;15;1;;;;;
10.46;-0.5;-0.5;5.32898;1;15;1;;;;;
10.48;-0.5;-0.5;4.126202;1;15;1;;;;;
10.5;-0.5;-0.5;2.595825;1;15;1;;;;;
10.52;-0.5;-0.5;4.771278;1;15;1;;;;;
10.54;-0.5;-0.5;5.936439;1;15;1;;;;;
10.56;-0.5;-0.5;5.83798;1;15;1;;;;;
10.58;-0.5;-0.5;4.156365;1;15;1;;;;;
10.6;-0.5;-0.5;3.73043;1;15;1;;;;;
10.62;-0.5;-0.5;5.267111;1;15;1;;;;;
10.64;-0.5;-0.5;3.829395;1;15;1;;;;;
10.66;-0.5;-0.5;3.274488;1;15;1;;;;;
10.68;-0.5;-0.5;4.343601;1;15;1;;;;;
10.7;-0.5;-0.5;4.706412;1;15;1;;;;;
10.72;-0.5;-0.5;3.0377;1;15;1;;;;;
10.74;-0.5;-0.5;4.477769;1;15;1;;;;;
10.76;-0.5;-0.5;5.596316;1;15;1;;;;;
10.78;-0.5;-0.5;2.439963;1;15;1;;;;;
10.8;-0.5;-0.5;2.422738;1;15;1;;;;;
10.82;-0.5;-0.5;5.649345;1;15;1;;;;;
10.84;-0.5;-0.5;2.190172;1;15;1;;;;;
10.86;-0.5;-0.5;3.728863;1;15;1;;;;;
10.88;-0.5;-0.5;4.123819;1;15;1;;;;;
10.9;-0.5;-0.5;4.255748;1;15;1;;;;;
10.92;-0.5;-0.5;2.362874;1;15;1;;;;;
10.94;-0.5;-0.5;3.214056;1;15;1;;;;;
10.96;-0.5;-0.5;5.030735;1;15;1;;;;;
10.98;-0.5;-0.5;4.614106;1;15;1;;;;;
11;-0.5;-0.5;4.769946;1;15;1;;;;;
11.02;-0.5;-0.5;5.309437;1;15;1;;;;;
11.04;-0.5;-0.5;4.658596;1;15;1;;;;;
11.06;-0.5;-0.5;4.853892;1;15;1;;;;;
11.08;-0.5;-0.5;4.898802;1;15;1;;;;;
11.1;-0.5;-0.5;5.356698;1;15;1;;;;;
11.12;-0.5;-0.5;2.580678;1;15;1;;;;;
11.14;-0.5;-0.5;4.938146;1;15;1;;;;;
11.16;-0.5;-0.5;2.612084;1;15;1;;;;;
11.18;-0.5;-0.5;3.532923;1;15;1;;;;;
11.2;-0.5;-0.5;2.255598;1;15;1;;;;;
11.22;-0.5;-0.5;4.163851;1;15;1;;;;;
11.24;-0.5;-0.5;3.602909;1;15;1;;;;;
11.26;-0.5;-0.5;2.976811;1;15;1;;;;;
11.28;-0.5;-0.5;2.152942;1;15;1;;;;;
11.3;-0.5;-0.5;2.029409;1;15;1;;;;;
11.32;-0.5;-0.5;4.371425;1;15;1;;;;;
11.34;-0.5;-0.5;2.148494;1;15;1;;;;;
11.36;-0.5;-0.5;2.495628;1;15;1;;;;;
11.38;-0.5;-0.5;3.115808;1;15;1;;;;;
11.4;-0.5;-0.5;3.308819;1;15;1;;;;;
11.42;-0.5;-0.5;4.206143;1;15;1;;;;;
11.44;-0.5;-0.5;4.71914;1;15;1;;;;;
11.46;-0.5;-0.5;3.13571;1;15;1;;;;;
11.48;-0.5;-0.5;5.408504;1;15;1;;;;;
11.5;-0.5;-0.5;5.834903;1;15;1;;;;;
11.52;-0.5;-0.5;3.556032;1;15;1;;;;;
11.54;-0.5;-0.5;5.416758;1;15;1;;;;;
11.56;-0.5;-0.5;4.996822;1;15;1;;;;;
11.58;-0.5;-0.5;4.105596;1;15;1;;;;;
11.6;-0.5;-0.5;5.923551;1;15;1;;;;;
11.62;-0.5;-0.5;3.818688;1;15;1;;;;;
11.64;-0.5;-0.5;4.659782;1;15;1;;;;;
11.66;-0.5;-0.5;4.070641;1;15;1;;;;;
11.68;-0.5;-0.5;2.978076;1;15;1;;;;;
11.7;-0.5;-0.5;5.865977;1;15;1;;;;;
11.72;-0.5;-0.5;2.662316;1;15;1;;;;;
11.74;-0.5;-0.5;4.268589;1;15;1;;;;;
11.76;-0.5;-0.5;5.959834;1;15;1;;;;;
11.78;-0.5;-0.5;4.228126;1;15;1;;;;;
11.8;-0.5;-0.5;4.135122;1;15;1;;;;;
11.82;-0.5;-0.5;3.140921;1;15;1;;;;;
11.84;-0.5;-0.5;5.731151;1;15;1;;;;;
11.86;-0.5;-0.5;3.004695;1;15;1;;;;;
11.88;-0.5;-0.5;5.313198;1;15;1;;;;;
11.9;-0.5;-0.5;5.886667;1;15;1;;;;;
11.92;-0.5;-0.5;5.786864;1;15;1;;;;;
11.94;-0.5;-0.5;3.448726;1;15;1;;;;;
11.96;-0.5;-0.5;3.346541;1;15;1;;;;;
11.98;-0.5;-0.5;5.394079;1;15;1;;;;;
12;-0.5;-0.5;4.348047;1;15;1;;;;;
12.02;-0.5;-0.5;4.917579;1;15;1;;;;;
12.04;-0.5;-0.5;5.856038;1;15;1;;;;;
12.06;-0.5;-0.5;4.533495;1;15;1;;;;;
12.08;-0.5;-0.5;3.760444;1;15;1;;;;;
12.1;-0.5;-0.5;5.053164;1;15;1;;;;;
12.12;-0.5;-0.5;3.902532;1;15;1;;;;;
12.14;-0.5;-0.5;5.961431;1;15;1;;;;;
12.16;-0.5;-0.5;4.513667;1;15;1;;;;;
12.18;-0.5;-0.5;4.051141;1;15;1;;;;;
12.2;-0.5;-0.5;3.326664;1;15;1;;;;;
12.22;-0.5;-0.5;2.50355;1;15;1;;;;;
12.24;-0.5;-0.5;4.387661;1;15;1;;;;;
12.26;-0.5;-0.5;2.188663;1;15;1;;;;;
12.28;-0.5;-0.5;5.028692;1;15;1;;;;;
12.3;-0.5;-0.5;5.334647;1;15;1;;;;;
12.32;-0.5;-0.5;5.492006;1;15;1;;;;;
12.34;-0.5;-0.5;3.430935;1;15;1;;;;;
12.36;-0.5;-0.5;5.1829;1;15;1;;;;;
12.38;-0.5;-0.5;5.909859;1;15;1;;;;;
12.4;-0.5;-0.5;3.02113;1;15;1;;;;;
12.42;-0.5;-0.5;2.72197;1;15;1;;;;;
12.44;-0.5;-0.5;2.396865;1;15;1;;;;;
12.46;-0.5;-0.5;5.623332;1;15;1;;;;;
12.48;-0.5;-0.5;4.767508;1;15;1;;;;;
12.5;-0.5;-0.5;2.809307;1;15;1;;;;;
12.52;-0.5;-0.5;3.330739;1;15;1;;;;;
12.54;-0.5;-0.5;5.547309;1;15;1;;;;;
12.56;-0.5;-0.5;3.039504;1;15;1;;;;;
12.58;-0.5;-0.5;4.667806;1;15;1;;;;;
12.6;-0.5;-0.5;2.104885;1;15;1;;;;;
12.62;-0.5;-0.5;5.021473;1;15;1;;;;;
12.64;-0.5;-0.5;5.896611;1;15;1;;;;;
12.66;-0.5;-0.5;4.822107;1;15;1;;;;;
12.68;-0.5;-0.5;5.844161;1;15;1;;;;;
12.7;-0.5;-0.5;4.031902;1;15;1;;;;;
12.72;-0.5;-0.5;3.13339;1;15;1;;;;;
12.74;-0.5;-0.5;5.022464;1;15;1;;;;;
12.76;-0.5;-0.5;2.942732;1;15;1;;;;;
12.78;-0.5;-0.5;3.428443;1;15;1;;;;;
12.8;-0.5;-0.5;2.695806;1;15;1;;;;;
12.82;-0.5;-0.5;4.109124;1;15;1;;;;;
12.84;-0.5;-0.5;3.194263;1;15;1;;;;;
12.86;-0.5;-0.5;5.464071;1;15;1;;;;;
12.88;-0.5;-0.5;2.74158;1;15;1;;;;;
12.9;-0.5;-0.5;2.288291;1;15;1;;;;;
12.92;-0.5;-0.5;4.946011;1;15;1;;;;;
12.94;-0.5;-0.5;5.287609;1;15;1;;;;;
12.96;-0.5;-0.5;2.498512;1;15;1;;;;;
12.98;-0.5;-0.5;2.6048;1;15;1;;;;;
13;-0.5;-0.5;4.977625;1;15;1;;;;;
13.02;-0.5;-0.5;5.65311;1;15;1;;;;;
13.04;-0.5;-0.5;3.61264;1;15;1;;;;;
13.06;-0.5;-0.5;5.808051;1;15;1;;;;;
13.08;-0.5;-0.5;4.895471;1;15;1;;;;;
13.1;-0.5;-0.5;3.382984;1;15;1;;;;;
13.12;-0.5;-0.5;5.36363;1;15;1;;;;;
13.14;-0.5;-0.5;3.746795;1;15;1;;;;;
13.16;-0.5;-0.5;5.181566;1;15;1;;;;;
13.18;-0.5;-0.5;3.704115;1;15;1;;;;;
13.2;-0.5;-0.5;5.946475;1;15;1;;;;;
13.22;-0.5;-0.5;4.484052;1;15;1;;;;;
13.24;-0.5;-0.5;3.631499;1;15;1;;;;;
13.26;-0.5;-0.5;4.730174;1;15;1;;;;;
13.28;-0.5;-0.5;2.432495;1;15;1;;;;;
13.3;-0.5;-0.5;2.44506;1;15;1;;;;;
13.32;-0.5;-0.5;5.328224;1;15;1;;;;;
13.34;-0.5;-0.5;2.045635;1;15;1;;;;;
13.36;-0.5;-0.5;2.461939;1;15;1;;;;;
13.38;-0.5;-0.5;3.966753;1;15;1;;;;;
13.4;-0.5;-0.5;4.346273;1;15;1;;;;;
13.42;-0.5;-0.5;5.946859;1;15;1;;;;;
13.44;-0.5;-0.5;3.381404;1;15;1;;;;;
13.46;-0.5;-0.5;2.037657;1;15;1;;;;;
13.48;-0.5;-0.5;2.160087;1;15;1;;;;;
13.5;-0.5;-0.5;2.991781;1;15;1;;;;;
13.52;-0.5;-0.5;3.560474;1;15;1;;;;;
13.54;-0.5;-0.5;4.375268;1;15;1;;;;;
13.56;-0.5;-0.5;4.544246;1;15;1;;;;;
13.58;-0.5;-0.5;5.212813;1;15;1;;;;;
13.6;-0.5;-0.5;3.251507;1;15;1;;;;;
13.62;-0.5;-0.5;5.973492;1;15;1;;;;;
13.64;-0.5;-0.5;3.710235;1;15;1;;;;;
13.66;-0.5;-0.5;5.124544;1;15;1;;;;;
13.68;-0.5;-0.5;2.948359;1;15;1;;;;;
13.7;-0.5;-0.5;4.78549;1;15;1;;;;;
13.72;-0.5;-0.5;5.863948;1;15;1;;;;;
13.74;-0.5;-0.5;2.95781;1;15;1;;;;;
13.76;-0.5;-0.5;3.929178;1;15;1;;;;;
13.78;-0.5;-0.5;3.970647;1;15;1;;;;;
13.8;-0.5;-0.5;2.02306;1;15;1;;;;;
13.82;-0.5;-0.5;2.087151;1;15;1;;;;;
13.84;-0.5;-0.5;3.220989;1;15;1;;;;;
13.86;-0.5;-0.5;3.519855;1;15;1;;;;;
13.88;-0.5;-0.5;2.938055;1;15;1;;;;;
13.9;-0.5;-0.5;2.008172;1;15;1;;;;;
13.92;-0.5;-0.5;2.121454;1;15;1;;;;;
13.94;-0.5;-0.5;2.642153;1;15;1;;;;;
13.96;-0.5;-0.5;2.429211;1;15;1;;;;;
13.98;-0.5;-0.5;4.182476;1;15;1;;;;;
14;-0.5;-0.5;4.467671;1;15;1;;;;;
14.02;-0.5;-0.5;4.931951;1;15;1;;;;;
14.04;-0.5;-0.5;5.577084;1;15;1;;;;;
14.06;-0.5;-0.5;4.303376;1;15;1;;;;;
14.08;-0.5;-0.5;4.276796;1;15;1;;;;;
14.1;-0.5;-0.5;5.40259;1;15;1;;;;;
14.12;-0.5;-0.5;2.569749;1;15;1;;;;;
14.14;-0.5;-0.5;2.604767;1;15;1;;;;;
14.16;-0.5;-0.5;4.716071;1;15;1;;;;;
14.18;-0.5;-0.5;2.608528;1;15;1;;;;;
14.2;-0.5;-0.5;2.174818;1;15;1;;;;;
14.22;-0.5;-0.5;5.263156;1;15;1;;;;;
14.24;-0.5;-0.5;2.567266;1;15;1;;;;;
14.26;-0.5;-0.5;3.872738;1;15;1;;;;;
14.28;-0.5;-0.5;3.724283;1;15;1;;;;;
14.3;-0.5;-0.5;3.616384;1;15;1;;;;;
14.32;-0.5;-0.5;4.044447;1;15;1;;;;;
14.34;-0.5;-0.5;5.337659;1;15;1;;;;;
14.36;-0.5;-0.5;4.88121;1;15;1;;;;;
14.38;-0.5;-0.5;3.163433;1;15;1;;;;;
14.4;-0.5;-0.5;3.65703;1;15;1;;;;;
14.42;-0.5;-0.5;4.857862;1;15;1;;;;;
14.44;-0.5;-0.5;3.630996;1;15;1;;;;;
14.46;-0.5;-0.5;3.835212;1;15;1;;;;;
14.48;-0.5;-0.5;4.345467;1;15;1;;;;;
14.5;-0.5;-0.5;2.06698;1;15;1;;;;;
14.52;-0.5;-0.5;4.15757;1;15;1;;;;;
14.54;-0.5;-0.5;4.042063;1;15;1;;;;;
14.56;-0.5;-0.5;2.221618;1;15;1;;;;;
14.58;-0.5;-0.5;4.60749;1;15;1;;;;;
14.6;-0.5;-0.5;2.27578;1;15;1;;;;;
14.62;-0.5;-0.5;5.965264;1;15;1;;;;;
14.64;-0.5;-0.5;4.628691;1;15;1;;;;;
14.66;-0.5;-0.5;5.040635;1;15;1;;;;;
14.68;-0.5;-0.5;5.913048;1;15;1;;;;;
14.7;-0.5;-0.5;5.826674;1;15;1;;;;;
14.72;-0.5;-0.5;4.571843;1;15;1;;;;;
14.74;-0.5;-0.5;2.99733;1;15;1;;;;;
14.76;-0.5;-0.5;2.655613;1;15;1;;;;;
14.78;-0.5;-0.5;3.018857;1;15;1;;;;;
14.8;-0.5;-0.5;4.13172;1;15;1;;;;;
14.82;-0.5;-0.5;3.884088;1;15;1;;;;;
14.84;-0.5;-0.5;5.828252;1;15;1;;;;;
14.86;-0.5;-0.5;3.852139;1;15;1;;;;;
14.88;-0.5;-0.5;4.784703;1;15;1;;;;;
14.9;-0.5;-0.5;2.96553;1;15;1;;;;;
14.92;-0.5;-0.5;3.275465;1;15;1;;;;;
14.94;-0.5;-0.5;4.641388;1;15;1;;;;;
14.96;-0.5;-0.5;4.326863;1;15;1;;;;;
14.98;-0.5;-0.5;5.292054;1;15;1;;;;;
15;-0.5;-0.5;5.228734;1;15;1;;;;;
15.02;-0.5;-0.5;4.644771;1;15;1;;;;;
15.04;-0.5;-0.5;3.029134;1;15;1;;;;;
15.06;-0.5;-0.5;2.029621;1;15;1;;;;;
15.08;-0.5;-0.5;2.092614;1;15;1;;;;;
15.1;-0.5;-0.5;4.537021;1;15;1;;;;;
15.12;-0.5;-0.5;2.992546;1;15;1;;;;;
15.14;-0.5;-0.5;5.710177;1;15;1;;;;;
15.16;-0.5;-0.5;2.421747;1;15;1;;;;;
15.18;-0.5;-0.5;4.384326;1;15;1;;;;;
15.2;-0.5;-0.5;4.798825;1;15;1;;;;;
15.22;-0.5;-0.5;2.411912;1;15;1;;;;;
15.24;-0.5;-0.5;5.678491;1;15;1;;;;;
15.26;-0.5;-0.5;2.409021;1;15;1;;;;;
15.28;-0.5;-0.5;5.671957;1;15;1;;;;;
15.3;-0.5;-0.5;3.405719;1;15;1;;;;;
15.32;-0.5;-0.5;2.999576;1;15;1;;;;;
15.34;-0.5;-0.5;5.686076;1;15;1;;;;;
15.36;-0.5;-0.5;4.275439;1;15;1;;;;;
15.38;-0.5;-0.5;2.268614;1;15;1;;;;;
15.4;-0.5;-0.5;3.838898;1;15;1;;;;;
15.42;-0.5;-0.5;2.147343;1;15;1;;;;;
15.44;-0.5;-0.5;3.407058;1;15;1;;;;;
15.46;-0.5;-0.5;2.853667;1;15;1;;;;;
15.48;-0.5;-0.5;2.006787;1;15;1;;;;;
15.5;-0.5;-0.5;2.453054;1;15;1;;;;;
15.52;-0.5;-0.5;3.781829;1;15;1;;;;;
15.54;-0.5;-0.5;3.617206;1;15;1;;;;;
15.56;-0.5;-0.5;3.847778;1;15;1;;;;;
15.58;-0.5;-0.5;4.756563;1;15;1;;;;;
15.6;-0.5;-0.5;2.684127;1;15;1;;;;;
15.62;-0.5;-0.5;2.090382;1;15;1;;;;;
15.64;-0.5;-0.5;3.567002;1;15;1;;;;;
15.66;-0.5;-0.5;4.563196;1;15;1;;;;;
15.68;-0.5;-0.5;4.707995;1;15;1;;;;;
15.7;-0.5;-0.5;4.311983;1;15;1;;;;;
15.72;-0.5;-0.5;2.605751;1;15;1;;;;;
15.74;-0.5;-0.5;5.796381;1;15;1;;;;;
15.76;-0.5;-0.5;5.518314;1;15;1;;;;;
15.78;-0.5;-0.5;3.763896;1;15;1;;;;;
15.8;-0.5;-0.5;5.274004;1;15;1;;;;;
15.82;-0.5;-0.5;5.235472;1;15;1;;;;;
15.84;-0.5;-0.5;2.76494;1;15;1;;;;;
15.86;-0.5;-0.5;3.421587;1;15;1;;;;;
15.88;-0.5;-0.5;2.126622;1;15;1;;;;;
15.9;-0.5;-0.5;5.621758;1;15;1;;;;;
15.92;-0.5;-0.5;5.01375;1;15;1;;;;;
15.94;-0.5;-0.5;3.965367;1;15;1;;;;;
15.96;-0.5;-0.5;3.85336;1;15;1;;;;;
15.98;-0.5;-0.5;3.234865;1;15;1;;;;;
16;-0.5;-0.5;5.828931;1;15;1;;;;;
16.02;-0.5;-0.5;5.70113;1;15;1;;;;;
16.04;-0.5;-0.5;3.428556;1;15;1;;;;;
16.06;-0.5;-0.5;4.130926;1;15;1;;;;;
16.08;-0.5;-0.5;5.666185;1;15;1;;;;;
16.1;-0.5;-0.5;5.467092;1;15;1;;;;;
16.12;-0.5;-0.5;4.18858;1;15;1;;;;;
16.14;-0.5;-0.5;5.872387;1;15;1;;;;;
16.16;-0.5;-0.5;4.635445;1;15;1;;;;;
16.18;-0.5;-0.5;3.848861;1;15;1;;;;;
16.2;-0.5;-0.5;2.809802;1;15;1;;;;;
16.22;-0.5;-0.5;3.780991;1;15;1;;;;;
16.24;-0.5;-0.5;5.413679;1;15;1;;;;;
16.26;-0.5;-0.5;5.560498;1;15;1;;;;;
16.28;-0.5;-0.5;3.820736;1;15;1;;;;;
16.3;-0.5;-0.5;2.919948;1;15;1;;;;;
16.32;-0.5;-0.5;5.742362;1;15;1;;;;;
16.34;-0.5;-0.5;2.494192;1;15;1;;;;;
16.36;-0.5;-0.5;2.420428;1;15;1;;;;;
16.38;-0.5;-0.5;4.58182;1;15;1;;;;;
16.4;-0.5;-0.5;2.816898;1;15;1;;;;;
16.42;-0.5;-0.5;5.154434;1;15;1;;;;;
16.44;-0.5;-0.5;2.424312;1;15;1;;;;;
16.46;-0.5;-0.5;5.322716;1;15;1;;;;;
16.48;-0.5;-0.5;4.023416;1;15;1;;;;;
16.5;-0.5;-0.5;5.376104;1;15;1;;;;;
16.52;-0.5;-0.5;4.523026;1;15;1;;;;;
16.54;-0.5;-0.5;4.841667;1;15;1;;;;;
16.56;-0.5;-0.5;3.261162;1;15;1;;;;;
16.58;-0.5;-0.5;4.042842;1;15;1;;;;;
16.6;-0.5;-0.5;5.720945;1;15;1;;;;;
16.62;-0.5;-0.5;4.30192;1;15;1;;;;;
16.64;-0.5;-0.5;3.859935;1;15;1;;;;;
16.66;-0.5;-0.5;2.976535;1;15;1;;;;;
16.68;-0.5;-0.5;3.337142;1;15;1;;;;;
16.7;-0.5;-0.5;3.040169;1;15;1;;;;;
16.72;-0.5;-0.5;2.552362;1;15;1;;;;;
16.74;-0.5;-0.5;2.891811;1;15;1;;;;;
16.76;-0.5;-0.5;3.462793;1;15;1;;;;;
16.78;-0.5;-0.5;4.112903;1;15;1;;;;;
16.8;-0.5;-0.5;3.436797;1;15;1;;;;;
16.82;-0.5;-0.5;4.696847;1;15;1;;;;;
16.84;-0.5;-0.5;4.203106;1;15;1;;;;;
16.86;-0.5;-0.5;2.367369;1;15;1;;;;;
16.88;-0.5;-0.5;3.409304;1;15;1;;;;;
16.9;-0.5;-0.5;2.086239;1;15;1;;;;;
16.92;-0.5;-0.5;3.487332;1;15;1;;;;;
16.94;-0.5;-0.5;2.183345;1;15;1;;;;;
16.96;-0.5;-0.5;2.610177;1;15;1;;;;;
16.98;-0.5;-0.5;5.765518;1;15;1;;;;;
17;-0.5;-0.5;2.941487;1;15;1;;;;;
17.02;-0.5;-0.5;5.467201;1;15;1;;;;;
17.04;-0.5;-0.5;3.463674;1;15;1;;;;;
17.06;-0.5;-0.5;4.783607;1;15;1;;;;;
17.08;-0.5;-0.5;4.550253;1;15;1;;;;;
17.1;-0.5;-0.5;5.144051;1;15;1;;;;;
17.12;-0.5;-0.5;2.295316;1;15;1;;;;;
17.14;-0.5;-0.5;4.991298;1;15;1;;;;;
17.16;-0.5;-0.5;5.571409;1;15;1;;;;;
17.18;-0.5;-0.5;3.061293;1;15;1;;;;;
17.2;-0.5;-0.5;2.686027;1;15;1;;;;;
17.22;-0.5;-0.5;3.011845;1;15;1;;;;;
17.24;-0.5;-0.5;4.41892;1;15;1;;;;;
17.26;-0.5;-0.5;4.935405;1;15;1;;;;;
17.28;-0.5;-0.5;4.346938;1;15;1;;;;;
17.3;-0.5;-0.5;2.775288;1;15;1;;;;;
17.32;-0.5;-0.5;2.541538;1;15;1;;;;;
17.34;-0.5;-0.5;5.882889;1;15;1;;;;;
17.36;-0.5;-0.5;4.659531;1;15;1;;;;;
17.38;-0.5;-0.5;3.160668;1;15;1;;;;;
17.4;-0.5;-0.5;2.100932;1;15;1;;;;;
17.42;-0.5;-0.5;2.902294;1;15;1;;;;;
17.44;-0.5;-0.5;3.47734;1;15;1;;;;;
17.46;-0.5;-0.5;3.023466;1;15;1;;;;;
17.48;-0.5;-0.5;5.331913;1;15;1;;;;;
17.5;-0.5;-0.5;5.926747;1;15;1;;;;;
17.52;-0.5;-0.5;4.557866;1;15;1;;;;;
17.54;-0.5;-0.5;3.863039;1;15;1;;;;;
17.56;-0.5;-0.5;2.937989;1;15;1;;;;;
17.58;-0.5;-0.5;2.751485;1;15;1;;;;;
17.6;-0.5;-0.5;3.702412;1;15;1;;;;;
17.62;-0.5;-0.5;2.276533;1;15;1;;;;;
17.64;-0.5;-0.5;4.883653;1;15;1;;;;;
17.66;-0.5;-0.5;4.880933;1;15;1;;;;;
17.68;-0.5;-0.5;2.376977;1;15;1;;;;;
17.7;-0.5;-0.5;5.52659;1;15;1;;;;;
17.72;-0.5;-0.5;4.45898;1;15;1;;;;;
17.74;-0.5;-0.5;3.905694;1;15;1;;;;;
17.76;-0.5;-0.5;5.952075;1;15;1;;;;;
17.78;-0.5;-0.5;4.71382;1;15;1;;;;;
17.8;-0.5;-0.5;3.242369;1;15;1;;;;;
17.82;-0.5;-0.5;5.356376;1;15;1;;;;;
17.84;-0.5;-0.5;3.180214;1;15;1;;;;;
17.86;-0.5;-0.5;3.569396;1;15;1;;;;;
17.88;-0.5;-0.5;5.08486;1;15;1;;;;;
17.9;-0.5;-0.5;4.333032;1;15;1;;;;;
17.92;-0.5;-0.5;5.210763;1;15;1;;;;;
17.94;-0.5;-0.5;4.674171;1;15;1;;;;;
17.96;-0.5;-0.5;2.592811;1;15;1;;;;;
17.98;-0.5;-0.5;3.097558;1;15;1;;;;;
18;-0.5;-0.5;5.86042;1;15;1;;;;;
18.02;-0.5;-0.5;3.052563;1;15;1;;;;;
18.04;-0.5;-0.5;5.271328;1;15;1;;;;;
18.06;-0.5;-0.5;4.668561;1;15;1;;;;;
18.08;-0.5;-0.5;4.184823;1;15;1;;;;;
18.1;-0.5;-0.5;5.448954;1;15;1;;;;;
18.12;-0.5;-0.5;5.658473;1;15;1;;;;;
18.14;-0.5;-0.5;3.995605;1;15;1;;;;;
18.16;-0.5;-0.5;2.911302;1;15;1;;;;;
18.18;-0.5;-0.5;4.703691;1;15;1;;;;;
18.2;-0.5;-0.5;3.45853;1;15;1;;;;;
18.22;-0.5;-0.5;5.369955;1;15;1;;;;;
18.24;-0.5;-0.5;2.22015;1;15;1;;;;;
18.26;-0.5;-0.5;4.581326;1;15;1;;;;;
18.28;-0.5;-0.5;4.846127;1;15;1;;;;;
18.3;-0.5;-0.5;4.397171;1;15;1;;;;;
18.32;-0.5;-0.5;5.612099;1;15;1;;;;;
18.34;-0.5;-0.5;2.416636;1;15;1;;;;;
18.36;-0.5;-0.5;5.921649;1;15;1;;;;;
18.38;-0.5;-0.5;2.163537;1;15;1;;;;;
18.4;-0.5;-0.5;4.478688;1;15;1;;;;;
18.42;-0.5;-0.5;5.884262;1;15;1;;;;;
18.44;-0.5;-0.5;2.180094;1;15;1;;;;;
18.46;-0.5;-0.5;5.600036;1;15;1;;;;;
18.48;-0.5;-0.5;2.499205;1;15;1;;;;;
18.5;-0.5;-0.5;4.504589;1;15;1;;;;;
18.52;-0.5;-0.5;3.023794;1;15;1;;;;;
18.54;-0.5;-0.5;3.781651;1;15;1;;;;;
18.56;-0.5;-0.5;5.160196;1;15;1;;;;;
18.58;-0.5;-0.5;3.573144;1;15;1;;;;;
18.6;-0.5;-0.5;4.689074;1;15;1;;;;;
18.62;-0.5;-0.5;3.88815;1;15;1;;;;;
18.64;-0.5;-0.5;4.001686;1;15;1;;;;;
18.66;-0.5;-0.5;4.422364;1;15;1;;;;;
18.68;-0.5;-0.5;2.739557;1;15;1;;;;;
18.7;-0.5;-0.5;2.955092;1;15;1;;;;;
18.72;-0.5;-0.5;5.360021;1;15;1;;;;;
18.74;-0.5;-0.5;4.56344;1;15;1;;;;;
18.76;-0.5;-0.5;2.791493;1;15;1;;;;;
18.78;-0.5;-0.5;2.127317;1;15;1;;;;;
18.8;-0.5;-0.5;5.779399;1;15;1;;;;;
18.82;-0.5;-0.5;5.09022;1;15;1;;;;;
18.84;-0.5;-0.5;5.758993;1;15;1;;;;;
18.86;-0.5;-0.5;2.833005;1;15;1;;;;;
18.88;-0.5;-0.5;4.010072;1;15;1;;;;;
18.9;-0.5;-0.5;3.776354;1;15;1;;;;;
18.92;-0.5;-0.5;2.69397;1;15;1;;;;;
18.94;-0.5;-0.5;2.915362;1;15;1;;;;;
18.96;-0.5;-0.5;5.649683;1;15;1;;;;;
18.98;-0.5;-0.5;4.053778;1;15;1;;;;;
19;-0.5;-0.5;2.755429;1;15;1;;;;;
19.02;-0.5;-0.5;5.354744;1;15;1;;;;;
19.04;-0.5;-0.5;3.36346;1;15;1;;;;;
19.06;-0.5;-0.5;2.631152;1;15;1;;;;;
19.08;-0.5;-0.5;3.527203;1;15;1;;;;;
19.1;-0.5;-0.5;4.503931;1;15;1;;;;;
19.12;-0.5;-0.5;3.171573;1;15;1;;;;;
19.14;-0.5;-0.5;4.893104;1;15;1;;;;;
19.16;-0.5;-0.5;4.169964;1;15;1;;;;;
19.18;-0.5;-0.5;4.518247;1;15;1;;;;;
19.2;-0.5;-0.5;3.972785;1;15;1;;;;;
19.22;-0.5;-0.5;4.980484;1;15;1;;;;;
19.24;-0.5;-0.5;2.888227;1;15;1;;;;;
19.26;-0.5;-0.5;2.012229;1;15;1;;;;;
19.28;-0.5;-0.5;4.572622;1;15;1;;;;;
19.3;-0.5;-0.5;4.464434;1;15;1;;;;;
19.32;-0.5;-0.5;5.445994;1;15;1;;;;;
19.34;-0.5;-0.5;3.768717;1;15;1;;;;;
19.36;-0.5;-0.5;4.536708;1;15;1;;;;;
19.38;-0.5;-0.5;2.938869;1;15;1;;;;;
19.4;-0.5;-0.5;3.196914;1;15;1;;;;;
19.42;-0.5;-0.5;4.456532;1;15;1;;;;;
19.44;-0.5;-0.5;3.122244;1;15;1;;;;;
19.46;-0.5;-0.5;4.446015;1;15;1;;;;;
19.48;-0.5;-0.5;4.300691;1;15;1;;;;;
19.5;-0.5;-0.5;5.119997;1;15;1;;;;;
19.52;-0.5;-0.5;3.832482;1;15;1;;;;;
19.54;-0.5;-0.5;4.279142;1;15;1;;;;;
19.56;-0.5;-0.5;4.660288;1;15;1;;;;;
19.58;-0.5;-0.5;2.793176;1;15;1;;;;;
19.6;-0.5;-0.5;2.678747;1;15;1;;;;;
19.62;-0.5;-0.5;4.753119;1;15;1;;;;;
19.64;-0.5;-0.5;4.275882;1;15;1;;;;;
19.66;-0.5;-0.5;2.259138;1;15;1;;;;;
19.68;-0.5;-0.5;5.115581;1;15;1;;;;;
19.7;-0.5;-0.5;5.17239;1;15;1;;;;;
19.72;-0.5;-0.5;2.6392;1;15;1;;;;;
19.74;-0.5;-0.5;5.399903;1;15;1;;;;;
19.76;-0.5;-0.5;2.072427;1;15;1;;;;;
19.78;-0.5;-0.5;4.336802;1;15;1;;;;;
19.8;-0.5;-0.5;2.329901;1;15;1;;;;;
19.82;-0.5;-0.5;3.813257;1;15;1;;;;;
19.84;-0.5;-0.5;5.062367;1;15;1;;;;;
19.86;-0.5;-0.5;2.10257;1;15;1;;;;;
19.88;-0.5;-0.5;2.788906;1;15;1;;;;;
19.9;-0.5;-0.5;5.846917;1;15;1;;;;;
19.92;-0.5;-0.5;5.518026;1;15;1;;;;;
19.94;-0.5;-0.5;5.642469;1;15;1;;;;;
19.96;-0.5;-0.5;5.329066;1;15;1;;;;;
19.98;-0.5;-0.5;2.562791;1;15;1;;;;;
20;-0.5;-0.5;3.410445;1;15;1;;;;;
20.02;-0.5;-0.5;3.285784;1;15;1;;;;;
20.04;-0.5;-0.5;2.391271;1;15;1;;;;;
20.06;-0.5;-0.5;5.55022;1;15;1;;;;;
20.08;-0.5;-0.5;5.863898;1;15;1;;;;;
20.1;-0.5;-0.5;4.471328;1;15;1;;;;;
20.12;-0.5;-0.5;3.368233;1;15;1;;;;;
20.14;-0.5;-0.5;5.357255;1;15;1;;;;;
20.16;-0.5;-0.5;3.375175;1;15;1;;;;;
20.18;-0.5;-0.5;2.461841;1;15;1;;;;;
20.2;-0.5;-0.5;2.036261;1;15;1;;;;;
20.22;-0.5;-0.5;2.368438;1;15;1;;;;;
20.24;-0.5;-0.5;5.205709;1;15;1;;;;;
20.26;-0.5;-0.5;3.085032;1;15;1;;;;;
20.28;-0.5;-0.5;5.570456;1;15;1;;;;;
20.3;-0.5;-0.5;4.923916;1;15;1;;;;;
20.32;-0.5;-0.5;5.019043;1;15;1;;;;;
20.34;-0.5;-0.5;5.563607;1;15;1;;;;;
20.36;-0.5;-0.5;4.490773;1;15;1;;;;;
20.38;-0.5;-0.5;5.54877;1;15;1;;;;;
20.4;-0.5;-0.5;3.141983;1;15;1;;;;;
20.42;-0.5;-0.5;2.236262;1;15;1;;;;;
20.44;-0.5;-0.5;2.273792;1;15;1;;;;;
20.46;-0.5;-0.5;2.024241;1;15;1;;;;;
20.48;-0.5;-0.5;3.327512;1;15;1;;;;;
20.5;-0.5;-0.5;3.984321;1;15;1;;;;;
20.52;-0.5;-0.5;5.356431;1;15;1;;;;;
20.54;-0.5;-0.5;3.395018;1;15;1;;;;;
20.56;-0.5;-0.5;5.092686;1;15;1;;;;;
20.58;-0.5;-0.5;4.615002;1;15;1;;;;;
20.6;-0.5;-0.5;4.04662;1;15;1;;;;;
20.62;-0.5;-0.5;3.744811;1;15;1;;;;;
20.64;-0.5;-0.5;2.109152;1;15;1;;;;;
20.66;-0.5;-0.5;3.617316;1;15;1;;;;;
20.68;-0.5;-0.5;4.573269;1;15;1;;;;;
20.7;-0.5;-0.5;4.007817;1;15;1;;;;;
20.72;-0.5;-0.5;5.19269;1;15;1;;;;;
20.74;-0.5;-0.5;5.653971;1;15;1;;;;;
20.76;-0.5;-0.5;4.558599;1;15;1;;;;;
20.78;-0.5;-0.5;5.864808;1;15;1;;;;;
20.8;-0.5;-0.5;4.961808;1;15;1;;;;;
20.82;-0.5;-0.5;5.932921;1;15;1;;;;;
20.84;-0.5;-0.5;2.170886;1;15;1;;;;;
20.86;-0.5;-0.5;5.432675;1;15;1;;;;;
20.88;-0.5;-0.5;4.899982;1;15;1;;;;;
20.9;-0.5;-0.5;4.966917;1;15;1;;;;;
20.92;-0.5;-0.5;4.336183;1;15;1;;;;;
20.94;-0.5;-0.5;2.234519;1;15;1;;;;;
20.96;-0.5;-0.5;4.738111;1;15;1;;;;;
20.98;-0.5;-0.5;3.805791;1;15;1;;;;;
21;-0.5;-0.5;5.424127;1;15;1;;;;;
21.02;-0.5;-0.5;5.432178;1;15;1;;;;;
21.04;-0.5;-0.5;4.491024;1;15;1;;;;;
21.06;-0.5;-0.5;4.96444;1;15;1;;;;;
21.08;-0.5;-0.5;2.371073;1;15;1;;;;;
21.1;-0.5;-0.5;2.994173;1;15;1;;;;;
21.12;-0.5;-0.5;5.791946;1;15;1;;;;;
21.14;-0.5;-0.5;5.999447;1;15;1;;;;;
21.16;-0.5;-0.5;4.896526;1;15;1;;;;;
21.18;-0.5;-0.5;4.206222;1;15;1;;;;;
21.2;-0.5;-0.5;3.900294;1;15;1;;;;;
21.22;-0.5;-0.5;4.201479;1;15;1;;;;;
21.24;-0.5;-0.5;5.174502;1;15;1;;;;;
21.26;-0.5;-0.5;4.356864;1;15;1;;;;;
21.28;-0.5;-0.5;5.48377;1;15;1;;;;;
21.3;-0.5;-0.5;3.405447;1;15;1;;;;;
21.32;-0.5;-0.5;2.074874;1;15;1;;;;;
21.34;-0.5;-0.5;3.080481;1;15;1;;;;;
21.36;-0.5;-0.5;3.637932;1;15;1;;;;;
21.38;-0.5;-0.5;5.599411;1;15;1;;;;;
21.4;-0.5;-0.5;3.303379;1;15;1;;;;;
21.42;-0.5;-0.5;3.546174;1;15;1;;;;;
21.44;-0.5;-0.5;2.394436;1;15;1;;;;;
21.46;-0.5;-0.5;5.104738;1;15;1;;;;;
21.48;-0.5;-0.5;3.163231;1;15;1;;;;;
21.5;-0.5;-0.5;5.764199;1;15;1;;;;;
21.52;-0.5;-0.5;2.501593;1;15;1;;;;;
21.54;-0.5;-0.5;2.185782;1;15;1;;;;;
21.56;-0.5;-0.5;2.401715;1;15;1;;;;;
21.58;-0.5;-0.5;3.710089;1;15;1;;;;;
21.6;-0.5;-0.5;4.02357;1;15;1;;;;;
21.62;-0.5;-0.5;5.655552;1;15;1;;;;;
21.64;-0.5;-0.5;3.96651;1;15;1;;;;;
21.66;-0.5;-0.5;2.132091;1;15;1;;;;;
21.68;-0.5;-0.5;5.477201;1;15;1;;;;;
21.7;-0.5;-0.5;2.023598;1;15;1;;;;;
21.72;-0.5;-0.5;3.0353;1;15;1;;;;;
21.74;-0.5;-0.5;5.877699;1;15;1;;;;;
21.76;-0.5;-0.5;4.86507;1;15;1;;;;;
21.78;-0.5;-0.5;5.111684;1;15;1;;;;;
21.8;-0.5;-0.5;5.351977;1;15;1;;;;;
21.82;-0.5;-0.5;5.940255;1;15;1;;;;;
21.84;-0.5;-0.5;3.305896;1;15;1;;;;;
21.86;-0.5;-0.5;3.114953;1;15;1;;;;;
21.88;-0.5;-0.5;2.726029;1;15;1;;;;;
21.9;-0.5;-0.5;5.018154;1;15;1;;;;;
21.92;-0.5;-0.5;4.402968;1;15;1;;;;;
21.94;-0.5;-0.5;5.862847;1;15;1;;;;;
21.96;-0.5;-0.5;3.371408;1;15;1;;;;;
21.98;-0.5;-0.5;3.491519;1;15;1;;;;;
22;-0.5;-0.5;4.802022;1;15;1;;;;;
22.02;-0.5;-0.5;5.067166;1;15;1;;;;;
22.04;-0.5;-0.5;5.189294;1;15;1;;;;;
22.06;-0.5;-0.5;4.156122;1;15;1;;;;;
22.08;-0.5;-0.5;4.513746;1;15;1;;;;;
22.1;-0.5;-0.5;5.450581;1;15;1;;;;;
22.12;-0.5;-0.5;4.352369;1;15;1;;;;;
22.14;-0.5;-0.5;3.324656;1;15;1;;;;;
22.16;-0.5;-0.5;4.812708;1;15;1;;;;;
22.18;-0.5;-0.5;5.33368;1;15;1;;;;;
22.2;-0.5;-0.5;4.831638;1;15;1;;;;;
22.22;-0.5;-0.5;2.820738;1;15;1;;;;;
22.24;-0.5;-0.5;4.477578;1;15;1;;;;;
22.26;-0.5;-0.5;3.46483;1;15;1;;;;;
22.28;-0.5;-0.5;4.802651;1;15;1;;;;;
22.3;-0.5;-0.5;2.853082;1;15;1;;;;;
22.32;-0.5;-0.5;3.071743;1;15;1;;;;;
22.34;-0.5;-0.5;2.198208;1;15;1;;;;;
22.36;-0.5;-0.5;5.059194;1;15;1;;;;;
22.38;-0.5;-0.5;3.899497;1;15;1;;;;;
22.4;-0.5;-0.5;2.97697;1;15;1;;;;;
22.42;-0.5;-0.5;3.668097;1;15;1;;;;;
22.44;-0.5;-0.5;2.536487;1;15;1;;;;;
22.46;-0.5;-0.5;4.494707;1;15;1;;;;;
22.48;-0.5;-0.5;3.139516;1;15;1;;;;;
22.5;-0.5;-0.5;5.567451;1;15;1;;;;;
22.52;-0.5;-0.5;3.571962;1;15;1;;;;;
22.54;-0.5;-0.5;5.135407;1;15;1;;;;;
22.56;-0.5;-0.5;3.499901;1;15;1;;;;;
22.58;-0.5;-0.5;4.616494;1;15;1;;;;;
22.6;-0.5;-0.5;4.838054;1;15;1;;;;;
22.62;-0.5;-0.5;4.262808;1;15;1;;;;;
22.64;-0.5;-0.5;4.915743;1;15;1;;;;;
22.66;-0.5;-0.5;4.058209;1;15;1;;;;;
22.68;-0.5;-0.5;4.562253;1;15;1;;;;;
22.7;-0.5;-0.5;3.83936;1;15;1;;;;;
22.72;-0.5;-0.5;5.129278;1;15;1;;;;;
22.74;-0.5;-0.5;2.776717;1;15;1;;;;;
22.76;-0.5;-0.5;5.709671;1;15;1;;;;;
22.78;-0.5;-0.5;5.47588;1;15;1;;;;;
22.8;-0.5;-0.5;2.959738;1;15;1;;;;;
22.82;-0.5;-0.5;4.928214;1;15;1;;;;;
22.84;-0.5;-0.5;5.290745;1;15;1;;;;;
22.86;-0.5;-0.5;5.180945;1;15;1;;;;;
22.88;-0.5;-0.5;2.512338;1;15;1;;;;;
22.9;-0.5;-0.5;4.273065;1;15;1;;;;;
22.92;-0.5;-0.5;3.84306;1;15;1;;;;;
22.94;-0.5;-0.5;2.798931;1;15;1;;;;;
22.96;-0.5;-0.5;2.894817;1;15;1;;;;;
22.98;-0.5;-0.5;3.461432;1;15;1;;;;;
23;-0.5;-0.5;5.944467;1;15;1;;;;;
23.02;-0.5;-0.5;2.181087;1;15;1;;;;;
23.04;-0.5;-0.5;5.028294;1;15;1;;;;;
23.06;-0.5;-0.5;2.734311;1;15;1;;;;;
23.08;-0.5;-0.5;2.358844;1;15;1;;;;;
23.1;-0.5;-0.5;2.230021;1;15;1;;;;;
23.12;-0.5;-0.5;2.857257;1;15;1;;;;;
23.14;-0.5;-0.5;5.787381;1;15;1;;;;;
23.16;-0.5;-0.5;3.505322;1;15;1;;;;;
23.18;-0.5;-0.5;2.942251;1;15;1;;;;;
23.2;-0.5;-0.5;2.989527;1;15;1;;;;;
23.22;-0.5;-0.5;5.754126;1;15;1;;;;;
23.24;-0.5;-0.5;2.373148;1;15;1;;;;;
23.26;-0.5;-0.5;3.674889;1;15;1;;;;;
23.28;-0.5;-0.5;2.630794;1;15;1;;;;;
23.3;-0.5;-0.5;3.636127;1;15;1;;;;;
23.32;-0.5;-0.5;5.038699;1;15;1;;;;;
23.34;-0.5;-0.5;3.8584;1;15;1;;;;;
23.36;-0.5;-0.5;5.982994;1;15;1;;;;;
23.38;-0.5;-0.5;3.113362;1;15;1;;;;;
23.4;-0.5;-0.5;2.252014;1;15;1;;;;;
23.42;-0.5;-0.5;5.264068;1;15;1;;;;;
23.44;-0.5;-0.5;5.704192;1;15;1;;;;;
23.46;-0.5;-0.5;2.15602;1;15;1;;;;;
23.48;-0.5;-0.5;2.521965;1;15;1;;;;;
23.5;-0.5;-0.5;2.95815;1;15;1;;;;;
23.52;-0.5;-0.5;3.835769;1;15;1;;;;;
23.54;-0.5;-0.5;2.884407;1;15;1;;;;;
23.56;-0.5;-0.5;3.062793;1;15;1;;;;;
23.58;-0.5;-0.5;3.012642;1;15;1;;;;;
23.6;-0.5;-0.5;3.274953;1;15;1;;;;;
23.62;-0.5;-0.5;5.100437;1;15;1;;;;;
23.64;-0.5;-0.5;4.857887;1;15;1;;;;;
23.66;-0.5;-0.5;4.810391;1;15;1;;;;;
23.68;-0.5;-0.5;5.200886;1;15;1;;;;;
23.7;-0.5;-0.5;4.342619;1;15;1;;;;;
23.72;-0.5;-0.5;3.600141;1;15;1;;;;;
23.74;-0.5;-0.5;5.212476;1;15;1;;;;;
23.76;-0.5;-0.5;2.691826;1;15;1;;;;;
23.78;-0.5;-0.5;3.785263;1;15;1;;;;;
23.8;-0.5;-0.5;2.634133;1;15;1;;;;;
23.82;-0.5;-0.5;2.01784;1;15;1;;;;;
23.84;-0.5;-0.5;5.925524;1;15;1;;;;;
23.86;-0.5;-0.5;2.985976;1;15;1;;;;;
23.88;-0.5;-0.5;5.89402;1;15;1;;;;;
23.9;-0.5;-0.5;5.962953;1;15;1;;;;;
23.92;-0.5;-0.5;2.586311;1;15;1;;;;;
23.94;-0.5;-0.5;2.260912;1;15;1;;;;;
23.96;-0.5;-0.5;3.986554;1;15;1;;;;;
23.98;-0.5;-0.5;5.283863;1;15;1;;;;;
24;-0.5;-0.5;5.990345;1;15;1;;;;;
24.02;-0.5;-0.5;3.013488;1;15;1;;;;;
24.04;-0.5;-0.5;4.104799;1;15;1;;;;;
24.06;-0.5;-0.5;3.30012;1;15;1;;;;;
24.08;-0.5;-0.5;2.247461;1;15;1;;;;;
24.1;-0.5;-0.5;5.075813;1;15;1;;;;;
24.12;-0.5;-0.5;2.05851;1;15;1;;;;;
24.14;-0.5;-0.5;3.022902;1;15;1;;;;;
24.16;-0.5;-0.5;3.730579;1;15;1;;;;;
24.18;-0.5;-0.5;3.064173;1;15;1;;;;;
24.2;-0.5;-0.5;2.806272;1;15;1;;;;;
24.22;-0.5;-0.5;4.608743;1;15;1;;;;;
24.24;-0.5;-0.5;5.07889;1;15;1;;;;;
24.26;-0.5;-0.5;3.459939;1;15;1;;;;;
24.28;-0.5;-0.5;4.362816;1;15;1;;;;;
24.3;-0.5;-0.5;3.168704;1;15;1;;;;;
24.32;-0.5;-0.5;2.28969;1;15;1;;;;;
24.34;-0.5;-0.5;5.72887;1;15;1;;;;;
24.36;-0.5;-0.5;5.811746;1;15;1;;;;;
24.38;-0.5;-0.5;5.812836;1;15;1;;;;;
24.4;-0.5;-0.5;5.710289;1;15;1;;;;;
24.42;-0.5;-0.5;3.303758;1;15;1;;;;;
24.44;-0.5;-0.5;2.9299;1;15;1;;;;;
24.46;-0.5;-0.5;5.235608;1;15;1;;;;;
24.48;-0.5;-0.5;2.308323;1;15;1;;;;;
24.5;-0.5;-0.5;4.369304;1;15;1;;;;;
24.52;-0.5;-0.5;5.953982;1;15;1;;;;;
24.54;-0.5;-0.5;4.049644;1;15;1;;;;;
24.56;-0.5;-0.5;5.805479;1;15;1;;;;;
24.58;-0.5;-0.5;3.92697;1;15;1;;;;;
24.6;-0.5;-0.5;5.352804;1;15;1;;;;;
24.62;-0.5;-0.5;5.427242;1;15;1;;;;;
24.64;-0.5;-0.5;5.410018;1;15;1;;;;;
24.66;-0.5;-0.5;2.301355;1;15;1;;;;;
24.68;-0.5;-0.5;3.038444;1;15;1;;;;;
24.7;-0.5;-0.5;4.103739;1;15;1;;;;;
24.72;-0.5;-0.5;5.168354;1;15;1;;;;;
24.74;-0.5;-0.5;3.994961;1;15;1;;;;;
24.76;-0.5;-0.5;3.317792;1;15;1;;;;;
24.78;-0.5;-0.5;2.238712;1;15;1;;;;;
24.8;-0.5;-0.5;4.051465;1;15;1;;;;;
24.82;-0.5;-0.5;3.336384;1;15;1;;;;;
24.84;-0.5;-0.5;2.534058;1;15;1;;;;;
24.86;-0.5;-0.5;4.232815;1;15;1;;;;;
24.88;-0.5;-0.5;3.930542;1;15;1;;;;;
24.9;-0.5;-0.5;4.834971;1;15;1;;;;;
24.92;-0.5;-0.5;3.999155;1;15;1;;;;;
24.94;-0.5;-0.5;2.55125;1;15;1;;;;;
24.96;-0.5;-0.5;2.772303;1;15;1;;;;;
24.98;-0.5;-0.5;3.647549;1;15;1;;;;;
25;-0.5;-0.5;4.826821;1;15;1;;;;;
25.02;-0.5;-0.5;5.915772;1;15;1;;;;;
25.04;-0.5;-0.5;4.656104;1;15;1;;;;;
25.06;-0.5;-0.5;4.020121;1;15;1;;;;;
25.08;-0.5;-0.5;5.286788;1;15;1;;;;;
25.1;-0.5;-0.5;4.186535;1;15;1;;;;;
25.12;-0.5;-0.5;3.410997;1;15;1;;;;;
25.14;-0.5;-0.5;3.616032;1;15;1;;;;;
25.16;-0.5;-0.5;2.554416;1;15;1;;;;;
25.18;-0.5;-0.5;2.771633;1;15;1;;;;;
25.2;-0.5;-0.5;2.444942;1;15;1;;;;;
25.22;-0.5;-0.5;2.890921;1;15;1;;;;;
25.24;-0.5;-0.5;2.646042;1;15;1;;;;;
25.26;-0.5;-0.5;2.533059;1;15;1;;;;;
25.28;-0.5;-0.5;2.571905;1;15;1;;;;;
25.3;-0.5;-0.5;2.186957;1;15;1;;;;;
25.32;-0.5;-0.5;2.386689;1;15;1;;;;;
25.34;-0.5;-0.5;5.52474;1;15;1;;;;;
25.36;-0.5;-0.5;3.379602;1;15;1;;;;;
25.38;-0.5;-0.5;2.794968;1;15;1;;;;;
25.4;-0.5;-0.5;4.61141;1;15;1;;;;;
25.42;-0.5;-0.5;2.345609;1;15;1;;;;;
25.44;-0.5;-0.5;4.566201;1;15;1;;;;;
25.46;-0.5;-0.5;3.489283;1;15;1;;;;;
25.48;-0.5;-0.5;4.973543;1;15;1;;;;;
25.5;-0.5;-0.5;2.104032;1;15;1;;;;;
25.52;-0.5;-0.5;4.627234;1;15;1;;;;;
25.54;-0.5;-0.5;4.435597;1;15;1;;;;;
25.56;-0.5;-0.5;2.354753;1;15;1;;;;;
25.58;-0.5;-0.5;2.297884;1;15;1;;;;;
25.6;-0.5;-0.5;5.906702;1;15;1;;;;;
25.62;-0.5;-0.5;5.63353;1;15;1;;;;;
25.64;-0.5;-0.5;2.678297;1;15;1;;;;;
25.66;-0.5;-0.5;3.179235;1;15;1;;;;;
25.68;-0.5;-0.5;3.918999;1;15;1;;;;;
25.7;-0.5;-0.5;3.809987;1;15;1;;;;;
25.72;-0.5;-0.5;3.454684;1;15;1;;;;;
25.74;-0.5;-0.5;5.834665;1;15;1;;;;;
25.76;-0.5;-0.5;3.917224;1;15;1;;;;;
25.78;-0.5;-0.5;5.002256;1;15;1;;;;;
25.8;-0.5;-0.5;5.541507;1;15;1;;;;;
25.82;-0.5;-0.5;4.220006;1;15;1;;;;;
25.84;-0.5;-0.5;4.816851;1;15;1;;;;;
25.86;-0.5;-0.5;5.048307;1;15;1;;;;;
25.88;-0.5;-0.5;3.698078;1;15;1;;;;;
25.9;-0.5;-0.5;4.859859;1;15;1;;;;;
25.92;-0.5;-0.5;5.693597;1;15;1;;;;;
25.94;-0.5;-0.5;2.7806;1;15;1;;;;;
25.96;-0.5;-0.5;2.284024;1;15;1;;;;;
25.98;-0.5;-0.5;2.319221;1;15;1;;;;;
26;-0.5;-0.5;4.212543;1;15;1;;;;;
26.02;-0.5;-0.5;5.739065;1;15;1;;;;;
26.04;-0.5;-0.5;2.487615;1;15;1;;;;;
26.06;-0.5;-0.5;3.452799;1;15;1;;;;;
26.08;-0.5;-0.5;4.964713;1;15;1;;;;;
26.1;-0.5;-0.5;3.596238;1;15;1;;;;;
26.12;-0.5;-0.5;3.239202;1;15;1;;;;;
26.14;-0.5;-0.5;4.669507;1;15;1;;;;;
26.16;-0.5;-0.5;2.275481;1;15;1;;;;;
26.18;-0.5;-0.5;4.488207;1;15;1;;;;;
26.2;-0.5;-0.5;2.806366;1;15;1;;;;;
26.22;-0.5;-0.5;2.058209;1;15;1;;;;;
26.24;-0.5;-0.5;2.252118;1;15;1;;;;;
26.26;-0.5;-0.5;5.475129;1;15;1;;;;;
26.28;-0.5;-0.5;5.824984;1;15;1;;;;;
26.3;-0.5;-0.5;4.767111;1;15;1;;;;;
26.32;-0.5;-0.5;3.777938;1;15;1;;;;;
26.34;-0.5;-0.5;4.27203;1;15;1;;;;;
26.36;-0.5;-0.5;2.034661;1;15;1;;;;;
26.38;-0.5;-0.5;2.193875;1;15;1;;;;;
26.4;-0.5;-0.5;5.009226;1;15;1;;;;;
26.42;-0.5;-0.5;2.326848;1;15;1;;;;;
26.44;-0.5;-0.5;3.653833;1;15;1;;;;;
26.46;-0.5;-0.5;2.932007;1;15;1;;;;;
26.48;-0.5;-0.5;4.468143;1;15;1;;;;;
26.5;-0.5;-0.5;3.516774;1;15;1;;;;;
26.52;-0.5;-0.5;2.67369;1;15;1;;;;;
26.54;-0.5;-0.5;2.650201;1;15;1;;;;;
26.56;-0.5;-0.5;2.099744;1;15;1;;;;;
26.58;-0.5;-0.5;2.423467;1;15;1;;;;;
26.6;-0.5;-0.5;3.371683;1;15;1;;;;;
26.62;-0.5;-0.5;5.196823;1;15;1;;;;;
26.64;-0.5;-0.5;4.99205;1;15;1;;;;;
26.66;-0.5;-0.5;3.715444;1;15;1;;;;;
26.68;-0.5;-0.5;3.037241;1;15;1;;;;;
26.7;-0.5;-0.5;3.812854;1;15;1;;;;;
26.72;-0.5;-0.5;5.707223;1;15;1;;;;;
26.74;-0.5;-0.5;4.478545;1;15;1;;;;;
26.76;-0.5;-0.5;3.509946;1;15;1;;;;;
26.78;-0.5;-0.5;2.552505;1;15;1;;;;;
26.8;-0.5;-0.5;4.813619;1;15;1;;;;;
26.82;-0.5;-0.5;4.120283;1;15;1;;;;;
26.84;-0.5;-0.5;2.711508;1;15;1;;;;;
26.86;-0.5;-0.5;4.797664;1;15;1;;;;;
26.88;-0.5;-0.5;4.046369;1;15;1;;;;;
26.9;-0.5;-0.5;2.075948;1;15;1;;;;;
26.92;-0.5;-0.5;5.983149;1;15;1;;;;;
26.94;-0.5;-0.5;5.367382;1;15;1;;;;;
26.96;-0.5;-0.5;5.995004;1;15;1;;;;;
26.98;-0.5;-0.5;5.513926;1;15;1;;;;;
27;-0.5;-0.5;3.396442;1;15;1;;;;;
27.02;-0.5;-0.5;2.819294;1;15;1;;;;;
27.04;-0.5;-0.5;5.875475;1;15;1;;;;;
27.06;-0.5;-0.5;3.560126;1;15;1;;;;;
27.08;-0.5;-0.5;3.220942;1;15;1;;;;;
27.1;-0.5;-0.5;3.805959;1;15;1;;;;;
27.12;-0.5;-0.5;3.536196;1;15;1;;;;;
27.14;-0.5;-0.5;3.222289;1;15;1;;;;;
27.16;-0.5;-0.5;3.988016;1;15;1;;;;;
27.18;-0.5;-0.5;3.087278;1;15;1;;;;;
27.2;-0.5;-0.5;5.180551;1;15;1;;;;;
27.22;-0.5;-0.5;5.352428;1;15;1;;;;;
27.24;-0.5;-0.5;2.038408;1;15;1;;;;;
27.26;-0.5;-0.5;2.159002;1;15;1;;;;;
27.28;-0.5;-0.5;5.382604;1;15;1;;;;;
27.3;-0.5;-0.5;5.855931;1;15;1;;;;;
27.32;-0.5;-0.5;2.869881;1;15;1;;;;;
27.34;-0.5;-0.5;5.762228;1;15;1;;;;;
27.36;-0.5;-0.5;5.52167;1;15;1;;;;;
27.38;-0.5;-0.5;4.642267;1;15;1;;;;;
27.4;-0.5;-0.5;5.826061;1;15;1;;;;;
27.42;-0.5;-0.5;4.074687;1;15;1;;;;;
27.44;-0.5;-0.5;5.886808;1;15;1;;;;;
27.46;-0.5;-0.5;4.418156;1;15;1;;;;;
27.48;-0.5;-0.5;2.304255;1;15;1;;;;;
27.5;-0.5;-0.5;2.306178;1;15;1;;;;;
27.52;-0.5;-0.5;4.496205;1;15;1;;;;;
27.54;-0.5;-0.5;3.394394;1;15;1;;;;;
27.56;-0.5;-0.5;2.095494;1;15;1;;;;;
27.58;-0.5;-0.5;3.323681;1;15;1;;;;;
27.6;-0.5;-0.5;2.438496;1;15;1;;;;;
27.62;-0.5;-0.5;5.604999;1;15;1;;;;;
27.64;-0.5;-0.5;4.947846;1;15;1;;;;;
27.66;-0.5;-0.5;2.930117;1;15;1;;;;;
27.68;-0.5;-0.5;5.416747;1;15;1;;;;;
27.7;-0.5;-0.5;5.029062;1;15;1;;;;;
27.72;-0.5;-0.5;3.435313;1;15;1;;;;;
27.74;-0.5;-0.5;5.234665;1;15;1;;;;;
27.76;-0.5;-0.5;5.751826;1;15;1;;;;;
27.78;-0.5;-0.5;3.089318;1;15;1;;;;;
27.8;-0.5;-0.5;3.759069;1;15;1;;;;;
27.82;-0.5;-0.5;4.213398;1;15;1;;;;;
27.84;-0.5;-0.5;3.259359;1;15;1;;;;;
27.86;-0.5;-0.5;4.773802;1;15;1;;;;;
27.88;-0.5;-0.5;4.9406;1;15;1;;;;;
27.9;-0.5;-0.5;5.028276;1;15;1;;;;;
27.92;-0.5;-0.5;5.624712;1;15;1;;;;;
27.94;-0.5;-0.5;5.336661;1;15;1;;;;;
27.96;-0.5;-0.5;4.640011;1;15;1;;;;;
27.98;-0.5;-0.5;2.400565;1;15;1;;;;;
28;-0.5;-0.5;2.571274;1;15;1;;;;;
28.02;-0.5;-0.5;5.080871;1;15;1;;;;;
28.04;-0.5;-0.5;2.578557;1;15;1;;;;;
28.06;-0.5;-0.5;5.161057;1;15;1;;;;;
28.08;-0.5;-0.5;3.891641;1;15;1;;;;;
28.1;-0.5;-0.5;3.978127;1;15;1;;;;;
28.12;-0.5;-0.5;2.190141;1;15;1;;;;;
28.14;-0.5;-0.5;5.323932;1;15;1;;;;;
28.16;-0.5;-0.5;4.874324;1;15;1;;;;;
28.18;-0.5;-0.5;3.59596;1;15;1;;;;;
28.2;-0.5;-0.5;5.985952;1;15;1;;;;;
28.22;-0.5;-0.5;5.603447;1;15;1;;;;;
28.24;-0.5;-0.5;2.129884;1;15;1;;;;;
28.26;-0.5;-0.5;4.154623;1;15;1;;;;;
28.28;-0.5;-0.5;3.49022;1;15;1;;;;;
28.3;-0.5;-0.5;4.336689;1;15;1;;;;;
28.32;-0.5;-0.5;3.499391;1;15;1;;;;;
28.34;-0.5;-0.5;5.631395;1;15;1;;;;;
28.36;-0.5;-0.5;5.705045;1;15;1;;;;;
28.38;-0.5;-0.5;2.361732;1;15;1;;;;;
28.4;-0.5;-0.5;3.314964;1;15;1;;;;;
28.42;-0.5;-0.5;2.121501;1;15;1;;;;;
28.44;-0.5;-0.5;4.755817;1;15;1;;;;;
28.46;-0.5;-0.5;2.042629;1;15;1;;;;;
28.48;-0.5;-0.5;3.507385;1;15;1;;;;;
28.5;-0.5;-0.5;3.500017;1;15;1;;;;;
28.52;-0.5;-0.5;4.870195;1;15;1;;;;;
28.54;-0.5;-0.5;5.16376;1;15;1;;;;;
28.56;-0.5;-0.5;3.564858;1;15;1;;;;;
28.58;-0.5;-0.5;5.323542;1;15;1;;;;;
28.6;-0.5;-0.5;5.525887;1;15;1;;;;;
28.62;-0.5;-0.5;5.675412;1;15;1;;;;;
28.64;-0.5;-0.5;4.58083;1;15;1;;;;;
28.66;-0.5;-0.5;5.579489;1;15;1;;;;;
28.68;-0.5;-0.5;4.792983;1;15;1;;;;;
28.7;-0.5;-0.5;3.197364;1;15;1;;;;;
28.72;-0.5;-0.5;4.350554;1;15;1;;;;;
28.74;-0.5;-0.5;2.108615;1;15;1;;;;;
28.76;-0.5;-0.5;4.050284;1;15;1;;;;;
28.78;-0.5;-0.5;3.472747;1;15;1;;;;;
28.8;-0.5;-0.5;2.694971;1;15;1;;;;;
28.82;-0.5;-0.5;2.52332;1;15;1;;;;;
28.84;-0.5;-0.5;2.355973;1;15;1;;;;;
28.86;-0.5;-0.5;4.110492;1;15;1;;;;;
28.88;-0.5;-0.5;3.447862;1;15;1;;;;;
28.9;-0.5;-0.5;3.105242;1;15;1;;;;;
28.92;-0.5;-0.5;5.958112;1;15;1;;;;;
28.94;-0.5;-0.5;3.924286;1;15;1;;;;;
28.96;-0.5;-0.5;3.927871;1;15;1;;;;;
28.98;-0.5;-0.5;3.35565;1;15;1;;;;;
29;-0.5;-0.5;5.078723;1;15;1;;;;;
29.02;-0.5;-0.5;4.417139;1;15;1;;;;;
29.04;-0.5;-0.5;3.963928;1;15;1;;;;;
29.06;-0.5;-0.5;2.021898;1;15;1;;;;;
29.08;-0.5;-0.5;5.984738;1;15;1;;;;;
29.1;-0.5;-0.5;2.736971;1;15;1;;;;;
29.12;-0.5;-0.5;3.496244;1;15;1;;;;;
29.14;-0.5;-0.5;2.68692;1;15;1;;;;;
29.16;-0.5;-0.5;4.500928;1;15;1;;;;;
29.18;-0.5;-0.5;3.740456;1;15;1;;;;;
29.2;-0.5;-0.5;2.392561;1;15;1;;;;;
29.22;-0.5;-0.5;3.471847;1;15;1;;;;;
29.24;-0.5;-0.5;3.360264;1;15;1;;;;;
29.26;-0.5;-0.5;3.368883;1;15;1;;;;;
29.28;-0.5;-0.5;2.234607;1;15;1;;;;;
29.3;-0.5;-0.5;3.368812;1;15;1;;;;;
29.32;-0.5;-0.5;3.39894;1;15;1;;;;;
29.34;-0.5;-0.5;5.112049;1;15;1;;;;;
29.36;-0.5;-0.5;4.106351;1;15;1;;;;;
29.38;-0.5;-0.5;5.608922;1;15;1;;;;;
29.4;-0.5;-0.5;3.595227;1;15;1;;;;;
29.42;-0.5;-0.5;2.15672;1;15;1;;;;;
29.44;-0.5;-0.5;4.334519;1;15;1;;;;;
29.46;-0.5;-0.5;2.758782;1;15;1;;;;;
29.48;-0.5;-0.5;4.527933;1;15;1;;;;;
29.5;-0.5;-0.5;5.505557;1;15;1;;;;;
29.52;-0.5;-0.5;5.636874;1;15;1;;;;;
29.54;-0.5;-0.5;5.121752;1;15;1;;;;;
29.56;-0.5;-0.5;3.208166;1;15;1;;;;;
29.58;-0.5;-0.5;4.171021;1;15;1;;;;;
29.6;-0.5;-0.5;4.712157;1;15;1;;;;;
29.62;-0.5;-0.5;2.451617;1;15;1;;;;;
29.64;-0.5;-0.5;3.419327;1;15;1;;;;;
29.66;-0.5;-0.5;3.309048;1;15;1;;;;;
29.68;-0.5;-0.5;3.125342;1;15;1;;;;;
29.7;-0.5;-0.5;5.62917;1;15;1;;;;;
29.72;-0.5;-0.5;2.552946;1;15;1;;;;;
29.74;-0.5;-0.5;2.527306;1;15;1;;;;;
29.76;-0.5;-0.5;3.2675;1;15;1;;;;;
29.78;-0.5;-0.5;2.100212;1;15;1;;;;;
29.8;-0.5;-0.5;4.103323;1;15;1;;;;;
29.82;-0.5;-0.5;2.83542;1;15;1;;;;;
29.84;-0.5;-0.5;2.249539;1;15;1;;;;;
29.86;-0.5;-0.5;3.436152;1;15;1;;;;;
29.88;-0.5;-0.5;5.457754;1;15;1;;;;;
29.9;-0.5;-0.5;2.201566;1;15;1;;;;;
29.92;-0.5;-0.5;2.939919;1;15;1;;;;;
29.94;-0.5;-0.5;3.856841;1;15;1;;;;;
29.96;-0.5;-0.5;4.237048;1;15;1;;;;;
29.98;-0.5;-0.5;2.665695;1;15;1;;;;;
30;-0.5;-0.5;5.556634;1;15;1;;;;;
30.02;-0.5;-0.5;5.261477;1;15;1;;;;;
30.04;-0.5;-0.5;2.096171;1;15;1;;;;;
30.06;-0.5;-0.5;5.266688;1;15;1;;;;;
30.08;-0.5;-0.5;3.262912;1;15;1;;;;;
30.1;-0.5;-0.5;4.83682;1;15;1;;;;;
30.12;-0.5;-0.5;2.962155;1;15;1;;;;;
30.14;-0.5;-0.5;2.720733;1;15;1;;;;;
30.16;-0.5;-0.5;2.032801;1;15;1;;;;;
30.18;-0.5;-0.5;5.140644;1;15;1;;;;;
30.2;-0.5;-0.5;5.456842;1;15;1;;;;;
30.22;-0.5;-0.5;3.486198;1;15;1;;;;;
30.24;-0.5;-0.5;4.056778;1;15;1;;;;;
30.26;-0.5;-0.5;4.273785;1;15;1;;;;;
30.28;-0.5;-0.5;2.14436;1;15;1;;;;;
30.3;-0.5;-0.5;5.253788;1;15;1;;;;;
30.32;-0.5;-0.5;3.069481;1;15;1;;;;;
30.34;-0.5;-0.5;4.076618;1;15;1;;;;;
30.36;-0.5;-0.5;4.822899;1;15;1;;;;;
30.38;-0.5;-0.5;3.242809;1;15;1;;;;;
30.4;-0.5;-0.5;5.778312;1;15;1;;;;;
30.42;-0.5;-0.5;5.719777;1;15;1;;;;;
30.44;-0.5;-0.5;5.027303;1;15;1;;;;;
30.46;-0.5;-0.5;5.875239;1;15;1;;;;;
30.48;-0.5;-0.5;5.326018;1;15;1;;;;;
30.5;-0.5;-0.5;3.835178;1;15;1;;;;;
30.52;-0.5;-0.5;2.183815;1;15;1;;;;;
30.54;-0.5;-0.5;5.590174;1;15;1;;;;;
30.56;-0.5;-0.5;4.821039;1;15;1;;;;;
30.58;-0.5;-0.5;3.598527;1;15;1;;;;;
30.6;-0.5;-0.5;5.236948;1;15;1;;;;;
30.62;-0.5;-0.5;4.689292;1;15;1;;;;;
30.64;-0.5;-0.5;3.728688;1;15;1;;;;;
30.66;-0.5;-0.5;2.302634;1;15;1;;;;;
30.68;-0.5;-0.5;3.797655;1;15;1;;;;;
30.7;-0.5;-0.5;4.019472;1;15;1;;;;;
30.72;-0.5;-0.5;5.547927;1;15;1;;;;;
30.74;-0.5;-0.5;5.071515;1;15;1;;;;;
30.76;-0.5;-0.5;3.123631;1;15;1;;;;;
30.78;-0.5;-0.5;2.899035;1;15;1;;;;;
30.8;-0.5;-0.5;2.949525;1;15;1;;;;;
30.82;-0.5;-0.5;5.081181;1;15;1;;;;;
30.84;-0.5;-0.5;4.194765;1;15;1;;;;;
30.86;-0.5;-0.5;3.290057;1;15;1;;;;;
30.88;-0.5;-0.5;5.754321;1;15;1;;;;;
30.9;-0.5;-0.5;3.799476;1;15;1;;;;;
30.92;-0.5;-0.5;4.324464;1;15;1;;;;;
30.94;-0.5;-0.5;2.893865;1;15;1;;;;;
30.96;-0.5;-0.5;4.42915;1;15;1;;;;;
30.98;-0.5;-0.5;2.62649;1;15;1;;;;;
31;-0.5;-0.5;5.057869;1;15;1;;;;;
31.02;-0.5;-0.5;4.38284;1;15;1;;;;;
31.04;-0.5;-0.5;5.654317;1;15;1;;;;;
31.06;-0.5;-0.5;5.343493;1;15;1;;;;;
31.08;-0.5;-0.5;3.857515;1;15;1;;;;;
31.1;-0.5;-0.5;3.85974;1;15;1;;;;;
31.12;-0.5;-0.5;4.79528;1;15;1;;;;;
31.14;-0.5;-0.5;2.139772;1;15;1;;;;;
31.16;-0.5;-0.5;4.406078;1;15;1;;;;;
31.18;-0.5;-0.5;5.58792;1;15;1;;;;;
31.2;-0.5;-0.5;5.519006;1;15;1;;;;;
31.22;-0.5;-0.5;5.760621;1;15;1;;;;;
31.24;-0.5;-0.5;3.525357;1;15;1;;;;;
31.26;-0.5;-0.5;3.693674;1;15;1;;;;;
31.28;-0.5;-0.5;5.16266;1;15;1;;;;;
31.3;-0.5;-0.5;5.95691;1;15;1;;;;;
31.32;-0.5;-0.5;3.444721;1;15;1;;;;;
31.34;-0.5;-0.5;2.202145;1;15;1;;;;;
31.36;-0.5;-0.5;2.766555;1;15;1;;;;;
31.38;-0.5;-0.5;3.49811;1;15;1;;;;;
31.4;-0.5;-0.5;2.889479;1;15;1;;;;;
31.42;-0.5;-0.5;4.259784;1;15;1;;;;;
31.44;-0.5;-0.5;5.91584;1;15;1;;;;;
31.46;-0.5;-0.5;5.588626;1;15;1;;;;;
31.48;-0.5;-0.5;3.26086;1;15;1;;;;;
31.5;-0.5;-0.5;2.685976;1;15;1;;;;;
31.52;-0.5;-0.5;2.2771;1;15;1;;;;;
31.54;-0.5;-0.5;3.233205;1;15;1;;;;;
31.56;-0.5;-0.5;2.21028;1;15;1;;;;;
31.58;-0.5;-0.5;2.427623;1;15;1;;;;;
31.6;-0.5;-0.5;5.078669;1;15;1;;;;;
31.62;-0.5;-0.5;2.818475;1;15;1;;;;;
31.64;-0.5;-0.5;4.545455;1;15;1;;;;;
31.66;-0.5;-0.5;2.860144;1;15;1;;;;;
31.68;-0.5;-0.5;5.825768;1;15;1;;;;;
31.7;-0.5;-0.5;4.972347;1;15;1;;;;;
31.72;-0.5;-0.5;5.220825;1;15;1;;;;;
31.74;-0.5;-0.5;5.470308;1;15;1;;;;;
31.76;-0.5;-0.5;3.785316;1;15;1;;;;;
31.78;-0.5;-0.5;4.247024;1;15;1;;;;;
31.8;-0.5;-0.5;3.990915;1;15;1;;;;;
31.82;-0.5;-0.5;2.648968;1;15;1;;;;;
31.84;-0.5;-0.5;2.213713;1;15;1;;;;;
31.86;-0.5;-0.5;3.329504;1;15;1;;;;;
31.88;-0.5;-0.5;4.94966;1;15;1;;;;;
31.9;-0.5;-0.5;5.628525;1;15;1;;;;;
31.92;-0.5;-0.5;4.653817;1;15;1;;;;;
31.94;-0.5;-0.5;4.139634;1;15;1;;;;;
31.96;-0.5;-0.5;4.58679;1;15;1;;;;;
31.98;-0.5;-0.5;2.852573;1;15;1;;;;;
32;-0.5;-0.5;3.28503;1;15;1;;;;;
32.02;-0.5;-0.5;4.728655;1;15;1;;;;;
32.04;-0.5;-0.5;2.000547;1;15;1;;;;;
32.06;-0.5;-0.5;5.244568;1;15;1;;;;;
32.08;-0.5;-0.5;5.829163;1;15;1;;;;;
32.1;-0.5;-0.5;4.605303;1;15;1;;;;;
32.12;-0.5;-0.5;3.263451;1;15;1;;;;;
32.14;-0.5;-0.5;4.006783;1;15;1;;;;;
32.16;-0.5;-0.5;3.760653;1;15;1;;;;;
32.18;-0.5;-0.5;2.730518;1;15;1;;;;;
32.2;-0.5;-0.5;2.279258;1;15;1;;;;;
32.22;-0.5;-0.5;3.892479;1;15;1;;;;;
32.24;-0.5;-0.5;4.616985;1;15;1;;;;;
32.26;-0.5;-0.5;4.606582;1;15;1;;;;;
32.28;-0.5;-0.5;3.942357;1;15;1;;;;;
32.3;-0.5;-0.5;5.766596;1;15;1;;;;;
32.32;-0.5;-0.5;5.882463;1;15;1;;;;;
32.34;-0.5;-0.5;2.550745;1;15;1;;;;;
32.36;-0.5;-0.5;2.959554;1;15;1;;;;;
32.38;-0.5;-0.5;5.174767;1;15;1;;;;;
32.4;-0.5;-0.5;5.907684;1;15;1;;;;;
32.42;-0.5;-0.5;2.962075;1;15;1;;;;;
32.44;-0.5;-0.5;3.454182;1;15;1;;;;;
32.46;-0.5;-0.5;2.45147;1;15;1;;;;;
32.48;-0.5;-0.5;3.9872;1;15;1;;;;;
32.5;-0.5;-0.5;4.423434;1;15;1;;;;;
32.52;-0.5;-0.5;5.289858;1;15;1;;;;;
32.54;-0.5;-0.5;2.808087;1;15;1;;;;;
32.56;-0.5;-0.5;3.803325;1;15;1;;;;;
32.58;-0.5;-0.5;3.523103;1;15;1;;;;;
32.6;-0.5;-0.5;4.534029;1;15;1;;;;;
32.62;-0.5;-0.5;2.144632;1;15;1;;;;;
32.64;-0.5;-0.5;5.265404;1;15;1;;;;;
32.66;-0.5;-0.5;3.233906;1;15;1;;;;;
32.68;-0.5;-0.5;5.206511;1;15;1;;;;;
32.7;-0.5;-0.5;3.988256;1;15;1;;;;;
32.72;-0.5;-0.5;2.891538;1;15;1;;;;;
32.74;-0.5;-0.5;2.702945;1;15;1;;;;;
32.76;-0.5;-0.5;5.349977;1;15;1;;;;;
32.78;-0.5;-0.5;4.781318;1;15;1;;;;;
32.8;-0.5;-0.5;4.067889;1;15;1;;;;;
32.82;-0.5;-0.5;2.207273;1;15;1;;;;;
32.84;-0.5;-0.5;5.441429;1;15;1;;;;;
32.86;-0.5;-0.5;5.673959;1;15;1;;;;;
32.88;-0.5;-0.5;4.103083;1;15;1;;;;;
32.9;-0.5;-0.5;2.915693;1;15;1;;;;;
32.92;-0.5;-0.5;4.603127;1;15;1;;;;;
32.94;-0.5;-0.5;2.157094;1;15;1;;;;;
32.96;-0.5;-0.5;5.570115;1;15;1;;;;;
32.98;-0.5;-0.5;4.233152;1;15;1;;;;;
33;-0.5;-0.5;3.311648;1;15;1;;;;;
33.02;-0.5;-0.5;3.227891;1;15;1;;;;;
33.04;-0.5;-0.5;3.626731;1;15;1;;;;;
33.06;-0.5;-0.5;2.582389;1;15;1;;;;;
33.08;-0.5;-0.5;5.688224;1;15;1;;;;;
33.1;-0.5;-0.5;4.942818;1;15;1;;;;;
33.12;-0.5;-0.5;5.980127;1;15;1;;;;;
33.14;-0.5;-0.5;4.297204;1;15;1;;;;;
33.16;-0.5;-0.5;5.696567;1;15;1;;;;;
33.18;-0.5;-0.5;4.549726;1;15;1;;;;;
33.2;-0.5;-0.5;5.327483;1;15;1;;;;;
33.22;-0.5;-0.5;2.137771;1;15;1;;;;;
33.24;-0.5;-0.5;2.783256;1;15;1;;;;;
33.26;-0.5;-0.5;5.66647;1;15;1;;;;;
33.28;-0.5;-0.5;5.293799;1;15;1;;;;;
33.3;-0.5;-0.5;4.829876;1;15;1;;;;;
33.32;-0.5;-0.5;3.004211;1;15;1;;;;;
33.34;-0.5;-0.5;5.979926;1;15;1;;;;;
33.36;-0.5;-0.5;3.531945;1;15;1;;;;;
33.38;-0.5;-0.5;3.681884;1;15;1;;;;;
33.4;-0.5;-0.5;4.081489;1;15;1;;;;;
33.42;-0.5;-0.5;4.483836;1;15;1;;;;;
33.44;-0.5;-0.5;4.223495;1;15;1;;;;;
33.46;-0.5;-0.5;3.190041;1;15;1;;;;;
33.48;-0.5;-0.5;4.442392;1;15;1;;;;;
33.5;-0.5;-0.5;5.94977;1;15;1;;;;;
33.52;-0.5;-0.5;4.813375;1;15;1;;;;;
33.54;-0.5;-0.5;3.540325;1;15;1;;;;;
33.56;-0.5;-0.5;2.92302;1;15;1;;;;;
33.58;-0.5;-0.5;2.747286;1;15;1;;;;;
33.6;-0.5;-0.5;3.678292;1;15;1;;;;;
33.62;-0.5;-0.5;4.011626;1;15;1;;;;;
33.64;-0.5;-0.5;3.004318;1;15;1;;;;;
33.66;-0.5;-0.5;2.261437;1;15;1;;;;;
33.68;-0.5;-0.5;2.973488;1;15;1;;;;;
33.7;-0.5;-0.5;2.4107;1;15;1;;;;;
33.72;-0.5;-0.5;3.760161;1;15;1;;;;;
33.74;-0.5;-0.5;2.315681;1;15;1;;;;;
33.76;-0.5;-0.5;2.004187;1;15;1;;;;;
33.78;-0.5;-0.5;2.348337;1;15;1;;;;;
33.8;-0.5;-0.5;3.555108;1;15;1;;;;;
33.82;-0.5;-0.5;5.203384;1;15;1;;;;;
33.84;-0.5;-0.5;2.828902;1;15;1;;;;;
33.86;-0.5;-0.5;4.266965;1;15;1;;;;;
33.88;-0.5;-0.5;4.423082;1;15;1;;;;;
33.9;-0.5;-0.5;3.454792;1;15;1;;;;;
33.92;-0.5;-0.5;3.362868;1;15;1;;;;;
33.94;-0.5;-0.5;3.710181;1;15;1;;;;;
33.96;-0.5;-0.5;5.586061;1;15;1;;;;;
33.98;-0.5;-0.5;4.821704;1;15;1;;;;;
34;-0.5;-0.5;2.036647;1;15;1;;;;;
34.02;-0.5;-0.5;2.757036;1;15;1;;;;;
34.04;-0.5;-0.5;2.547385;1;15;1;;;;;
34.06;-0.5;-0.5;3.16669;1;15;1;;;;;
34.08;-0.5;-0.5;5.916657;1;15;1;;;;;
34.1;-0.5;-0.5;5.137032;1;15;1;;;;;
34.12;-0.5;-0.5;4.840908;1;15;1;;;;;
34.14;-0.5;-0.5;3.788338;1;15;1;;;;;
34.16;-0.5;-0.5;2.070597;1;15;1;;;;;
34.18;-0.5;-0.5;2.121163;1;15;1;;;;;
34.2;-0.5;-0.5;3.733995;1;15;1;;;;;
34.22;-0.5;-0.5;4.814603;1;15;1;;;;;
34.24;-0.5;-0.5;2.724716;1;15;1;;;;;
34.26;-0.5;-0.5;4.324259;1;15;1;;;;;
34.28;-0.5;-0.5;2.221114;1;15;1;;;;;
34.3;-0.5;-0.5;3.829034;1;15;1;;;;;
34.32;-0.5;-0.5;2.386812;1;15;1;;;;;
34.34;-0.5;-0.5;5.624347;1;15;1;;;;;
34.36;-0.5;-0.5;4.473882;1;15;1;;;;;
34.38;-0.5;-0.5;3.444324;1;15;1;;;;;
34.4;-0.5;-0.5;2.565098;1;15;1;;;;;
34.42;-0.5;-0.5;5.00711;1;15;1;;;;;
34.44;-0.5;-0.5;2.656678;1;15;1;;;;;
34.46;-0.5;-0.5;2.596863;1;15;1;;;;;
34.48;-0.5;-0.5;3.207416;1;15;1;;;;;
34.5;-0.5;-0.5;2.81707;1;15;1;;;;;
34.52;-0.5;-0.5;3.562439;1;15;1;;;;;
34.54;-0.5;-0.5;3.263073;1;15;1;;;;;
34.56;-0.5;-0.5;4.397144;1;15;1;;;;;
34.58;-0.5;-0.5;5.646926;1;15;1;;;;;
34.6;-0.5;-0.5;5.067543;1;15;1;;;;;
34.62;-0.5;-0.5;5.607009;1;15;1;;;;;
34.64;-0.5;-0.5;4.558887;1;15;1;;;;;
34.66;-0.5;-0.5;3.644079;1;15;1;;;;;
34.68;-0.5;-0.5;5.887023;1;15;1;;;;;
34.7;-0.5;-0.5;4.244783;1;15;1;;;;;
34.72;-0.5;-0.5;4.873892;1;15;1;;;;;
34.74;-0.5;-0.5;3.741977;1;15;1;;;;;
34.76;-0.5;-0.5;2.047198;1;15;1;;;;;
34.78;-0.5;-0.5;3.883359;1;15;1;;;;;
34.8;-0.5;-0.5;4.208365;1;15;1;;;;;
34.82;-0.5;-0.5;4.141136;1;15;1;;;;;
34.84;-0.5;-0.5;4.37287;1;15;1;;;;;
34.86;-0.5;-0.5;3.580396;1;15;1;;;;;
34.88;-0.5;-0.5;4.906826;1;15;1;;;;;
34.9;-0.5;-0.5;3.91513;1;15;1;;;;;
34.92;-0.5;-0.5;4.039392;1;15;1;;;;;
34.94;-0.5;-0.5;4.820055;1;15;1;;;;;
34.96;-0.5;-0.5;3.238343;1;15;1;;;;;
34.98;-0.5;-0.5;5.58566;1;15;1;;;;;
35;-0.5;-0.5;3.551493;1;15;1;;;;;
35.02;-0.5;-0.5;4.153917;1;15;1;;;;;
35.04;-0.5;-0.5;5.243459;1;15;1;;;;;
35.06;-0.5;-0.5;5.970781;1;15;1;;;;;
35.08;-0.5;-0.5;2.900387;1;15;1;;;;;
35.1;-0.5;-0.5;4.876514;1;15;1;;;;;
35.12;-0.5;-0.5;3.035727;1;15;1;;;;;
35.14;-0.5;-0.5;2.056233;1;15;1;;;;;
35.16;-0.5;-0.5;3.485188;1;15;1;;;;;
35.18;-0.5;-0.5;3.009479;1;15;1;;;;;
35.2;-0.5;-0.5;3.290683;1;15;1;;;;;
35.22;-0.5;-0.5;3.361127;1;15;1;;;;;
35.24;-0.5;-0.5;2.36065;1;15;1;;;;;
35.26;-0.5;-0.5;5.514536;1;15;1;;;;;
35.28;-0.5;-0.5;3.858674;1;15;1;;;;;
35.3;-0.5;-0.5;4.032281;1;15;1;;;;;
35.32;-0.5;-0.5;2.682283;1;15;1;;;;;
35.34;-0.5;-0.5;5.706457;1;15;1;;;;;
35.36;-0.5;-0.5;5.526688;1;15;1;;;;;
35.38;-0.5;-0.5;5.897727;1;15;1;;;;;
35.4;-0.5;-0.5;2.472597;1;15;1;;;;;
35.42;-0.5;-0.5;5.281811;1;15;1;;;;;
35.44;-0.5;-0.5;2.028355;1;15;1;;;;;
35.46;-0.5;-0.5;2.701506;1;15;1;;;;;
35.48;-0.5;-0.5;5.372085;1;15;1;;;;;
35.5;-0.5;-0.5;4.485527;1;15;1;;;;;
35.52;-0.5;-0.5;3.039784;1;15;1;;;;;
35.54;-0.5;-0.5;3.370173;1;15;1;;;;;
35.56;-0.5;-0.5;2.849896;1;15;1;;;;;
35.58;-0.5;-0.5;5.13445;1;15;1;;;;;
35.6;-0.5;-0.5;4.905776;1;15;1;;;;;
35.62;-0.5;-0.5;5.32794;1;15;1;;;;;
35.64;-0.5;-0.5;3.951187;1;15;1;;;;;
35.66;-0.5;-0.5;4.311293;1;15;1;;;;;
35.68;-0.5;-0.5;4.028134;1;15;1;;;;;
35.7;-0.5;-0.5;3.634259;1;15;1;;;;;
35.72;-0.5;-0.5;2.493901;1;15;1;;;;;
35.74;-0.5;-0.5;5.647752;1;15;1;;;;;
35.76;-0.5;-0.5;4.350015;1;15;1;;;;;
35.78;-0.5;-0.5;4.035;1;15;1;;;;;
35.8;-0.5;-0.5;2.980858;1;15;1;;;;;
35.82;-0.5;-0.5;4.913659;1;15;1;;;;;
35.84;-0.5;-0.5;5.164814;1;15;1;;;;;
35.86;-0.5;-0.5;5.486869;1;15;1;;;;;
35.88;-0.5;-0.5;2.018504;1;15;1;;;;;
35.9;-0.5;-0.5;3.01961;1;15;1;;;;;
35.92;-0.5;-0.5;4.49438;1;15;1;;;;;
35.94;-0.5;-0.5;5.542412;1;15;1;;;;;
35.96;-0.5;-0.5;5.079916;1;15;1;;;;;
35.98;-0.5;-0.5;5.813113;1;15;1;;;;;
36;-0.5;-0.5;2.622904;1;15;1;;;;;
36.02;-0.5;-0.5;2.356613;1;15;1;;;;;
36.04;-0.5;-0.5;3.966297;1;15;1;;;;;
36.06;-0.5;-0.5;4.014051;1;15;1;;;;;
36.08;-0.5;-0.5;5.008872;1;15;1;;;;;
36.1;-0.5;-0.5;3.907774;1;15;1;;;;;
36.12;-0.5;-0.5;4.305501;1;15;1;;;;;
36.14;-0.5;-0.5;4.689375;1;15;1;;;;;
36.16;-0.5;-0.5;5.972517;1;15;1;;;;;
36.18;-0.5;-0.5;5.348816;1;15;1;;;;;
36.2;-0.5;-0.5;3.386647;1;15;1;;;;;
36.22;-0.5;-0.5;3.027352;1;15;1;;;;;
36.24;-0.5;-0.5;4.823501;1;15;1;;;;;
36.26;-0.5;-0.5;3.126187;1;15;1;;;;;
36.28;-0.5;-0.5;3.048101;1;15;1;;;;;
36.3;-0.5;-0.5;5.901886;1;15;1;;;;;
36.32;-0.5;-0.5;5.974117;1;15;1;;;;;
36.34;-0.5;-0.5;3.918735;1;15;1;;;;;
36.36;-0.5;-0.5;2.18182;1;15;1;;;;;
36.38;-0.5;-0.5;3.880773;1;15;1;;;;;
36.4;-0.5;-0.5;3.496295;1;15;1;;;;;
36.42;-0.5;-0.5;5.239245;1;15;1;;;;;
36.44;-0.5;-0.5;5.430886;1;15;1;;;;;
36.46;-0.5;-0.5;2.760264;1;15;1;;;;;
36.48;-0.5;-0.5;3.50739;1;15;1;;;;;
36.5;-0.5;-0.5;4.29139;1;15;1;;;;;
36.52;-0.5;-0.5;5.990383;1;15;1;;;;;
36.54;-0.5;-0.5;3.006817;1;15;1;;;;;
36.56;-0.5;-0.5;5.603872;1;15;1;;;;;
36.58;-0.5;-0.5;3.181904;1;15;1;;;;;
36.6;-0.5;-0.5;2.532007;1;15;1;;;;;
36.62;-0.5;-0.5;3.507094;1;15;1;;;;;
36.64;-0.5;-0.5;3.45847;1;15;1;;;;;
36.66;-0.5;-0.5;2.967472;1;15;1;;;;;
36.68;-0.5;-0.5;2.341125;1;15;1;;;;;
36.7;-0.5;-0.5;3.558046;1;15;1;;;;;
36.72;-0.5;-0.5;3.236454;1;15;1;;;;;
36.74;-0.5;-0.5;4.975159;1;15;1;;;;;
36.76;-0.5;-0.5;4.376245;1;15;1;;;;;
36.78;-0.5;-0.5;4.632677;1;15;1;;;;;
36.8;-0.5;-0.5;2.21505;1;15;1;;;;;
36.82;-0.5;-0.5;2.626581;1;15;1;;;;;
36.84;-0.5;-0.5;4.417239;1;15;1;;;;;
36.86;-0.5;-0.5;3.803568;1;15;1;;;;;
36.88;-0.5;-0.5;3.930905;1;15;1;;;;;
36.9;-0.5;-0.5;2.590466;1;15;1;;;;;
36.92;-0.5;-0.5;3.793429;1;15;1;;;;;
36.94;-0.5;-0.5;5.517396;1;15;1;;;;;
36.96;-0.5;-0.5;3.721811;1;15;1;;;;;
36.98;-0.5;-0.5;5.909501;1;15;1;;;;;
37;-0.5;-0.5;2.608916;1;15;1;;;;;
37.02;-0.5;-0.5;4.056132;1;15;1;;;;;
37.04;-0.5;-0.5;2.353584;1;15;1;;;;;
37.06;-0.5;-0.5;5.119307;1;15;1;;;;;
37.08;-0.5;-0.5;4.038008;1;15;1;;;;;
37.1;-0.5;-0.5;2.16395;1;15;1;;;;;
37.12;-0.5;-0.5;2.488714;1;15;1;;;;;
37.14;-0.5;-0.5;3.993715;1;15;1;;;;;
37.16;-0.5;-0.5;5.880169;1;15;1;;;;;
37.18;-0.5;-0.5;3.752674;1;15;1;;;;;
37.2;-0.5;-0.5;3.811512;1;15;1;;;;;
37.22;-0.5;-0.5;4.467733;1;15;1;;;;;
37.24;-0.5;-0.5;5.715462;1;15;1;;;;;
37.26;-0.5;-0.5;5.011772;1;15;1;;;;;
37.28;-0.5;-0.5;2.733584;1;15;1;;;;;
37.3;-0.5;-0.5;3.187843;1;15;1;;;;;
37.32;-0.5;-0.5;2.916691;1;15;1;;;;;
37.34;-0.5;-0.5;5.403344;1;15;1;;;;;
37.36;-0.5;-0.5;4.474956;1;15;1;;;;;
37.38;-0.5;-0.5;4.519456;1;15;1;;;;;
37.4;-0.5;-0.5;4.250282;1;15;1;;;;;
37.42;-0.5;-0.5;2.824357;1;15;1;;;;;
37.44;-0.5;-0.5;5.822051;1;15;1;;;;;
37.46;-0.5;-0.5;5.027464;1;15;1;;;;;
37.48;-0.5;-0.5;5.031852;1;15;1;;;;;
37.5;-0.5;-0.5;5.363699;1;15;1;;;;;
37.52;-0.5;-0.5;2.933362;1;15;1;;;;;
37.54;-0.5;-0.5;3.419837;1;15;1;;;;;
37.56;-0.5;-0.5;4.097886;1;15;1;;;;;
37.58;-0.5;-0.5;2.913007;1;15;1;;;;;
37.6;-0.5;-0.5;2.720886;1;15;1;;;;;
37.62;-0.5;-0.5;3.294134;1;15;1;;;;;
37.64;-0.5;-0.5;4.593289;1;15;1;;;;;
37.66;-0.5;-0.5;4.560062;1;15;1;;;;;
37.68;-0.5;-0.5;2.274911;1;15;1;;;;;
37.7;-0.5;-0.5;5.08004;1;15;1;;;;;
37.72;-0.5;-0.5;2.507552;1;15;1;;;;;
37.74;-0.5;-0.5;3.295861;1;15;1;;;;;
37.76;-0.5;-0.5;2.946436;1;15;1;;;;;
37.78;-0.5;-0.5;3.439424;1;15;1;;;;;
37.8;-0.5;-0.5;3.462152;1;15;1;;;;;
37.82;-0.5;-0.5;5.324436;1;15;1;;;;;
37.84;-0.5;-0.5;2.714499;1;15;1;;;;;
37.86;-0.5;-0.5;4.616734;1;15;1;;;;;
37.88;-0.5;-0.5;5.465826;1;15;1;;;;;
37.9;-0.5;-0.5;3.746631;1;15;1;;;;;
37.92;-0.5;-0.5;3.463253;1;15;1;;;;;
37.94;-0.5;-0.5;5.012318;1;15;1;;;;;
37.96;-0.5;-0.5;2.99181;1;15;1;;;;;
37.98;-0.5;-0.5;2.588864;1;15;1;;;;;
38;-0.5;-0.5;3.244698;1;15;1;;;;;
38.02;-0.5;-0.5;2.677607;1;15;1;;;;;
38.04;-0.5;-0.5;4.747555;1;15;1;;;;;
38.06;-0.5;-0.5;3.854754;1;15;1;;;;;
38.08;-0.5;-0.5;2.266136;1;15;1;;;;;
38.1;-0.5;-0.5;3.24685;1;15;1;;;;;
38.12;-0.5;-0.5;2.95137;1;15;1;;;;;
38.14;-0.5;-0.5;4.796185;1;15;1;;;;;
38.16;-0.5;-0.5;4.17287;1;15;1;;;;;
38.18;-0.5;-0.5;3.711318;1;15;1;;;;;
38.2;-0.5;-0.5;2.278278;1;15;1;;;;;
38.22;-0.5;-0.5;3.691895;1;15;1;;;;;
38.24;-0.5;-0.5;3.239856;1;15;1;;;;;
38.26;-0.5;-0.5;2.485663;1;15;1;;;;;
38.28;-0.5;-0.5;3.555857;1;15;1;;;;;
38.3;-0.5;-0.5;3.310498;1;15;1;;;;;
38.32;-0.5;-0.5;5.446087;1;15;1;;;;;
38.34;-0.5;-0.5;4.757125;1;15;1;;;;;
38.36;-0.5;-0.5;3.017656;1;15;1;;;;;
38.38;-0.5;-0.5;2.845041;1;15;1;;;;;
38.4;-0.5;-0.5;4.717533;1;15;1;;;;;
38.42;-0.5;-0.5;4.569368;1;15;1;;;;;
38.44;-0.5;-0.5;5.313635;1;15;1;;;;;
38.46;-0.5;-0.5;2.322524;1;15;1;;;;;
38.48;-0.5;-0.5;2.279957;1;15;1;;;;;
38.5;-0.5;-0.5;3.788059;1;15;1;;;;;
38.52;-0.5;-0.5;4.85015;1;15;1;;;;;
38.54;-0.5;-0.5;5.321673;1;15;1;;;;;
38.56;-0.5;-0.5;4.742794;1;15;1;;;;;
38.58;-0.5;-0.5;4.170141;1;15;1;;;;;
38.6;-0.5;-0.5;5.336741;1;15;1;;;;;
38.62;-0.5;-0.5;3.349804;1;15;1;;;;;
38.64;-0.5;-0.5;3.199246;1;15;1;;;;;
38.66;-0.5;-0.5;4.08124;1;15;1;;;;;
38.68;-0.5;-0.5;3.102964;1;15;1;;;;;
38.7;-0.5;-0.5;3.289492;1;15;1;;;;;
38.72;-0.5;-0.5;4.593673;1;15;1;;;;;
38.74;-0.5;-0.5;5.675938;1;15;1;;;;;
38.76;-0.5;-0.5;2.947218;1;15;1;;;;;
38.78;-0.5;-0.5;3.753813;1;15;1;;;;;
38.8;-0.5;-0.5;5.049774;1;15;1;;;;;
38.82;-0.5;-0.5;3.83642;1;15;1;;;;;
38.84;-0.5;-0.5;4.938347;1;15;1;;;;;
38.86;-0.5;-0.5;4.693684;1;15;1;;;;;
38.88;-0.5;-0.5;2.303252;1;15;1;;;;;
38.9;-0.5;-0.5;3.208825;1;15;1;;;;;
38.92;-0.5;-0.5;3.071723;1;15;1;;;;;
38.94;-0.5;-0.5;3.519734;1;15;1;;;;;
38.96;-0.5;-0.5;4.002109;1;15;1;;;;;
38.98;-0.5;-0.5;5.106236;1;15;1;;;;;
39;-0.5;-0.5;2.672921;1;15;1;;;;;
39.02;-0.5;-0.5;5.255619;1;15;1;;;;;
39.04;-0.5;-0.5;5.662944;1;15;1;;;;;
39.06;-0.5;-0.5;5.401569;1;15;1;;;;;
39.08;-0.5;-0.5;4.749663;1;15;1;;;;;
39.1;-0.5;-0.5;4.380559;1;15;1;;;;;
39.12;-0.5;-0.5;2.891021;1;15;1;;;;;
39.14;-0.5;-0.5;2.425786;1;15;1;;;;;
39.16;-0.5;-0.5;2.078208;1;15;1;;;;;
39.18;-0.5;-0.5;5.889895;1;15;1;;;;;
39.2;-0.5;-0.5;2.976975;1;15;1;;;;;
39.22;-0.5;-0.5;2.928284;1;15;1;;;;;
39.24;-0.5;-0.5;5.896501;1;15;1;;;;;
39.26;-0.5;-0.5;4.76653;1;15;1;;;;;
39.28;-0.5;-0.5;5.23875;1;15;1;;;;;
39.3;-0.5;-0.5;2.198463;1;15;1;;;;;
39.32;-0.5;-0.5;3.164402;1;15;1;;;;;
39.34;-0.5;-0.5;2.908237;1;15;1;;;;;
39.36;-0.5;-0.5;2.688789;1;15;1;;;;;
39.38;-0.5;-0.5;3.599333;1;15;1;;;;;
39.4;-0.5;-0.5;5.277814;1;15;1;;;;;
39.42;-0.5;-0.5;4.592038;1;15;1;;;;;
39.44;-0.5;-0.5;4.477924;1;15;1;;;;;
39.46;-0.5;-0.5;4.157147;1;15;1;;;;;
39.48;-0.5;-0.5;4.393705;1;15;1;;;;;
39.5;-0.5;-0.5;3.434984;1;15;1;;;;;
39.52;-0.5;-0.5;4.693053;1;15;1;;;;;
39.54;-0.5;-0.5;5.943251;1;15;1;;;;;
39.56;-0.5;-0.5;2.759684;1;15;1;;;;;
39.58;-0.5;-0.5;3.947592;1;15;1;;;;;
39.6;-0.5;-0.5;5.681005;1;15;1;;;;;
39.62;-0.5;-0.5;4.721246;1;15;1;;;;;
39.64;-0.5;-0.5;5.702615;1;15;1;;;;;
39.66;-0.5;-0.5;5.508866;1;15;1;;;;;
39.68;-0.5;-0.5;2.279299;1;15;1;;;;;
39.7;-0.5;-0.5;5.223392;1;15;1;;;;;
39.72;-0.5;-0.5;2.757704;1;15;1;;;;;
39.74;-0.5;-0.5;4.843871;1;15;1;;;;;
39.76;-0.5;-0.5;2.303023;1;15;1;;;;;
39.78;-0.5;-0.5;5.721222;1;15;1;;;;;
39.8;-0.5;-0.5;5.970748;1;15;1;;;;;
39.82;-0.5;-0.5;4.728155;1;15;1;;;;;
39.84;-0.5;-0.5;2.337036;1;15;1;;;;;
39.86;-0.5;-0.5;2.006039;1;15;1;;;;;
39.88;-0.5;-0.5;3.887361;1;15;1;;;;;
39.9;-0.5;-0.5;4.504298;1;15;1;;;;;
39.92;-0.5;-0.5;4.283181;1;15;1;;;;;
39.94;-0.5;-0.5;3.609166;1;15;1;;;;;
39.96;-0.5;-0.5;2.998069;1;15;1;;;;;
39.98;-0.5;-0.5;2.699845;1;15;1;;;;;
40;-0.5;-0.5;5.245471;1;15;1;;;;;
40.02;-0.5;-0.5;4.56751;1;15;1;;;;;
40.04;-0.5;-0.5;2.06509;1;15;1;;;;;
40.06;-0.5;-0.5;5.483964;1;15;1;;;;;
40.08;-0.5;-0.5;4.042648;1;15;1;;;;;
40.1;-0.5;-0.5;5.822465;1;15;1;;;;;
40.12;-0.5;-0.5;5.872951;1;15;1;;;;;
40.14;-0.5;-0.5;2.906486;1;15;1;;;;;
40.16;-0.5;-0.5;3.089637;1;15;1;;;;;
40.18;-0.5;-0.5;5.730741;1;15;1;;;;;
40.2;-0.5;-0.5;4.608959;1;15;1;;;;;
40.22;-0.5;-0.5;2.824673;1;15;1;;;;;
40.24;-0.5;-0.5;5.278234;1;15;1;;;;;
40.26;-0.5;-0.5;3.8093;1;15;1;;;;;
40.28;-0.5;-0.5;3.139238;1;15;1;;;;;
40.3;-0.5;-0.5;4.450644;1;15;1;;;;;
40.32;-0.5;-0.5;5.592089;1;15;1;;;;;
40.34;-0.5;-0.5;3.364769;1;15;1;;;;;
40.36;-0.5;-0.5;3.236388;1;15;1;;;;;
40.38;-0.5;-0.5;3.283787;1;15;1;;;;;
40.4;-0.5;-0.5;2.952186;1;15;1;;;;;
40.42;-0.5;-0.5;3.142055;1;15;1;;;;;
40.44;-0.5;-0.5;5.176004;1;15;1;;;;;
40.46;-0.5;-0.5;2.525578;1;15;1;;;;;
40.48;-0.5;-0.5;4.770286;1;15;1;;;;;
40.5;-0.5;-0.5;3.79309;1;15;1;;;;;
40.52;-0.5;-0.5;4.038857;1;15;1;;;;;
40.54;-0.5;-0.5;2.823246;1;15;1;;;;;
40.56;-0.5;-0.5;2.731164;1;15;1;;;;;
40.58;-0.5;-0.5;2.202943;1;15;1;;;;;
40.6;-0.5;-0.5;3.74154;1;15;1;;;;;
40.62;-0.5;-0.5;5.556412;1;15;1;;;;;
40.64;-0.5;-0.5;2.530413;1;15;1;;;;;
40.66;-0.5;-0.5;5.341555;1;15;1;;;;;
40.68;-0.5;-0.5;4.978085;1;15;1;;;;;
40.7;-0.5;-0.5;4.283256;1;15;1;;;;;
40.72;-0.5;-0.5;2.809122;1;15;1;;;;;
40.74;-0.5;-0.5;2.388072;1;15;1;;;;;
40.76;-0.5;-0.5;3.15232;1;15;1;;;;;
40.78;-0.5;-0.5;5.304284;1;15;1;;;;;
40.8;-0.5;-0.5;3.820556;1;15;1;;;;;
40.82;-0.5;-0.5;2.673158;1;15;1;;;;;
40.84;-0.5;-0.5;4.995633;1;15;1;;;;;
40.86;-0.5;-0.5;5.812702;1;15;1;;;;;
40.88;-0.5;-0.5;4.562035;1;15;1;;;;;
40.9;-0.5;-0.5;5.135042;1;15;1;;;;;
40.92;-0.5;-0.5;2.79337;1;15;1;;;;;
40.94;-0.5;-0.5;4.587012;1;15;1;;;;;
40.96;-0.5;-0.5;4.752498;1;15;1;;;;;
40.98;-0.5;-0.5;4.284846;1;15;1;;;;;
41;-0.5;-0.5;5.832395;1;15;1;;;;;
41.02;-0.5;-0.5;5.523671;1;15;1;;;;;
41.04;-0.5;-0.5;5.281726;1;15;1;;;;;
41.06;-0.5;-0.5;2.571253;1;15;1;;;;;
41.08;-0.5;-0.5;5.503304;1;15;1;;;;;
41.1;-0.5;-0.5;3.477266;1;15;1;;;;;
41.12;-0.5;-0.5;3.584365;1;15;1;;;;;
41.14;-0.5;-0.5;4.453926;1;15;1;;;;;
41.16;-0.5;-0.5;2.479222;1;15;1;;;;;
41.18;-0.5;-0.5;5.311011;1;15;1;;;;;
41.2;-0.5;-0.5;3.370164;1;15;1;;;;;
41.22;-0.5;-0.5;5.37589;1;15;1;;;;;
41.24;-0.5;-0.5;3.909985;1;15;1;;;;;
41.26;-0.5;-0.5;5.159822;1;15;1;;;;;
41.28;-0.5;-0.5;3.663086;1;15;1;;;;;
41.3;-0.5;-0.5;5.10704;1;15;1;;;;;
41.32;-0.5;-0.5;2.701087;1;15;1;;;;;
41.34;-0.5;-0.5;2.735656;1;15;1;;;;;
41.36;-0.5;-0.5;2.522368;1;15;1;;;;;
41.38;-0.5;-0.5;4.566102;1;15;1;;;;;
41.4;-0.5;-0.5;5.863946;1;15;1;;;;;
41.42;-0.5;-0.5;4.703671;1;15;1;;;;;
41.44;-0.5;-0.5;3.688291;1;15;1;;;;;
41.46;-0.5;-0.5;2.841988;1;15;1;;;;;
41.48;-0.5;-0.5;3.393733;1;15;1;;;;;
41.5;-0.5;-0.5;2.742466;1;15;1;;;;;
41.52;-0.5;-0.5;5.970417;1;15;1;;;;;
41.54;-0.5;-0.5;2.408708;1;15;1;;;;;
41.56;-0.5;-0.5;3.615151;1;15;1;;;;;
41.58;-0.5;-0.5;5.293095;1;15;1;;;;;
41.6;-0.5;-0.5;2.387665;1;15;1;;;;;
41.62;-0.5;-0.5;4.367368;1;15;1;;;;;
41.64;-0.5;-0.5;4.71639;1;15;1;;;;;
41.66;-0.5;-0.5;2.234221;1;15;1;;;;;
41.68;-0.5;-0.5;2.458321;1;15;1;;;;;
41.7;-0.5;-0.5;3.113893;1;15;1;;;;;
41.72;-0.5;-0.5;5.794363;1;15;1;;;;;
41.74;-0.5;-0.5;3.323671;1;15;1;;;;;
41.76;-0.5;-0.5;3.539331;1;15;1;;;;;
41.78;-0.5;-0.5;5.423464;1;15;1;;;;;
41.8;-0.5;-0.5;2.661366;1;15;1;;;;;
41.82;-0.5;-0.5;4.62017;1;15;1;;;;;
41.84;-0.5;-0.5;5.830738;1;15;1;;;;;
41.86;-0.5;-0.5;4.164948;1;15;1;;;;;
41.88;-0.5;-0.5;2.797744;1;15;1;;;;;
41.9;-0.5;-0.5;5.433284;1;15;1;;;;;
41.92;-0.5;-0.5;5.619043;1;15;1;;;;;
41.94;-0.5;-0.5;2.028109;1;15;1;;;;;
41.96;-0.5;-0.5;2.156871;1;15;1;;;;;
41.98;-0.5;-0.5;3.210713;1;15;1;;;;;
42;-0.5;-0.5;2.642965;1;15;1;;;;;
42.02;-0.5;-0.5;4.442682;1;15;1;;;;;
42.04;-0.5;-0.5;4.188988;1;15;1;;;;;
42.06;-0.5;-0.5;4.732963;1;15;1;;;;;
42.08;-0.5;-0.5;3.264739;1;15;1;;;;;
42.1;-0.5;-0.5;2.000435;1;15;1;;;;;
42.12;-0.5;-0.5;4.618441;1;15;1;;;;;
42.14;-0.5;-0.5;4.428389;1;15;1;;;;;
42.16;-0.5;-0.5;2.600564;1;15;1;;;;;
42.18;-0.5;-0.5;2.164245;1;15;1;;;;;
42.2;-0.5;-0.5;5.592268;1;15;1;;;;;
42.22;-0.5;-0.5;5.338295;1;15;1;;;;;
42.24;-0.5;-0.5;5.705563;1;15;1;;;;;
42.26;-0.5;-0.5;2.257563;1;15;1;;;;;
42.28;-0.5;-0.5;4.665287;1;15;1;;;;;
42.3;-0.5;-0.5;4.539887;1;15;1;;;;;
42.32;-0.5;-0.5;5.649384;1;15;1;;;;;
42.34;-0.5;-0.5;4.139673;1;15;1;;;;;
42.36;-0.5;-0.5;2.95309;1;15;1;;;;;
42.38;-0.5;-0.5;4.637877;1;15;1;;;;;
42.4;-0.5;-0.5;3.875781;1;15;1;;;;;
42.42;-0.5;-0.5;3.068307;1;15;1;;;;;
42.44;-0.5;-0.5;3.244295;1;15;1;;;;;
42.46;-0.5;-0.5;5.032309;1;15;1;;;;;
42.48;-0.5;-0.5;3.892505;1;15;1;;;;;
42.5;-0.5;-0.5;5.647978;1;15;1;;;;;
42.52;-0.5;-0.5;3.696039;1;15;1;;;;;
42.54;-0.5;-0.5;5.417455;1;15;1;;;;;
42.56;-0.5;-0.5;2.90716;1;15;1;;;;;
42.58;-0.5;-0.5;3.761975;1;15;1;;;;;
42.6;-0.5;-0.5;4.080572;1;15;1;;;;;
42.62;-0.5;-0.5;5.062335;1;15;1;;;;;
42.64;-0.5;-0.5;2.493663;1;15;1;;;;;
42.66;-0.5;-0.5;2.037767;1;15;1;;;;;
42.68;-0.5;-0.5;5.417323;1;15;1;;;;;
42.7;-0.5;-0.5;4.835102;1;15;1;;;;;
42.72;-0.5;-0.5;4.082494;1;15;1;;;;;
42.74;-0.5;-0.5;2.980731;1;15;1;;;;;
42.76;-0.5;-0.5;3.077301;1;15;1;;;;;
42.78;-0.5;-0.5;2.867275;1;15;1;;;;;
42.8;-0.5;-0.5;3.580729;1;15;1;;;;;
42.82;-0.5;-0.5;5.163751;1;15;1;;;;;
42.84;-0.5;-0.5;3.760048;1;15;1;;;;;
42.86;-0.5;-0.5;5.311481;1;15;1;;;;;
42.88;-0.5;-0.5;4.032269;1;15;1;;;;;
42.9;-0.5;-0.5;2.199728;1;15;1;;;;;
42.92;-0.5;-0.5;4.642498;1;15;1;;;;;
42.94;-0.5;-0.5;4.203274;1;15;1;;;;;
42.96;-0.5;-0.5;2.354841;1;15;1;;;;;
42.98;-0.5;-0.5;3.377235;1;15;1;;;;;
43;-0.5;-0.5;2.212555;1;15;1;;;;;
43.02;-0.5;-0.5;3.234561;1;15;1;;;;;
43.04;-0.5;-0.5;5.919899;1;15;1;;;;;
43.06;-0.5;-0.5;4.564291;1;15;1;;;;;
43.08;-0.5;-0.5;5.68864;1;15;1;;;;;
43.1;-0.5;-0.5;2.222517;1;15;1;;;;;
43.12;-0.5;-0.5;3.454956;1;15;1;;;;;
43.14;-0.5;-0.5;3.49089;1;15;1;;;;;
43.16;-0.5;-0.5;5.609084;1;15;1;;;;;
43.18;-0.5;-0.5;4.156666;1;15;1;;;;;
43.2;-0.5;-0.5;4.849857;1;15;1;;;;;
43.22;-0.5;-0.5;5.718091;1;15;1;;;;;
43.24;-0.5;-0.5;3.793905;1;15;1;;;;;
43.26;-0.5;-0.5;2.692802;1;15;1;;;;;
43.28;-0.5;-0.5;3.757857;1;15;1;;;;;
43.3;-0.5;-0.5;2.818507;1;15;1;;;;;
43.32;-0.5;-0.5;4.73702;1;15;1;;;;;
43.34;-0.5;-0.5;4.149872;1;15;1;;;;;
43.36;-0.5;-0.5;4.41702;1;15;1;;;;;
43.38;-0.5;-0.5;2.507854;1;15;1;;;;;
43.4;-0.5;-0.5;4.421615;1;15;1;;;;;
43.42;-0.5;-0.5;3.158144;1;15;1;;;;;
43.44;-0.5;-0.5;2.189152;1;15;1;;;;;
43.46;-0.5;-0.5;3.903985;1;15;1;;;;;
43.48;-0.5;-0.5;4.543211;1;15;1;;;;;
43.5;-0.5;-0.5;5.198164;1;15;1;;;;;
43.52;-0.5;-0.5;2.819559;1;15;1;;;;;
43.54;-0.5;-0.5;2.605381;1;15;1;;;;;
43.56;-0.5;-0.5;4.436622;1;15;1;;;;;
43.58;-0.5;-0.5;4.242101;1;15;1;;;;;
43.6;-0.5;-0.5;5.100779;1;15;1;;;;;
43.62;-0.5;-0.5;4.093196;1;15;1;;;;;
43.64;-0.5;-0.5;4.971477;1;15;1;;;;;
43.66;-0.5;-0.5;4.399419;1;15;1;;;;;
43.68;-0.5;-0.5;5.152711;1;15;1;;;;;
43.7;-0.5;-0.5;5.500551;1;15;1;;;;;
43.72;-0.5;-0.5;5.607162;1;15;1;;;;;
43.74;-0.5;-0.5;3.656183;1;15;1;;;;;
43.76;-0.5;-0.5;3.962706;1;15;1;;;;;
43.78;-0.5;-0.5;2.989733;1;15;1;;;;;
43.8;-0.5;-0.5;3.4326;1;15;1;;;;;
43.82;-0.5;-0.5;3.126652;1;15;1;;;;;
43.84;-0.5;-0.5;4.252779;1;15;1;;;;;
43.86;-0.5;-0.5;3.25275;1;15;1;;;;;
43.88;-0.5;-0.5;5.576459;1;15;1;;;;;
43.9;-0.5;-0.5;5.508385;1;15;1;;;;;
43.92;-0.5;-0.5;4.434283;1;15;1;;;;;
43.94;-0.5;-0.5;4.337333;1;15;1;;;;;
43.96;-0.5;-0.5;3.413654;1;15;1;;;;;
43.98;-0.5;-0.5;3.401572;1;15;1;;;;;
44;-0.5;-0.5;5.841182;1;15;1;;;;;
44.02;-0.5;-0.5;3.002548;1;15;1;;;;;
44.04;-0.5;-0.5;3.755973;1;15;1;;;;;
44.06;-0.5;-0.5;5.046233;1;15;1;;;;;
44.08;-0.5;-0.5;5.461587;1;15;1;;;;;
44.1;-0.5;-0.5;2.814074;1;15;1;;;;;
44.12;-0.5;-0.5;5.667999;1;15;1;;;;;
44.14;-0.5;-0.5;2.565034;1;15;1;;;;;
44.16;-0.5;-0.5;2.62708;1;15;1;;;;;
44.18;-0.5;-0.5;5.677317;1;15;1;;;;;
44.2;-0.5;-0.5;3.409046;1;15;1;;;;;
44.22;-0.5;-0.5;4.424876;1;15;1;;;;;
44.24;-0.5;-0.5;3.514098;1;15;1;;;;;
44.26;-0.5;-0.5;2.920708;1;15;1;;;;;
44.28;-0.5;-0.5;5.384165;1;15;1;;;;;
44.3;-0.5;-0.5;4.232098;1;15;1;;;;;
44.32;-0.5;-0.5;4.21592;1;15;1;;;;;
44.34;-0.5;-0.5;4.481071;1;15;1;;;;;
44.36;-0.5;-0.5;5.85224;1;15;1;;;;;
44.38;-0.5;-0.5;4.536502;1;15;1;;;;;
44.4;-0.5;-0.5;3.755094;1;15;1;;;;;
44.42;-0.5;-0.5;3.866728;1;15;1;;;;;
44.44;-0.5;-0.5;2.312468;1;15;1;;;;;
44.46;-0.5;-0.5;3.336436;1;15;1;;;;;
44.48;-0.5;-0.5;4.17277;1;15;1;;;;;
;;;;;;;;;;;
