time;pos_x_right;pos_y_right;dil_right;pos_x_left;pos_y_left;dil_left;brightness;fov;trial;;
0;-0.5;-0.5;3.217105;1;15;1;;;;;
0.02;-0.5;-0.5;4.439777;1;15;1;;;;;
0.04;-0.5;-0.5;2.732372;1;15;1;;;;;
0.06;-0.5;-0.5;5.836013;1;15;1;;;;;
0.08;-0.5;-0.5;4.394537;1;15;1;;;;;
0.09999999;-0.5;-0.5;5.224167;1;15;1;;;;;
0.12;-0.5;-0.5;2.811051;1;15;1;;;;;
0.14;-0.5;-0.5;3.441867;1;15;1;;;;;
0.16;-0.5;-0.5;3.965084;1;15;1;;;;;
0.18;-0.5;-0.5;2.307992;1;15;1;;;;;
0.2;-0.5;-0.5;2.744908;1;15;1;;;;;
0.22;-0.5;-0.5;4.316652;1;15;1;;;;;
0.24;-0.5;-0.5;3.981069;1;15;1;;;;;
0.26;-0.5;-0.5;2.284824;1;15;1;;;;;
0.28;-0.5;-0.5;5.76053;1;15;1;;;;;
0.3;-0.5;-0.5;5.121716;1;15;1;;;;;
0.32;-0.5;-0.5;4.107871;1;15;1;;;;;
0.34;-0.5;-0.5;5.709057;1;15;1;;;;;
0.36;-0.5;-0.5;4.596467;1;15;1;;;;;
0.38;-0.5;-0.5;4.0689;1;15;1;;;;;
0.4;-0.5;-0.5;3.700001;1;15;1;;;;;
0.42;-0.5;-0.5;3.035704;1;15;1;;;;;
0.44;-0.5;-0.5;5.892955;1;15;1;;;;;
0.46;-0.5;-0.5;2.32701;1;15;1;;;;;
0.48;-0.5;-0.5;2.9768;1;15;1;;;;;
0.5;-0.5;-0.5;3.350046;1;15;1;;;;;
0.52;-0.5;-0.5;5.800302;1;15;1;;;;;
0.54;-0.5;-0.5;4.198494;1;15;1;;;;;
0.56;-0.5;-0.5;2.122936;1;15;1;;;;;
0.58;-0.5;-0.5;2.968395;1;15;1;;;;;
0.6;-0.5;-0.5;4.899339;1;15;1;;;;;
0.62;-0.5;-0.5;3.47774;1;15;1;;;;;
0.64;-0.5;-0.5;4.132565;1;15;1;;;;;
0.66;-0.5;-0.5;2.532604;1;15;1;;;;;
0.68;-0.5;-0.5;3.894447;1;15;1;;;;;
0.7;-0.5;-0.5;5.319072;1;15;1;;;;;
0.72;-0.5;-0.5;3.259788;1;15;1;;;;;
0.74;-0.5;-0.5;2.086164;1;15;1;;;;;
0.76;-0.5;-0.5;3.29493;1;15;1;;;;;
0.78;-0.5;-0.5;5.770732;1;15;1;;;;;
0.8;-0.5;-0.5;4.695638;1;15;1;;;;;
0.82;-0.5;-0.5;2.932137;1;15;1;;;;;
0.84;-0.5;-0.5;5.022039;1;15;1;;;;;
0.86;-0.5;-0.5;4.164947;1;15;1;;;;;
0.88;-0.5;-0.5;3.788512;1;15;1;;;;;
0.9;-0.5;-0.5;3.178907;1;15;1;;;;;
0.92;-0.5;-0.5;2.196207;1;15;1;;;;;
0.94;-0.5;-0.5;3.983291;1;15;1;;;;;
0.96;-0.5;-0.5;3.496288;1;15;1;;;;;
0.98;-0.5;-0.5;5.12485;1;15;1;;;;;
1;-0.5;-0.5;3.296152;1;15;1;;;;;
1.02;-0.5;-0.5;4.115969;1;15;1;;;;;
1.04;-0.5;-0.5;4.794672;1;15;1;;;;;
1.06;-0.5;-0.5;3.553732;1;15;1;;;;;
1.08;-0.5;-0.5;5.546786;1;15;1;;;;;
1.1;-0.5;-0.5;4.215714;1;15;1;;;;;
1.12;-0.5;-0.5;5.187165;1;15;1;;;;;
1.14;-0.5;-0.5;4.957435;1;15;1;;;;;
1.16;-0.5;-0.5;4.156782;1;15;1;;;;;
1.18;-0.5;-0.5;3.303948;1;15;1;;;;;
1.2;-0.5;-0.5;3.202377;1;15;1;;;;;
1.22;-0.5;-0.5;2.128164;1;15;1;;;;;
1.24;-0.5;-0.5;4.055474;1;15;1;;;;;
1.26;-0.5;-0.5;4.436777;1;15;1;;;;;
1.28;-0.5;-0.5;2.310263;1;15;1;;;;;
1.3;-0.5;-0.5;5.043608;1;15;1;;;;;
1.32;-0.5;-0.5;4.195287;1;15;1;;;;;
1.34;-0.5;-0.5;2.762481;1;15;1;;;;;
1.36;-0.5;-0.5;2.494897;1;15;1;;;;;
1.38;-0.5;-0.5;2.324959;1;15;1;;;;;
1.4;-0.5;-0.5;2.421546;1;15;1;;;;;
1.42;-0.5;-0.5;2.034336;1;15;1;;;;;
1.44;-0.5;-0.5;2.910989;1;15;1;;;;;
1.46;-0.5;-0.5;3.20661;1;15;1;;;;;
1.48;-0.5;-0.5;5.745907;1;15;1;;;;;
1.5;-0.5;-0.5;2.892068;1;15;1;;;;;
1.52;-0.5;-0.5;3.171344;1;15;1;;;;;
1.54;-0.5;-0.5;4.299153;1;15;1;;;;;
1.56;-0.5;-0.5;4.501444;1;15;1;;;;;
1.58;-0.5;-0.5;4.571462;1;15;1;;;;;
1.6;-0.5;-0.5;5.995601;1;15;1;;;;;
1.62;-0.5;-0.5;3.961997;1;15;1;;;;;
1.64;-0.5;-0.5;5.692339;1;15;1;;;;;
1.66;-0.5;-0.5;4.189561;1;15;1;;;;;
1.68;-0.5;-0.5;4.26797;1;15;1;;;;;
1.7;-0.5;-0.5;2.563424;1;15;1;;;;;
1.72;-0.5;-0.5;3.802614;1;15;1;;;;;
1.74;-0.5;-0.5;5.14334;1;15;1;;;;;
1.76;-0.5;-0.5;4.483358;1;15;1;;;;;
1.78;-0.5;-0.5;5.295045;1;15;1;;;;;
1.8;-0.5;-0.5;5.487508;1;15;1;;;;;
1.82;-0.5;-0.5;5.031385;1;15;1;;;;;
1.84;-0.5;-0.5;2.443744;1;15;1;;;;;
1.86;-0.5;-0.5;5.037356;1;15;1;;;;;
1.88;-0.5;-0.5;2.803124;1;15;1;;;;;
1.9;-0.5;-0.5;5.439656;1;15;1;;;;;
1.92;-0.5;-0.5;3.020211;1;15;1;;;;;
1.94;-0.5;-0.5;5.690698;1;15;1;;;;;
1.96;-0.5;-0.5;5.446476;1;15;1;;;;;
1.98;-0.5;-0.5;5.904253;1;15;1;;;;;
2;-0.5;-0.5;4.468949;1;15;1;;;;;
2.02;-0.5;-0.5;4.509353;1;15;1;;;;;
2.04;-0.5;-0.5;4.894043;1;15;1;;;;;
2.06;-0.5;-0.5;3.963494;1;15;1;;;;;
2.08;-0.5;-0.5;5.586129;1;15;1;;;;;
2.1;-0.5;-0.5;5.588102;1;15;1;;;;;
2.12;-0.5;-0.5;2.688791;1;15;1;;;;;
2.14;-0.5;-0.5;3.024248;1;15;1;;;;;
2.16;-0.5;-0.5;5.736838;1;15;1;;;;;
2.18;-0.5;-0.5;5.65608;1;15;1;;;;;
2.2;-0.5;-0.5;2.284016;1;15;1;;;;;
2.22;-0.5;-0.5;2.942723;1;15;1;;;;;
2.24;-0.5;-0.5;2.669469;1;15;1;;;;;
2.26;-0.5;-0.5;2.126971;1;15;1;;;;;
2.28;-0.5;-0.5;4.663777;1;15;1;;;;;
2.3;-0.5;-0.5;5.376613;1;15;1;;;;;
2.32;-0.5;-0.5;3.68406;1;15;1;;;;;
2.34;-0.5;-0.5;2.956793;1;15;1;;;;;
2.36;-0.5;-0.5;3.896162;1;15;1;;;;;
2.38;-0.5;-0.5;2.938645;1;15;1;;;;;
2.4;-0.5;-0.5;4.789875;1;15;1;;;;;
2.42;-0.5;-0.5;4.219646;1;15;1;;;;;
2.44;-0.5;-0.5;3.973129;1;15;1;;;;;
2.46;-0.5;-0.5;3.176589;1;15;1;;;;;
2.48;-0.5;-0.5;2.583807;1;15;1;;;;;
2.5;-0.5;-0.5;5.374978;1;15;1;;;;;
2.52;-0.5;-0.5;5.484259;1;15;1;;;;;
2.54;-0.5;-0.5;4.678866;1;15;1;;;;;
2.56;-0.5;-0.5;4.76731;1;15;1;;;;;
2.58;-0.5;-0.5;3.436081;1;15;1;;;;;
2.6;-0.5;-0.5;3.210591;1;15;1;;;;;
2.62;-0.5;-0.5;5.383252;1;15;1;;;;;
2.64;-0.5;-0.5;5.242087;1;15;1;;;;;
2.66;-0.5;-0.5;2.232461;1;15;1;;;;;
2.68;-0.5;-0.5;2.02635;1;15;1;;;;;
2.7;-0.5;-0.5;3.788412;1;15;1;;;;;
2.72;-0.5;-0.5;2.373471;1;15;1;;;;;
2.74;-0.5;-0.5;5.178653;1;15;1;;;;;
2.76;-0.5;-0.5;3.720813;1;15;1;;;;;
2.78;-0.5;-0.5;3.312657;1;15;1;;;;;
2.8;-0.5;-0.5;4.285211;1;15;1;;;;;
2.82;-0.5;-0.5;5.37718;1;15;1;;;;;
2.84;-0.5;-0.5;2.334516;1;15;1;;;;;
2.86;-0.5;-0.5;2.110652;1;15;1;;;;;
2.88;-0.5;-0.5;5.324854;1;15;1;;;;;
2.9;-0.5;-0.5;4.530905;1;15;1;;;;;
2.92;-0.5;-0.5;4.969985;1;15;1;;;;;
2.94;-0.5;-0.5;2.5357;1;15;1;;;;;
2.96;-0.5;-0.5;2.326392;1;15;1;;;;;
2.98;-0.5;-0.5;3.362476;1;15;1;;;;;
3;-0.5;-0.5;4.380163;1;15;1;;;;;
3.02;-0.5;-0.5;3.536915;1;15;1;;;;;
3.04;-0.5;-0.5;2.236892;1;15;1;;;;;
3.06;-0.5;-0.5;3.517546;1;15;1;;;;;
3.08;-0.5;-0.5;2.378857;1;15;1;;;;;
3.1;-0.5;-0.5;4.288149;1;15;1;;;;;
3.12;-0.5;-0.5;3.162856;1;15;1;;;;;
3.14;-0.5;-0.5;2.913257;1;15;1;;;;;
3.16;-0.5;-0.5;3.013307;1;15;1;;;;;
3.18;-0.5;-0.5;5.983078;1;15;1;;;;;
3.2;-0.5;-0.5;2.558938;1;15;1;;;;;
3.22;-0.5;-0.5;2.943615;1;15;1;;;;;
3.24;-0.5;-0.5;2.559327;1;15;1;;;;;
3.26;-0.5;-0.5;5.35282;1;15;1;;;;;
3.28;-0.5;-0.5;4.504372;1;15;1;;;;;
3.3;-0.5;-0.5;4.774307;1;15;1;;;;;
3.32;-0.5;-0.5;4.397595;1;15;1;;;;;
3.34;-0.5;-0.5;2.764187;1;15;1;;;;;
3.36;-0.5;-0.5;5.315224;1;15;1;;;;;
3.38;-0.5;-0.5;4.935381;1;15;1;;;;;
3.4;-0.5;-0.5;2.995224;1;15;1;;;;;
3.42;-0.5;-0.5;5.003491;1;15;1;;;;;
3.44;-0.5;-0.5;5.795328;1;15;1;;;;;
3.46;-0.5;-0.5;4.226274;1;15;1;;;;;
3.48;-0.5;-0.5;3.951219;1;15;1;;;;;
3.5;-0.5;-0.5;2.466087;1;15;1;;;;;
3.52;-0.5;-0.5;5.657666;1;15;1;;;;;
3.54;-0.5;-0.5;3.066828;1;15;1;;;;;
3.56;-0.5;-0.5;3.904949;1;15;1;;;;;
3.58;-0.5;-0.5;4.989476;1;15;1;;;;;
3.6;-0.5;-0.5;3.243138;1;15;1;;;;;
3.62;-0.5;-0.5;5.982059;1;15;1;;;;;
3.64;-0.5;-0.5;4.65;1;15;1;;;;;
3.66;-0.5;-0.5;4.890405;1;15;1;;;;;
3.68;-0.5;-0.5;5.735788;1;15;1;;;;;
3.7;-0.5;-0.5;3.041207;1;15;1;;;;;
3.72;-0.5;-0.5;2.60058;1;15;1;;;;;
3.74;-0.5;-0.5;2.839805;1;15;1;;;;;
3.76;-0.5;-0.5;2.913798;1;15;1;;;;;
3.78;-0.5;-0.5;3.122141;1;15;1;;;;;
3.8;-0.5;-0.5;4.581562;1;15;1;;;;;
3.82;-0.5;-0.5;5.275776;1;15;1;;;;;
3.84;-0.5;-0.5;2.103239;1;15;1;;;;;
3.86;-0.5;-0.5;2.358823;1;15;1;;;;;
3.88;-0.5;-0.5;4.086929;1;15;1;;;;;
3.9;-0.5;-0.5;4.212194;1;15;1;;;;;
3.92;-0.5;-0.5;3.258367;1;15;1;;;;;
3.94;-0.5;-0.5;2.106013;1;15;1;;;;;
3.96;-0.5;-0.5;4.943406;1;15;1;;;;;
3.98;-0.5;-0.5;5.953629;1;15;1;;;;;
4;-0.5;-0.5;4.871805;1;15;1;;;;;
4.02;-0.5;-0.5;4.973451;1;15;1;;;;;
4.04;-0.5;-0.5;5.958435;1;15;1;;;;;
4.06;-0.5;-0.5;5.745415;1;15;1;;;;;
4.08;-0.5;-0.5;2.311981;1;15;1;;;;;
4.1;-0.5;-0.5;2.093293;1;15;1;;;;;
4.12;-0.5;-0.5;5.43174;1;15;1;;;;;
4.14;-0.5;-0.5;4.850385;1;15;1;;;;;
4.16;-0.5;-0.5;5.918991;1;15;1;;;;;
4.18;-0.5;-0.5;3.248946;1;15;1;;;;;
4.2;-0.5;-0.5;3.826184;1;15;1;;;;;
4.22;-0.5;-0.5;5.129517;1;15;1;;;;;
4.24;-0.5;-0.5;3.417901;1;15;1;;;;;
4.26;-0.5;-0.5;2.120017;1;15;1;;;;;
4.28;-0.5;-0.5;5.408601;1;15;1;;;;;
4.3;-0.5;-0.5;4.616134;1;15;1;;;;;
4.32;-0.5;-0.5;2.53359;1;15;1;;;;;
4.34;-0.5;-0.5;5.962996;1;15;1;;;;;
4.36;-0.5;-0.5;4.49385;1;15;1;;;;;
4.38;-0.5;-0.5;3.861983;1;15;1;;;;;
4.4;-0.5;-0.5;2.939785;1;15;1;;;;;
4.42;-0.5;-0.5;5.589006;1;15;1;;;;;
4.44;-0.5;-0.5;5.152964;1;15;1;;;;;
4.46;-0.5;-0.5;5.380792;1;15;1;;;;;
4.48;-0.5;-0.5;5.382478;1;15;1;;;;;
4.5;-0.5;-0.5;5.057894;1;15;1;;;;;
4.52;-0.5;-0.5;3.13165;1;15;1;;;;;
4.54;-0.5;-0.5;3.821221;1;15;1;;;;;
4.56;-0.5;-0.5;4.736536;1;15;1;;;;;
4.58;-0.5;-0.5;5.221071;1;15;1;;;;;
4.6;-0.5;-0.5;2.198488;1;15;1;;;;;
4.62;-0.5;-0.5;4.735858;1;15;1;;;;;
4.64;-0.5;-0.5;4.441055;1;15;1;;;;;
4.66;-0.5;-0.5;4.685284;1;15;1;;;;;
4.68;-0.5;-0.5;3.907635;1;15;1;;;;;
4.7;-0.5;-0.5;5.53709;1;15;1;;;;;
4.72;-0.5;-0.5;5.074817;1;15;1;;;;;
4.74;-0.5;-0.5;2.243628;1;15;1;;;;;
4.76;-0.5;-0.5;5.964038;1;15;1;;;;;
4.78;-0.5;-0.5;2.985762;1;15;1;;;;;
4.8;-0.5;-0.5;2.297099;1;15;1;;;;;
4.82;-0.5;-0.5;3.883146;1;15;1;;;;;
4.84;-0.5;-0.5;3.537405;1;15;1;;;;;
4.86;-0.5;-0.5;2.448275;1;15;1;;;;;
4.88;-0.5;-0.5;3.334311;1;15;1;;;;;
4.9;-0.5;-0.5;2.02759;1;15;1;;;;;
4.92;-0.5;-0.5;4.721382;1;15;1;;;;;
4.94;-0.5;-0.5;4.01708;1;15;1;;;;;
4.96;-0.5;-0.5;4.99621;1;15;1;;;;;
4.98;-0.5;-0.5;4.632702;1;15;1;;;;;
5;-0.5;-0.5;5.461667;1;15;1;;;;;
5.02;-0.5;-0.5;3.967903;1;15;1;;;;;
5.04;-0.5;-0.5;2.792754;1;15;1;;;;;
5.06;-0.5;-0.5;5.973777;1;15;1;;;;;
5.08;-0.5;-0.5;3.123888;1;15;1;;;;;
5.1;-0.5;-0.5;5.223117;1;15;1;;;;;
5.12;-0.5;-0.5;4.822601;1;15;1;;;;;
5.14;-0.5;-0.5;5.881412;1;15;1;;;;;
5.16;-0.5;-0.5;3.2477;1;15;1;;;;;
5.18;-0.5;-0.5;5.162482;1;15;1;;;;;
5.2;-0.5;-0.5;4.678259;1;15;1;;;;;
5.22;-0.5;-0.5;2.539137;1;15;1;;;;;
5.24;-0.5;-0.5;5.984203;1;15;1;;;;;
5.26;-0.5;-0.5;4.493709;1;15;1;;;;;
5.28;-0.5;-0.5;4.355803;1;15;1;;;;;
5.3;-0.5;-0.5;3.201303;1;15;1;;;;;
5.32;-0.5;-0.5;5.067729;1;15;1;;;;;
5.34;-0.5;-0.5;4.730312;1;15;1;;;;;
5.36;-0.5;-0.5;4.476834;1;15;1;;;;;
5.38;-0.5;-0.5;5.803272;1;15;1;;;;;
5.4;-0.5;-0.5;5.905401;1;15;1;;;;;
5.42;-0.5;-0.5;3.479125;1;15;1;;;;;
5.44;-0.5;-0.5;5.815219;1;15;1;;;;;
5.46;-0.5;-0.5;2.716712;1;15;1;;;;;
5.48;-0.5;-0.5;2.913153;1;15;1;;;;;
5.5;-0.5;-0.5;4.285277;1;15;1;;;;;
5.52;-0.5;-0.5;3.494635;1;15;1;;;;;
5.54;-0.5;-0.5;5.710181;1;15;1;;;;;
5.56;-0.5;-0.5;4.463741;1;15;1;;;;;
5.58;-0.5;-0.5;2.837777;1;15;1;;;;;
5.6;-0.5;-0.5;4.455398;1;15;1;;;;;
5.62;-0.5;-0.5;3.910059;1;15;1;;;;;
5.64;-0.5;-0.5;3.490827;1;15;1;;;;;
5.66;-0.5;-0.5;2.680581;1;15;1;;;;;
5.68;-0.5;-0.5;5.530321;1;15;1;;;;;
5.7;-0.5;-0.5;2.134838;1;15;1;;;;;
5.72;-0.5;-0.5;4.546803;1;15;1;;;;;
5.74;-0.5;-0.5;5.351748;1;15;1;;;;;
5.76;-0.5;-0.5;4.644469;1;15;1;;;;;
5.78;-0.5;-0.5;3.757739;1;15;1;;;;;
5.8;-0.5;-0.5;5.42321;1;15;1;;;;;
5.82;-0.5;-0.5;3.684582;1;15;1;;;;;
5.84;-0.5;-0.5;5.000155;1;15;1;;;;;
5.86;-0.5;-0.5;4.03542;1;15;1;;;;;
5.88;-0.5;-0.5;5.88504;1;15;1;;;;;
5.9;-0.5;-0.5;2.209397;1;15;1;;;;;
5.92;-0.5;-0.5;5.544743;1;15;1;;;;;
5.94;-0.5;-0.5;3.484373;1;15;1;;;;;
5.96;-0.5;-0.5;4.294695;1;15;1;;;;;
5.98;-0.5;-0.5;3.637086;1;15;1;;;;;
6;-0.5;-0.5;3.562797;1;15;1;;;;;
6.02;-0.5;-0.5;5.403928;1;15;1;;;;;
6.04;-0.5;-0.5;4.429152;1;15;1;;;;;
6.06;-0.5;-0.5;3.244278;1;15;1;;;;;
6.08;-0.5;-0.5;2.09469;1;15;1;;;;;
6.1;-0.5;-0.5;3.776158;1;15;1;;;;;
6.12;-0.5;-0.5;5.603743;1;15;1;;;;;
6.14;-0.5;-0.5;2.78546;1;15;1;;;;;
6.16;-0.5;-0.5;2.862772;1;15;1;;;;;
6.18;-0.5;-0.5;5.671569;1;15;1;;;;;
6.2;-0.5;-0.5;5.632405;1;15;1;;;;;
6.22;-0.5;-0.5;3.28265;1;15;1;;;;;
6.24;-0.5;-0.5;4.769295;1;15;1;;;;;
6.26;-0.5;-0.5;5.677334;1;15;1;;;;;
6.28;-0.5;-0.5;2.108339;1;15;1;;;;;
6.3;-0.5;-0.5;4.554609;1;15;1;;;;;
6.32;-0.5;-0.5;3.036134;1;15;1;;;;;
6.34;-0.5;-0.5;2.244131;1;15;1;;;;;
6.36;-0.5;-0.5;4.178018;1;15;1;;;;;
6.38;-0.5;-0.5;3.151505;1;15;1;;;;;
6.4;-0.5;-0.5;3.088713;1;15;1;;;;;
6.42;-0.5;-0.5;4.506133;1;15;1;;;;;
6.44;-0.5;-0.5;4.776271;1;15;1;;;;;
6.46;-0.5;-0.5;4.255904;1;15;1;;;;;
6.48;-0.5;-0.5;3.202398;1;15;1;;;;;
6.5;-0.5;-0.5;2.203989;1;15;1;;;;;
6.52;-0.5;-0.5;5.574876;1;15;1;;;;;
6.54;-0.5;-0.5;5.721283;1;15;1;;;;;
6.56;-0.5;-0.5;5.904673;1;15;1;;;;;
6.58;-0.5;-0.5;4.311025;1;15;1;;;;;
6.6;-0.5;-0.5;2.22721;1;15;1;;;;;
6.62;-0.5;-0.5;2.224972;1;15;1;;;;;
6.64;-0.5;-0.5;2.585001;1;15;1;;;;;
6.66;-0.5;-0.5;4.839508;1;15;1;;;;;
6.68;-0.5;-0.5;2.081423;1;15;1;;;;;
6.7;-0.5;-0.5;5.233649;1;15;1;;;;;
6.72;-0.5;-0.5;2.90718;1;15;1;;;;;
6.74;-0.5;-0.5;3.037232;1;15;1;;;;;
6.76;-0.5;-0.5;3.460923;1;15;1;;;;;
6.78;-0.5;-0.5;5.702543;1;15;1;;;;;
6.8;-0.5;-0.5;5.736115;1;15;1;;;;;
6.82;-0.5;-0.5;5.098571;1;15;1;;;;;
6.84;-0.5;-0.5;4.229911;1;15;1;;;;;
6.86;-0.5;-0.5;3.677664;1;15;1;;;;;
6.88;-0.5;-0.5;4.834179;1;15;1;;;;;
6.9;-0.5;-0.5;5.654717;1;15;1;;;;;
6.92;-0.5;-0.5;3.49422;1;15;1;;;;;
6.94;-0.5;-0.5;4.908466;1;15;1;;;;;
6.96;-0.5;-0.5;5.510944;1;15;1;;;;;
6.98;-0.5;-0.5;4.991606;1;15;1;;;;;
7;-0.5;-0.5;2.180559;1;15;1;;;;;
7.02;-0.5;-0.5;3.615288;1;15;1;;;;;
7.04;-0.5;-0.5;5.32984;1;15;1;;;;;
7.06;-0.5;-0.5;2.405643;1;15;1;;;;;
7.08;-0.5;-0.5;2.439256;1;15;1;;;;;
7.1;-0.5;-0.5;2.168815;1;15;1;;;;;
7.12;-0.5;-0.5;5.73321;1;15;1;;;;;
7.14;-0.5;-0.5;5.248259;1;15;1;;;;;
7.16;-0.5;-0.5;3.834476;1;15;1;;;;;
7.18;-0.5;-0.5;2.280964;1;15;1;;;;;
7.2;-0.5;-0.5;5.313045;1;15;1;;;;;
7.22;-0.5;-0.5;5.567786;1;15;1;;;;;
7.24;-0.5;-0.5;4.754649;1;15;1;;;;;
7.26;-0.5;-0.5;4.490364;1;15;1;;;;;
7.28;-0.5;-0.5;2.782628;1;15;1;;;;;
7.3;-0.5;-0.5;4.980162;1;15;1;;;;;
7.32;-0.5;-0.5;5.126117;1;15;1;;;;;
7.34;-0.5;-0.5;4.312449;1;15;1;;;;;
7.36;-0.5;-0.5;2.198973;1;15;1;;;;;
7.38;-0.5;-0.5;3.590094;1;15;1;;;;;
7.4;-0.5;-0.5;2.148226;1;15;1;;;;;
7.42;-0.5;-0.5;4.488812;1;15;1;;;;;
7.44;-0.5;-0.5;2.79706;1;15;1;;;;;
7.46;-0.5;-0.5;3.570959;1;15;1;;;;;
7.48;-0.5;-0.5;4.375945;1;15;1;;;;;
7.5;-0.5;-0.5;4.129482;1;15;1;;;;;
7.52;-0.5;-0.5;2.799023;1;15;1;;;;;
7.54;-0.5;-0.5;3.241858;1;15;1;;;;;
7.56;-0.5;-0.5;5.7101;1;15;1;;;;;
7.58;-0.5;-0.5;4.251807;1;15;1;;;;;
7.6;-0.5;-0.5;3.47521;1;15;1;;;;;
7.62;-0.5;-0.5;2.972462;1;15;1;;;;;
7.64;-0.5;-0.5;5.699174;1;15;1;;;;;
7.66;-0.5;-0.5;4.723711;1;15;1;;;;;
7.68;-0.5;-0.5;4.391682;1;15;1;;;;;
7.7;-0.5;-0.5;2.979882;1;15;1;;;;;
7.72;-0.5;-0.5;4.064919;1;15;1;;;;;
7.74;-0.5;-0.5;4.691256;1;15;1;;;;;
7.76;-0.5;-0.5;5.609204;1;15;1;;;;;
7.78;-0.5;-0.5;2.959556;1;15;1;;;;;
7.8;-0.5;-0.5;5.19296;1;15;1;;;;;
7.82;-0.5;-0.5;2.106993;1;15;1;;;;;
7.84;-0.5;-0.5;5.569947;1;15;1;;;;;
7.86;-0.5;-0.5;5.128874;1;15;1;;;;;
7.88;-0.5;-0.5;5.605602;1;15;1;;;;;
7.9;-0.5;-0.5;3.061331;1;15;1;;;;;
7.92;-0.5;-0.5;2.008533;1;15;1;;;;;
7.94;-0.5;-0.5;2.749134;1;15;1;;;;;
7.96;-0.5;-0.5;4.809582;1;15;1;;;;;
7.98;-0.5;-0.5;3.070035;1;15;1;;;;;
8;-0.5;-0.5;5.706456;1;15;1;;;;;
8.02;-0.5;-0.5;3.644212;1;15;1;;;;;
8.04;-0.5;-0.5;2.480207;1;15;1;;;;;
8.059999;-0.5;-0.5;5.332848;1;15;1;;;;;
8.08;-0.5;-0.5;4.131027;1;15;1;;;;;
8.099999;-0.5;-0.5;4.823529;1;15;1;;;;;
8.12;-0.5;-0.5;4.054766;1;15;1;;;;;
8.139999;-0.5;-0.5;4.959718;1;15;1;;;;;
8.16;-0.5;-0.5;3.170381;1;15;1;;;;;
8.179999;-0.5;-0.5;4.41808;1;15;1;;;;;
8.2;-0.5;-0.5;5.239393;1;15;1;;;;;
8.22;-0.5;-0.5;2.108971;1;15;1;;;;;
8.24;-0.5;-0.5;4.351494;1;15;1;;;;;
8.26;-0.5;-0.5;2.717692;1;15;1;;;;;
8.28;-0.5;-0.5;2.947696;1;15;1;;;;;
8.3;-0.5;-0.5;2.281607;1;15;1;;;;;
8.32;-0.5;-0.5;2.279493;1;15;1;;;;;
8.34;-0.5;-0.5;2.703597;1;15;1;;;;;
8.36;-0.5;-0.5;3.133012;1;15;1;;;;;
8.38;-0.5;-0.5;4.180802;1;15;1;;;;;
8.4;-0.5;-0.5;2.595348;1;15;1;;;;;
8.42;-0.5;-0.5;2.827396;1;15;1;;;;;
8.44;-0.5;-0.5;3.69213;1;15;1;;;;;
8.46;-0.5;-0.5;4.08298;1;15;1;;;;;
8.48;-0.5;-0.5;3.61428;1;15;1;;;;;
8.5;-0.5;-0.5;5.98242;1;15;1;;;;;
8.52;-0.5;-0.5;5.292241;1;15;1;;;;;
8.54;-0.5;-0.5;3.049067;1;15;1;;;;;
8.559999;-0.5;-0.5;3.924665;1;15;1;;;;;
8.58;-0.5;-0.5;3.388097;1;15;1;;;;;
8.599999;-0.5;-0.5;5.181988;1;15;1;;;;;
8.62;-0.5;-0.5;2.878896;1;15;1;;;;;
8.639999;-0.5;-0.5;5.179072;1;15;1;;;;;
8.66;-0.5;-0.5;3.549182;1;15;1;;;;;
8.679999;-0.5;-0.5;2.348797;1;15;1;;;;;
8.7;-0.5;-0.5;3.858335;1;15;1;;;;;
8.72;-0.5;-0.5;2.894622;1;15;1;;;;;
8.74;-0.5;-0.5;4.244569;1;15;1;;;;;
8.76;-0.5;-0.5;2.789178;1;15;1;;;;;
8.78;-0.5;-0.5;3.470622;1;15;1;;;;;
8.8;-0.5;-0.5;4.022149;1;15;1;;;;;
8.82;-0.5;-0.5;3.443959;1;15;1;;;;;
8.84;-0.5;-0.5;5.579313;1;15;1;;;;;
8.86;-0.5;-0.5;2.896133;1;15;1;;;;;
8.88;-0.5;-0.5;5.665615;1;15;1;;;;;
8.9;-0.5;-0.5;5.73044;1;15;1;;;;;
8.92;-0.5;-0.5;5.394756;1;15;1;;;;;
8.94;-0.5;-0.5;4.162546;1;15;1;;;;;
8.96;-0.5;-0.5;4.991053;1;15;1;;;;;
8.98;-0.5;-0.5;3.00869;1;15;1;;;;;
9;-0.5;-0.5;2.478481;1;15;1;;;;;
9.02;-0.5;-0.5;4.474046;1;15;1;;;;;
9.04;-0.5;-0.5;4.076973;1;15;1;;;;;
9.059999;-0.5;-0.5;4.191839;1;15;1;;;;;
9.08;-0.5;-0.5;2.419625;1;15;1;;;;;
9.099999;-0.5;-0.5;3.256449;1;15;1;;;;;
9.12;-0.5;-0.5;5.013595;1;15;1;;;;;
9.139999;-0.5;-0.5;2.858407;1;15;1;;;;;
9.16;-0.5;-0.5;2.011211;1;15;1;;;;;
9.179999;-0.5;-0.5;4.933959;1;15;1;;;;;
9.2;-0.5;-0.5;2.417981;1;15;1;;;;;
9.22;-0.5;-0.5;2.253829;1;15;1;;;;;
9.24;-0.5;-0.5;2.525996;1;15;1;;;;;
9.26;-0.5;-0.5;3.083118;1;15;1;;;;;
9.28;-0.5;-0.5;5.064692;1;15;1;;;;;
9.3;-0.5;-0.5;5.421672;1;15;1;;;;;
9.32;-0.5;-0.5;4.568526;1;15;1;;;;;
9.34;-0.5;-0.5;3.901545;1;15;1;;;;;
9.36;-0.5;-0.5;4.672794;1;15;1;;;;;
9.38;-0.5;-0.5;2.744259;1;15;1;;;;;
9.4;-0.5;-0.5;4.825218;1;15;1;;;;;
9.42;-0.5;-0.5;3.277852;1;15;1;;;;;
9.44;-0.5;-0.5;2.940641;1;15;1;;;;;
9.46;-0.5;-0.5;3.405894;1;15;1;;;;;
9.48;-0.5;-0.5;4.275115;1;15;1;;;;;
9.5;-0.5;-0.5;5.901795;1;15;1;;;;;
9.52;-0.5;-0.5;3.391237;1;15;1;;;;;
9.54;-0.5;-0.5;5.533758;1;15;1;;;;;
9.559999;-0.5;-0.5;4.829515;1;15;1;;;;;
9.58;-0.5;-0.5;2.718132;1;15;1;;;;;
9.599999;-0.5;-0.5;2.747132;1;15;1;;;;;
9.62;-0.5;-0.5;3.678419;1;15;1;;;;;
9.639999;-0.5;-0.5;3.052212;1;15;1;;;;;
9.66;-0.5;-0.5;4.223193;1;15;1;;;;;
9.679999;-0.5;-0.5;3.801996;1;15;1;;;;;
9.7;-0.5;-0.5;5.540149;1;15;1;;;;;
9.719999;-0.5;-0.5;2.136202;1;15;1;;;;;
9.74;-0.5;-0.5;3.487031;1;15;1;;;;;
9.76;-0.5;-0.5;5.584498;1;15;1;;;;;
9.78;-0.5;-0.5;5.46457;1;15;1;;;;;
9.8;-0.5;-0.5;4.159293;1;15;1;;;;;
9.82;-0.5;-0.5;5.649984;1;15;1;;;;;
9.84;-0.5;-0.5;4.973891;1;15;1;;;;;
9.86;-0.5;-0.5;4.231863;1;15;1;;;;;
9.88;-0.5;-0.5;3.218848;1;15;1;;;;;
9.9;-0.5;-0.5;5.074484;1;15;1;;;;;
9.92;-0.5;-0.5;4.31922;1;15;1;;;;;
9.94;-0.5;-0.5;3.327165;1;15;1;;;;;
9.96;-0.5;-0.5;2.292978;1;15;1;;;;;
9.98;-0.5;-0.5;4.691686;1;15;1;;;;;
10;-0.5;-0.5;5.45679;1;15;1;;;;;
10.02;-0.5;-0.5;5.462199;1;15;1;;;;;
10.04;-0.5;-0.5;5.63301;1;15;1;;;;;
10.06;-0.5;-0.5;5.062643;1;15;1;;;;;
10.08;-0.5;-0.5;4.856441;1;15;1;;;;;
10.1;-0.5;-0.5;2.605287;1;15;1;;;;;
10.12;-0.5;-0.5;5.666634;1;15;1;;;;;
10.14;-0.5;-0.5;2.465931;1;15;1;;;;;
10.16;-0.5;-0.5;5.406659;1;15;1;;;;;
10.18;-0.5;-0.5;5.468716;1;15;1;;;;;
10.2;-0.5;-0.5;3.809204;1;15;1;;;;;
10.22;-0.5;-0.5;5.186934;1;15;1;;;;;
10.24;-0.5;-0.5;5.720572;1;15;1;;;;;
10.26;-0.5;-0.5;2.142591;1;15;1;;;;;
10.28;-0.5;-0.5;5.108042;1;15;1;;;;;
10.3;-0.5;-0.5;2.376408;1;15;1;;;;;
10.32;-0.5;-0.5;3.61173;1;15;1;;;;;
10.34;-0.5;-0.5;3.311264;1;15;1;;;;;
10.36;-0.5;-0.5;3.894459;1;15;1;;;;;
10.38;-0.5;-0.5;2.842941;1;15;1;;;;;
10.4;-0.5;-0.5;2.730531;1;15;1;;;;;
10.42;-0.5;-0.5;2.78675;1;15;1;;;;;
10.44;-0.5;-0.5;3.457151;1;15;1;;;;;
10.46;-0.5;-0.5;3.091675;1;15;1;;;;;
10.48;-0.5;-0.5;3.773093;1;15;1;;;;;
10.5;-0.5;-0.5;4.145121;1;15;1;;;;;
10.52;-0.5;-0.5;5.83853;1;15;1;;;;;
10.54;-0.5;-0.5;2.181649;1;15;1;;;;;
10.56;-0.5;-0.5;5.441388;1;15;1;;;;;
10.58;-0.5;-0.5;4.029116;1;15;1;;;;;
10.6;-0.5;-0.5;3.646389;1;15;1;;;;;
10.62;-0.5;-0.5;4.279018;1;15;1;;;;;
10.64;-0.5;-0.5;5.808367;1;15;1;;;;;
10.66;-0.5;-0.5;3.509174;1;15;1;;;;;
10.68;-0.5;-0.5;2.640063;1;15;1;;;;;
10.7;-0.5;-0.5;3.401484;1;15;1;;;;;
10.72;-0.5;-0.5;2.253084;1;15;1;;;;;
10.74;-0.5;-0.5;2.630305;1;15;1;;;;;
10.76;-0.5;-0.5;5.618819;1;15;1;;;;;
10.78;-0.5;-0.5;4.380919;1;15;1;;;;;
10.8;-0.5;-0.5;5.712709;1;15;1;;;;;
10.82;-0.5;-0.5;5.286888;1;15;1;;;;;
10.84;-0.5;-0.5;2.12761;1;15;1;;;;;
10.86;-0.5;-0.5;5.550765;1;15;1;;;;;
10.88;-0.5;-0.5;3.218199;1;15;1;;;;;
10.9;-0.5;-0.5;4.559015;1;15;1;;;;;
10.92;-0.5;-0.5;2.179622;1;15;1;;;;;
10.94;-0.5;-0.5;2.17622;1;15;1;;;;;
10.96;-0.5;-0.5;5.816914;1;15;1;;;;;
10.98;-0.5;-0.5;5.341023;1;15;1;;;;;
11;-0.5;-0.5;4.412148;1;15;1;;;;;
11.02;-0.5;-0.5;2.276667;1;15;1;;;;;
11.04;-0.5;-0.5;4.625391;1;15;1;;;;;
11.06;-0.5;-0.5;5.801851;1;15;1;;;;;
11.08;-0.5;-0.5;4.959394;1;15;1;;;;;
11.1;-0.5;-0.5;3.19303;1;15;1;;;;;
11.12;-0.5;-0.5;5.329603;1;15;1;;;;;
11.14;-0.5;-0.5;4.385862;1;15;1;;;;;
11.16;-0.5;-0.5;5.93055;1;15;1;;;;;
11.18;-0.5;-0.5;5.409232;1;15;1;;;;;
11.2;-0.5;-0.5;3.572333;1;15;1;;;;;
11.22;-0.5;-0.5;5.382885;1;15;1;;;;;
11.24;-0.5;-0.5;5.363155;1;15;1;;;;;
11.26;-0.5;-0.5;5.537862;1;15;1;;;;;
11.28;-0.5;-0.5;3.471935;1;15;1;;;;;
11.3;-0.5;-0.5;4.911099;1;15;1;;;;;
11.32;-0.5;-0.5;5.479941;1;15;1;;;;;
11.34;-0.5;-0.5;5.93402;1;15;1;;;;;
11.36;-0.5;-0.5;3.324827;1;15;1;;;;;
11.38;-0.5;-0.5;3.38311;1;15;1;;;;;
11.4;-0.5;-0.5;5.154767;1;15;1;;;;;
11.42;-0.5;-0.5;3.761139;1;15;1;;;;;
11.44;-0.5;-0.5;5.708962;1;15;1;;;;;
11.46;-0.5;-0.5;5.290317;1;15;1;;;;;
11.48;-0.5;-0.5;2.973774;1;15;1;;;;;
11.5;-0.5;-0.5;5.90104;1;15;1;;;;;
11.52;-0.5;-0.5;4.901777;1;15;1;;;;;
11.54;-0.5;-0.5;4.586087;1;15;1;;;;;
11.56;-0.5;-0.5;5.125306;1;15;1;;;;;
11.58;-0.5;-0.5;4.626851;1;15;1;;;;;
11.6;-0.5;-0.5;2.277825;1;15;1;;;;;
11.62;-0.5;-0.5;4.208311;1;15;1;;;;;
11.64;-0.5;-0.5;2.692364;1;15;1;;;;;
11.66;-0.5;-0.5;4.938799;1;15;1;;;;;
11.68;-0.5;-0.5;3.900191;1;15;1;;;;;
11.7;-0.5;-0.5;4.040771;1;15;1;;;;;
11.72;-0.5;-0.5;5.638098;1;15;1;;;;;
11.74;-0.5;-0.5;5.799485;1;15;1;;;;;
11.76;-0.5;-0.5;5.75109;1;15;1;;;;;
11.78;-0.5;-0.5;4.132686;1;15;1;;;;;
11.8;-0.5;-0.5;4.95768;1;15;1;;;;;
11.82;-0.5;-0.5;3.176105;1;15;1;;;;;
11.84;-0.5;-0.5;3.963639;1;15;1;;;;;
11.86;-0.5;-0.5;4.305969;1;15;1;;;;;
11.88;-0.5;-0.5;3.955172;1;15;1;;;;;
11.9;-0.5;-0.5;4.171164;1;15;1;;;;;
11.92;-0.5;-0.5;5.82191;1;15;1;;;;;
11.94;-0.5;-0.5;2.079161;1;15;1;;;;;
11.96;-0.5;-0.5;2.133354;1;15;1;;;;;
11.98;-0.5;-0.5;2.622387;1;15;1;;;;;
12;-0.5;-0.5;2.563991;1;15;1;;;;;
12.02;-0.5;-0.5;5.269935;1;15;1;;;;;
12.04;-0.5;-0.5;5.987977;1;15;1;;;;;
12.06;-0.5;-0.5;2.136622;1;15;1;;;;;
12.08;-0.5;-0.5;4.951311;1;15;1;;;;;
12.1;-0.5;-0.5;3.325806;1;15;1;;;;;
12.12;-0.5;-0.5;4.024441;1;15;1;;;;;
12.14;-0.5;-0.5;2.70802;1;15;1;;;;;
12.16;-0.5;-0.5;4.420049;1;15;1;;;;;
12.18;-0.5;-0.5;4.518071;1;15;1;;;;;
12.2;-0.5;-0.5;3.726375;1;15;1;;;;;
12.22;-0.5;-0.5;3.121559;1;15;1;;;;;
12.24;-0.5;-0.5;5.460558;1;15;1;;;;;
12.26;-0.5;-0.5;4.587788;1;15;1;;;;;
12.28;-0.5;-0.5;3.122216;1;15;1;;;;;
12.3;-0.5;-0.5;4.620569;1;15;1;;;;;
12.32;-0.5;-0.5;3.889251;1;15;1;;;;;
12.34;-0.5;-0.5;3.576621;1;15;1;;;;;
12.36;-0.5;-0.5;5.912676;1;15;1;;;;;
12.38;-0.5;-0.5;2.153791;1;15;1;;;;;
12.4;-0.5;-0.5;2.014691;1;15;1;;;;;
12.42;-0.5;-0.5;4.355845;1;15;1;;;;;
12.44;-0.5;-0.5;3.374824;1;15;1;;;;;
12.46;-0.5;-0.5;4.856233;1;15;1;;;;;
12.48;-0.5;-0.5;3.050694;1;15;1;;;;;
12.5;-0.5;-0.5;5.227231;1;15;1;;;;;
12.52;-0.5;-0.5;4.794071;1;15;1;;;;;
12.54;-0.5;-0.5;2.638774;1;15;1;;;;;
12.56;-0.5;-0.5;4.515612;1;15;1;;;;;
12.58;-0.5;-0.5;4.78704;1;15;1;;;;;
12.6;-0.5;-0.5;5.934968;1;15;1;;;;;
12.62;-0.5;-0.5;3.225091;1;15;1;;;;;
12.64;-0.5;-0.5;3.856743;1;15;1;;;;;
12.66;-0.5;-0.5;3.587609;1;15;1;;;;;
12.68;-0.5;-0.5;5.64567;1;15;1;;;;;
12.7;-0.5;-0.5;3.324785;1;15;1;;;;;
12.72;-0.5;-0.5;3.296573;1;15;1;;;;;
12.74;-0.5;-0.5;4.400522;1;15;1;;;;;
12.76;-0.5;-0.5;3.031911;1;15;1;;;;;
12.78;-0.5;-0.5;4.132072;1;15;1;;;;;
12.8;-0.5;-0.5;5.837318;1;15;1;;;;;
12.82;-0.5;-0.5;5.506224;1;15;1;;;;;
12.84;-0.5;-0.5;2.992611;1;15;1;;;;;
12.86;-0.5;-0.5;5.208885;1;15;1;;;;;
12.88;-0.5;-0.5;5.010043;1;15;1;;;;;
12.9;-0.5;-0.5;5.906483;1;15;1;;;;;
12.92;-0.5;-0.5;4.473577;1;15;1;;;;;
12.94;-0.5;-0.5;3.014294;1;15;1;;;;;
12.96;-0.5;-0.5;5.672426;1;15;1;;;;;
12.98;-0.5;-0.5;4.623721;1;15;1;;;;;
13;-0.5;-0.5;3.405547;1;15;1;;;;;
13.02;-0.5;-0.5;4.529922;1;15;1;;;;;
13.04;-0.5;-0.5;3.943924;1;15;1;;;;;
13.06;-0.5;-0.5;3.661292;1;15;1;;;;;
13.08;-0.5;-0.5;2.715672;1;15;1;;;;;
13.1;-0.5;-0.5;2.398213;1;15;1;;;;;
13.12;-0.5;-0.5;3.22727;1;15;1;;;;;
13.14;-0.5;-0.5;4.853298;1;15;1;;;;;
13.16;-0.5;-0.5;4.106131;1;15;1;;;;;
13.18;-0.5;-0.5;5.648751;1;15;1;;;;;
13.2;-0.5;-0.5;4.388867;1;15;1;;;;;
13.22;-0.5;-0.5;4.425499;1;15;1;;;;;
13.24;-0.5;-0.5;3.765954;1;15;1;;;;;
13.26;-0.5;-0.5;5.743203;1;15;1;;;;;
13.28;-0.5;-0.5;2.050913;1;15;1;;;;;
13.3;-0.5;-0.5;5.297382;1;15;1;;;;;
13.32;-0.5;-0.5;4.879279;1;15;1;;;;;
13.34;-0.5;-0.5;3.874507;1;15;1;;;;;
13.36;-0.5;-0.5;4.91502;1;15;1;;;;;
13.38;-0.5;-0.5;5.511926;1;15;1;;;;;
13.4;-0.5;-0.5;4.347206;1;15;1;;;;;
13.42;-0.5;-0.5;4.413713;1;15;1;;;;;
13.44;-0.5;-0.5;5.841003;1;15;1;;;;;
13.46;-0.5;-0.5;5.377766;1;15;1;;;;;
13.48;-0.5;-0.5;5.221459;1;15;1;;;;;
13.5;-0.5;-0.5;5.71931;1;15;1;;;;;
13.52;-0.5;-0.5;3.974972;1;15;1;;;;;
13.54;-0.5;-0.5;5.567184;1;15;1;;;;;
13.56;-0.5;-0.5;5.453238;1;15;1;;;;;
13.58;-0.5;-0.5;4.624336;1;15;1;;;;;
13.6;-0.5;-0.5;2.51943;1;15;1;;;;;
13.62;-0.5;-0.5;5.502584;1;15;1;;;;;
13.64;-0.5;-0.5;3.621203;1;15;1;;;;;
13.66;-0.5;-0.5;3.983432;1;15;1;;;;;
13.68;-0.5;-0.5;3.824575;1;15;1;;;;;
13.7;-0.5;-0.5;2.172279;1;15;1;;;;;
13.72;-0.5;-0.5;3.045921;1;15;1;;;;;
13.74;-0.5;-0.5;2.903721;1;15;1;;;;;
13.76;-0.5;-0.5;3.308395;1;15;1;;;;;
13.78;-0.5;-0.5;2.134253;1;15;1;;;;;
13.8;-0.5;-0.5;3.072091;1;15;1;;;;;
13.82;-0.5;-0.5;4.675878;1;15;1;;;;;
13.84;-0.5;-0.5;4.93072;1;15;1;;;;;
13.86;-0.5;-0.5;4.872686;1;15;1;;;;;
13.88;-0.5;-0.5;4.120949;1;15;1;;;;;
13.9;-0.5;-0.5;3.080651;1;15;1;;;;;
13.92;-0.5;-0.5;3.15111;1;15;1;;;;;
13.94;-0.5;-0.5;2.211157;1;15;1;;;;;
13.96;-0.5;-0.5;3.867083;1;15;1;;;;;
13.98;-0.5;-0.5;2.58819;1;15;1;;;;;
14;-0.5;-0.5;3.056153;1;15;1;;;;;
14.02;-0.5;-0.5;4.867273;1;15;1;;;;;
14.04;-0.5;-0.5;2.80167;1;15;1;;;;;
14.06;-0.5;-0.5;2.274262;1;15;1;;;;;
14.08;-0.5;-0.5;5.692553;1;15;1;;;;;
14.1;-0.5;-0.5;4.884571;1;15;1;;;;;
14.12;-0.5;-0.5;2.981615;1;15;1;;;;;
14.14;-0.5;-0.5;4.917704;1;15;1;;;;;
14.16;-0.5;-0.5;4.193945;1;15;1;;;;;
14.18;-0.5;-0.5;2.838321;1;15;1;;;;;
14.2;-0.5;-0.5;5.66437;1;15;1;;;;;
14.22;-0.5;-0.5;4.254362;1;15;1;;;;;
14.24;-0.5;-0.5;2.618166;1;15;1;;;;;
14.26;-0.5;-0.5;4.62613;1;15;1;;;;;
14.28;-0.5;-0.5;3.531184;1;15;1;;;;;
14.3;-0.5;-0.5;2.431261;1;15;1;;;;;
14.32;-0.5;-0.5;2.712229;1;15;1;;;;;
14.34;-0.5;-0.5;5.788877;1;15;1;;;;;
14.36;-0.5;-0.5;2.789498;1;15;1;;;;;
14.38;-0.5;-0.5;2.58762;1;15;1;;;;;
14.4;-0.5;-0.5;5.014349;1;15;1;;;;;
14.42;-0.5;-0.5;5.349572;1;15;1;;;;;
14.44;-0.5;-0.5;5.430214;1;15;1;;;;;
14.46;-0.5;-0.5;4.54267;1;15;1;;;;;
14.48;-0.5;-0.5;5.713567;1;15;1;;;;;
14.5;-0.5;-0.5;4.731028;1;15;1;;;;;
14.52;-0.5;-0.5;5.662849;1;15;1;;;;;
14.54;-0.5;-0.5;3.452321;1;15;1;;;;;
14.56;-0.5;-0.5;4.805868;1;15;1;;;;;
14.58;-0.5;-0.5;4.125012;1;15;1;;;;;
14.6;-0.5;-0.5;3.985664;1;15;1;;;;;
14.62;-0.5;-0.5;2.364526;1;15;1;;;;;
14.64;-0.5;-0.5;2.454562;1;15;1;;;;;
14.66;-0.5;-0.5;5.881043;1;15;1;;;;;
14.68;-0.5;-0.5;5.664321;1;15;1;;;;;
14.7;-0.5;-0.5;3.502615;1;15;1;;;;;
14.72;-0.5;-0.5;2.605264;1;15;1;;;;;
14.74;-0.5;-0.5;4.594113;1;15;1;;;;;
14.76;-0.5;-0.5;5.202934;1;15;1;;;;;
14.78;-0.5;-0.5;3.896819;1;15;1;;;;;
14.8;-0.5;-0.5;4.589768;1;15;1;;;;;
14.82;-0.5;-0.5;4.243476;1;15;1;;;;;
14.84;-0.5;-0.5;2.994707;1;15;1;;;;;
14.86;-0.5;-0.5;4.970144;1;15;1;;;;;
14.88;-0.5;-0.5;2.259593;1;15;1;;;;;
14.9;-0.5;-0.5;2.714207;1;15;1;;;;;
14.92;-0.5;-0.5;4.480826;1;15;1;;;;;
14.94;-0.5;-0.5;2.290592;1;15;1;;;;;
14.96;-0.5;-0.5;4.028957;1;15;1;;;;;
14.98;-0.5;-0.5;2.855294;1;15;1;;;;;
15;-0.5;-0.5;3.447152;1;15;1;;;;;
15.02;-0.5;-0.5;3.698739;1;15;1;;;;;
15.04;-0.5;-0.5;2.916342;1;15;1;;;;;
15.06;-0.5;-0.5;4.758006;1;15;1;;;;;
15.08;-0.5;-0.5;3.818476;1;15;1;;;;;
15.1;-0.5;-0.5;4.033008;1;15;1;;;;;
15.12;-0.5;-0.5;2.424516;1;15;1;;;;;
15.14;-0.5;-0.5;5.378949;1;15;1;;;;;
15.16;-0.5;-0.5;3.213825;1;15;1;;;;;
15.18;-0.5;-0.5;4.318296;1;15;1;;;;;
15.2;-0.5;-0.5;3.274845;1;15;1;;;;;
15.22;-0.5;-0.5;5.414325;1;15;1;;;;;
15.24;-0.5;-0.5;2.32452;1;15;1;;;;;
15.26;-0.5;-0.5;2.24278;1;15;1;;;;;
15.28;-0.5;-0.5;4.314401;1;15;1;;;;;
15.3;-0.5;-0.5;4.660858;1;15;1;;;;;
15.32;-0.5;-0.5;3.798805;1;15;1;;;;;
15.34;-0.5;-0.5;2.882217;1;15;1;;;;;
15.36;-0.5;-0.5;3.804283;1;15;1;;;;;
15.38;-0.5;-0.5;2.651383;1;15;1;;;;;
15.4;-0.5;-0.5;4.992278;1;15;1;;;;;
15.42;-0.5;-0.5;4.395012;1;15;1;;;;;
15.44;-0.5;-0.5;4.625739;1;15;1;;;;;
15.46;-0.5;-0.5;3.873854;1;15;1;;;;;
15.48;-0.5;-0.5;5.808543;1;15;1;;;;;
15.5;-0.5;-0.5;3.313468;1;15;1;;;;;
15.52;-0.5;-0.5;4.422759;1;15;1;;;;;
15.54;-0.5;-0.5;4.059963;1;15;1;;;;;
15.56;-0.5;-0.5;2.729022;1;15;1;;;;;
15.58;-0.5;-0.5;5.924159;1;15;1;;;;;
15.6;-0.5;-0.5;4.617368;1;15;1;;;;;
15.62;-0.5;-0.5;4.779704;1;15;1;;;;;
15.64;-0.5;-0.5;5.399362;1;15;1;;;;;
15.66;-0.5;-0.5;5.469347;1;15;1;;;;;
15.68;-0.5;-0.5;5.968025;1;15;1;;;;;
15.7;-0.5;-0.5;3.138059;1;15;1;;;;;
15.72;-0.5;-0.5;3.146362;1;15;1;;;;;
15.74;-0.5;-0.5;5.307981;1;15;1;;;;;
15.76;-0.5;-0.5;5.184025;1;15;1;;;;;
15.78;-0.5;-0.5;2.95004;1;15;1;;;;;
15.8;-0.5;-0.5;4.906279;1;15;1;;;;;
15.82;-0.5;-0.5;3.11313;1;15;1;;;;;
15.84;-0.5;-0.5;3.962989;1;15;1;;;;;
15.86;-0.5;-0.5;2.583407;1;15;1;;;;;
15.88;-0.5;-0.5;4.168471;1;15;1;;;;;
15.9;-0.5;-0.5;2.030031;1;15;1;;;;;
15.92;-0.5;-0.5;3.97425;1;15;1;;;;;
15.94;-0.5;-0.5;2.924485;1;15;1;;;;;
15.96;-0.5;-0.5;3.862483;1;15;1;;;;;
15.98;-0.5;-0.5;4.827385;1;15;1;;;;;
16;-0.5;-0.5;3.878011;1;15;1;;;;;
16.02;-0.5;-0.5;4.654962;1;15;1;;;;;
16.04;-0.5;-0.5;4.857851;1;15;1;;;;;
16.06;-0.5;-0.5;5.985009;1;15;1;;;;;
16.08;-0.5;-0.5;3.846941;1;15;1;;;;;
16.1;-0.5;-0.5;2.176738;1;15;1;;;;;
16.12;-0.5;-0.5;5.713959;1;15;1;;;;;
16.14;-0.5;-0.5;2.732731;1;15;1;;;;;
16.16;-0.5;-0.5;4.941085;1;15;1;;;;;
16.18;-0.5;-0.5;2.073165;1;15;1;;;;;
16.2;-0.5;-0.5;2.034929;1;15;1;;;;;
16.22;-0.5;-0.5;2.064198;1;15;1;;;;;
16.24;-0.5;-0.5;2.304418;1;15;1;;;;;
16.26;-0.5;-0.5;3.058117;1;15;1;;;;;
16.28;-0.5;-0.5;3.346015;1;15;1;;;;;
16.3;-0.5;-0.5;5.097097;1;15;1;;;;;
16.32;-0.5;-0.5;2.248378;1;15;1;;;;;
16.34;-0.5;-0.5;4.261557;1;15;1;;;;;
16.36;-0.5;-0.5;2.678027;1;15;1;;;;;
16.38;-0.5;-0.5;2.26475;1;15;1;;;;;
16.4;-0.5;-0.5;5.650401;1;15;1;;;;;
16.42;-0.5;-0.5;2.775287;1;15;1;;;;;
16.44;-0.5;-0.5;2.241858;1;15;1;;;;;
16.46;-0.5;-0.5;3.826322;1;15;1;;;;;
16.48;-0.5;-0.5;3.198371;1;15;1;;;;;
16.5;-0.5;-0.5;4.213618;1;15;1;;;;;
16.52;-0.5;-0.5;5.684881;1;15;1;;;;;
16.54;-0.5;-0.5;2.033216;1;15;1;;;;;
16.56;-0.5;-0.5;4.080817;1;15;1;;;;;
16.58;-0.5;-0.5;4.643303;1;15;1;;;;;
16.6;-0.5;-0.5;2.448694;1;15;1;;;;;
16.62;-0.5;-0.5;3.894445;1;15;1;;;;;
16.64;-0.5;-0.5;4.322411;1;15;1;;;;;
16.66;-0.5;-0.5;4.85918;1;15;1;;;;;
16.68;-0.5;-0.5;5.514122;1;15;1;;;;;
16.7;-0.5;-0.5;2.153166;1;15;1;;;;;
16.72;-0.5;-0.5;3.159239;1;15;1;;;;;
16.74;-0.5;-0.5;3.932932;1;15;1;;;;;
16.76;-0.5;-0.5;3.853953;1;15;1;;;;;
16.78;-0.5;-0.5;2.934608;1;15;1;;;;;
16.8;-0.5;-0.5;5.176816;1;15;1;;;;;
16.82;-0.5;-0.5;2.416338;1;15;1;;;;;
16.84;-0.5;-0.5;4.853136;1;15;1;;;;;
16.86;-0.5;-0.5;4.809574;1;15;1;;;;;
16.88;-0.5;-0.5;5.444276;1;15;1;;;;;
16.9;-0.5;-0.5;5.005806;1;15;1;;;;;
16.92;-0.5;-0.5;5.306789;1;15;1;;;;;
16.94;-0.5;-0.5;3.253923;1;15;1;;;;;
16.96;-0.5;-0.5;4.522569;1;15;1;;;;;
16.98;-0.5;-0.5;2.407429;1;15;1;;;;;
17;-0.5;-0.5;4.203178;1;15;1;;;;;
17.02;-0.5;-0.5;3.600795;1;15;1;;;;;
17.04;-0.5;-0.5;2.007674;1;15;1;;;;;
17.06;-0.5;-0.5;3.408989;1;15;1;;;;;
17.08;-0.5;-0.5;4.570431;1;15;1;;;;;
17.1;-0.5;-0.5;2.612278;1;15;1;;;;;
17.12;-0.5;-0.5;3.373259;1;15;1;;;;;
17.14;-0.5;-0.5;4.891597;1;15;1;;;;;
17.16;-0.5;-0.5;5.417664;1;15;1;;;;;
17.18;-0.5;-0.5;3.285432;1;15;1;;;;;
17.2;-0.5;-0.5;2.26547;1;15;1;;;;;
17.22;-0.5;-0.5;5.261283;1;15;1;;;;;
17.24;-0.5;-0.5;4.829489;1;15;1;;;;;
17.26;-0.5;-0.5;4.756632;1;15;1;;;;;
17.28;-0.5;-0.5;2.138889;1;15;1;;;;;
17.3;-0.5;-0.5;2.855229;1;15;1;;;;;
17.32;-0.5;-0.5;5.56413;1;15;1;;;;;
17.34;-0.5;-0.5;2.300345;1;15;1;;;;;
17.36;-0.5;-0.5;5.611625;1;15;1;;;;;
17.38;-0.5;-0.5;5.164474;1;15;1;;;;;
17.4;-0.5;-0.5;2.462715;1;15;1;;;;;
17.42;-0.5;-0.5;5.831674;1;15;1;;;;;
17.44;-0.5;-0.5;2.160834;1;15;1;;;;;
17.46;-0.5;-0.5;3.587888;1;15;1;;;;;
17.48;-0.5;-0.5;5.097079;1;15;1;;;;;
17.5;-0.5;-0.5;2.899934;1;15;1;;;;;
17.52;-0.5;-0.5;5.04897;1;15;1;;;;;
17.54;-0.5;-0.5;4.312111;1;15;1;;;;;
17.56;-0.5;-0.5;2.306674;1;15;1;;;;;
17.58;-0.5;-0.5;4.590292;1;15;1;;;;;
17.6;-0.5;-0.5;3.236791;1;15;1;;;;;
17.62;-0.5;-0.5;5.424155;1;15;1;;;;;
17.64;-0.5;-0.5;2.059645;1;15;1;;;;;
17.66;-0.5;-0.5;5.524531;1;15;1;;;;;
17.68;-0.5;-0.5;4.885886;1;15;1;;;;;
17.7;-0.5;-0.5;2.856669;1;15;1;;;;;
17.72;-0.5;-0.5;3.199795;1;15;1;;;;;
17.74;-0.5;-0.5;4.47272;1;15;1;;;;;
17.76;-0.5;-0.5;3.535298;1;15;1;;;;;
17.78;-0.5;-0.5;3.957344;1;15;1;;;;;
17.8;-0.5;-0.5;4.599642;1;15;1;;;;;
17.82;-0.5;-0.5;4.847962;1;15;1;;;;;
17.84;-0.5;-0.5;2.817889;1;15;1;;;;;
17.86;-0.5;-0.5;3.390532;1;15;1;;;;;
17.88;-0.5;-0.5;3.507428;1;15;1;;;;;
17.9;-0.5;-0.5;2.652435;1;15;1;;;;;
17.92;-0.5;-0.5;4.691048;1;15;1;;;;;
17.94;-0.5;-0.5;3.610101;1;15;1;;;;;
17.96;-0.5;-0.5;4.718186;1;15;1;;;;;
17.98;-0.5;-0.5;5.039575;1;15;1;;;;;
18;-0.5;-0.5;2.364877;1;15;1;;;;;
18.02;-0.5;-0.5;3.713725;1;15;1;;;;;
18.04;-0.5;-0.5;3.392512;1;15;1;;;;;
18.06;-0.5;-0.5;3.045112;1;15;1;;;;;
18.08;-0.5;-0.5;2.893031;1;15;1;;;;;
18.1;-0.5;-0.5;4.199737;1;15;1;;;;;
18.12;-0.5;-0.5;2.543974;1;15;1;;;;;
18.14;-0.5;-0.5;2.71808;1;15;1;;;;;
18.16;-0.5;-0.5;2.690504;1;15;1;;;;;
18.18;-0.5;-0.5;4.658051;1;15;1;;;;;
18.2;-0.5;-0.5;5.480159;1;15;1;;;;;
18.22;-0.5;-0.5;3.830223;1;15;1;;;;;
18.24;-0.5;-0.5;3.079672;1;15;1;;;;;
18.26;-0.5;-0.5;3.423076;1;15;1;;;;;
18.28;-0.5;-0.5;5.078631;1;15;1;;;;;
18.3;-0.5;-0.5;2.135679;1;15;1;;;;;
18.32;-0.5;-0.5;4.022371;1;15;1;;;;;
18.34;-0.5;-0.5;4.024767;1;15;1;;;;;
18.36;-0.5;-0.5;3.752835;1;15;1;;;;;
18.38;-0.5;-0.5;5.623932;1;15;1;;;;;
18.4;-0.5;-0.5;2.582741;1;15;1;;;;;
18.42;-0.5;-0.5;4.956987;1;15;1;;;;;
18.44;-0.5;-0.5;3.408602;1;15;1;;;;;
18.46;-0.5;-0.5;3.475601;1;15;1;;;;;
18.48;-0.5;-0.5;5.757918;1;15;1;;;;;
18.5;-0.5;-0.5;4.269904;1;15;1;;;;;
18.52;-0.5;-0.5;4.295742;1;15;1;;;;;
18.54;-0.5;-0.5;5.854049;1;15;1;;;;;
18.56;-0.5;-0.5;5.293505;1;15;1;;;;;
18.58;-0.5;-0.5;5.465045;1;15;1;;;;;
18.6;-0.5;-0.5;2.210058;1;15;1;;;;;
18.62;-0.5;-0.5;4.038921;1;15;1;;;;;
18.64;-0.5;-0.5;2.729413;1;15;1;;;;;
18.66;-0.5;-0.5;3.499532;1;15;1;;;;;
18.68;-0.5;-0.5;4.630534;1;15;1;;;;;
18.7;-0.5;-0.5;2.585643;1;15;1;;;;;
18.72;-0.5;-0.5;2.452183;1;15;1;;;;;
18.74;-0.5;-0.5;3.01509;1;15;1;;;;;
18.76;-0.5;-0.5;4.339168;1;15;1;;;;;
18.78;-0.5;-0.5;2.848637;1;15;1;;;;;
18.8;-0.5;-0.5;2.088969;1;15;1;;;;;
18.82;-0.5;-0.5;4.378625;1;15;1;;;;;
18.84;-0.5;-0.5;2.733643;1;15;1;;;;;
18.86;-0.5;-0.5;4.556087;1;15;1;;;;;
18.88;-0.5;-0.5;3.829416;1;15;1;;;;;
18.9;-0.5;-0.5;5.765182;1;15;1;;;;;
18.92;-0.5;-0.5;5.332276;1;15;1;;;;;
18.94;-0.5;-0.5;4.631545;1;15;1;;;;;
18.96;-0.5;-0.5;2.006167;1;15;1;;;;;
18.98;-0.5;-0.5;2.720539;1;15;1;;;;;
19;-0.5;-0.5;3.726165;1;15;1;;;;;
19.02;-0.5;-0.5;3.528052;1;15;1;;;;;
19.04;-0.5;-0.5;2.758158;1;15;1;;;;;
19.06;-0.5;-0.5;5.763613;1;15;1;;;;;
19.08;-0.5;-0.5;3.884906;1;15;1;;;;;
19.1;-0.5;-0.5;5.766621;1;15;1;;;;;
19.12;-0.5;-0.5;4.892345;1;15;1;;;;;
19.14;-0.5;-0.5;4.748774;1;15;1;;;;;
19.16;-0.5;-0.5;3.472145;1;15;1;;;;;
19.18;-0.5;-0.5;5.008774;1;15;1;;;;;
19.2;-0.5;-0.5;2.537999;1;15;1;;;;;
19.22;-0.5;-0.5;3.876255;1;15;1;;;;;
19.24;-0.5;-0.5;2.745762;1;15;1;;;;;
19.26;-0.5;-0.5;3.004688;1;15;1;;;;;
19.28;-0.5;-0.5;4.707636;1;15;1;;;;;
19.3;-0.5;-0.5;3.790336;1;15;1;;;;;
19.32;-0.5;-0.5;2.344129;1;15;1;;;;;
19.34;-0.5;-0.5;4.212796;1;15;1;;;;;
19.36;-0.5;-0.5;5.49435;1;15;1;;;;;
19.38;-0.5;-0.5;3.702109;1;15;1;;;;;
19.4;-0.5;-0.5;5.373304;1;15;1;;;;;
19.42;-0.5;-0.5;4.573878;1;15;1;;;;;
19.44;-0.5;-0.5;5.167746;1;15;1;;;;;
19.46;-0.5;-0.5;4.171447;1;15;1;;;;;
19.48;-0.5;-0.5;3.362474;1;15;1;;;;;
19.5;-0.5;-0.5;2.08804;1;15;1;;;;;
19.52;-0.5;-0.5;3.290666;1;15;1;;;;;
19.54;-0.5;-0.5;3.196107;1;15;1;;;;;
19.56;-0.5;-0.5;2.44407;1;15;1;;;;;
19.58;-0.5;-0.5;2.993329;1;15;1;;;;;
19.6;-0.5;-0.5;2.154387;1;15;1;;;;;
19.62;-0.5;-0.5;5.090413;1;15;1;;;;;
19.64;-0.5;-0.5;2.755272;1;15;1;;;;;
19.66;-0.5;-0.5;4.994852;1;15;1;;;;;
19.68;-0.5;-0.5;4.651548;1;15;1;;;;;
19.7;-0.5;-0.5;3.796645;1;15;1;;;;;
19.72;-0.5;-0.5;4.968758;1;15;1;;;;;
19.74;-0.5;-0.5;3.12063;1;15;1;;;;;
19.76;-0.5;-0.5;3.387364;1;15;1;;;;;
19.78;-0.5;-0.5;5.168995;1;15;1;;;;;
19.8;-0.5;-0.5;4.588066;1;15;1;;;;;
19.82;-0.5;-0.5;4.804624;1;15;1;;;;;
19.84;-0.5;-0.5;4.446445;1;15;1;;;;;
19.86;-0.5;-0.5;3.492244;1;15;1;;;;;
19.88;-0.5;-0.5;5.6709;1;15;1;;;;;
19.9;-0.5;-0.5;3.905193;1;15;1;;;;;
19.92;-0.5;-0.5;4.836095;1;15;1;;;;;
19.94;-0.5;-0.5;3.450998;1;15;1;;;;;
19.96;-0.5;-0.5;5.316745;1;15;1;;;;;
19.98;-0.5;-0.5;2.080527;1;15;1;;;;;
20;-0.5;-0.5;2.72392;1;15;1;;;;;
20.02;-0.5;-0.5;5.108761;1;15;1;;;;;
20.04;-0.5;-0.5;4.837868;1;15;1;;;;;
20.06;-0.5;-0.5;2.653012;1;15;1;;;;;
20.08;-0.5;-0.5;4.244245;1;15;1;;;;;
20.1;-0.5;-0.5;4.171284;1;15;1;;;;;
20.12;-0.5;-0.5;5.801102;1;15;1;;;;;
20.14;-0.5;-0.5;5.476102;1;15;1;;;;;
20.16;-0.5;-0.5;3.563849;1;15;1;;;;;
20.18;-0.5;-0.5;5.932603;1;15;1;;;;;
20.2;-0.5;-0.5;4.577085;1;15;1;;;;;
20.22;-0.5;-0.5;2.274249;1;15;1;;;;;
20.24;-0.5;-0.5;4.194201;1;15;1;;;;;
20.26;-0.5;-0.5;4.382601;1;15;1;;;;;
20.28;-0.5;-0.5;4.583038;1;15;1;;;;;
20.3;-0.5;-0.5;2.159273;1;15;1;;;;;
20.32;-0.5;-0.5;4.911817;1;15;1;;;;;
20.34;-0.5;-0.5;2.299339;1;15;1;;;;;
20.36;-0.5;-0.5;2.62871;1;15;1;;;;;
20.38;-0.5;-0.5;5.235881;1;15;1;;;;;
20.4;-0.5;-0.5;3.619183;1;15;1;;;;;
20.42;-0.5;-0.5;4.87487;1;15;1;;;;;
20.44;-0.5;-0.5;4.734161;1;15;1;;;;;
20.46;-0.5;-0.5;3.533715;1;15;1;;;;;
20.48;-0.5;-0.5;2.890184;1;15;1;;;;;
20.5;-0.5;-0.5;4.522888;1;15;1;;;;;
20.52;-0.5;-0.5;4.890892;1;15;1;;;;;
20.54;-0.5;-0.5;2.948759;1;15;1;;;;;
20.56;-0.5;-0.5;5.799869;1;15;1;;;;;
20.58;-0.5;-0.5;3.913104;1;15;1;;;;;
20.6;-0.5;-0.5;5.088496;1;15;1;;;;;
20.62;-0.5;-0.5;5.799239;1;15;1;;;;;
20.64;-0.5;-0.5;4.530678;1;15;1;;;;;
20.66;-0.5;-0.5;2.891376;1;15;1;;;;;
20.68;-0.5;-0.5;2.640027;1;15;1;;;;;
20.7;-0.5;-0.5;3.296511;1;15;1;;;;;
20.72;-0.5;-0.5;3.846925;1;15;1;;;;;
20.74;-0.5;-0.5;2.552123;1;15;1;;;;;
20.76;-0.5;-0.5;4.928833;1;15;1;;;;;
20.78;-0.5;-0.5;5.730001;1;15;1;;;;;
20.8;-0.5;-0.5;2.624944;1;15;1;;;;;
20.82;-0.5;-0.5;5.399064;1;15;1;;;;;
20.84;-0.5;-0.5;3.522972;1;15;1;;;;;
20.86;-0.5;-0.5;4.249084;1;15;1;;;;;
20.88;-0.5;-0.5;3.368513;1;15;1;;;;;
20.9;-0.5;-0.5;4.249514;1;15;1;;;;;
20.92;-0.5;-0.5;5.806314;1;15;1;;;;;
20.94;-0.5;-0.5;2.65268;1;15;1;;;;;
20.96;-0.5;-0.5;4.469983;1;15;1;;;;;
20.98;-0.5;-0.5;5.271251;1;15;1;;;;;
21;-0.5;-0.5;2.104417;1;15;1;;;;;
21.02;-0.5;-0.5;3.133009;1;15;1;;;;;
21.04;-0.5;-0.5;4.266156;1;15;1;;;;;
21.06;-0.5;-0.5;3.123058;1;15;1;;;;;
21.08;-0.5;-0.5;2.190958;1;15;1;;;;;
21.1;-0.5;-0.5;4.69701;1;15;1;;;;;
21.12;-0.5;-0.5;5.54677;1;15;1;;;;;
21.14;-0.5;-0.5;5.604943;1;15;1;;;;;
21.16;-0.5;-0.5;5.438645;1;15;1;;;;;
21.18;-0.5;-0.5;4.023854;1;15;1;;;;;
21.2;-0.5;-0.5;4.080356;1;15;1;;;;;
21.22;-0.5;-0.5;3.665141;1;15;1;;;;;
21.24;-0.5;-0.5;3.174789;1;15;1;;;;;
21.26;-0.5;-0.5;3.765083;1;15;1;;;;;
21.28;-0.5;-0.5;5.412843;1;15;1;;;;;
21.3;-0.5;-0.5;5.29297;1;15;1;;;;;
21.32;-0.5;-0.5;4.429781;1;15;1;;;;;
21.34;-0.5;-0.5;3.281289;1;15;1;;;;;
21.36;-0.5;-0.5;2.359924;1;15;1;;;;;
21.38;-0.5;-0.5;5.234681;1;15;1;;;;;
21.4;-0.5;-0.5;4.223032;1;15;1;;;;;
21.42;-0.5;-0.5;3.60242;1;15;1;;;;;
21.44;-0.5;-0.5;3.976567;1;15;1;;;;;
21.46;-0.5;-0.5;5.477392;1;15;1;;;;;
21.48;-0.5;-0.5;4.791039;1;15;1;;;;;
21.5;-0.5;-0.5;5.49915;1;15;1;;;;;
21.52;-0.5;-0.5;5.300044;1;15;1;;;;;
21.54;-0.5;-0.5;5.085836;1;15;1;;;;;
21.56;-0.5;-0.5;2.396643;1;15;1;;;;;
21.58;-0.5;-0.5;5.908395;1;15;1;;;;;
21.6;-0.5;-0.5;2.35499;1;15;1;;;;;
21.62;-0.5;-0.5;4.824615;1;15;1;;;;;
21.64;-0.5;-0.5;3.612547;1;15;1;;;;;
21.66;-0.5;-0.5;5.947729;1;15;1;;;;;
21.68;-0.5;-0.5;3.786923;1;15;1;;;;;
21.7;-0.5;-0.5;5.801919;1;15;1;;;;;
21.72;-0.5;-0.5;3.128857;1;15;1;;;;;
21.74;-0.5;-0.5;2.150902;1;15;1;;;;;
21.76;-0.5;-0.5;4.165467;1;15;1;;;;;
21.78;-0.5;-0.5;4.584992;1;15;1;;;;;
21.8;-0.5;-0.5;4.250233;1;15;1;;;;;
21.82;-0.5;-0.5;2.240697;1;15;1;;;;;
21.84;-0.5;-0.5;2.27122;1;15;1;;;;;
21.86;-0.5;-0.5;2.563466;1;15;1;;;;;
21.88;-0.5;-0.5;5.804825;1;15;1;;;;;
21.9;-0.5;-0.5;3.262487;1;15;1;;;;;
21.92;-0.5;-0.5;5.362991;1;15;1;;;;;
21.94;-0.5;-0.5;5.866774;1;15;1;;;;;
21.96;-0.5;-0.5;2.726247;1;15;1;;;;;
21.98;-0.5;-0.5;4.991109;1;15;1;;;;;
22;-0.5;-0.5;2.684948;1;15;1;;;;;
22.02;-0.5;-0.5;5.030221;1;15;1;;;;;
22.04;-0.5;-0.5;2.676423;1;15;1;;;;;
22.06;-0.5;-0.5;4.713334;1;15;1;;;;;
22.08;-0.5;-0.5;4.080915;1;15;1;;;;;
22.1;-0.5;-0.5;4.96387;1;15;1;;;;;
22.12;-0.5;-0.5;3.793406;1;15;1;;;;;
22.14;-0.5;-0.5;3.112198;1;15;1;;;;;
22.16;-0.5;-0.5;4.30232;1;15;1;;;;;
22.18;-0.5;-0.5;5.460945;1;15;1;;;;;
22.2;-0.5;-0.5;2.718669;1;15;1;;;;;
22.22;-0.5;-0.5;3.038589;1;15;1;;;;;
22.24;-0.5;-0.5;3.83449;1;15;1;;;;;
22.26;-0.5;-0.5;5.893293;1;15;1;;;;;
22.28;-0.5;-0.5;2.241906;1;15;1;;;;;
22.3;-0.5;-0.5;3.96096;1;15;1;;;;;
22.32;-0.5;-0.5;5.034233;1;15;1;;;;;
22.34;-0.5;-0.5;3.223657;1;15;1;;;;;
22.36;-0.5;-0.5;3.447734;1;15;1;;;;;
22.38;-0.5;-0.5;3.233949;1;15;1;;;;;
22.4;-0.5;-0.5;2.67248;1;15;1;;;;;
22.42;-0.5;-0.5;3.419867;1;15;1;;;;;
22.44;-0.5;-0.5;4.380293;1;15;1;;;;;
22.46;-0.5;-0.5;2.929873;1;15;1;;;;;
22.48;-0.5;-0.5;4.138146;1;15;1;;;;;
22.5;-0.5;-0.5;4.057615;1;15;1;;;;;
22.52;-0.5;-0.5;4.350827;1;15;1;;;;;
22.54;-0.5;-0.5;2.060859;1;15;1;;;;;
22.56;-0.5;-0.5;5.216582;1;15;1;;;;;
22.58;-0.5;-0.5;4.071964;1;15;1;;;;;
22.6;-0.5;-0.5;4.365359;1;15;1;;;;;
22.62;-0.5;-0.5;5.501581;1;15;1;;;;;
22.64;-0.5;-0.5;4.410807;1;15;1;;;;;
22.66;-0.5;-0.5;4.154668;1;15;1;;;;;
22.68;-0.5;-0.5;3.971939;1;15;1;;;;;
22.7;-0.5;-0.5;5.379559;1;15;1;;;;;
22.72;-0.5;-0.5;5.47081;1;15;1;;;;;
22.74;-0.5;-0.5;3.742764;1;15;1;;;;;
22.76;-0.5;-0.5;5.618233;1;15;1;;;;;
22.78;-0.5;-0.5;4.982216;1;15;1;;;;;
22.8;-0.5;-0.5;3.026143;1;15;1;;;;;
22.82;-0.5;-0.5;4.377096;1;15;1;;;;;
22.84;-0.5;-0.5;5.677172;1;15;1;;;;;
22.86;-0.5;-0.5;2.25548;1;15;1;;;;;
22.88;-0.5;-0.5;4.840242;1;15;1;;;;;
22.9;-0.5;-0.5;5.433446;1;15;1;;;;;
22.92;-0.5;-0.5;5.058062;1;15;1;;;;;
22.94;-0.5;-0.5;4.025361;1;15;1;;;;;
22.96;-0.5;-0.5;5.250907;1;15;1;;;;;
22.98;-0.5;-0.5;5.667546;1;15;1;;;;;
23;-0.5;-0.5;4.788066;1;15;1;;;;;
23.02;-0.5;-0.5;4.085815;1;15;1;;;;;
23.04;-0.5;-0.5;3.677006;1;15;1;;;;;
23.06;-0.5;-0.5;5.761575;1;15;1;;;;;
23.08;-0.5;-0.5;3.664623;1;15;1;;;;;
23.1;-0.5;-0.5;5.757692;1;15;1;;;;;
23.12;-0.5;-0.5;2.094163;1;15;1;;;;;
23.14;-0.5;-0.5;5.67486;1;15;1;;;;;
23.16;-0.5;-0.5;3.768209;1;15;1;;;;;
23.18;-0.5;-0.5;4.606833;1;15;1;;;;;
23.2;-0.5;-0.5;2.616015;1;15;1;;;;;
23.22;-0.5;-0.5;3.577138;1;15;1;;;;;
23.24;-0.5;-0.5;3.254324;1;15;1;;;;;
23.26;-0.5;-0.5;3.697448;1;15;1;;;;;
23.28;-0.5;-0.5;3.363358;1;15;1;;;;;
23.3;-0.5;-0.5;2.235165;1;15;1;;;;;
23.32;-0.5;-0.5;2.812064;1;15;1;;;;;
23.34;-0.5;-0.5;2.705368;1;15;1;;;;;
23.36;-0.5;-0.5;5.02006;1;15;1;;;;;
23.38;-0.5;-0.5;2.906391;1;15;1;;;;;
23.4;-0.5;-0.5;4.801531;1;15;1;;;;;
23.42;-0.5;-0.5;4.7868;1;15;1;;;;;
23.44;-0.5;-0.5;3.531735;1;15;1;;;;;
23.46;-0.5;-0.5;3.899478;1;15;1;;;;;
23.48;-0.5;-0.5;5.133443;1;15;1;;;;;
23.5;-0.5;-0.5;2.148529;1;15;1;;;;;
23.52;-0.5;-0.5;4.612844;1;15;1;;;;;
23.54;-0.5;-0.5;3.812149;1;15;1;;;;;
23.56;-0.5;-0.5;3.003714;1;15;1;;;;;
23.58;-0.5;-0.5;3.230305;1;15;1;;;;;
23.6;-0.5;-0.5;4.883167;1;15;1;;;;;
23.62;-0.5;-0.5;3.507045;1;15;1;;;;;
23.64;-0.5;-0.5;3.751267;1;15;1;;;;;
23.66;-0.5;-0.5;2.791889;1;15;1;;;;;
23.68;-0.5;-0.5;3.209294;1;15;1;;;;;
23.7;-0.5;-0.5;2.285449;1;15;1;;;;;
23.72;-0.5;-0.5;3.35929;1;15;1;;;;;
23.74;-0.5;-0.5;5.407251;1;15;1;;;;;
23.76;-0.5;-0.5;3.239631;1;15;1;;;;;
23.78;-0.5;-0.5;3.139756;1;15;1;;;;;
23.8;-0.5;-0.5;5.841536;1;15;1;;;;;
23.82;-0.5;-0.5;4.219923;1;15;1;;;;;
23.84;-0.5;-0.5;5.588375;1;15;1;;;;;
23.86;-0.5;-0.5;3.541083;1;15;1;;;;;
23.88;-0.5;-0.5;3.003257;1;15;1;;;;;
23.9;-0.5;-0.5;5.722747;1;15;1;;;;;
23.92;-0.5;-0.5;2.273148;1;15;1;;;;;
23.94;-0.5;-0.5;4.009024;1;15;1;;;;;
23.96;-0.5;-0.5;3.439336;1;15;1;;;;;
23.98;-0.5;-0.5;4.061255;1;15;1;;;;;
24;-0.5;-0.5;2.555068;1;15;1;;;;;
24.02;-0.5;-0.5;4.127082;1;15;1;;;;;
24.04;-0.5;-0.5;2.25125;1;15;1;;;;;
24.06;-0.5;-0.5;3.21369;1;15;1;;;;;
24.08;-0.5;-0.5;4.940793;1;15;1;;;;;
24.1;-0.5;-0.5;3.090195;1;15;1;;;;;
24.12;-0.5;-0.5;3.892612;1;15;1;;;;;
24.14;-0.5;-0.5;2.397851;1;15;1;;;;;
24.16;-0.5;-0.5;2.708064;1;15;1;;;;;
24.18;-0.5;-0.5;2.379411;1;15;1;;;;;
24.2;-0.5;-0.5;5.081263;1;15;1;;;;;
24.22;-0.5;-0.5;4.235286;1;15;1;;;;;
24.24;-0.5;-0.5;3.491241;1;15;1;;;;;
24.26;-0.5;-0.5;3.571578;1;15;1;;;;;
24.28;-0.5;-0.5;3.123016;1;15;1;;;;;
24.3;-0.5;-0.5;4.56895;1;15;1;;;;;
24.32;-0.5;-0.5;4.390744;1;15;1;;;;;
24.34;-0.5;-0.5;2.297285;1;15;1;;;;;
24.36;-0.5;-0.5;4.528584;1;15;1;;;;;
24.38;-0.5;-0.5;3.030762;1;15;1;;;;;
24.4;-0.5;-0.5;5.630282;1;15;1;;;;;
24.42;-0.5;-0.5;2.01202;1;15;1;;;;;
24.44;-0.5;-0.5;3.094234;1;15;1;;;;;
24.46;-0.5;-0.5;4.156714;1;15;1;;;;;
24.48;-0.5;-0.5;2.544013;1;15;1;;;;;
24.5;-0.5;-0.5;5.36859;1;15;1;;;;;
24.52;-0.5;-0.5;3.032936;1;15;1;;;;;
24.54;-0.5;-0.5;4.188419;1;15;1;;;;;
24.56;-0.5;-0.5;2.642179;1;15;1;;;;;
24.58;-0.5;-0.5;2.946841;1;15;1;;;;;
24.6;-0.5;-0.5;4.370607;1;15;1;;;;;
24.62;-0.5;-0.5;2.327112;1;15;1;;;;;
24.64;-0.5;-0.5;4.352968;1;15;1;;;;;
24.66;-0.5;-0.5;4.084288;1;15;1;;;;;
24.68;-0.5;-0.5;3.366928;1;15;1;;;;;
24.7;-0.5;-0.5;4.201653;1;15;1;;;;;
24.72;-0.5;-0.5;4.648;1;15;1;;;;;
24.74;-0.5;-0.5;4.222941;1;15;1;;;;;
24.76;-0.5;-0.5;2.822131;1;15;1;;;;;
24.78;-0.5;-0.5;5.754035;1;15;1;;;;;
24.8;-0.5;-0.5;4.483197;1;15;1;;;;;
24.82;-0.5;-0.5;3.36392;1;15;1;;;;;
24.84;-0.5;-0.5;5.352714;1;15;1;;;;;
24.86;-0.5;-0.5;5.403319;1;15;1;;;;;
24.88;-0.5;-0.5;5.820755;1;15;1;;;;;
24.9;-0.5;-0.5;3.200788;1;15;1;;;;;
24.92;-0.5;-0.5;5.214122;1;15;1;;;;;
24.94;-0.5;-0.5;4.883226;1;15;1;;;;;
24.96;-0.5;-0.5;2.700444;1;15;1;;;;;
24.98;-0.5;-0.5;5.601541;1;15;1;;;;;
25;-0.5;-0.5;4.220012;1;15;1;;;;;
25.02;-0.5;-0.5;3.607713;1;15;1;;;;;
25.04;-0.5;-0.5;3.252728;1;15;1;;;;;
25.06;-0.5;-0.5;4.33431;1;15;1;;;;;
25.08;-0.5;-0.5;5.048392;1;15;1;;;;;
25.1;-0.5;-0.5;5.778722;1;15;1;;;;;
25.12;-0.5;-0.5;3.555273;1;15;1;;;;;
25.14;-0.5;-0.5;5.779912;1;15;1;;;;;
25.16;-0.5;-0.5;4.887441;1;15;1;;;;;
25.18;-0.5;-0.5;4.154033;1;15;1;;;;;
25.2;-0.5;-0.5;4.115365;1;15;1;;;;;
25.22;-0.5;-0.5;4.748837;1;15;1;;;;;
25.24;-0.5;-0.5;2.523698;1;15;1;;;;;
25.26;-0.5;-0.5;3.214757;1;15;1;;;;;
25.28;-0.5;-0.5;2.625608;1;15;1;;;;;
25.3;-0.5;-0.5;3.29484;1;15;1;;;;;
25.32;-0.5;-0.5;4.092074;1;15;1;;;;;
25.34;-0.5;-0.5;3.91912;1;15;1;;;;;
25.36;-0.5;-0.5;3.684443;1;15;1;;;;;
25.38;-0.5;-0.5;5.468459;1;15;1;;;;;
25.4;-0.5;-0.5;4.62855;1;15;1;;;;;
25.42;-0.5;-0.5;4.123263;1;15;1;;;;;
25.44;-0.5;-0.5;4.317415;1;15;1;;;;;
25.46;-0.5;-0.5;2.720958;1;15;1;;;;;
25.48;-0.5;-0.5;4.439655;1;15;1;;;;;
25.5;-0.5;-0.5;5.869747;1;15;1;;;;;
25.52;-0.5;-0.5;2.725978;1;15;1;;;;;
25.54;-0.5;-0.5;4.748994;1;15;1;;;;;
25.56;-0.5;-0.5;3.940689;1;15;1;;;;;
25.58;-0.5;-0.5;4.217243;1;15;1;;;;;
25.6;-0.5;-0.5;4.898528;1;15;1;;;;;
25.62;-0.5;-0.5;4.819492;1;15;1;;;;;
25.64;-0.5;-0.5;4.164817;1;15;1;;;;;
25.66;-0.5;-0.5;2.573911;1;15;1;;;;;
25.68;-0.5;-0.5;3.713388;1;15;1;;;;;
25.7;-0.5;-0.5;2.277436;1;15;1;;;;;
25.72;-0.5;-0.5;2.851107;1;15;1;;;;;
25.74;-0.5;-0.5;4.824216;1;15;1;;;;;
25.76;-0.5;-0.5;2.617877;1;15;1;;;;;
25.78;-0.5;-0.5;2.802094;1;15;1;;;;;
25.8;-0.5;-0.5;4.573461;1;15;1;;;;;
25.82;-0.5;-0.5;4.340346;1;15;1;;;;;
25.84;-0.5;-0.5;5.28444;1;15;1;;;;;
25.86;-0.5;-0.5;2.828257;1;15;1;;;;;
25.88;-0.5;-0.5;5.870456;1;15;1;;;;;
25.9;-0.5;-0.5;4.105464;1;15;1;;;;;
25.92;-0.5;-0.5;4.976997;1;15;1;;;;;
25.94;-0.5;-0.5;4.23567;1;15;1;;;;;
25.96;-0.5;-0.5;3.70083;1;15;1;;;;;
25.98;-0.5;-0.5;4.510282;1;15;1;;;;;
26;-0.5;-0.5;5.600919;1;15;1;;;;;
26.02;-0.5;-0.5;5.031079;1;15;1;;;;;
26.04;-0.5;-0.5;5.417648;1;15;1;;;;;
26.06;-0.5;-0.5;5.743535;1;15;1;;;;;
26.08;-0.5;-0.5;3.689276;1;15;1;;;;;
26.1;-0.5;-0.5;5.03499;1;15;1;;;;;
26.12;-0.5;-0.5;3.381526;1;15;1;;;;;
26.14;-0.5;-0.5;5.515356;1;15;1;;;;;
26.16;-0.5;-0.5;4.266969;1;15;1;;;;;
26.18;-0.5;-0.5;2.161034;1;15;1;;;;;
26.2;-0.5;-0.5;2.280883;1;15;1;;;;;
26.22;-0.5;-0.5;3.141561;1;15;1;;;;;
26.24;-0.5;-0.5;2.530104;1;15;1;;;;;
26.26;-0.5;-0.5;2.044937;1;15;1;;;;;
26.28;-0.5;-0.5;4.236009;1;15;1;;;;;
26.3;-0.5;-0.5;2.673995;1;15;1;;;;;
26.32;-0.5;-0.5;4.249178;1;15;1;;;;;
26.34;-0.5;-0.5;3.709235;1;15;1;;;;;
26.36;-0.5;-0.5;4.175519;1;15;1;;;;;
26.38;-0.5;-0.5;2.394166;1;15;1;;;;;
26.4;-0.5;-0.5;2.356164;1;15;1;;;;;
26.42;-0.5;-0.5;4.557161;1;15;1;;;;;
26.44;-0.5;-0.5;5.646228;1;15;1;;;;;
26.46;-0.5;-0.5;3.632439;1;15;1;;;;;
26.48;-0.5;-0.5;4.088835;1;15;1;;;;;
26.5;-0.5;-0.5;3.038218;1;15;1;;;;;
26.52;-0.5;-0.5;2.700851;1;15;1;;;;;
26.54;-0.5;-0.5;4.715037;1;15;1;;;;;
26.56;-0.5;-0.5;2.219315;1;15;1;;;;;
26.58;-0.5;-0.5;2.149737;1;15;1;;;;;
26.6;-0.5;-0.5;5.323815;1;15;1;;;;;
26.62;-0.5;-0.5;4.897337;1;15;1;;;;;
26.64;-0.5;-0.5;5.674375;1;15;1;;;;;
26.66;-0.5;-0.5;5.857275;1;15;1;;;;;
26.68;-0.5;-0.5;3.242567;1;15;1;;;;;
26.7;-0.5;-0.5;3.219837;1;15;1;;;;;
26.72;-0.5;-0.5;3.536205;1;15;1;;;;;
26.74;-0.5;-0.5;3.588234;1;15;1;;;;;
26.76;-0.5;-0.5;4.159566;1;15;1;;;;;
26.78;-0.5;-0.5;2.550379;1;15;1;;;;;
26.8;-0.5;-0.5;4.366836;1;15;1;;;;;
26.82;-0.5;-0.5;5.911763;1;15;1;;;;;
26.84;-0.5;-0.5;5.836124;1;15;1;;;;;
26.86;-0.5;-0.5;5.53912;1;15;1;;;;;
26.88;-0.5;-0.5;4.401871;1;15;1;;;;;
26.9;-0.5;-0.5;4.59266;1;15;1;;;;;
26.92;-0.5;-0.5;5.005724;1;15;1;;;;;
26.94;-0.5;-0.5;5.169508;1;15;1;;;;;
26.96;-0.5;-0.5;2.844958;1;15;1;;;;;
26.98;-0.5;-0.5;4.897048;1;15;1;;;;;
27;-0.5;-0.5;2.020238;1;15;1;;;;;
27.02;-0.5;-0.5;2.229951;1;15;1;;;;;
27.04;-0.5;-0.5;2.786954;1;15;1;;;;;
27.06;-0.5;-0.5;5.585911;1;15;1;;;;;
27.08;-0.5;-0.5;3.135796;1;15;1;;;;;
27.1;-0.5;-0.5;4.133201;1;15;1;;;;;
27.12;-0.5;-0.5;4.131863;1;15;1;;;;;
27.14;-0.5;-0.5;3.090308;1;15;1;;;;;
27.16;-0.5;-0.5;2.227479;1;15;1;;;;;
27.18;-0.5;-0.5;4.944608;1;15;1;;;;;
27.2;-0.5;-0.5;4.439487;1;15;1;;;;;
27.22;-0.5;-0.5;3.754369;1;15;1;;;;;
27.24;-0.5;-0.5;2.843894;1;15;1;;;;;
27.26;-0.5;-0.5;2.904896;1;15;1;;;;;
27.28;-0.5;-0.5;2.983972;1;15;1;;;;;
27.3;-0.5;-0.5;3.001909;1;15;1;;;;;
27.32;-0.5;-0.5;4.851485;1;15;1;;;;;
27.34;-0.5;-0.5;2.9897;1;15;1;;;;;
27.36;-0.5;-0.5;4.044225;1;15;1;;;;;
27.38;-0.5;-0.5;2.001488;1;15;1;;;;;
27.4;-0.5;-0.5;3.810693;1;15;1;;;;;
27.42;-0.5;-0.5;4.449101;1;15;1;;;;;
27.44;-0.5;-0.5;3.720857;1;15;1;;;;;
27.46;-0.5;-0.5;4.643536;1;15;1;;;;;
27.48;-0.5;-0.5;2.880704;1;15;1;;;;;
27.5;-0.5;-0.5;2.794539;1;15;1;;;;;
27.52;-0.5;-0.5;5.433505;1;15;1;;;;;
27.54;-0.5;-0.5;4.335763;1;15;1;;;;;
27.56;-0.5;-0.5;4.180397;1;15;1;;;;;
27.58;-0.5;-0.5;2.165425;1;15;1;;;;;
27.6;-0.5;-0.5;4.650547;1;15;1;;;;;
27.62;-0.5;-0.5;4.484542;1;15;1;;;;;
27.64;-0.5;-0.5;2.724026;1;15;1;;;;;
27.66;-0.5;-0.5;4.77371;1;15;1;;;;;
27.68;-0.5;-0.5;3.149923;1;15;1;;;;;
27.7;-0.5;-0.5;2.00265;1;15;1;;;;;
27.72;-0.5;-0.5;3.671632;1;15;1;;;;;
27.74;-0.5;-0.5;2.740497;1;15;1;;;;;
27.76;-0.5;-0.5;2.197498;1;15;1;;;;;
27.78;-0.5;-0.5;4.352259;1;15;1;;;;;
27.8;-0.5;-0.5;2.872558;1;15;1;;;;;
27.82;-0.5;-0.5;5.745893;1;15;1;;;;;
27.84;-0.5;-0.5;3.186293;1;15;1;;;;;
27.86;-0.5;-0.5;4.148396;1;15;1;;;;;
27.88;-0.5;-0.5;4.581802;1;15;1;;;;;
27.9;-0.5;-0.5;4.346922;1;15;1;;;;;
27.92;-0.5;-0.5;3.007355;1;15;1;;;;;
27.94;-0.5;-0.5;5.243104;1;15;1;;;;;
27.96;-0.5;-0.5;2.761906;1;15;1;;;;;
27.98;-0.5;-0.5;5.86055;1;15;1;;;;;
28;-0.5;-0.5;2.441737;1;15;1;;;;;
28.02;-0.5;-0.5;2.352344;1;15;1;;;;;
28.04;-0.5;-0.5;4.156071;1;15;1;;;;;
28.06;-0.5;-0.5;4.901734;1;15;1;;;;;
28.08;-0.5;-0.5;4.916912;1;15;1;;;;;
28.1;-0.5;-0.5;3.691183;1;15;1;;;;;
28.12;-0.5;-0.5;3.884358;1;15;1;;;;;
28.14;-0.5;-0.5;5.728966;1;15;1;;;;;
28.16;-0.5;-0.5;2.757506;1;15;1;;;;;
28.18;-0.5;-0.5;3.796506;1;15;1;;;;;
28.2;-0.5;-0.5;4.447931;1;15;1;;;;;
28.22;-0.5;-0.5;5.322288;1;15;1;;;;;
28.24;-0.5;-0.5;5.76216;1;15;1;;;;;
28.26;-0.5;-0.5;5.963929;1;15;1;;;;;
28.28;-0.5;-0.5;2.583505;1;15;1;;;;;
28.3;-0.5;-0.5;3.254376;1;15;1;;;;;
28.32;-0.5;-0.5;3.741506;1;15;1;;;;;
28.34;-0.5;-0.5;2.952818;1;15;1;;;;;
28.36;-0.5;-0.5;3.654793;1;15;1;;;;;
28.38;-0.5;-0.5;4.711278;1;15;1;;;;;
28.4;-0.5;-0.5;3.753989;1;15;1;;;;;
28.42;-0.5;-0.5;4.576656;1;15;1;;;;;
28.44;-0.5;-0.5;5.535705;1;15;1;;;;;
28.46;-0.5;-0.5;3.5699;1;15;1;;;;;
28.48;-0.5;-0.5;4.251673;1;15;1;;;;;
28.5;-0.5;-0.5;4.927424;1;15;1;;;;;
28.52;-0.5;-0.5;5.329189;1;15;1;;;;;
28.54;-0.5;-0.5;3.97615;1;15;1;;;;;
28.56;-0.5;-0.5;5.21468;1;15;1;;;;;
28.58;-0.5;-0.5;4.246718;1;15;1;;;;;
28.6;-0.5;-0.5;2.461672;1;15;1;;;;;
28.62;-0.5;-0.5;2.656514;1;15;1;;;;;
28.64;-0.5;-0.5;3.509386;1;15;1;;;;;
28.66;-0.5;-0.5;2.868469;1;15;1;;;;;
28.68;-0.5;-0.5;3.500616;1;15;1;;;;;
28.7;-0.5;-0.5;5.922679;1;15;1;;;;;
28.72;-0.5;-0.5;5.052896;1;15;1;;;;;
28.74;-0.5;-0.5;4.114811;1;15;1;;;;;
28.76;-0.5;-0.5;5.848653;1;15;1;;;;;
28.78;-0.5;-0.5;5.5157;1;15;1;;;;;
28.8;-0.5;-0.5;3.478345;1;15;1;;;;;
28.82;-0.5;-0.5;3.56969;1;15;1;;;;;
28.84;-0.5;-0.5;3.761894;1;15;1;;;;;
28.86;-0.5;-0.5;4.187833;1;15;1;;;;;
28.88;-0.5;-0.5;3.610648;1;15;1;;;;;
28.9;-0.5;-0.5;3.26319;1;15;1;;;;;
28.92;-0.5;-0.5;4.224375;1;15;1;;;;;
28.94;-0.5;-0.5;2.022762;1;15;1;;;;;
28.96;-0.5;-0.5;4.17444;1;15;1;;;;;
28.98;-0.5;-0.5;2.003082;1;15;1;;;;;
29;-0.5;-0.5;4.317154;1;15;1;;;;;
29.02;-0.5;-0.5;5.720357;1;15;1;;;;;
29.04;-0.5;-0.5;5.413408;1;15;1;;;;;
29.06;-0.5;-0.5;3.382617;1;15;1;;;;;
29.08;-0.5;-0.5;4.879591;1;15;1;;;;;
29.1;-0.5;-0.5;5.442652;1;15;1;;;;;
29.12;-0.5;-0.5;4.418443;1;15;1;;;;;
29.14;-0.5;-0.5;2.052282;1;15;1;;;;;
29.16;-0.5;-0.5;3.003752;1;15;1;;;;;
29.18;-0.5;-0.5;2.400054;1;15;1;;;;;
29.2;-0.5;-0.5;5.950572;1;15;1;;;;;
29.22;-0.5;-0.5;3.47959;1;15;1;;;;;
29.24;-0.5;-0.5;5.260949;1;15;1;;;;;
29.26;-0.5;-0.5;4.592572;1;15;1;;;;;
29.28;-0.5;-0.5;2.887807;1;15;1;;;;;
29.3;-0.5;-0.5;3.353069;1;15;1;;;;;
29.32;-0.5;-0.5;3.969953;1;15;1;;;;;
29.34;-0.5;-0.5;3.814449;1;15;1;;;;;
29.36;-0.5;-0.5;5.46989;1;15;1;;;;;
29.38;-0.5;-0.5;2.835322;1;15;1;;;;;
29.4;-0.5;-0.5;5.221101;1;15;1;;;;;
29.42;-0.5;-0.5;5.166016;1;15;1;;;;;
29.44;-0.5;-0.5;5.438758;1;15;1;;;;;
29.46;-0.5;-0.5;4.815361;1;15;1;;;;;
29.48;-0.5;-0.5;4.538925;1;15;1;;;;;
29.5;-0.5;-0.5;5.73579;1;15;1;;;;;
29.52;-0.5;-0.5;5.956502;1;15;1;;;;;
29.54;-0.5;-0.5;3.545854;1;15;1;;;;;
29.56;-0.5;-0.5;3.290305;1;15;1;;;;;
29.58;-0.5;-0.5;3.584204;1;15;1;;;;;
29.6;-0.5;-0.5;5.230492;1;15;1;;;;;
29.62;-0.5;-0.5;4.740734;1;15;1;;;;;
29.64;-0.5;-0.5;2.414393;1;15;1;;;;;
29.66;-0.5;-0.5;2.003154;1;15;1;;;;;
29.68;-0.5;-0.5;5.587804;1;15;1;;;;;
29.7;-0.5;-0.5;4.457083;1;15;1;;;;;
29.72;-0.5;-0.5;5.115406;1;15;1;;;;;
29.74;-0.5;-0.5;3.681461;1;15;1;;;;;
29.76;-0.5;-0.5;5.815476;1;15;1;;;;;
29.78;-0.5;-0.5;2.619874;1;15;1;;;;;
29.8;-0.5;-0.5;5.292123;1;15;1;;;;;
29.82;-0.5;-0.5;2.697459;1;15;1;;;;;
29.84;-0.5;-0.5;3.502527;1;15;1;;;;;
29.86;-0.5;-0.5;2.127327;1;15;1;;;;;
29.88;-0.5;-0.5;5.314301;1;15;1;;;;;
29.9;-0.5;-0.5;3.369473;1;15;1;;;;;
29.92;-0.5;-0.5;5.999708;1;15;1;;;;;
29.94;-0.5;-0.5;5.113017;1;15;1;;;;;
29.96;-0.5;-0.5;5.044991;1;15;1;;;;;
29.98;-0.5;-0.5;4.187236;1;15;1;;;;;
30;-0.5;-0.5;4.571432;1;15;1;;;;;
30.02;-0.5;-0.5;5.978163;1;15;1;;;;;
30.04;-0.5;-0.5;3.609654;1;15;1;;;;;
30.06;-0.5;-0.5;2.552089;1;15;1;;;;;
30.08;-0.5;-0.5;5.659457;1;15;1;;;;;
30.1;-0.5;-0.5;5.735156;1;15;1;;;;;
30.12;-0.5;-0.5;4.088556;1;15;1;;;;;
30.14;-0.5;-0.5;5.650438;1;15;1;;;;;
30.16;-0.5;-0.5;2.608878;1;15;1;;;;;
30.18;-0.5;-0.5;4.908557;1;15;1;;;;;
30.2;-0.5;-0.5;3.336765;1;15;1;;;;;
30.22;-0.5;-0.5;4.149876;1;15;1;;;;;
30.24;-0.5;-0.5;4.074508;1;15;1;;;;;
30.26;-0.5;-0.5;4.08277;1;15;1;;;;;
30.28;-0.5;-0.5;2.646658;1;15;1;;;;;
30.3;-0.5;-0.5;5.780685;1;15;1;;;;;
30.32;-0.5;-0.5;4.354083;1;15;1;;;;;
30.34;-0.5;-0.5;4.760468;1;15;1;;;;;
30.36;-0.5;-0.5;2.385441;1;15;1;;;;;
30.38;-0.5;-0.5;2.93768;1;15;1;;;;;
30.4;-0.5;-0.5;3.641054;1;15;1;;;;;
30.42;-0.5;-0.5;2.819044;1;15;1;;;;;
30.44;-0.5;-0.5;2.460089;1;15;1;;;;;
30.46;-0.5;-0.5;4.433265;1;15;1;;;;;
30.48;-0.5;-0.5;5.030328;1;15;1;;;;;
30.5;-0.5;-0.5;3.454201;1;15;1;;;;;
30.52;-0.5;-0.5;4.673715;1;15;1;;;;;
30.54;-0.5;-0.5;2.957721;1;15;1;;;;;
30.56;-0.5;-0.5;3.955557;1;15;1;;;;;
30.58;-0.5;-0.5;5.894284;1;15;1;;;;;
30.6;-0.5;-0.5;2.539373;1;15;1;;;;;
30.62;-0.5;-0.5;5.936813;1;15;1;;;;;
30.64;-0.5;-0.5;2.527371;1;15;1;;;;;
30.66;-0.5;-0.5;5.931828;1;15;1;;;;;
30.68;-0.5;-0.5;3.27949;1;15;1;;;;;
30.7;-0.5;-0.5;3.057616;1;15;1;;;;;
30.72;-0.5;-0.5;4.723248;1;15;1;;;;;
30.74;-0.5;-0.5;2.77737;1;15;1;;;;;
30.76;-0.5;-0.5;4.961988;1;15;1;;;;;
30.78;-0.5;-0.5;4.345588;1;15;1;;;;;
30.8;-0.5;-0.5;5.309335;1;15;1;;;;;
30.82;-0.5;-0.5;3.011655;1;15;1;;;;;
30.84;-0.5;-0.5;3.770986;1;15;1;;;;;
30.86;-0.5;-0.5;5.268692;1;15;1;;;;;
30.88;-0.5;-0.5;4.183759;1;15;1;;;;;
30.9;-0.5;-0.5;3.551985;1;15;1;;;;;
30.92;-0.5;-0.5;4.401961;1;15;1;;;;;
30.94;-0.5;-0.5;3.510187;1;15;1;;;;;
30.96;-0.5;-0.5;5.328327;1;15;1;;;;;
30.98;-0.5;-0.5;3.382307;1;15;1;;;;;
31;-0.5;-0.5;4.041844;1;15;1;;;;;
31.02;-0.5;-0.5;5.194322;1;15;1;;;;;
31.04;-0.5;-0.5;2.783015;1;15;1;;;;;
31.06;-0.5;-0.5;3.924179;1;15;1;;;;;
31.08;-0.5;-0.5;4.475012;1;15;1;;;;;
31.1;-0.5;-0.5;5.263694;1;15;1;;;;;
31.12;-0.5;-0.5;3.078277;1;15;1;;;;;
31.14;-0.5;-0.5;4.316975;1;15;1;;;;;
31.16;-0.5;-0.5;3.557185;1;15;1;;;;;
31.18;-0.5;-0.5;5.309035;1;15;1;;;;;
31.2;-0.5;-0.5;2.905411;1;15;1;;;;;
31.22;-0.5;-0.5;2.123624;1;15;1;;;;;
31.24;-0.5;-0.5;3.131274;1;15;1;;;;;
31.26;-0.5;-0.5;3.263413;1;15;1;;;;;
31.28;-0.5;-0.5;5.598881;1;15;1;;;;;
31.3;-0.5;-0.5;2.424614;1;15;1;;;;;
31.32;-0.5;-0.5;4.66365;1;15;1;;;;;
31.34;-0.5;-0.5;4.528557;1;15;1;;;;;
31.36;-0.5;-0.5;2.375189;1;15;1;;;;;
31.38;-0.5;-0.5;2.106027;1;15;1;;;;;
31.4;-0.5;-0.5;5.513416;1;15;1;;;;;
31.42;-0.5;-0.5;5.7576;1;15;1;;;;;
31.44;-0.5;-0.5;3.518144;1;15;1;;;;;
31.46;-0.5;-0.5;4.125543;1;15;1;;;;;
31.48;-0.5;-0.5;3.226191;1;15;1;;;;;
31.5;-0.5;-0.5;2.861299;1;15;1;;;;;
31.52;-0.5;-0.5;2.231997;1;15;1;;;;;
31.54;-0.5;-0.5;2.699858;1;15;1;;;;;
31.56;-0.5;-0.5;2.767749;1;15;1;;;;;
31.58;-0.5;-0.5;3.744414;1;15;1;;;;;
31.6;-0.5;-0.5;3.43588;1;15;1;;;;;
31.62;-0.5;-0.5;4.929626;1;15;1;;;;;
31.64;-0.5;-0.5;2.58355;1;15;1;;;;;
31.66;-0.5;-0.5;3.976497;1;15;1;;;;;
31.68;-0.5;-0.5;5.266224;1;15;1;;;;;
31.7;-0.5;-0.5;5.118256;1;15;1;;;;;
31.72;-0.5;-0.5;5.217452;1;15;1;;;;;
31.74;-0.5;-0.5;2.404681;1;15;1;;;;;
31.76;-0.5;-0.5;3.718627;1;15;1;;;;;
31.78;-0.5;-0.5;3.156268;1;15;1;;;;;
31.8;-0.5;-0.5;4.243585;1;15;1;;;;;
31.82;-0.5;-0.5;2.205888;1;15;1;;;;;
31.84;-0.5;-0.5;3.719826;1;15;1;;;;;
31.86;-0.5;-0.5;5.040689;1;15;1;;;;;
31.88;-0.5;-0.5;5.226388;1;15;1;;;;;
31.9;-0.5;-0.5;3.010782;1;15;1;;;;;
31.92;-0.5;-0.5;3.536652;1;15;1;;;;;
31.94;-0.5;-0.5;2.807437;1;15;1;;;;;
31.96;-0.5;-0.5;3.823324;1;15;1;;;;;
31.98;-0.5;-0.5;4.337298;1;15;1;;;;;
32;-0.5;-0.5;4.229732;1;15;1;;;;;
32.02;-0.5;-0.5;3.820046;1;15;1;;;;;
32.04;-0.5;-0.5;3.71323;1;15;1;;;;;
32.06;-0.5;-0.5;2.556283;1;15;1;;;;;
32.08;-0.5;-0.5;5.874279;1;15;1;;;;;
32.1;-0.5;-0.5;5.662904;1;15;1;;;;;
32.12;-0.5;-0.5;2.674061;1;15;1;;;;;
32.14;-0.5;-0.5;3.75222;1;15;1;;;;;
32.16;-0.5;-0.5;4.432451;1;15;1;;;;;
32.18;-0.5;-0.5;4.496677;1;15;1;;;;;
32.2;-0.5;-0.5;5.959064;1;15;1;;;;;
32.22;-0.5;-0.5;3.924628;1;15;1;;;;;
32.24;-0.5;-0.5;4.21067;1;15;1;;;;;
32.26;-0.5;-0.5;2.170731;1;15;1;;;;;
32.28;-0.5;-0.5;2.063334;1;15;1;;;;;
32.3;-0.5;-0.5;2.357531;1;15;1;;;;;
32.32;-0.5;-0.5;5.399284;1;15;1;;;;;
32.34;-0.5;-0.5;2.952355;1;15;1;;;;;
32.36;-0.5;-0.5;2.474857;1;15;1;;;;;
32.38;-0.5;-0.5;5.992441;1;15;1;;;;;
32.4;-0.5;-0.5;2.26269;1;15;1;;;;;
32.42;-0.5;-0.5;3.434083;1;15;1;;;;;
32.44;-0.5;-0.5;2.883982;1;15;1;;;;;
32.46;-0.5;-0.5;2.342273;1;15;1;;;;;
32.48;-0.5;-0.5;4.39117;1;15;1;;;;;
32.5;-0.5;-0.5;5.567605;1;15;1;;;;;
32.52;-0.5;-0.5;5.67559;1;15;1;;;;;
32.54;-0.5;-0.5;5.008085;1;15;1;;;;;
32.56;-0.5;-0.5;5.784372;1;15;1;;;;;
32.58;-0.5;-0.5;5.2108;1;15;1;;;;;
32.6;-0.5;-0.5;3.1114;1;15;1;;;;;
32.62;-0.5;-0.5;2.193463;1;15;1;;;;;
32.64;-0.5;-0.5;5.810465;1;15;1;;;;;
32.66;-0.5;-0.5;3.276534;1;15;1;;;;;
32.68;-0.5;-0.5;2.775663;1;15;1;;;;;
32.7;-0.5;-0.5;2.499416;1;15;1;;;;;
32.72;-0.5;-0.5;3.207775;1;15;1;;;;;
32.74;-0.5;-0.5;3.169829;1;15;1;;;;;
32.76;-0.5;-0.5;4.088071;1;15;1;;;;;
32.78;-0.5;-0.5;4.772693;1;15;1;;;;;
32.8;-0.5;-0.5;2.353903;1;15;1;;;;;
32.82;-0.5;-0.5;4.964983;1;15;1;;;;;
32.84;-0.5;-0.5;5.791486;1;15;1;;;;;
32.86;-0.5;-0.5;3.214629;1;15;1;;;;;
32.88;-0.5;-0.5;3.644081;1;15;1;;;;;
32.9;-0.5;-0.5;2.551175;1;15;1;;;;;
32.92;-0.5;-0.5;2.251754;1;15;1;;;;;
32.94;-0.5;-0.5;2.317284;1;15;1;;;;;
32.96;-0.5;-0.5;5.70695;1;15;1;;;;;
;;;;;;;;;;;
