time;pos_x_right;pos_y_right;dil_right;pos_x_left;pos_y_left;dil_left;brightness;fov;trial;;
0;-0.5;-0.5;2.406415;1;15;1;;;;;
0.02;-0.5;-0.5;5.76801;1;15;1;;;;;
0.04;-0.5;-0.5;2.843849;1;15;1;;;;;
0.06;-0.5;-0.5;3.682857;1;15;1;;;;;
0.08;-0.5;-0.5;5.077361;1;15;1;;;;;
0.09999999;-0.5;-0.5;4.570929;1;15;1;;;;;
0.12;-0.5;-0.5;3.066919;1;15;1;;;;;
0.14;-0.5;-0.5;5.157041;1;15;1;;;;;
0.16;-0.5;-0.5;2.851735;1;15;1;;;;;
0.18;-0.5;-0.5;5.873936;1;15;1;;;;;
0.2;-0.5;-0.5;2.47527;1;15;1;;;;;
0.22;-0.5;-0.5;3.704897;1;15;1;;;;;
0.24;-0.5;-0.5;2.375415;1;15;1;;;;;
0.26;-0.5;-0.5;5.408124;1;15;1;;;;;
0.28;-0.5;-0.5;5.307907;1;15;1;;;;;
0.3;-0.5;-0.5;5.784054;1;15;1;;;;;
0.32;-0.5;-0.5;4.551627;1;15;1;;;;;
0.34;-0.5;-0.5;5.234829;1;15;1;;;;;
0.36;-0.5;-0.5;5.543447;1;15;1;;;;;
0.38;-0.5;-0.5;3.838238;1;15;1;;;;;
0.4;-0.5;-0.5;5.370561;1;15;1;;;;;
0.42;-0.5;-0.5;4.1229;1;15;1;;;;;
0.44;-0.5;-0.5;3.26328;1;15;1;;;;;
0.46;-0.5;-0.5;4.574926;1;15;1;;;;;
0.48;-0.5;-0.5;5.601027;1;15;1;;;;;
0.5;-0.5;-0.5;4.069007;1;15;1;;;;;
0.52;-0.5;-0.5;2.875311;1;15;1;;;;;
0.54;-0.5;-0.5;5.746711;1;15;1;;;;;
0.56;-0.5;-0.5;2.887401;1;15;1;;;;;
0.58;-0.5;-0.5;3.60387;1;15;1;;;;;
0.6;-0.5;-0.5;2.350696;1;15;1;;;;;
0.62;-0.5;-0.5;3.614685;1;15;1;;;;;
0.64;-0.5;-0.5;4.997878;1;15;1;;;;;
0.66;-0.5;-0.5;5.138744;1;15;1;;;;;
0.68;-0.5;-0.5;5.4284;1;15;1;;;;;
0.7;-0.5;-0.5;4.958776;1;15;1;;;;;
0.72;-0.5;-0.5;4.302287;1;15;1;;;;;
0.74;-0.5;-0.5;2.935413;1;15;1;;;;;
0.76;-0.5;-0.5;2.225879;1;15;1;;;;;
0.78;-0.5;-0.5;2.609216;1;15;1;;;;;
0.8;-0.5;-0.5;2.957488;1;15;1;;;;;
0.82;-0.5;-0.5;5.784549;1;15;1;;;;;
0.84;-0.5;-0.5;5.342001;1;15;1;;;;;
0.86;-0.5;-0.5;4.238714;1;15;1;;;;;
0.88;-0.5;-0.5;5.871838;1;15;1;;;;;
0.9;-0.5;-0.5;2.252263;1;15;1;;;;;
0.92;-0.5;-0.5;5.514095;1;15;1;;;;;
0.94;-0.5;-0.5;4.916734;1;15;1;;;;;
0.96;-0.5;-0.5;2.459137;1;15;1;;;;;
0.98;-0.5;-0.5;5.339949;1;15;1;;;;;
1;-0.5;-0.5;4.144403;1;15;1;;;;;
1.02;-0.5;-0.5;2.17918;1;15;1;;;;;
1.04;-0.5;-0.5;4.384922;1;15;1;;;;;
1.06;-0.5;-0.5;5.232614;1;15;1;;;;;
1.08;-0.5;-0.5;4.863757;1;15;1;;;;;
1.1;-0.5;-0.5;5.619792;1;15;1;;;;;
1.12;-0.5;-0.5;5.13234;1;15;1;;;;;
1.14;-0.5;-0.5;3.560402;1;15;1;;;;;
1.16;-0.5;-0.5;5.66418;1;15;1;;;;;
1.18;-0.5;-0.5;2.882163;1;15;1;;;;;
1.2;-0.5;-0.5;2.945539;1;15;1;;;;;
1.22;-0.5;-0.5;3.455994;1;15;1;;;;;
1.24;-0.5;-0.5;4.011053;1;15;1;;;;;
1.26;-0.5;-0.5;4.614269;1;15;1;;;;;
1.28;-0.5;-0.5;4.030387;1;15;1;;;;;
1.3;-0.5;-0.5;3.010625;1;15;1;;;;;
1.32;-0.5;-0.5;4.133168;1;15;1;;;;;
1.34;-0.5;-0.5;5.402615;1;15;1;;;;;
1.36;-0.5;-0.5;4.655511;1;15;1;;;;;
1.38;-0.5;-0.5;3.855778;1;15;1;;;;;
1.4;-0.5;-0.5;3.555072;1;15;1;;;;;
1.42;-0.5;-0.5;5.426845;1;15;1;;;;;
1.44;-0.5;-0.5;2.763896;1;15;1;;;;;
1.46;-0.5;-0.5;2.34722;1;15;1;;;;;
1.48;-0.5;-0.5;4.671463;1;15;1;;;;;
1.5;-0.5;-0.5;5.001963;1;15;1;;;;;
1.52;-0.5;-0.5;3.001714;1;15;1;;;;;
1.54;-0.5;-0.5;3.718507;1;15;1;;;;;
1.56;-0.5;-0.5;2.906571;1;15;1;;;;;
1.58;-0.5;-0.5;4.09879;1;15;1;;;;;
1.6;-0.5;-0.5;5.018829;1;15;1;;;;;
1.62;-0.5;-0.5;4.314286;1;15;1;;;;;
1.64;-0.5;-0.5;5.399323;1;15;1;;;;;
1.66;-0.5;-0.5;4.377215;1;15;1;;;;;
1.68;-0.5;-0.5;3.580927;1;15;1;;;;;
1.7;-0.5;-0.5;5.620592;1;15;1;;;;;
1.72;-0.5;-0.5;2.213321;1;15;1;;;;;
1.74;-0.5;-0.5;4.537784;1;15;1;;;;;
1.76;-0.5;-0.5;2.322374;1;15;1;;;;;
1.78;-0.5;-0.5;2.841861;1;15;1;;;;;
1.8;-0.5;-0.5;2.506208;1;15;1;;;;;
1.82;-0.5;-0.5;5.847223;1;15;1;;;;;
1.84;-0.5;-0.5;3.215252;1;15;1;;;;;
1.86;-0.5;-0.5;4.607524;1;15;1;;;;;
1.88;-0.5;-0.5;5.003096;1;15;1;;;;;
1.9;-0.5;-0.5;2.92803;1;15;1;;;;;
1.92;-0.5;-0.5;2.455436;1;15;1;;;;;
1.94;-0.5;-0.5;2.421547;1;15;1;;;;;
1.96;-0.5;-0.5;2.889497;1;15;1;;;;;
1.98;-0.5;-0.5;4.688034;1;15;1;;;;;
2;-0.5;-0.5;5.200037;1;15;1;;;;;
2.02;-0.5;-0.5;3.812654;1;15;1;;;;;
2.04;-0.5;-0.5;4.339465;1;15;1;;;;;
2.06;-0.5;-0.5;2.270507;1;15;1;;;;;
2.08;-0.5;-0.5;4.197213;1;15;1;;;;;
2.1;-0.5;-0.5;2.123743;1;15;1;;;;;
2.12;-0.5;-0.5;2.768535;1;15;1;;;;;
2.14;-0.5;-0.5;5.075347;1;15;1;;;;;
2.16;-0.5;-0.5;5.067597;1;15;1;;;;;
2.18;-0.5;-0.5;5.394834;1;15;1;;;;;
2.2;-0.5;-0.5;3.975819;1;15;1;;;;;
2.22;-0.5;-0.5;3.834951;1;15;1;;;;;
2.24;-0.5;-0.5;4.843143;1;15;1;;;;;
2.26;-0.5;-0.5;2.684214;1;15;1;;;;;
2.28;-0.5;-0.5;2.116496;1;15;1;;;;;
2.3;-0.5;-0.5;5.501399;1;15;1;;;;;
2.32;-0.5;-0.5;2.494639;1;15;1;;;;;
2.34;-0.5;-0.5;5.861567;1;15;1;;;;;
2.36;-0.5;-0.5;2.72546;1;15;1;;;;;
2.38;-0.5;-0.5;2.518411;1;15;1;;;;;
2.4;-0.5;-0.5;3.869102;1;15;1;;;;;
2.42;-0.5;-0.5;4.275331;1;15;1;;;;;
2.44;-0.5;-0.5;2.567896;1;15;1;;;;;
2.46;-0.5;-0.5;4.637909;1;15;1;;;;;
2.48;-0.5;-0.5;4.877944;1;15;1;;;;;
2.5;-0.5;-0.5;3.506075;1;15;1;;;;;
2.52;-0.5;-0.5;2.433858;1;15;1;;;;;
2.54;-0.5;-0.5;5.128571;1;15;1;;;;;
2.56;-0.5;-0.5;5.572059;1;15;1;;;;;
2.58;-0.5;-0.5;5.401304;1;15;1;;;;;
2.6;-0.5;-0.5;2.532423;1;15;1;;;;;
2.62;-0.5;-0.5;3.336647;1;15;1;;;;;
2.64;-0.5;-0.5;2.162673;1;15;1;;;;;
2.66;-0.5;-0.5;4.596266;1;15;1;;;;;
2.68;-0.5;-0.5;2.276597;1;15;1;;;;;
2.7;-0.5;-0.5;2.522379;1;15;1;;;;;
2.72;-0.5;-0.5;5.200587;1;15;1;;;;;
2.74;-0.5;-0.5;5.555307;1;15;1;;;;;
2.76;-0.5;-0.5;2.903915;1;15;1;;;;;
2.78;-0.5;-0.5;3.770501;1;15;1;;;;;
2.8;-0.5;-0.5;3.802202;1;15;1;;;;;
2.82;-0.5;-0.5;5.05895;1;15;1;;;;;
2.84;-0.5;-0.5;4.690555;1;15;1;;;;;
2.86;-0.5;-0.5;5.189807;1;15;1;;;;;
2.88;-0.5;-0.5;3.563374;1;15;1;;;;;
2.9;-0.5;-0.5;3.769045;1;15;1;;;;;
2.92;-0.5;-0.5;4.934232;1;15;1;;;;;
2.94;-0.5;-0.5;4.474038;1;15;1;;;;;
2.96;-0.5;-0.5;5.422029;1;15;1;;;;;
2.98;-0.5;-0.5;2.77981;1;15;1;;;;;
3;-0.5;-0.5;3.130426;1;15;1;;;;;
3.02;-0.5;-0.5;4.537854;1;15;1;;;;;
3.04;-0.5;-0.5;4.775172;1;15;1;;;;;
3.06;-0.5;-0.5;3.757293;1;15;1;;;;;
3.08;-0.5;-0.5;4.511581;1;15;1;;;;;
3.1;-0.5;-0.5;4.253426;1;15;1;;;;;
3.12;-0.5;-0.5;2.101273;1;15;1;;;;;
3.14;-0.5;-0.5;5.004769;1;15;1;;;;;
3.16;-0.5;-0.5;3.921731;1;15;1;;;;;
3.18;-0.5;-0.5;2.06111;1;15;1;;;;;
3.2;-0.5;-0.5;5.635626;1;15;1;;;;;
3.22;-0.5;-0.5;2.345535;1;15;1;;;;;
3.24;-0.5;-0.5;5.409753;1;15;1;;;;;
3.26;-0.5;-0.5;3.441824;1;15;1;;;;;
3.28;-0.5;-0.5;3.05291;1;15;1;;;;;
3.3;-0.5;-0.5;3.487578;1;15;1;;;;;
3.32;-0.5;-0.5;5.658577;1;15;1;;;;;
3.34;-0.5;-0.5;3.153846;1;15;1;;;;;
3.36;-0.5;-0.5;4.309347;1;15;1;;;;;
3.38;-0.5;-0.5;5.543157;1;15;1;;;;;
3.4;-0.5;-0.5;5.803572;1;15;1;;;;;
3.42;-0.5;-0.5;4.717708;1;15;1;;;;;
3.44;-0.5;-0.5;4.623276;1;15;1;;;;;
3.46;-0.5;-0.5;2.781342;1;15;1;;;;;
3.48;-0.5;-0.5;3.511006;1;15;1;;;;;
3.5;-0.5;-0.5;3.854689;1;15;1;;;;;
3.52;-0.5;-0.5;4.759673;1;15;1;;;;;
3.54;-0.5;-0.5;3.733335;1;15;1;;;;;
3.56;-0.5;-0.5;5.262275;1;15;1;;;;;
3.58;-0.5;-0.5;3.934023;1;15;1;;;;;
3.6;-0.5;-0.5;3.784211;1;15;1;;;;;
3.62;-0.5;-0.5;3.886822;1;15;1;;;;;
3.64;-0.5;-0.5;3.913052;1;15;1;;;;;
3.66;-0.5;-0.5;4.08673;1;15;1;;;;;
3.68;-0.5;-0.5;2.65281;1;15;1;;;;;
3.7;-0.5;-0.5;4.067606;1;15;1;;;;;
3.72;-0.5;-0.5;5.386249;1;15;1;;;;;
3.74;-0.5;-0.5;4.376229;1;15;1;;;;;
3.76;-0.5;-0.5;3.210823;1;15;1;;;;;
3.78;-0.5;-0.5;2.165987;1;15;1;;;;;
3.8;-0.5;-0.5;3.674577;1;15;1;;;;;
3.82;-0.5;-0.5;2.3133;1;15;1;;;;;
3.84;-0.5;-0.5;2.243418;1;15;1;;;;;
3.86;-0.5;-0.5;5.768931;1;15;1;;;;;
3.88;-0.5;-0.5;3.283822;1;15;1;;;;;
3.9;-0.5;-0.5;4.638347;1;15;1;;;;;
3.92;-0.5;-0.5;2.349478;1;15;1;;;;;
3.94;-0.5;-0.5;4.060448;1;15;1;;;;;
3.96;-0.5;-0.5;5.880277;1;15;1;;;;;
3.98;-0.5;-0.5;4.77642;1;15;1;;;;;
4;-0.5;-0.5;3.770663;1;15;1;;;;;
4.02;-0.5;-0.5;4.605989;1;15;1;;;;;
4.04;-0.5;-0.5;4.767862;1;15;1;;;;;
4.06;-0.5;-0.5;4.396997;1;15;1;;;;;
4.08;-0.5;-0.5;5.681676;1;15;1;;;;;
4.1;-0.5;-0.5;5.521886;1;15;1;;;;;
4.12;-0.5;-0.5;2.917866;1;15;1;;;;;
4.14;-0.5;-0.5;2.511536;1;15;1;;;;;
4.16;-0.5;-0.5;2.647428;1;15;1;;;;;
4.18;-0.5;-0.5;5.823714;1;15;1;;;;;
4.2;-0.5;-0.5;4.152874;1;15;1;;;;;
4.22;-0.5;-0.5;5.825406;1;15;1;;;;;
4.24;-0.5;-0.5;5.99122;1;15;1;;;;;
4.26;-0.5;-0.5;3.398983;1;15;1;;;;;
4.28;-0.5;-0.5;2.844621;1;15;1;;;;;
4.3;-0.5;-0.5;4.668114;1;15;1;;;;;
4.32;-0.5;-0.5;3.147397;1;15;1;;;;;
4.34;-0.5;-0.5;4.296291;1;15;1;;;;;
4.36;-0.5;-0.5;4.972962;1;15;1;;;;;
4.38;-0.5;-0.5;5.846912;1;15;1;;;;;
4.4;-0.5;-0.5;5.628465;1;15;1;;;;;
4.42;-0.5;-0.5;2.738799;1;15;1;;;;;
4.44;-0.5;-0.5;3.828105;1;15;1;;;;;
4.46;-0.5;-0.5;2.268464;1;15;1;;;;;
4.48;-0.5;-0.5;2.662094;1;15;1;;;;;
4.5;-0.5;-0.5;2.150457;1;15;1;;;;;
4.52;-0.5;-0.5;2.504128;1;15;1;;;;;
4.54;-0.5;-0.5;4.005048;1;15;1;;;;;
4.56;-0.5;-0.5;3.149209;1;15;1;;;;;
4.58;-0.5;-0.5;3.977615;1;15;1;;;;;
4.6;-0.5;-0.5;4.1017;1;15;1;;;;;
4.62;-0.5;-0.5;5.53644;1;15;1;;;;;
4.64;-0.5;-0.5;2.4458;1;15;1;;;;;
4.66;-0.5;-0.5;2.431271;1;15;1;;;;;
4.68;-0.5;-0.5;4.893777;1;15;1;;;;;
4.7;-0.5;-0.5;4.270528;1;15;1;;;;;
4.72;-0.5;-0.5;2.897989;1;15;1;;;;;
4.74;-0.5;-0.5;5.890548;1;15;1;;;;;
4.76;-0.5;-0.5;3.287508;1;15;1;;;;;
4.78;-0.5;-0.5;4.260295;1;15;1;;;;;
4.8;-0.5;-0.5;2.742232;1;15;1;;;;;
4.82;-0.5;-0.5;4.767673;1;15;1;;;;;
4.84;-0.5;-0.5;4.372936;1;15;1;;;;;
4.86;-0.5;-0.5;3.094603;1;15;1;;;;;
4.88;-0.5;-0.5;4.368819;1;15;1;;;;;
4.9;-0.5;-0.5;4.931409;1;15;1;;;;;
4.92;-0.5;-0.5;2.377405;1;15;1;;;;;
4.94;-0.5;-0.5;4.051687;1;15;1;;;;;
4.96;-0.5;-0.5;4.360948;1;15;1;;;;;
4.98;-0.5;-0.5;4.695316;1;15;1;;;;;
5;-0.5;-0.5;2.6616;1;15;1;;;;;
5.02;-0.5;-0.5;2.924275;1;15;1;;;;;
5.04;-0.5;-0.5;4.119631;1;15;1;;;;;
5.06;-0.5;-0.5;3.12018;1;15;1;;;;;
5.08;-0.5;-0.5;4.040725;1;15;1;;;;;
5.1;-0.5;-0.5;4.390661;1;15;1;;;;;
5.12;-0.5;-0.5;4.814035;1;15;1;;;;;
5.14;-0.5;-0.5;2.274914;1;15;1;;;;;
5.16;-0.5;-0.5;3.930637;1;15;1;;;;;
5.18;-0.5;-0.5;3.639628;1;15;1;;;;;
5.2;-0.5;-0.5;2.619465;1;15;1;;;;;
5.22;-0.5;-0.5;3.524075;1;15;1;;;;;
5.24;-0.5;-0.5;4.094812;1;15;1;;;;;
5.26;-0.5;-0.5;3.949083;1;15;1;;;;;
5.28;-0.5;-0.5;5.880311;1;15;1;;;;;
5.3;-0.5;-0.5;3.557569;1;15;1;;;;;
5.32;-0.5;-0.5;2.025648;1;15;1;;;;;
5.34;-0.5;-0.5;3.693539;1;15;1;;;;;
5.36;-0.5;-0.5;4.952994;1;15;1;;;;;
5.38;-0.5;-0.5;3.586225;1;15;1;;;;;
5.4;-0.5;-0.5;5.921395;1;15;1;;;;;
5.42;-0.5;-0.5;4.013488;1;15;1;;;;;
5.44;-0.5;-0.5;2.26697;1;15;1;;;;;
5.46;-0.5;-0.5;4.622471;1;15;1;;;;;
5.48;-0.5;-0.5;5.430072;1;15;1;;;;;
5.5;-0.5;-0.5;3.59699;1;15;1;;;;;
5.52;-0.5;-0.5;3.694124;1;15;1;;;;;
5.54;-0.5;-0.5;2.251743;1;15;1;;;;;
5.56;-0.5;-0.5;5.108711;1;15;1;;;;;
5.58;-0.5;-0.5;4.157105;1;15;1;;;;;
5.6;-0.5;-0.5;4.90382;1;15;1;;;;;
5.62;-0.5;-0.5;4.43193;1;15;1;;;;;
5.64;-0.5;-0.5;3.41898;1;15;1;;;;;
5.66;-0.5;-0.5;2.035466;1;15;1;;;;;
5.68;-0.5;-0.5;2.268903;1;15;1;;;;;
5.7;-0.5;-0.5;4.593086;1;15;1;;;;;
5.72;-0.5;-0.5;3.126622;1;15;1;;;;;
5.74;-0.5;-0.5;2.790406;1;15;1;;;;;
5.76;-0.5;-0.5;2.30618;1;15;1;;;;;
5.78;-0.5;-0.5;5.149071;1;15;1;;;;;
5.8;-0.5;-0.5;5.873499;1;15;1;;;;;
5.82;-0.5;-0.5;5.885732;1;15;1;;;;;
5.84;-0.5;-0.5;5.333207;1;15;1;;;;;
5.86;-0.5;-0.5;2.776785;1;15;1;;;;;
5.88;-0.5;-0.5;5.953225;1;15;1;;;;;
5.9;-0.5;-0.5;3.870317;1;15;1;;;;;
5.92;-0.5;-0.5;3.865721;1;15;1;;;;;
5.94;-0.5;-0.5;5.610002;1;15;1;;;;;
5.96;-0.5;-0.5;3.191538;1;15;1;;;;;
5.98;-0.5;-0.5;2.363618;1;15;1;;;;;
6;-0.5;-0.5;4.553555;1;15;1;;;;;
6.02;-0.5;-0.5;4.522782;1;15;1;;;;;
6.04;-0.5;-0.5;5.195803;1;15;1;;;;;
6.06;-0.5;-0.5;5.309762;1;15;1;;;;;
6.08;-0.5;-0.5;2.327021;1;15;1;;;;;
6.1;-0.5;-0.5;3.312461;1;15;1;;;;;
6.12;-0.5;-0.5;4.272779;1;15;1;;;;;
6.14;-0.5;-0.5;3.667808;1;15;1;;;;;
6.16;-0.5;-0.5;4.278957;1;15;1;;;;;
6.18;-0.5;-0.5;4.229979;1;15;1;;;;;
6.2;-0.5;-0.5;3.319544;1;15;1;;;;;
6.22;-0.5;-0.5;3.934334;1;15;1;;;;;
6.24;-0.5;-0.5;4.449355;1;15;1;;;;;
6.26;-0.5;-0.5;4.728318;1;15;1;;;;;
6.28;-0.5;-0.5;3.83567;1;15;1;;;;;
6.3;-0.5;-0.5;4.817508;1;15;1;;;;;
6.32;-0.5;-0.5;2.604826;1;15;1;;;;;
6.34;-0.5;-0.5;4.060586;1;15;1;;;;;
6.36;-0.5;-0.5;3.082453;1;15;1;;;;;
6.38;-0.5;-0.5;5.106015;1;15;1;;;;;
6.4;-0.5;-0.5;5.580454;1;15;1;;;;;
6.42;-0.5;-0.5;2.845547;1;15;1;;;;;
6.44;-0.5;-0.5;2.677537;1;15;1;;;;;
6.46;-0.5;-0.5;3.579149;1;15;1;;;;;
6.48;-0.5;-0.5;4.992375;1;15;1;;;;;
6.5;-0.5;-0.5;2.812543;1;15;1;;;;;
6.52;-0.5;-0.5;3.031653;1;15;1;;;;;
6.54;-0.5;-0.5;4.053077;1;15;1;;;;;
6.56;-0.5;-0.5;4.898275;1;15;1;;;;;
6.58;-0.5;-0.5;4.919268;1;15;1;;;;;
6.6;-0.5;-0.5;3.459629;1;15;1;;;;;
6.62;-0.5;-0.5;4.561548;1;15;1;;;;;
6.64;-0.5;-0.5;3.089266;1;15;1;;;;;
6.66;-0.5;-0.5;5.46094;1;15;1;;;;;
6.68;-0.5;-0.5;4.806483;1;15;1;;;;;
6.7;-0.5;-0.5;3.208062;1;15;1;;;;;
6.72;-0.5;-0.5;2.388059;1;15;1;;;;;
6.74;-0.5;-0.5;4.914101;1;15;1;;;;;
6.76;-0.5;-0.5;5.306706;1;15;1;;;;;
6.78;-0.5;-0.5;3.440993;1;15;1;;;;;
6.8;-0.5;-0.5;2.033327;1;15;1;;;;;
6.82;-0.5;-0.5;5.277386;1;15;1;;;;;
6.84;-0.5;-0.5;3.077139;1;15;1;;;;;
6.86;-0.5;-0.5;2.533465;1;15;1;;;;;
;;;;;;;;;;;
