time;pos_x_right;pos_y_right;dil_right;pos_x_left;pos_y_left;dil_left;brightness;fov;trial;;
0;-0.5;-0.5;4.110921;1;15;1;;;;;
0.02;-0.5;-0.5;3.907479;1;15;1;;;;;
0.04;-0.5;-0.5;2.143006;1;15;1;;;;;
0.06;-0.5;-0.5;5.398605;1;15;1;;;;;
0.08;-0.5;-0.5;4.000935;1;15;1;;;;;
0.09999999;-0.5;-0.5;4.141679;1;15;1;;;;;
0.12;-0.5;-0.5;4.722053;1;15;1;;;;;
0.14;-0.5;-0.5;3.565752;1;15;1;;;;;
0.16;-0.5;-0.5;4.204017;1;15;1;;;;;
0.18;-0.5;-0.5;5.984523;1;15;1;;;;;
0.2;-0.5;-0.5;2.027507;1;15;1;;;;;
0.22;-0.5;-0.5;2.176292;1;15;1;;;;;
0.24;-0.5;-0.5;3.676782;1;15;1;;;;;
0.26;-0.5;-0.5;2.223166;1;15;1;;;;;
0.28;-0.5;-0.5;4.407849;1;15;1;;;;;
0.3;-0.5;-0.5;5.432926;1;15;1;;;;;
0.32;-0.5;-0.5;5.979376;1;15;1;;;;;
0.34;-0.5;-0.5;3.096731;1;15;1;;;;;
0.36;-0.5;-0.5;2.575714;1;15;1;;;;;
0.38;-0.5;-0.5;2.046538;1;15;1;;;;;
0.4;-0.5;-0.5;2.612747;1;15;1;;;;;
0.42;-0.5;-0.5;3.328003;1;15;1;;;;;
0.44;-0.5;-0.5;5.646534;1;15;1;;;;;
0.46;-0.5;-0.5;4.024054;1;15;1;;;;;
0.48;-0.5;-0.5;5.900802;1;15;1;;;;;
0.5;-0.5;-0.5;2.625691;1;15;1;;;;;
0.52;-0.5;-0.5;4.994279;1;15;1;;;;;
0.54;-0.5;-0.5;4.054408;1;15;1;;;;;
0.56;-0.5;-0.5;2.817449;1;15;1;;;;;
0.58;-0.5;-0.5;2.696065;1;15;1;;;;;
0.6;-0.5;-0.5;2.270522;1;15;1;;;;;
0.62;-0.5;-0.5;3.164638;1;15;1;;;;;
0.64;-0.5;-0.5;2.814057;1;15;1;;;;;
0.66;-0.5;-0.5;2.211613;1;15;1;;;;;
0.68;-0.5;-0.5;4.952826;1;15;1;;;;;
0.7;-0.5;-0.5;4.086734;1;15;1;;;;;
0.72;-0.5;-0.5;4.278951;1;15;1;;;;;
0.74;-0.5;-0.5;4.999391;1;15;1;;;;;
0.76;-0.5;-0.5;4.158036;1;15;1;;;;;
0.78;-0.5;-0.5;2.795048;1;15;1;;;;;
0.8;-0.5;-0.5;4.314179;1;15;1;;;;;
0.82;-0.5;-0.5;5.590378;1;15;1;;;;;
0.84;-0.5;-0.5;2.927584;1;15;1;;;;;
0.86;-0.5;-0.5;3.39259;1;15;1;;;;;
0.88;-0.5;-0.5;4.701607;1;15;1;;;;;
0.9;-0.5;-0.5;3.013146;1;15;1;;;;;
0.92;-0.5;-0.5;5.608422;1;15;1;;;;;
0.94;-0.5;-0.5;3.538194;1;15;1;;;;;
0.96;-0.5;-0.5;2.761054;1;15;1;;;;;
0.98;-0.5;-0.5;4.003755;1;15;1;;;;;
1;-0.5;-0.5;5.435995;1;15;1;;;;;
1.02;-0.5;-0.5;5.227954;1;15;1;;;;;
1.04;-0.5;-0.5;4.955631;1;15;1;;;;;
1.06;-0.5;-0.5;5.021236;1;15;1;;;;;
1.08;-0.5;-0.5;2.994072;1;15;1;;;;;
1.1;-0.5;-0.5;3.695403;1;15;1;;;;;
1.12;-0.5;-0.5;4.23281;1;15;1;;;;;
1.14;-0.5;-0.5;4.032909;1;15;1;;;;;
1.16;-0.5;-0.5;3.551393;1;15;1;;;;;
1.18;-0.5;-0.5;3.448061;1;15;1;;;;;
1.2;-0.5;-0.5;4.4279;1;15;1;;;;;
1.22;-0.5;-0.5;5.978772;1;15;1;;;;;
1.24;-0.5;-0.5;3.99926;1;15;1;;;;;
1.26;-0.5;-0.5;4.079569;1;15;1;;;;;
1.28;-0.5;-0.5;3.01599;1;15;1;;;;;
1.3;-0.5;-0.5;4.905015;1;15;1;;;;;
1.32;-0.5;-0.5;3.533238;1;15;1;;;;;
1.34;-0.5;-0.5;2.987433;1;15;1;;;;;
1.36;-0.5;-0.5;4.716557;1;15;1;;;;;
1.38;-0.5;-0.5;3.462749;1;15;1;;;;;
1.4;-0.5;-0.5;5.099297;1;15;1;;;;;
1.42;-0.5;-0.5;5.956902;1;15;1;;;;;
1.44;-0.5;-0.5;3.724588;1;15;1;;;;;
1.46;-0.5;-0.5;4.612691;1;15;1;;;;;
1.48;-0.5;-0.5;4.758326;1;15;1;;;;;
1.5;-0.5;-0.5;5.461124;1;15;1;;;;;
1.52;-0.5;-0.5;2.353615;1;15;1;;;;;
1.54;-0.5;-0.5;4.146702;1;15;1;;;;;
1.56;-0.5;-0.5;2.350009;1;15;1;;;;;
1.58;-0.5;-0.5;4.051653;1;15;1;;;;;
1.6;-0.5;-0.5;3.899536;1;15;1;;;;;
1.62;-0.5;-0.5;2.802679;1;15;1;;;;;
1.64;-0.5;-0.5;2.458927;1;15;1;;;;;
1.66;-0.5;-0.5;3.579584;1;15;1;;;;;
1.68;-0.5;-0.5;5.601977;1;15;1;;;;;
1.7;-0.5;-0.5;2.733248;1;15;1;;;;;
1.72;-0.5;-0.5;2.051816;1;15;1;;;;;
1.74;-0.5;-0.5;3.687577;1;15;1;;;;;
1.76;-0.5;-0.5;3.373074;1;15;1;;;;;
1.78;-0.5;-0.5;5.289151;1;15;1;;;;;
1.8;-0.5;-0.5;5.376508;1;15;1;;;;;
1.82;-0.5;-0.5;3.363017;1;15;1;;;;;
1.84;-0.5;-0.5;3.581017;1;15;1;;;;;
1.86;-0.5;-0.5;2.900997;1;15;1;;;;;
1.88;-0.5;-0.5;3.946461;1;15;1;;;;;
1.9;-0.5;-0.5;5.069634;1;15;1;;;;;
1.92;-0.5;-0.5;3.314641;1;15;1;;;;;
1.94;-0.5;-0.5;4.567676;1;15;1;;;;;
1.96;-0.5;-0.5;4.833165;1;15;1;;;;;
1.98;-0.5;-0.5;4.621541;1;15;1;;;;;
2;-0.5;-0.5;2.431997;1;15;1;;;;;
2.02;-0.5;-0.5;5.020916;1;15;1;;;;;
2.04;-0.5;-0.5;3.539398;1;15;1;;;;;
2.06;-0.5;-0.5;2.246275;1;15;1;;;;;
2.08;-0.5;-0.5;4.520763;1;15;1;;;;;
2.1;-0.5;-0.5;4.803175;1;15;1;;;;;
2.12;-0.5;-0.5;4.911925;1;15;1;;;;;
2.14;-0.5;-0.5;5.421444;1;15;1;;;;;
2.16;-0.5;-0.5;5.213675;1;15;1;;;;;
2.18;-0.5;-0.5;3.163754;1;15;1;;;;;
2.2;-0.5;-0.5;5.315188;1;15;1;;;;;
2.22;-0.5;-0.5;3.382649;1;15;1;;;;;
2.24;-0.5;-0.5;5.060938;1;15;1;;;;;
2.26;-0.5;-0.5;3.380805;1;15;1;;;;;
2.28;-0.5;-0.5;5.638447;1;15;1;;;;;
2.3;-0.5;-0.5;4.341351;1;15;1;;;;;
2.32;-0.5;-0.5;2.195955;1;15;1;;;;;
2.34;-0.5;-0.5;2.745183;1;15;1;;;;;
2.36;-0.5;-0.5;5.195508;1;15;1;;;;;
2.38;-0.5;-0.5;4.552067;1;15;1;;;;;
2.4;-0.5;-0.5;5.784591;1;15;1;;;;;
2.42;-0.5;-0.5;4.276446;1;15;1;;;;;
2.44;-0.5;-0.5;5.801357;1;15;1;;;;;
2.46;-0.5;-0.5;2.462958;1;15;1;;;;;
2.48;-0.5;-0.5;3.93505;1;15;1;;;;;
2.5;-0.5;-0.5;3.784897;1;15;1;;;;;
2.52;-0.5;-0.5;5.390697;1;15;1;;;;;
2.54;-0.5;-0.5;4.827788;1;15;1;;;;;
2.56;-0.5;-0.5;2.274716;1;15;1;;;;;
2.58;-0.5;-0.5;4.416081;1;15;1;;;;;
2.6;-0.5;-0.5;4.551596;1;15;1;;;;;
2.62;-0.5;-0.5;2.292481;1;15;1;;;;;
2.64;-0.5;-0.5;5.004276;1;15;1;;;;;
2.66;-0.5;-0.5;2.025496;1;15;1;;;;;
2.68;-0.5;-0.5;5.333;1;15;1;;;;;
2.7;-0.5;-0.5;2.992279;1;15;1;;;;;
2.72;-0.5;-0.5;4.05657;1;15;1;;;;;
2.74;-0.5;-0.5;2.513725;1;15;1;;;;;
2.76;-0.5;-0.5;5.193722;1;15;1;;;;;
2.78;-0.5;-0.5;4.813501;1;15;1;;;;;
2.8;-0.5;-0.5;3.508933;1;15;1;;;;;
2.82;-0.5;-0.5;4.909695;1;15;1;;;;;
2.84;-0.5;-0.5;5.542764;1;15;1;;;;;
2.86;-0.5;-0.5;5.019381;1;15;1;;;;;
2.88;-0.5;-0.5;2.687923;1;15;1;;;;;
2.9;-0.5;-0.5;4.361835;1;15;1;;;;;
2.92;-0.5;-0.5;2.477396;1;15;1;;;;;
2.94;-0.5;-0.5;4.714309;1;15;1;;;;;
2.96;-0.5;-0.5;2.854826;1;15;1;;;;;
2.98;-0.5;-0.5;4.481302;1;15;1;;;;;
3;-0.5;-0.5;5.471064;1;15;1;;;;;
3.02;-0.5;-0.5;3.182089;1;15;1;;;;;
3.04;-0.5;-0.5;5.614571;1;15;1;;;;;
3.06;-0.5;-0.5;5.42636;1;15;1;;;;;
3.08;-0.5;-0.5;5.459932;1;15;1;;;;;
3.1;-0.5;-0.5;3.170552;1;15;1;;;;;
3.12;-0.5;-0.5;3.768776;1;15;1;;;;;
3.14;-0.5;-0.5;3.406298;1;15;1;;;;;
3.16;-0.5;-0.5;2.916749;1;15;1;;;;;
3.18;-0.5;-0.5;5.45737;1;15;1;;;;;
3.2;-0.5;-0.5;5.396947;1;15;1;;;;;
3.22;-0.5;-0.5;3.625232;1;15;1;;;;;
3.24;-0.5;-0.5;3.661737;1;15;1;;;;;
3.26;-0.5;-0.5;4.05929;1;15;1;;;;;
3.28;-0.5;-0.5;2.207927;1;15;1;;;;;
3.3;-0.5;-0.5;4.507986;1;15;1;;;;;
3.32;-0.5;-0.5;3.407508;1;15;1;;;;;
3.34;-0.5;-0.5;3.947563;1;15;1;;;;;
3.36;-0.5;-0.5;5.104289;1;15;1;;;;;
3.38;-0.5;-0.5;4.888591;1;15;1;;;;;
3.4;-0.5;-0.5;3.274456;1;15;1;;;;;
3.42;-0.5;-0.5;5.424752;1;15;1;;;;;
3.44;-0.5;-0.5;5.933378;1;15;1;;;;;
3.46;-0.5;-0.5;5.957936;1;15;1;;;;;
3.48;-0.5;-0.5;2.188586;1;15;1;;;;;
3.5;-0.5;-0.5;4.426381;1;15;1;;;;;
3.52;-0.5;-0.5;3.838529;1;15;1;;;;;
3.54;-0.5;-0.5;5.276118;1;15;1;;;;;
3.56;-0.5;-0.5;2.463564;1;15;1;;;;;
3.58;-0.5;-0.5;5.74175;1;15;1;;;;;
3.6;-0.5;-0.5;2.147362;1;15;1;;;;;
3.62;-0.5;-0.5;5.088017;1;15;1;;;;;
3.64;-0.5;-0.5;3.097607;1;15;1;;;;;
3.66;-0.5;-0.5;2.597096;1;15;1;;;;;
3.68;-0.5;-0.5;3.348976;1;15;1;;;;;
3.7;-0.5;-0.5;3.678085;1;15;1;;;;;
3.72;-0.5;-0.5;3.576263;1;15;1;;;;;
3.74;-0.5;-0.5;5.618013;1;15;1;;;;;
3.76;-0.5;-0.5;4.671013;1;15;1;;;;;
3.78;-0.5;-0.5;3.93587;1;15;1;;;;;
3.8;-0.5;-0.5;4.772449;1;15;1;;;;;
3.82;-0.5;-0.5;2.890309;1;15;1;;;;;
3.84;-0.5;-0.5;5.775084;1;15;1;;;;;
3.86;-0.5;-0.5;2.12035;1;15;1;;;;;
3.88;-0.5;-0.5;2.763257;1;15;1;;;;;
3.9;-0.5;-0.5;2.04565;1;15;1;;;;;
3.92;-0.5;-0.5;4.168447;1;15;1;;;;;
3.94;-0.5;-0.5;5.159772;1;15;1;;;;;
3.96;-0.5;-0.5;2.676789;1;15;1;;;;;
3.98;-0.5;-0.5;2.766957;1;15;1;;;;;
4;-0.5;-0.5;3.363405;1;15;1;;;;;
4.02;-0.5;-0.5;4.154974;1;15;1;;;;;
4.04;-0.5;-0.5;3.645548;1;15;1;;;;;
4.06;-0.5;-0.5;4.612524;1;15;1;;;;;
4.08;-0.5;-0.5;3.868876;1;15;1;;;;;
4.1;-0.5;-0.5;5.372984;1;15;1;;;;;
4.12;-0.5;-0.5;2.159701;1;15;1;;;;;
4.14;-0.5;-0.5;5.825183;1;15;1;;;;;
4.16;-0.5;-0.5;3.613719;1;15;1;;;;;
4.18;-0.5;-0.5;3.297227;1;15;1;;;;;
4.2;-0.5;-0.5;2.62284;1;15;1;;;;;
4.22;-0.5;-0.5;3.917344;1;15;1;;;;;
4.24;-0.5;-0.5;3.423483;1;15;1;;;;;
4.26;-0.5;-0.5;3.355729;1;15;1;;;;;
4.28;-0.5;-0.5;5.334908;1;15;1;;;;;
4.3;-0.5;-0.5;2.508519;1;15;1;;;;;
4.32;-0.5;-0.5;5.468544;1;15;1;;;;;
4.34;-0.5;-0.5;5.125724;1;15;1;;;;;
4.36;-0.5;-0.5;3.030609;1;15;1;;;;;
4.38;-0.5;-0.5;5.010451;1;15;1;;;;;
4.4;-0.5;-0.5;3.314467;1;15;1;;;;;
4.42;-0.5;-0.5;2.447114;1;15;1;;;;;
4.44;-0.5;-0.5;4.81666;1;15;1;;;;;
4.46;-0.5;-0.5;2.978504;1;15;1;;;;;
4.48;-0.5;-0.5;2.458503;1;15;1;;;;;
4.5;-0.5;-0.5;4.682266;1;15;1;;;;;
4.52;-0.5;-0.5;2.768715;1;15;1;;;;;
4.54;-0.5;-0.5;5.17134;1;15;1;;;;;
4.56;-0.5;-0.5;5.726772;1;15;1;;;;;
4.58;-0.5;-0.5;4.979918;1;15;1;;;;;
4.6;-0.5;-0.5;3.090796;1;15;1;;;;;
4.62;-0.5;-0.5;4.464698;1;15;1;;;;;
4.64;-0.5;-0.5;5.231153;1;15;1;;;;;
4.66;-0.5;-0.5;5.357123;1;15;1;;;;;
4.68;-0.5;-0.5;5.719854;1;15;1;;;;;
4.7;-0.5;-0.5;4.322993;1;15;1;;;;;
4.72;-0.5;-0.5;3.941292;1;15;1;;;;;
4.74;-0.5;-0.5;4.815826;1;15;1;;;;;
4.76;-0.5;-0.5;5.727334;1;15;1;;;;;
4.78;-0.5;-0.5;4.42294;1;15;1;;;;;
4.8;-0.5;-0.5;3.881334;1;15;1;;;;;
4.82;-0.5;-0.5;3.580095;1;15;1;;;;;
4.84;-0.5;-0.5;4.082004;1;15;1;;;;;
4.86;-0.5;-0.5;3.602553;1;15;1;;;;;
4.88;-0.5;-0.5;5.788472;1;15;1;;;;;
4.9;-0.5;-0.5;2.497524;1;15;1;;;;;
4.92;-0.5;-0.5;2.921489;1;15;1;;;;;
4.94;-0.5;-0.5;4.526304;1;15;1;;;;;
4.96;-0.5;-0.5;5.23298;1;15;1;;;;;
4.98;-0.5;-0.5;4.860954;1;15;1;;;;;
5;-0.5;-0.5;4.544879;1;15;1;;;;;
5.02;-0.5;-0.5;2.721617;1;15;1;;;;;
5.04;-0.5;-0.5;3.586461;1;15;1;;;;;
5.06;-0.5;-0.5;3.63467;1;15;1;;;;;
5.08;-0.5;-0.5;3.264468;1;15;1;;;;;
5.1;-0.5;-0.5;5.324027;1;15;1;;;;;
5.12;-0.5;-0.5;2.479146;1;15;1;;;;;
5.14;-0.5;-0.5;5.532975;1;15;1;;;;;
5.16;-0.5;-0.5;5.522463;1;15;1;;;;;
5.18;-0.5;-0.5;2.381712;1;15;1;;;;;
5.2;-0.5;-0.5;5.380214;1;15;1;;;;;
5.22;-0.5;-0.5;2.299918;1;15;1;;;;;
5.24;-0.5;-0.5;3.009209;1;15;1;;;;;
5.26;-0.5;-0.5;3.546699;1;15;1;;;;;
5.28;-0.5;-0.5;3.191111;1;15;1;;;;;
5.3;-0.5;-0.5;3.260699;1;15;1;;;;;
5.32;-0.5;-0.5;2.759724;1;15;1;;;;;
5.34;-0.5;-0.5;4.21452;1;15;1;;;;;
5.36;-0.5;-0.5;2.685932;1;15;1;;;;;
5.38;-0.5;-0.5;3.043355;1;15;1;;;;;
5.4;-0.5;-0.5;5.304631;1;15;1;;;;;
5.42;-0.5;-0.5;4.348265;1;15;1;;;;;
5.44;-0.5;-0.5;2.823314;1;15;1;;;;;
5.46;-0.5;-0.5;5.950841;1;15;1;;;;;
5.48;-0.5;-0.5;3.225536;1;15;1;;;;;
5.5;-0.5;-0.5;5.350547;1;15;1;;;;;
5.52;-0.5;-0.5;4.227363;1;15;1;;;;;
5.54;-0.5;-0.5;5.456111;1;15;1;;;;;
5.56;-0.5;-0.5;2.389465;1;15;1;;;;;
5.58;-0.5;-0.5;3.034739;1;15;1;;;;;
5.6;-0.5;-0.5;5.970421;1;15;1;;;;;
5.62;-0.5;-0.5;4.658207;1;15;1;;;;;
5.64;-0.5;-0.5;4.799593;1;15;1;;;;;
5.66;-0.5;-0.5;3.973685;1;15;1;;;;;
5.68;-0.5;-0.5;5.402616;1;15;1;;;;;
5.7;-0.5;-0.5;2.756173;1;15;1;;;;;
5.72;-0.5;-0.5;5.795714;1;15;1;;;;;
5.74;-0.5;-0.5;4.354042;1;15;1;;;;;
5.76;-0.5;-0.5;4.418303;1;15;1;;;;;
5.78;-0.5;-0.5;5.916879;1;15;1;;;;;
5.8;-0.5;-0.5;2.272141;1;15;1;;;;;
5.82;-0.5;-0.5;5.304491;1;15;1;;;;;
5.84;-0.5;-0.5;5.333748;1;15;1;;;;;
5.86;-0.5;-0.5;5.031648;1;15;1;;;;;
5.88;-0.5;-0.5;3.633609;1;15;1;;;;;
5.9;-0.5;-0.5;4.680886;1;15;1;;;;;
5.92;-0.5;-0.5;5.096745;1;15;1;;;;;
5.94;-0.5;-0.5;3.949375;1;15;1;;;;;
5.96;-0.5;-0.5;2.192278;1;15;1;;;;;
5.98;-0.5;-0.5;3.314236;1;15;1;;;;;
6;-0.5;-0.5;5.282647;1;15;1;;;;;
6.02;-0.5;-0.5;5.062198;1;15;1;;;;;
6.04;-0.5;-0.5;2.225413;1;15;1;;;;;
6.06;-0.5;-0.5;3.273026;1;15;1;;;;;
6.08;-0.5;-0.5;4.798308;1;15;1;;;;;
6.1;-0.5;-0.5;2.553359;1;15;1;;;;;
6.12;-0.5;-0.5;4.725646;1;15;1;;;;;
6.14;-0.5;-0.5;4.338879;1;15;1;;;;;
6.16;-0.5;-0.5;2.786891;1;15;1;;;;;
6.18;-0.5;-0.5;2.880818;1;15;1;;;;;
6.2;-0.5;-0.5;4.426896;1;15;1;;;;;
6.22;-0.5;-0.5;4.638294;1;15;1;;;;;
6.24;-0.5;-0.5;5.324263;1;15;1;;;;;
6.26;-0.5;-0.5;2.949755;1;15;1;;;;;
6.28;-0.5;-0.5;2.721525;1;15;1;;;;;
6.3;-0.5;-0.5;3.875546;1;15;1;;;;;
6.32;-0.5;-0.5;4.082908;1;15;1;;;;;
6.34;-0.5;-0.5;5.515819;1;15;1;;;;;
6.36;-0.5;-0.5;4.44794;1;15;1;;;;;
6.38;-0.5;-0.5;4.544807;1;15;1;;;;;
6.4;-0.5;-0.5;2.031477;1;15;1;;;;;
6.42;-0.5;-0.5;5.577013;1;15;1;;;;;
6.44;-0.5;-0.5;2.205513;1;15;1;;;;;
6.46;-0.5;-0.5;4.961386;1;15;1;;;;;
6.48;-0.5;-0.5;5.414805;1;15;1;;;;;
6.5;-0.5;-0.5;2.471821;1;15;1;;;;;
6.52;-0.5;-0.5;2.47432;1;15;1;;;;;
6.54;-0.5;-0.5;5.305574;1;15;1;;;;;
6.56;-0.5;-0.5;3.529396;1;15;1;;;;;
6.58;-0.5;-0.5;4.47851;1;15;1;;;;;
6.6;-0.5;-0.5;3.633129;1;15;1;;;;;
6.62;-0.5;-0.5;4.442286;1;15;1;;;;;
6.64;-0.5;-0.5;4.213811;1;15;1;;;;;
6.66;-0.5;-0.5;3.220121;1;15;1;;;;;
6.68;-0.5;-0.5;4.808729;1;15;1;;;;;
6.7;-0.5;-0.5;3.496689;1;15;1;;;;;
6.72;-0.5;-0.5;5.932606;1;15;1;;;;;
6.74;-0.5;-0.5;2.158216;1;15;1;;;;;
6.76;-0.5;-0.5;3.883725;1;15;1;;;;;
6.78;-0.5;-0.5;2.435616;1;15;1;;;;;
6.8;-0.5;-0.5;3.645965;1;15;1;;;;;
6.82;-0.5;-0.5;5.641403;1;15;1;;;;;
6.84;-0.5;-0.5;5.79129;1;15;1;;;;;
6.86;-0.5;-0.5;4.681868;1;15;1;;;;;
6.88;-0.5;-0.5;4.878922;1;15;1;;;;;
6.9;-0.5;-0.5;2.251673;1;15;1;;;;;
6.92;-0.5;-0.5;5.124131;1;15;1;;;;;
6.94;-0.5;-0.5;5.232443;1;15;1;;;;;
6.96;-0.5;-0.5;3.343709;1;15;1;;;;;
6.98;-0.5;-0.5;2.366084;1;15;1;;;;;
7;-0.5;-0.5;5.131471;1;15;1;;;;;
7.02;-0.5;-0.5;3.0509;1;15;1;;;;;
7.04;-0.5;-0.5;5.667531;1;15;1;;;;;
7.06;-0.5;-0.5;4.713785;1;15;1;;;;;
7.08;-0.5;-0.5;5.639205;1;15;1;;;;;
7.1;-0.5;-0.5;5.018929;1;15;1;;;;;
7.12;-0.5;-0.5;5.148461;1;15;1;;;;;
7.14;-0.5;-0.5;2.562285;1;15;1;;;;;
7.16;-0.5;-0.5;5.577663;1;15;1;;;;;
7.18;-0.5;-0.5;2.848016;1;15;1;;;;;
7.2;-0.5;-0.5;2.172422;1;15;1;;;;;
7.22;-0.5;-0.5;2.620849;1;15;1;;;;;
7.24;-0.5;-0.5;2.543478;1;15;1;;;;;
7.26;-0.5;-0.5;2.078678;1;15;1;;;;;
7.28;-0.5;-0.5;2.915721;1;15;1;;;;;
7.3;-0.5;-0.5;5.936795;1;15;1;;;;;
7.32;-0.5;-0.5;5.460376;1;15;1;;;;;
7.34;-0.5;-0.5;4.94347;1;15;1;;;;;
7.36;-0.5;-0.5;5.107637;1;15;1;;;;;
7.38;-0.5;-0.5;3.941445;1;15;1;;;;;
7.4;-0.5;-0.5;5.825158;1;15;1;;;;;
7.42;-0.5;-0.5;2.090703;1;15;1;;;;;
7.44;-0.5;-0.5;2.217204;1;15;1;;;;;
7.46;-0.5;-0.5;2.366679;1;15;1;;;;;
7.48;-0.5;-0.5;3.521517;1;15;1;;;;;
7.5;-0.5;-0.5;3.483747;1;15;1;;;;;
7.52;-0.5;-0.5;5.703348;1;15;1;;;;;
7.54;-0.5;-0.5;2.243272;1;15;1;;;;;
7.56;-0.5;-0.5;4.904192;1;15;1;;;;;
7.58;-0.5;-0.5;5.516012;1;15;1;;;;;
7.6;-0.5;-0.5;5.392751;1;15;1;;;;;
7.62;-0.5;-0.5;3.325227;1;15;1;;;;;
7.64;-0.5;-0.5;2.566225;1;15;1;;;;;
7.66;-0.5;-0.5;3.889002;1;15;1;;;;;
7.68;-0.5;-0.5;5.963067;1;15;1;;;;;
7.7;-0.5;-0.5;4.693459;1;15;1;;;;;
7.72;-0.5;-0.5;4.057081;1;15;1;;;;;
7.74;-0.5;-0.5;5.663677;1;15;1;;;;;
7.76;-0.5;-0.5;5.256157;1;15;1;;;;;
7.78;-0.5;-0.5;3.736541;1;15;1;;;;;
7.8;-0.5;-0.5;2.056413;1;15;1;;;;;
7.82;-0.5;-0.5;5.884741;1;15;1;;;;;
7.84;-0.5;-0.5;5.978532;1;15;1;;;;;
7.86;-0.5;-0.5;4.671631;1;15;1;;;;;
7.88;-0.5;-0.5;4.092478;1;15;1;;;;;
7.9;-0.5;-0.5;4.02134;1;15;1;;;;;
7.92;-0.5;-0.5;2.279461;1;15;1;;;;;
7.94;-0.5;-0.5;4.016963;1;15;1;;;;;
7.96;-0.5;-0.5;4.738751;1;15;1;;;;;
7.98;-0.5;-0.5;2.583939;1;15;1;;;;;
8;-0.5;-0.5;5.966201;1;15;1;;;;;
8.02;-0.5;-0.5;5.04235;1;15;1;;;;;
8.04;-0.5;-0.5;3.994474;1;15;1;;;;;
8.059999;-0.5;-0.5;3.18921;1;15;1;;;;;
8.08;-0.5;-0.5;5.081761;1;15;1;;;;;
8.099999;-0.5;-0.5;2.220736;1;15;1;;;;;
8.12;-0.5;-0.5;5.131928;1;15;1;;;;;
8.139999;-0.5;-0.5;5.69808;1;15;1;;;;;
8.16;-0.5;-0.5;3.161627;1;15;1;;;;;
8.179999;-0.5;-0.5;2.458393;1;15;1;;;;;
8.2;-0.5;-0.5;4.778411;1;15;1;;;;;
8.22;-0.5;-0.5;2.838754;1;15;1;;;;;
8.24;-0.5;-0.5;2.443719;1;15;1;;;;;
8.26;-0.5;-0.5;3.469799;1;15;1;;;;;
8.28;-0.5;-0.5;4.733463;1;15;1;;;;;
8.3;-0.5;-0.5;5.403469;1;15;1;;;;;
8.32;-0.5;-0.5;5.30285;1;15;1;;;;;
8.34;-0.5;-0.5;4.950658;1;15;1;;;;;
8.36;-0.5;-0.5;4.069642;1;15;1;;;;;
8.38;-0.5;-0.5;2.908088;1;15;1;;;;;
8.4;-0.5;-0.5;3.035642;1;15;1;;;;;
8.42;-0.5;-0.5;4.74784;1;15;1;;;;;
8.44;-0.5;-0.5;2.811259;1;15;1;;;;;
8.46;-0.5;-0.5;2.698022;1;15;1;;;;;
8.48;-0.5;-0.5;2.486302;1;15;1;;;;;
8.5;-0.5;-0.5;4.456517;1;15;1;;;;;
8.52;-0.5;-0.5;2.628384;1;15;1;;;;;
8.54;-0.5;-0.5;3.232916;1;15;1;;;;;
8.559999;-0.5;-0.5;2.814597;1;15;1;;;;;
8.58;-0.5;-0.5;5.346938;1;15;1;;;;;
8.599999;-0.5;-0.5;5.220447;1;15;1;;;;;
8.62;-0.5;-0.5;2.995812;1;15;1;;;;;
8.639999;-0.5;-0.5;3.633278;1;15;1;;;;;
8.66;-0.5;-0.5;3.097738;1;15;1;;;;;
8.679999;-0.5;-0.5;5.025564;1;15;1;;;;;
8.7;-0.5;-0.5;3.243924;1;15;1;;;;;
8.72;-0.5;-0.5;2.50883;1;15;1;;;;;
8.74;-0.5;-0.5;3.191239;1;15;1;;;;;
8.76;-0.5;-0.5;5.946504;1;15;1;;;;;
8.78;-0.5;-0.5;4.931112;1;15;1;;;;;
8.8;-0.5;-0.5;2.481162;1;15;1;;;;;
8.82;-0.5;-0.5;2.295719;1;15;1;;;;;
8.84;-0.5;-0.5;3.736992;1;15;1;;;;;
8.86;-0.5;-0.5;3.553018;1;15;1;;;;;
8.88;-0.5;-0.5;3.104514;1;15;1;;;;;
8.9;-0.5;-0.5;4.089826;1;15;1;;;;;
8.92;-0.5;-0.5;3.53564;1;15;1;;;;;
8.94;-0.5;-0.5;2.386803;1;15;1;;;;;
8.96;-0.5;-0.5;5.658897;1;15;1;;;;;
8.98;-0.5;-0.5;2.348932;1;15;1;;;;;
9;-0.5;-0.5;5.436531;1;15;1;;;;;
9.02;-0.5;-0.5;2.040764;1;15;1;;;;;
9.04;-0.5;-0.5;3.14556;1;15;1;;;;;
9.059999;-0.5;-0.5;4.534624;1;15;1;;;;;
9.08;-0.5;-0.5;2.755814;1;15;1;;;;;
9.099999;-0.5;-0.5;5.45102;1;15;1;;;;;
9.12;-0.5;-0.5;5.666547;1;15;1;;;;;
9.139999;-0.5;-0.5;5.769433;1;15;1;;;;;
9.16;-0.5;-0.5;3.162861;1;15;1;;;;;
9.179999;-0.5;-0.5;2.423366;1;15;1;;;;;
9.2;-0.5;-0.5;5.184506;1;15;1;;;;;
9.22;-0.5;-0.5;4.855061;1;15;1;;;;;
9.24;-0.5;-0.5;2.865948;1;15;1;;;;;
9.26;-0.5;-0.5;2.539305;1;15;1;;;;;
9.28;-0.5;-0.5;4.463345;1;15;1;;;;;
9.3;-0.5;-0.5;5.265615;1;15;1;;;;;
9.32;-0.5;-0.5;2.126084;1;15;1;;;;;
9.34;-0.5;-0.5;5.583753;1;15;1;;;;;
9.36;-0.5;-0.5;5.22971;1;15;1;;;;;
9.38;-0.5;-0.5;4.603309;1;15;1;;;;;
9.4;-0.5;-0.5;2.677125;1;15;1;;;;;
9.42;-0.5;-0.5;5.470082;1;15;1;;;;;
9.44;-0.5;-0.5;5.11701;1;15;1;;;;;
9.46;-0.5;-0.5;2.037319;1;15;1;;;;;
9.48;-0.5;-0.5;3.345607;1;15;1;;;;;
9.5;-0.5;-0.5;2.7896;1;15;1;;;;;
9.52;-0.5;-0.5;2.590368;1;15;1;;;;;
9.54;-0.5;-0.5;4.149434;1;15;1;;;;;
9.559999;-0.5;-0.5;4.120811;1;15;1;;;;;
9.58;-0.5;-0.5;4.010728;1;15;1;;;;;
9.599999;-0.5;-0.5;5.323937;1;15;1;;;;;
9.62;-0.5;-0.5;3.807835;1;15;1;;;;;
9.639999;-0.5;-0.5;2.082554;1;15;1;;;;;
9.66;-0.5;-0.5;3.010798;1;15;1;;;;;
9.679999;-0.5;-0.5;2.988047;1;15;1;;;;;
9.7;-0.5;-0.5;2.352917;1;15;1;;;;;
9.719999;-0.5;-0.5;5.814658;1;15;1;;;;;
9.74;-0.5;-0.5;5.412977;1;15;1;;;;;
9.76;-0.5;-0.5;3.661054;1;15;1;;;;;
9.78;-0.5;-0.5;5.446383;1;15;1;;;;;
9.8;-0.5;-0.5;3.697341;1;15;1;;;;;
9.82;-0.5;-0.5;4.626357;1;15;1;;;;;
9.84;-0.5;-0.5;2.549605;1;15;1;;;;;
9.86;-0.5;-0.5;2.702418;1;15;1;;;;;
9.88;-0.5;-0.5;2.474886;1;15;1;;;;;
9.9;-0.5;-0.5;2.109107;1;15;1;;;;;
9.92;-0.5;-0.5;4.871069;1;15;1;;;;;
9.94;-0.5;-0.5;2.86115;1;15;1;;;;;
9.96;-0.5;-0.5;2.55267;1;15;1;;;;;
9.98;-0.5;-0.5;2.103073;1;15;1;;;;;
10;-0.5;-0.5;4.869738;1;15;1;;;;;
10.02;-0.5;-0.5;5.738439;1;15;1;;;;;
10.04;-0.5;-0.5;5.979577;1;15;1;;;;;
10.06;-0.5;-0.5;4.518608;1;15;1;;;;;
10.08;-0.5;-0.5;3.658341;1;15;1;;;;;
10.1;-0.5;-0.5;5.941546;1;15;1;;;;;
10.12;-0.5;-0.5;3.973415;1;15;1;;;;;
10.14;-0.5;-0.5;3.728558;1;15;1;;;;;
10.16;-0.5;-0.5;4.641531;1;15;1;;;;;
10.18;-0.5;-0.5;4.133941;1;15;1;;;;;
10.2;-0.5;-0.5;4.7614;1;15;1;;;;;
10.22;-0.5;-0.5;2.86933;1;15;1;;;;;
10.24;-0.5;-0.5;5.174841;1;15;1;;;;;
10.26;-0.5;-0.5;2.504972;1;15;1;;;;;
10.28;-0.5;-0.5;4.189619;1;15;1;;;;;
10.3;-0.5;-0.5;2.175088;1;15;1;;;;;
10.32;-0.5;-0.5;4.32616;1;15;1;;;;;
10.34;-0.5;-0.5;4.248547;1;15;1;;;;;
10.36;-0.5;-0.5;5.888163;1;15;1;;;;;
10.38;-0.5;-0.5;3.908568;1;15;1;;;;;
10.4;-0.5;-0.5;2.748351;1;15;1;;;;;
10.42;-0.5;-0.5;5.133175;1;15;1;;;;;
10.44;-0.5;-0.5;3.330205;1;15;1;;;;;
10.46;-0.5;-0.5;2.572977;1;15;1;;;;;
10.48;-0.5;-0.5;2.310247;1;15;1;;;;;
10.5;-0.5;-0.5;3.410354;1;15;1;;;;;
10.52;-0.5;-0.5;3.948655;1;15;1;;;;;
10.54;-0.5;-0.5;2.545085;1;15;1;;;;;
10.56;-0.5;-0.5;3.418334;1;15;1;;;;;
10.58;-0.5;-0.5;2.511551;1;15;1;;;;;
10.6;-0.5;-0.5;5.557596;1;15;1;;;;;
10.62;-0.5;-0.5;4.457644;1;15;1;;;;;
10.64;-0.5;-0.5;4.167468;1;15;1;;;;;
10.66;-0.5;-0.5;4.108999;1;15;1;;;;;
10.68;-0.5;-0.5;5.138115;1;15;1;;;;;
10.7;-0.5;-0.5;5.290091;1;15;1;;;;;
10.72;-0.5;-0.5;4.072242;1;15;1;;;;;
10.74;-0.5;-0.5;5.773283;1;15;1;;;;;
10.76;-0.5;-0.5;2.170765;1;15;1;;;;;
10.78;-0.5;-0.5;3.804724;1;15;1;;;;;
10.8;-0.5;-0.5;3.910049;1;15;1;;;;;
10.82;-0.5;-0.5;5.292111;1;15;1;;;;;
10.84;-0.5;-0.5;2.44979;1;15;1;;;;;
10.86;-0.5;-0.5;5.976459;1;15;1;;;;;
10.88;-0.5;-0.5;5.524555;1;15;1;;;;;
10.9;-0.5;-0.5;4.062855;1;15;1;;;;;
10.92;-0.5;-0.5;5.858078;1;15;1;;;;;
10.94;-0.5;-0.5;4.155891;1;15;1;;;;;
10.96;-0.5;-0.5;4.077405;1;15;1;;;;;
10.98;-0.5;-0.5;3.531037;1;15;1;;;;;
11;-0.5;-0.5;3.552787;1;15;1;;;;;
11.02;-0.5;-0.5;3.022389;1;15;1;;;;;
11.04;-0.5;-0.5;2.351573;1;15;1;;;;;
11.06;-0.5;-0.5;3.540853;1;15;1;;;;;
11.08;-0.5;-0.5;5.904957;1;15;1;;;;;
11.1;-0.5;-0.5;5.645169;1;15;1;;;;;
11.12;-0.5;-0.5;2.181516;1;15;1;;;;;
11.14;-0.5;-0.5;2.975735;1;15;1;;;;;
11.16;-0.5;-0.5;3.728161;1;15;1;;;;;
11.18;-0.5;-0.5;5.8271;1;15;1;;;;;
11.2;-0.5;-0.5;4.016884;1;15;1;;;;;
11.22;-0.5;-0.5;4.516306;1;15;1;;;;;
11.24;-0.5;-0.5;5.792281;1;15;1;;;;;
11.26;-0.5;-0.5;2.819127;1;15;1;;;;;
11.28;-0.5;-0.5;5.4433;1;15;1;;;;;
11.3;-0.5;-0.5;4.284472;1;15;1;;;;;
11.32;-0.5;-0.5;4.974294;1;15;1;;;;;
11.34;-0.5;-0.5;2.037683;1;15;1;;;;;
11.36;-0.5;-0.5;5.98059;1;15;1;;;;;
11.38;-0.5;-0.5;2.930308;1;15;1;;;;;
11.4;-0.5;-0.5;4.092514;1;15;1;;;;;
11.42;-0.5;-0.5;2.469674;1;15;1;;;;;
11.44;-0.5;-0.5;4.462963;1;15;1;;;;;
11.46;-0.5;-0.5;4.053955;1;15;1;;;;;
11.48;-0.5;-0.5;3.854286;1;15;1;;;;;
11.5;-0.5;-0.5;2.656616;1;15;1;;;;;
11.52;-0.5;-0.5;2.177421;1;15;1;;;;;
11.54;-0.5;-0.5;5.68321;1;15;1;;;;;
11.56;-0.5;-0.5;3.44462;1;15;1;;;;;
11.58;-0.5;-0.5;5.025462;1;15;1;;;;;
11.6;-0.5;-0.5;4.213034;1;15;1;;;;;
11.62;-0.5;-0.5;2.401084;1;15;1;;;;;
11.64;-0.5;-0.5;4.431808;1;15;1;;;;;
11.66;-0.5;-0.5;3.497546;1;15;1;;;;;
11.68;-0.5;-0.5;3.361773;1;15;1;;;;;
11.7;-0.5;-0.5;4.016647;1;15;1;;;;;
11.72;-0.5;-0.5;5.899131;1;15;1;;;;;
11.74;-0.5;-0.5;2.160542;1;15;1;;;;;
11.76;-0.5;-0.5;4.731691;1;15;1;;;;;
11.78;-0.5;-0.5;4.938049;1;15;1;;;;;
11.8;-0.5;-0.5;4.276636;1;15;1;;;;;
11.82;-0.5;-0.5;3.445388;1;15;1;;;;;
11.84;-0.5;-0.5;5.851021;1;15;1;;;;;
11.86;-0.5;-0.5;2.532335;1;15;1;;;;;
11.88;-0.5;-0.5;5.80237;1;15;1;;;;;
11.9;-0.5;-0.5;2.209827;1;15;1;;;;;
11.92;-0.5;-0.5;5.03409;1;15;1;;;;;
11.94;-0.5;-0.5;2.255474;1;15;1;;;;;
11.96;-0.5;-0.5;4.631284;1;15;1;;;;;
11.98;-0.5;-0.5;5.891555;1;15;1;;;;;
12;-0.5;-0.5;4.999487;1;15;1;;;;;
12.02;-0.5;-0.5;5.235914;1;15;1;;;;;
12.04;-0.5;-0.5;5.542974;1;15;1;;;;;
12.06;-0.5;-0.5;3.351027;1;15;1;;;;;
12.08;-0.5;-0.5;5.034741;1;15;1;;;;;
12.1;-0.5;-0.5;3.370039;1;15;1;;;;;
12.12;-0.5;-0.5;5.715081;1;15;1;;;;;
12.14;-0.5;-0.5;3.04214;1;15;1;;;;;
12.16;-0.5;-0.5;3.216597;1;15;1;;;;;
12.18;-0.5;-0.5;5.524457;1;15;1;;;;;
12.2;-0.5;-0.5;4.274854;1;15;1;;;;;
12.22;-0.5;-0.5;2.977162;1;15;1;;;;;
12.24;-0.5;-0.5;5.119825;1;15;1;;;;;
12.26;-0.5;-0.5;4.576765;1;15;1;;;;;
12.28;-0.5;-0.5;2.825497;1;15;1;;;;;
12.3;-0.5;-0.5;3.719286;1;15;1;;;;;
12.32;-0.5;-0.5;5.963389;1;15;1;;;;;
12.34;-0.5;-0.5;5.929249;1;15;1;;;;;
12.36;-0.5;-0.5;2.621015;1;15;1;;;;;
12.38;-0.5;-0.5;2.697673;1;15;1;;;;;
12.4;-0.5;-0.5;4.048063;1;15;1;;;;;
12.42;-0.5;-0.5;5.381868;1;15;1;;;;;
12.44;-0.5;-0.5;3.869321;1;15;1;;;;;
12.46;-0.5;-0.5;4.986259;1;15;1;;;;;
12.48;-0.5;-0.5;2.83794;1;15;1;;;;;
12.5;-0.5;-0.5;2.263309;1;15;1;;;;;
12.52;-0.5;-0.5;2.369159;1;15;1;;;;;
12.54;-0.5;-0.5;4.401759;1;15;1;;;;;
12.56;-0.5;-0.5;5.628269;1;15;1;;;;;
12.58;-0.5;-0.5;3.830553;1;15;1;;;;;
12.6;-0.5;-0.5;3.570303;1;15;1;;;;;
12.62;-0.5;-0.5;4.363763;1;15;1;;;;;
12.64;-0.5;-0.5;3.422383;1;15;1;;;;;
12.66;-0.5;-0.5;3.30417;1;15;1;;;;;
12.68;-0.5;-0.5;5.299923;1;15;1;;;;;
12.7;-0.5;-0.5;5.26913;1;15;1;;;;;
12.72;-0.5;-0.5;2.579931;1;15;1;;;;;
12.74;-0.5;-0.5;3.646567;1;15;1;;;;;
12.76;-0.5;-0.5;3.02841;1;15;1;;;;;
12.78;-0.5;-0.5;4.035246;1;15;1;;;;;
12.8;-0.5;-0.5;3.309186;1;15;1;;;;;
12.82;-0.5;-0.5;2.435336;1;15;1;;;;;
12.84;-0.5;-0.5;5.274005;1;15;1;;;;;
12.86;-0.5;-0.5;4.345238;1;15;1;;;;;
12.88;-0.5;-0.5;2.840461;1;15;1;;;;;
12.9;-0.5;-0.5;2.719368;1;15;1;;;;;
12.92;-0.5;-0.5;4.758517;1;15;1;;;;;
12.94;-0.5;-0.5;4.145689;1;15;1;;;;;
12.96;-0.5;-0.5;2.103902;1;15;1;;;;;
12.98;-0.5;-0.5;4.112205;1;15;1;;;;;
13;-0.5;-0.5;2.163083;1;15;1;;;;;
13.02;-0.5;-0.5;4.708332;1;15;1;;;;;
13.04;-0.5;-0.5;2.461508;1;15;1;;;;;
13.06;-0.5;-0.5;3.613119;1;15;1;;;;;
13.08;-0.5;-0.5;3.848253;1;15;1;;;;;
13.1;-0.5;-0.5;3.482054;1;15;1;;;;;
13.12;-0.5;-0.5;2.194738;1;15;1;;;;;
13.14;-0.5;-0.5;5.118649;1;15;1;;;;;
13.16;-0.5;-0.5;3.350093;1;15;1;;;;;
13.18;-0.5;-0.5;3.286577;1;15;1;;;;;
13.2;-0.5;-0.5;3.447317;1;15;1;;;;;
13.22;-0.5;-0.5;5.595041;1;15;1;;;;;
13.24;-0.5;-0.5;2.90767;1;15;1;;;;;
13.26;-0.5;-0.5;3.642902;1;15;1;;;;;
13.28;-0.5;-0.5;2.83373;1;15;1;;;;;
13.3;-0.5;-0.5;3.214926;1;15;1;;;;;
13.32;-0.5;-0.5;5.431877;1;15;1;;;;;
13.34;-0.5;-0.5;5.256563;1;15;1;;;;;
13.36;-0.5;-0.5;5.671747;1;15;1;;;;;
13.38;-0.5;-0.5;3.689195;1;15;1;;;;;
13.4;-0.5;-0.5;4.750883;1;15;1;;;;;
13.42;-0.5;-0.5;2.310705;1;15;1;;;;;
13.44;-0.5;-0.5;5.371757;1;15;1;;;;;
13.46;-0.5;-0.5;3.114037;1;15;1;;;;;
13.48;-0.5;-0.5;3.321874;1;15;1;;;;;
13.5;-0.5;-0.5;5.741189;1;15;1;;;;;
13.52;-0.5;-0.5;5.221084;1;15;1;;;;;
13.54;-0.5;-0.5;2.137541;1;15;1;;;;;
13.56;-0.5;-0.5;4.432144;1;15;1;;;;;
13.58;-0.5;-0.5;5.113999;1;15;1;;;;;
13.6;-0.5;-0.5;4.915007;1;15;1;;;;;
13.62;-0.5;-0.5;2.527033;1;15;1;;;;;
13.64;-0.5;-0.5;2.419783;1;15;1;;;;;
13.66;-0.5;-0.5;3.38623;1;15;1;;;;;
13.68;-0.5;-0.5;2.98395;1;15;1;;;;;
13.7;-0.5;-0.5;4.059397;1;15;1;;;;;
13.72;-0.5;-0.5;4.571209;1;15;1;;;;;
13.74;-0.5;-0.5;2.951678;1;15;1;;;;;
13.76;-0.5;-0.5;2.674244;1;15;1;;;;;
13.78;-0.5;-0.5;2.350505;1;15;1;;;;;
13.8;-0.5;-0.5;4.849921;1;15;1;;;;;
13.82;-0.5;-0.5;3.989267;1;15;1;;;;;
13.84;-0.5;-0.5;5.391595;1;15;1;;;;;
13.86;-0.5;-0.5;5.219715;1;15;1;;;;;
13.88;-0.5;-0.5;4.210892;1;15;1;;;;;
13.9;-0.5;-0.5;5.387349;1;15;1;;;;;
13.92;-0.5;-0.5;3.74413;1;15;1;;;;;
13.94;-0.5;-0.5;5.696216;1;15;1;;;;;
13.96;-0.5;-0.5;5.382441;1;15;1;;;;;
13.98;-0.5;-0.5;3.291916;1;15;1;;;;;
14;-0.5;-0.5;4.636589;1;15;1;;;;;
14.02;-0.5;-0.5;4.986421;1;15;1;;;;;
14.04;-0.5;-0.5;5.357927;1;15;1;;;;;
14.06;-0.5;-0.5;5.905498;1;15;1;;;;;
14.08;-0.5;-0.5;2.279863;1;15;1;;;;;
14.1;-0.5;-0.5;2.389421;1;15;1;;;;;
14.12;-0.5;-0.5;3.282086;1;15;1;;;;;
14.14;-0.5;-0.5;3.534684;1;15;1;;;;;
14.16;-0.5;-0.5;2.924069;1;15;1;;;;;
14.18;-0.5;-0.5;5.114237;1;15;1;;;;;
14.2;-0.5;-0.5;4.580989;1;15;1;;;;;
14.22;-0.5;-0.5;4.327208;1;15;1;;;;;
14.24;-0.5;-0.5;3.17852;1;15;1;;;;;
14.26;-0.5;-0.5;5.87937;1;15;1;;;;;
14.28;-0.5;-0.5;3.401052;1;15;1;;;;;
14.3;-0.5;-0.5;5.788278;1;15;1;;;;;
14.32;-0.5;-0.5;4.336251;1;15;1;;;;;
14.34;-0.5;-0.5;4.637535;1;15;1;;;;;
14.36;-0.5;-0.5;3.637758;1;15;1;;;;;
14.38;-0.5;-0.5;4.939672;1;15;1;;;;;
14.4;-0.5;-0.5;2.922959;1;15;1;;;;;
14.42;-0.5;-0.5;4.326579;1;15;1;;;;;
14.44;-0.5;-0.5;5.684439;1;15;1;;;;;
14.46;-0.5;-0.5;4.419538;1;15;1;;;;;
14.48;-0.5;-0.5;5.904814;1;15;1;;;;;
14.5;-0.5;-0.5;5.940506;1;15;1;;;;;
14.52;-0.5;-0.5;4.39141;1;15;1;;;;;
14.54;-0.5;-0.5;5.767702;1;15;1;;;;;
14.56;-0.5;-0.5;4.075395;1;15;1;;;;;
14.58;-0.5;-0.5;4.240947;1;15;1;;;;;
14.6;-0.5;-0.5;2.310666;1;15;1;;;;;
14.62;-0.5;-0.5;4.930468;1;15;1;;;;;
14.64;-0.5;-0.5;3.371564;1;15;1;;;;;
14.66;-0.5;-0.5;4.850513;1;15;1;;;;;
14.68;-0.5;-0.5;5.023139;1;15;1;;;;;
14.7;-0.5;-0.5;5.855834;1;15;1;;;;;
14.72;-0.5;-0.5;4.986497;1;15;1;;;;;
14.74;-0.5;-0.5;3.911267;1;15;1;;;;;
14.76;-0.5;-0.5;3.654743;1;15;1;;;;;
14.78;-0.5;-0.5;4.207234;1;15;1;;;;;
14.8;-0.5;-0.5;2.957426;1;15;1;;;;;
14.82;-0.5;-0.5;5.6486;1;15;1;;;;;
14.84;-0.5;-0.5;3.665776;1;15;1;;;;;
14.86;-0.5;-0.5;4.296131;1;15;1;;;;;
14.88;-0.5;-0.5;5.665193;1;15;1;;;;;
14.9;-0.5;-0.5;3.648659;1;15;1;;;;;
14.92;-0.5;-0.5;5.275043;1;15;1;;;;;
14.94;-0.5;-0.5;2.590213;1;15;1;;;;;
14.96;-0.5;-0.5;3.060371;1;15;1;;;;;
14.98;-0.5;-0.5;5.502093;1;15;1;;;;;
15;-0.5;-0.5;3.9869;1;15;1;;;;;
15.02;-0.5;-0.5;3.720218;1;15;1;;;;;
15.04;-0.5;-0.5;5.223126;1;15;1;;;;;
15.06;-0.5;-0.5;5.675415;1;15;1;;;;;
15.08;-0.5;-0.5;5.548157;1;15;1;;;;;
15.1;-0.5;-0.5;4.144743;1;15;1;;;;;
15.12;-0.5;-0.5;3.390594;1;15;1;;;;;
15.14;-0.5;-0.5;5.569583;1;15;1;;;;;
15.16;-0.5;-0.5;5.030252;1;15;1;;;;;
15.18;-0.5;-0.5;5.215601;1;15;1;;;;;
15.2;-0.5;-0.5;3.669622;1;15;1;;;;;
15.22;-0.5;-0.5;4.080591;1;15;1;;;;;
15.24;-0.5;-0.5;4.544067;1;15;1;;;;;
15.26;-0.5;-0.5;5.815938;1;15;1;;;;;
15.28;-0.5;-0.5;4.161396;1;15;1;;;;;
15.3;-0.5;-0.5;3.061675;1;15;1;;;;;
15.32;-0.5;-0.5;5.929486;1;15;1;;;;;
15.34;-0.5;-0.5;4.878085;1;15;1;;;;;
15.36;-0.5;-0.5;3.417945;1;15;1;;;;;
15.38;-0.5;-0.5;3.017525;1;15;1;;;;;
15.4;-0.5;-0.5;2.644396;1;15;1;;;;;
15.42;-0.5;-0.5;5.960947;1;15;1;;;;;
15.44;-0.5;-0.5;3.28759;1;15;1;;;;;
15.46;-0.5;-0.5;5.214681;1;15;1;;;;;
15.48;-0.5;-0.5;4.40258;1;15;1;;;;;
15.5;-0.5;-0.5;5.735698;1;15;1;;;;;
15.52;-0.5;-0.5;4.242136;1;15;1;;;;;
15.54;-0.5;-0.5;3.933778;1;15;1;;;;;
15.56;-0.5;-0.5;4.035031;1;15;1;;;;;
15.58;-0.5;-0.5;3.250769;1;15;1;;;;;
15.6;-0.5;-0.5;2.270888;1;15;1;;;;;
15.62;-0.5;-0.5;4.268523;1;15;1;;;;;
15.64;-0.5;-0.5;5.246031;1;15;1;;;;;
15.66;-0.5;-0.5;4.517883;1;15;1;;;;;
15.68;-0.5;-0.5;4.00835;1;15;1;;;;;
15.7;-0.5;-0.5;3.564528;1;15;1;;;;;
15.72;-0.5;-0.5;3.377636;1;15;1;;;;;
15.74;-0.5;-0.5;2.958125;1;15;1;;;;;
15.76;-0.5;-0.5;2.805085;1;15;1;;;;;
15.78;-0.5;-0.5;3.773505;1;15;1;;;;;
15.8;-0.5;-0.5;4.537416;1;15;1;;;;;
15.82;-0.5;-0.5;4.51333;1;15;1;;;;;
15.84;-0.5;-0.5;3.582517;1;15;1;;;;;
15.86;-0.5;-0.5;3.491795;1;15;1;;;;;
15.88;-0.5;-0.5;5.591909;1;15;1;;;;;
15.9;-0.5;-0.5;3.56437;1;15;1;;;;;
15.92;-0.5;-0.5;3.495492;1;15;1;;;;;
15.94;-0.5;-0.5;2.8552;1;15;1;;;;;
15.96;-0.5;-0.5;3.770174;1;15;1;;;;;
15.98;-0.5;-0.5;3.174934;1;15;1;;;;;
16;-0.5;-0.5;5.935355;1;15;1;;;;;
16.02;-0.5;-0.5;5.96812;1;15;1;;;;;
16.04;-0.5;-0.5;4.510824;1;15;1;;;;;
16.06;-0.5;-0.5;4.450915;1;15;1;;;;;
16.08;-0.5;-0.5;2.952693;1;15;1;;;;;
16.1;-0.5;-0.5;2.052613;1;15;1;;;;;
16.12;-0.5;-0.5;4.265412;1;15;1;;;;;
16.14;-0.5;-0.5;5.627496;1;15;1;;;;;
16.16;-0.5;-0.5;2.742667;1;15;1;;;;;
16.18;-0.5;-0.5;3.934549;1;15;1;;;;;
16.2;-0.5;-0.5;2.729438;1;15;1;;;;;
16.22;-0.5;-0.5;2.053983;1;15;1;;;;;
16.24;-0.5;-0.5;2.453074;1;15;1;;;;;
16.26;-0.5;-0.5;4.261888;1;15;1;;;;;
16.28;-0.5;-0.5;5.319404;1;15;1;;;;;
16.3;-0.5;-0.5;4.712605;1;15;1;;;;;
16.32;-0.5;-0.5;5.406952;1;15;1;;;;;
16.34;-0.5;-0.5;3.822819;1;15;1;;;;;
16.36;-0.5;-0.5;2.030129;1;15;1;;;;;
16.38;-0.5;-0.5;4.870147;1;15;1;;;;;
16.4;-0.5;-0.5;5.094278;1;15;1;;;;;
16.42;-0.5;-0.5;5.376927;1;15;1;;;;;
16.44;-0.5;-0.5;5.319965;1;15;1;;;;;
16.46;-0.5;-0.5;5.685977;1;15;1;;;;;
16.48;-0.5;-0.5;5.204899;1;15;1;;;;;
16.5;-0.5;-0.5;4.179977;1;15;1;;;;;
16.52;-0.5;-0.5;2.732388;1;15;1;;;;;
16.54;-0.5;-0.5;3.243888;1;15;1;;;;;
16.56;-0.5;-0.5;4.818642;1;15;1;;;;;
16.58;-0.5;-0.5;5.772326;1;15;1;;;;;
16.6;-0.5;-0.5;3.617975;1;15;1;;;;;
16.62;-0.5;-0.5;2.772884;1;15;1;;;;;
16.64;-0.5;-0.5;4.067494;1;15;1;;;;;
16.66;-0.5;-0.5;5.789594;1;15;1;;;;;
16.68;-0.5;-0.5;5.196469;1;15;1;;;;;
16.7;-0.5;-0.5;3.737776;1;15;1;;;;;
16.72;-0.5;-0.5;5.408914;1;15;1;;;;;
16.74;-0.5;-0.5;5.91642;1;15;1;;;;;
16.76;-0.5;-0.5;4.654233;1;15;1;;;;;
16.78;-0.5;-0.5;4.94121;1;15;1;;;;;
16.8;-0.5;-0.5;4.598635;1;15;1;;;;;
16.82;-0.5;-0.5;4.837024;1;15;1;;;;;
16.84;-0.5;-0.5;2.294833;1;15;1;;;;;
16.86;-0.5;-0.5;4.082059;1;15;1;;;;;
16.88;-0.5;-0.5;2.774353;1;15;1;;;;;
16.9;-0.5;-0.5;3.325545;1;15;1;;;;;
16.92;-0.5;-0.5;2.657568;1;15;1;;;;;
16.94;-0.5;-0.5;5.686737;1;15;1;;;;;
16.96;-0.5;-0.5;5.353385;1;15;1;;;;;
16.98;-0.5;-0.5;3.168406;1;15;1;;;;;
17;-0.5;-0.5;5.517418;1;15;1;;;;;
17.02;-0.5;-0.5;4.678147;1;15;1;;;;;
17.04;-0.5;-0.5;5.415046;1;15;1;;;;;
17.06;-0.5;-0.5;5.051511;1;15;1;;;;;
17.08;-0.5;-0.5;2.384232;1;15;1;;;;;
17.1;-0.5;-0.5;3.338756;1;15;1;;;;;
17.12;-0.5;-0.5;3.052286;1;15;1;;;;;
17.14;-0.5;-0.5;4.003412;1;15;1;;;;;
17.16;-0.5;-0.5;5.69091;1;15;1;;;;;
17.18;-0.5;-0.5;2.083541;1;15;1;;;;;
17.2;-0.5;-0.5;4.736654;1;15;1;;;;;
17.22;-0.5;-0.5;2.231809;1;15;1;;;;;
17.24;-0.5;-0.5;2.623004;1;15;1;;;;;
17.26;-0.5;-0.5;4.622855;1;15;1;;;;;
17.28;-0.5;-0.5;5.456439;1;15;1;;;;;
17.3;-0.5;-0.5;3.019809;1;15;1;;;;;
17.32;-0.5;-0.5;4.314221;1;15;1;;;;;
17.34;-0.5;-0.5;2.959017;1;15;1;;;;;
17.36;-0.5;-0.5;2.32721;1;15;1;;;;;
17.38;-0.5;-0.5;4.759443;1;15;1;;;;;
17.4;-0.5;-0.5;5.608487;1;15;1;;;;;
17.42;-0.5;-0.5;2.803603;1;15;1;;;;;
17.44;-0.5;-0.5;2.339545;1;15;1;;;;;
17.46;-0.5;-0.5;3.147039;1;15;1;;;;;
17.48;-0.5;-0.5;3.680091;1;15;1;;;;;
17.5;-0.5;-0.5;2.907149;1;15;1;;;;;
17.52;-0.5;-0.5;3.407252;1;15;1;;;;;
17.54;-0.5;-0.5;3.471725;1;15;1;;;;;
17.56;-0.5;-0.5;3.24346;1;15;1;;;;;
17.58;-0.5;-0.5;3.486573;1;15;1;;;;;
17.6;-0.5;-0.5;5.486263;1;15;1;;;;;
17.62;-0.5;-0.5;3.759855;1;15;1;;;;;
17.64;-0.5;-0.5;3.782144;1;15;1;;;;;
17.66;-0.5;-0.5;2.275434;1;15;1;;;;;
17.68;-0.5;-0.5;2.901798;1;15;1;;;;;
17.7;-0.5;-0.5;4.570912;1;15;1;;;;;
17.72;-0.5;-0.5;5.349836;1;15;1;;;;;
17.74;-0.5;-0.5;3.071162;1;15;1;;;;;
17.76;-0.5;-0.5;4.535965;1;15;1;;;;;
17.78;-0.5;-0.5;3.451554;1;15;1;;;;;
17.8;-0.5;-0.5;5.352416;1;15;1;;;;;
17.82;-0.5;-0.5;5.592158;1;15;1;;;;;
17.84;-0.5;-0.5;2.376261;1;15;1;;;;;
17.86;-0.5;-0.5;4.228001;1;15;1;;;;;
17.88;-0.5;-0.5;5.230258;1;15;1;;;;;
17.9;-0.5;-0.5;5.615974;1;15;1;;;;;
17.92;-0.5;-0.5;5.505898;1;15;1;;;;;
17.94;-0.5;-0.5;4.680341;1;15;1;;;;;
17.96;-0.5;-0.5;2.543309;1;15;1;;;;;
17.98;-0.5;-0.5;2.688839;1;15;1;;;;;
18;-0.5;-0.5;5.774492;1;15;1;;;;;
18.02;-0.5;-0.5;4.700408;1;15;1;;;;;
18.04;-0.5;-0.5;2.84914;1;15;1;;;;;
18.06;-0.5;-0.5;2.405652;1;15;1;;;;;
18.08;-0.5;-0.5;4.504086;1;15;1;;;;;
18.1;-0.5;-0.5;3.543511;1;15;1;;;;;
18.12;-0.5;-0.5;2.683502;1;15;1;;;;;
18.14;-0.5;-0.5;2.989815;1;15;1;;;;;
18.16;-0.5;-0.5;5.90495;1;15;1;;;;;
18.18;-0.5;-0.5;4.091873;1;15;1;;;;;
18.2;-0.5;-0.5;2.082053;1;15;1;;;;;
18.22;-0.5;-0.5;4.061907;1;15;1;;;;;
18.24;-0.5;-0.5;3.963943;1;15;1;;;;;
18.26;-0.5;-0.5;4.746882;1;15;1;;;;;
18.28;-0.5;-0.5;4.767899;1;15;1;;;;;
18.3;-0.5;-0.5;4.131218;1;15;1;;;;;
18.32;-0.5;-0.5;2.879786;1;15;1;;;;;
18.34;-0.5;-0.5;5.490926;1;15;1;;;;;
18.36;-0.5;-0.5;3.04785;1;15;1;;;;;
18.38;-0.5;-0.5;2.803587;1;15;1;;;;;
18.4;-0.5;-0.5;5.349377;1;15;1;;;;;
18.42;-0.5;-0.5;3.546921;1;15;1;;;;;
18.44;-0.5;-0.5;4.812099;1;15;1;;;;;
18.46;-0.5;-0.5;4.975986;1;15;1;;;;;
18.48;-0.5;-0.5;3.78215;1;15;1;;;;;
18.5;-0.5;-0.5;5.748575;1;15;1;;;;;
18.52;-0.5;-0.5;4.442086;1;15;1;;;;;
18.54;-0.5;-0.5;3.087358;1;15;1;;;;;
18.56;-0.5;-0.5;5.486896;1;15;1;;;;;
18.58;-0.5;-0.5;4.593973;1;15;1;;;;;
18.6;-0.5;-0.5;4.245699;1;15;1;;;;;
18.62;-0.5;-0.5;2.305031;1;15;1;;;;;
18.64;-0.5;-0.5;2.907856;1;15;1;;;;;
18.66;-0.5;-0.5;4.357419;1;15;1;;;;;
18.68;-0.5;-0.5;3.205554;1;15;1;;;;;
18.7;-0.5;-0.5;2.288876;1;15;1;;;;;
18.72;-0.5;-0.5;5.858836;1;15;1;;;;;
18.74;-0.5;-0.5;2.69091;1;15;1;;;;;
18.76;-0.5;-0.5;2.587229;1;15;1;;;;;
18.78;-0.5;-0.5;5.19768;1;15;1;;;;;
18.8;-0.5;-0.5;2.481572;1;15;1;;;;;
18.82;-0.5;-0.5;2.440733;1;15;1;;;;;
18.84;-0.5;-0.5;3.537164;1;15;1;;;;;
18.86;-0.5;-0.5;3.030437;1;15;1;;;;;
18.88;-0.5;-0.5;4.345476;1;15;1;;;;;
18.9;-0.5;-0.5;5.356628;1;15;1;;;;;
18.92;-0.5;-0.5;4.921844;1;15;1;;;;;
18.94;-0.5;-0.5;2.234661;1;15;1;;;;;
18.96;-0.5;-0.5;4.733632;1;15;1;;;;;
18.98;-0.5;-0.5;2.047328;1;15;1;;;;;
19;-0.5;-0.5;2.492701;1;15;1;;;;;
19.02;-0.5;-0.5;5.504586;1;15;1;;;;;
19.04;-0.5;-0.5;2.449471;1;15;1;;;;;
19.06;-0.5;-0.5;3.98155;1;15;1;;;;;
19.08;-0.5;-0.5;3.947644;1;15;1;;;;;
19.1;-0.5;-0.5;2.099009;1;15;1;;;;;
19.12;-0.5;-0.5;3.545973;1;15;1;;;;;
19.14;-0.5;-0.5;2.40493;1;15;1;;;;;
19.16;-0.5;-0.5;5.705796;1;15;1;;;;;
19.18;-0.5;-0.5;2.02409;1;15;1;;;;;
19.2;-0.5;-0.5;5.406275;1;15;1;;;;;
19.22;-0.5;-0.5;3.009392;1;15;1;;;;;
19.24;-0.5;-0.5;3.597037;1;15;1;;;;;
19.26;-0.5;-0.5;2.816506;1;15;1;;;;;
19.28;-0.5;-0.5;3.501295;1;15;1;;;;;
19.3;-0.5;-0.5;3.181586;1;15;1;;;;;
19.32;-0.5;-0.5;5.162405;1;15;1;;;;;
19.34;-0.5;-0.5;5.630122;1;15;1;;;;;
19.36;-0.5;-0.5;4.980771;1;15;1;;;;;
19.38;-0.5;-0.5;3.252488;1;15;1;;;;;
19.4;-0.5;-0.5;4.368068;1;15;1;;;;;
19.42;-0.5;-0.5;2.112908;1;15;1;;;;;
19.44;-0.5;-0.5;4.613747;1;15;1;;;;;
19.46;-0.5;-0.5;3.765715;1;15;1;;;;;
19.48;-0.5;-0.5;3.184457;1;15;1;;;;;
19.5;-0.5;-0.5;4.656853;1;15;1;;;;;
19.52;-0.5;-0.5;3.370836;1;15;1;;;;;
19.54;-0.5;-0.5;3.675406;1;15;1;;;;;
19.56;-0.5;-0.5;5.019469;1;15;1;;;;;
19.58;-0.5;-0.5;4.534786;1;15;1;;;;;
19.6;-0.5;-0.5;4.661049;1;15;1;;;;;
19.62;-0.5;-0.5;3.33485;1;15;1;;;;;
19.64;-0.5;-0.5;4.374146;1;15;1;;;;;
19.66;-0.5;-0.5;2.457479;1;15;1;;;;;
19.68;-0.5;-0.5;4.341849;1;15;1;;;;;
19.7;-0.5;-0.5;4.360024;1;15;1;;;;;
19.72;-0.5;-0.5;4.116385;1;15;1;;;;;
19.74;-0.5;-0.5;5.805253;1;15;1;;;;;
19.76;-0.5;-0.5;2.829582;1;15;1;;;;;
19.78;-0.5;-0.5;3.377135;1;15;1;;;;;
19.8;-0.5;-0.5;3.362696;1;15;1;;;;;
19.82;-0.5;-0.5;3.059485;1;15;1;;;;;
19.84;-0.5;-0.5;3.548814;1;15;1;;;;;
19.86;-0.5;-0.5;2.544048;1;15;1;;;;;
19.88;-0.5;-0.5;3.197881;1;15;1;;;;;
19.9;-0.5;-0.5;5.204239;1;15;1;;;;;
19.92;-0.5;-0.5;3.548747;1;15;1;;;;;
19.94;-0.5;-0.5;3.019341;1;15;1;;;;;
19.96;-0.5;-0.5;4.800195;1;15;1;;;;;
19.98;-0.5;-0.5;4.029352;1;15;1;;;;;
20;-0.5;-0.5;3.295703;1;15;1;;;;;
20.02;-0.5;-0.5;2.228405;1;15;1;;;;;
20.04;-0.5;-0.5;4.827337;1;15;1;;;;;
20.06;-0.5;-0.5;5.384943;1;15;1;;;;;
20.08;-0.5;-0.5;4.515632;1;15;1;;;;;
20.1;-0.5;-0.5;5.622142;1;15;1;;;;;
20.12;-0.5;-0.5;4.992117;1;15;1;;;;;
20.14;-0.5;-0.5;3.243775;1;15;1;;;;;
20.16;-0.5;-0.5;2.041479;1;15;1;;;;;
20.18;-0.5;-0.5;5.004586;1;15;1;;;;;
20.2;-0.5;-0.5;2.396267;1;15;1;;;;;
20.22;-0.5;-0.5;3.294029;1;15;1;;;;;
20.24;-0.5;-0.5;5.723015;1;15;1;;;;;
20.26;-0.5;-0.5;2.937243;1;15;1;;;;;
20.28;-0.5;-0.5;5.801601;1;15;1;;;;;
20.3;-0.5;-0.5;5.585319;1;15;1;;;;;
20.32;-0.5;-0.5;5.593283;1;15;1;;;;;
20.34;-0.5;-0.5;2.985056;1;15;1;;;;;
20.36;-0.5;-0.5;2.37194;1;15;1;;;;;
20.38;-0.5;-0.5;3.053582;1;15;1;;;;;
20.4;-0.5;-0.5;2.186016;1;15;1;;;;;
20.42;-0.5;-0.5;2.310824;1;15;1;;;;;
20.44;-0.5;-0.5;5.715443;1;15;1;;;;;
20.46;-0.5;-0.5;4.477034;1;15;1;;;;;
20.48;-0.5;-0.5;4.413849;1;15;1;;;;;
20.5;-0.5;-0.5;4.737293;1;15;1;;;;;
20.52;-0.5;-0.5;4.800927;1;15;1;;;;;
20.54;-0.5;-0.5;4.439826;1;15;1;;;;;
20.56;-0.5;-0.5;4.472629;1;15;1;;;;;
20.58;-0.5;-0.5;2.520184;1;15;1;;;;;
20.6;-0.5;-0.5;3.764318;1;15;1;;;;;
20.62;-0.5;-0.5;4.213433;1;15;1;;;;;
20.64;-0.5;-0.5;2.96494;1;15;1;;;;;
20.66;-0.5;-0.5;2.406653;1;15;1;;;;;
20.68;-0.5;-0.5;3.506539;1;15;1;;;;;
20.7;-0.5;-0.5;5.308964;1;15;1;;;;;
20.72;-0.5;-0.5;3.61632;1;15;1;;;;;
20.74;-0.5;-0.5;5.026528;1;15;1;;;;;
20.76;-0.5;-0.5;2.909212;1;15;1;;;;;
20.78;-0.5;-0.5;3.500848;1;15;1;;;;;
20.8;-0.5;-0.5;5.214847;1;15;1;;;;;
20.82;-0.5;-0.5;4.898787;1;15;1;;;;;
20.84;-0.5;-0.5;4.227848;1;15;1;;;;;
20.86;-0.5;-0.5;3.390614;1;15;1;;;;;
20.88;-0.5;-0.5;5.192853;1;15;1;;;;;
20.9;-0.5;-0.5;5.630769;1;15;1;;;;;
20.92;-0.5;-0.5;4.500465;1;15;1;;;;;
20.94;-0.5;-0.5;2.003444;1;15;1;;;;;
20.96;-0.5;-0.5;2.748762;1;15;1;;;;;
20.98;-0.5;-0.5;3.974087;1;15;1;;;;;
21;-0.5;-0.5;4.91357;1;15;1;;;;;
21.02;-0.5;-0.5;4.094745;1;15;1;;;;;
21.04;-0.5;-0.5;2.876171;1;15;1;;;;;
21.06;-0.5;-0.5;3.402923;1;15;1;;;;;
21.08;-0.5;-0.5;4.264051;1;15;1;;;;;
21.1;-0.5;-0.5;5.339802;1;15;1;;;;;
21.12;-0.5;-0.5;4.302764;1;15;1;;;;;
21.14;-0.5;-0.5;2.562077;1;15;1;;;;;
21.16;-0.5;-0.5;2.925286;1;15;1;;;;;
21.18;-0.5;-0.5;4.003256;1;15;1;;;;;
21.2;-0.5;-0.5;3.588943;1;15;1;;;;;
21.22;-0.5;-0.5;2.698843;1;15;1;;;;;
21.24;-0.5;-0.5;3.144815;1;15;1;;;;;
21.26;-0.5;-0.5;3.526151;1;15;1;;;;;
21.28;-0.5;-0.5;5.344051;1;15;1;;;;;
21.3;-0.5;-0.5;3.288175;1;15;1;;;;;
21.32;-0.5;-0.5;4.160035;1;15;1;;;;;
21.34;-0.5;-0.5;2.715772;1;15;1;;;;;
21.36;-0.5;-0.5;5.679871;1;15;1;;;;;
21.38;-0.5;-0.5;3.130363;1;15;1;;;;;
21.4;-0.5;-0.5;5.075833;1;15;1;;;;;
21.42;-0.5;-0.5;2.45224;1;15;1;;;;;
21.44;-0.5;-0.5;4.174822;1;15;1;;;;;
21.46;-0.5;-0.5;3.337425;1;15;1;;;;;
21.48;-0.5;-0.5;2.331407;1;15;1;;;;;
21.5;-0.5;-0.5;2.672132;1;15;1;;;;;
21.52;-0.5;-0.5;2.219028;1;15;1;;;;;
21.54;-0.5;-0.5;2.296484;1;15;1;;;;;
21.56;-0.5;-0.5;2.121703;1;15;1;;;;;
21.58;-0.5;-0.5;4.830579;1;15;1;;;;;
21.6;-0.5;-0.5;3.838434;1;15;1;;;;;
21.62;-0.5;-0.5;3.552422;1;15;1;;;;;
21.64;-0.5;-0.5;3.512484;1;15;1;;;;;
21.66;-0.5;-0.5;2.600227;1;15;1;;;;;
21.68;-0.5;-0.5;4.653736;1;15;1;;;;;
21.7;-0.5;-0.5;4.90977;1;15;1;;;;;
21.72;-0.5;-0.5;5.645832;1;15;1;;;;;
21.74;-0.5;-0.5;5.305901;1;15;1;;;;;
21.76;-0.5;-0.5;5.163555;1;15;1;;;;;
21.78;-0.5;-0.5;5.12107;1;15;1;;;;;
21.8;-0.5;-0.5;5.726637;1;15;1;;;;;
21.82;-0.5;-0.5;4.99275;1;15;1;;;;;
21.84;-0.5;-0.5;2.077352;1;15;1;;;;;
21.86;-0.5;-0.5;2.232698;1;15;1;;;;;
21.88;-0.5;-0.5;5.586457;1;15;1;;;;;
21.9;-0.5;-0.5;5.169177;1;15;1;;;;;
21.92;-0.5;-0.5;5.7996;1;15;1;;;;;
21.94;-0.5;-0.5;4.25446;1;15;1;;;;;
21.96;-0.5;-0.5;4.24594;1;15;1;;;;;
21.98;-0.5;-0.5;2.459888;1;15;1;;;;;
22;-0.5;-0.5;2.65866;1;15;1;;;;;
22.02;-0.5;-0.5;5.480578;1;15;1;;;;;
22.04;-0.5;-0.5;2.111742;1;15;1;;;;;
22.06;-0.5;-0.5;3.669509;1;15;1;;;;;
22.08;-0.5;-0.5;5.094215;1;15;1;;;;;
22.1;-0.5;-0.5;4.10618;1;15;1;;;;;
22.12;-0.5;-0.5;3.774393;1;15;1;;;;;
22.14;-0.5;-0.5;5.251576;1;15;1;;;;;
22.16;-0.5;-0.5;2.40531;1;15;1;;;;;
22.18;-0.5;-0.5;4.395219;1;15;1;;;;;
22.2;-0.5;-0.5;3.345129;1;15;1;;;;;
22.22;-0.5;-0.5;5.225856;1;15;1;;;;;
22.24;-0.5;-0.5;4.980867;1;15;1;;;;;
22.26;-0.5;-0.5;4.189512;1;15;1;;;;;
22.28;-0.5;-0.5;3.864407;1;15;1;;;;;
22.3;-0.5;-0.5;5.873835;1;15;1;;;;;
22.32;-0.5;-0.5;3.692998;1;15;1;;;;;
22.34;-0.5;-0.5;4.874471;1;15;1;;;;;
22.36;-0.5;-0.5;2.283481;1;15;1;;;;;
22.38;-0.5;-0.5;2.750311;1;15;1;;;;;
22.4;-0.5;-0.5;3.542349;1;15;1;;;;;
22.42;-0.5;-0.5;2.01225;1;15;1;;;;;
22.44;-0.5;-0.5;2.625396;1;15;1;;;;;
22.46;-0.5;-0.5;5.25029;1;15;1;;;;;
22.48;-0.5;-0.5;2.68518;1;15;1;;;;;
22.5;-0.5;-0.5;3.2115;1;15;1;;;;;
22.52;-0.5;-0.5;5.587787;1;15;1;;;;;
22.54;-0.5;-0.5;4.414095;1;15;1;;;;;
22.56;-0.5;-0.5;5.20374;1;15;1;;;;;
22.58;-0.5;-0.5;4.556235;1;15;1;;;;;
22.6;-0.5;-0.5;5.725445;1;15;1;;;;;
22.62;-0.5;-0.5;4.31233;1;15;1;;;;;
22.64;-0.5;-0.5;3.667227;1;15;1;;;;;
22.66;-0.5;-0.5;3.7216;1;15;1;;;;;
22.68;-0.5;-0.5;5.810204;1;15;1;;;;;
22.7;-0.5;-0.5;3.191763;1;15;1;;;;;
22.72;-0.5;-0.5;5.846096;1;15;1;;;;;
22.74;-0.5;-0.5;5.787971;1;15;1;;;;;
22.76;-0.5;-0.5;5.623796;1;15;1;;;;;
22.78;-0.5;-0.5;5.982303;1;15;1;;;;;
22.8;-0.5;-0.5;2.446194;1;15;1;;;;;
22.82;-0.5;-0.5;2.923061;1;15;1;;;;;
22.84;-0.5;-0.5;2.871292;1;15;1;;;;;
22.86;-0.5;-0.5;4.441698;1;15;1;;;;;
22.88;-0.5;-0.5;2.667958;1;15;1;;;;;
22.9;-0.5;-0.5;4.506804;1;15;1;;;;;
22.92;-0.5;-0.5;4.946565;1;15;1;;;;;
22.94;-0.5;-0.5;2.741112;1;15;1;;;;;
22.96;-0.5;-0.5;4.512917;1;15;1;;;;;
22.98;-0.5;-0.5;2.021846;1;15;1;;;;;
23;-0.5;-0.5;2.72344;1;15;1;;;;;
23.02;-0.5;-0.5;5.127119;1;15;1;;;;;
23.04;-0.5;-0.5;2.502709;1;15;1;;;;;
23.06;-0.5;-0.5;4.989384;1;15;1;;;;;
23.08;-0.5;-0.5;4.048059;1;15;1;;;;;
23.1;-0.5;-0.5;3.389073;1;15;1;;;;;
23.12;-0.5;-0.5;3.066768;1;15;1;;;;;
23.14;-0.5;-0.5;4.154034;1;15;1;;;;;
23.16;-0.5;-0.5;4.482206;1;15;1;;;;;
23.18;-0.5;-0.5;4.016216;1;15;1;;;;;
23.2;-0.5;-0.5;3.106361;1;15;1;;;;;
23.22;-0.5;-0.5;2.824192;1;15;1;;;;;
23.24;-0.5;-0.5;4.880866;1;15;1;;;;;
23.26;-0.5;-0.5;4.756557;1;15;1;;;;;
23.28;-0.5;-0.5;3.292853;1;15;1;;;;;
23.3;-0.5;-0.5;5.478972;1;15;1;;;;;
23.32;-0.5;-0.5;5.409297;1;15;1;;;;;
23.34;-0.5;-0.5;5.311375;1;15;1;;;;;
23.36;-0.5;-0.5;4.830042;1;15;1;;;;;
23.38;-0.5;-0.5;5.297263;1;15;1;;;;;
23.4;-0.5;-0.5;3.567779;1;15;1;;;;;
23.42;-0.5;-0.5;2.979519;1;15;1;;;;;
23.44;-0.5;-0.5;5.011061;1;15;1;;;;;
23.46;-0.5;-0.5;3.474564;1;15;1;;;;;
23.48;-0.5;-0.5;4.582239;1;15;1;;;;;
23.5;-0.5;-0.5;5.95704;1;15;1;;;;;
23.52;-0.5;-0.5;4.162605;1;15;1;;;;;
23.54;-0.5;-0.5;3.401513;1;15;1;;;;;
23.56;-0.5;-0.5;2.638169;1;15;1;;;;;
23.58;-0.5;-0.5;5.537781;1;15;1;;;;;
23.6;-0.5;-0.5;4.343372;1;15;1;;;;;
23.62;-0.5;-0.5;3.818342;1;15;1;;;;;
23.64;-0.5;-0.5;5.026851;1;15;1;;;;;
23.66;-0.5;-0.5;3.432196;1;15;1;;;;;
23.68;-0.5;-0.5;5.754549;1;15;1;;;;;
23.7;-0.5;-0.5;4.684537;1;15;1;;;;;
23.72;-0.5;-0.5;4.866713;1;15;1;;;;;
23.74;-0.5;-0.5;5.482232;1;15;1;;;;;
23.76;-0.5;-0.5;5.814396;1;15;1;;;;;
23.78;-0.5;-0.5;3.575417;1;15;1;;;;;
23.8;-0.5;-0.5;3.729335;1;15;1;;;;;
23.82;-0.5;-0.5;3.144498;1;15;1;;;;;
23.84;-0.5;-0.5;5.177538;1;15;1;;;;;
23.86;-0.5;-0.5;5.31198;1;15;1;;;;;
23.88;-0.5;-0.5;4.938956;1;15;1;;;;;
23.9;-0.5;-0.5;4.181363;1;15;1;;;;;
23.92;-0.5;-0.5;4.129035;1;15;1;;;;;
23.94;-0.5;-0.5;5.632151;1;15;1;;;;;
23.96;-0.5;-0.5;3.228825;1;15;1;;;;;
23.98;-0.5;-0.5;2.62039;1;15;1;;;;;
24;-0.5;-0.5;4.640114;1;15;1;;;;;
24.02;-0.5;-0.5;4.675589;1;15;1;;;;;
24.04;-0.5;-0.5;4.783223;1;15;1;;;;;
24.06;-0.5;-0.5;2.328757;1;15;1;;;;;
24.08;-0.5;-0.5;2.540577;1;15;1;;;;;
24.1;-0.5;-0.5;5.172829;1;15;1;;;;;
24.12;-0.5;-0.5;5.470154;1;15;1;;;;;
24.14;-0.5;-0.5;4.442422;1;15;1;;;;;
24.16;-0.5;-0.5;2.653256;1;15;1;;;;;
24.18;-0.5;-0.5;5.695378;1;15;1;;;;;
24.2;-0.5;-0.5;3.50004;1;15;1;;;;;
24.22;-0.5;-0.5;3.141961;1;15;1;;;;;
24.24;-0.5;-0.5;5.167644;1;15;1;;;;;
24.26;-0.5;-0.5;4.454133;1;15;1;;;;;
24.28;-0.5;-0.5;2.944902;1;15;1;;;;;
24.3;-0.5;-0.5;5.985349;1;15;1;;;;;
24.32;-0.5;-0.5;3.605503;1;15;1;;;;;
24.34;-0.5;-0.5;5.394577;1;15;1;;;;;
24.36;-0.5;-0.5;5.767496;1;15;1;;;;;
24.38;-0.5;-0.5;4.991345;1;15;1;;;;;
24.4;-0.5;-0.5;3.785404;1;15;1;;;;;
24.42;-0.5;-0.5;2.789098;1;15;1;;;;;
24.44;-0.5;-0.5;2.802339;1;15;1;;;;;
24.46;-0.5;-0.5;3.128382;1;15;1;;;;;
24.48;-0.5;-0.5;4.784608;1;15;1;;;;;
24.5;-0.5;-0.5;5.517012;1;15;1;;;;;
24.52;-0.5;-0.5;4.26275;1;15;1;;;;;
24.54;-0.5;-0.5;3.437624;1;15;1;;;;;
24.56;-0.5;-0.5;5.71948;1;15;1;;;;;
24.58;-0.5;-0.5;4.681188;1;15;1;;;;;
24.6;-0.5;-0.5;4.830703;1;15;1;;;;;
24.62;-0.5;-0.5;5.216661;1;15;1;;;;;
24.64;-0.5;-0.5;5.503579;1;15;1;;;;;
24.66;-0.5;-0.5;2.591875;1;15;1;;;;;
24.68;-0.5;-0.5;2.38706;1;15;1;;;;;
24.7;-0.5;-0.5;2.476913;1;15;1;;;;;
24.72;-0.5;-0.5;3.389916;1;15;1;;;;;
24.74;-0.5;-0.5;2.949421;1;15;1;;;;;
24.76;-0.5;-0.5;5.982769;1;15;1;;;;;
24.78;-0.5;-0.5;2.064924;1;15;1;;;;;
24.8;-0.5;-0.5;4.871325;1;15;1;;;;;
24.82;-0.5;-0.5;2.026803;1;15;1;;;;;
24.84;-0.5;-0.5;3.825472;1;15;1;;;;;
24.86;-0.5;-0.5;5.300435;1;15;1;;;;;
24.88;-0.5;-0.5;3.170707;1;15;1;;;;;
24.9;-0.5;-0.5;5.040487;1;15;1;;;;;
24.92;-0.5;-0.5;4.432774;1;15;1;;;;;
24.94;-0.5;-0.5;4.563191;1;15;1;;;;;
24.96;-0.5;-0.5;2.201632;1;15;1;;;;;
24.98;-0.5;-0.5;3.418134;1;15;1;;;;;
25;-0.5;-0.5;3.878309;1;15;1;;;;;
25.02;-0.5;-0.5;3.402195;1;15;1;;;;;
25.04;-0.5;-0.5;5.900004;1;15;1;;;;;
25.06;-0.5;-0.5;4.838721;1;15;1;;;;;
25.08;-0.5;-0.5;4.180959;1;15;1;;;;;
25.1;-0.5;-0.5;5.865011;1;15;1;;;;;
25.12;-0.5;-0.5;5.567765;1;15;1;;;;;
25.14;-0.5;-0.5;5.71081;1;15;1;;;;;
25.16;-0.5;-0.5;3.474813;1;15;1;;;;;
25.18;-0.5;-0.5;2.276766;1;15;1;;;;;
25.2;-0.5;-0.5;4.898844;1;15;1;;;;;
25.22;-0.5;-0.5;4.319613;1;15;1;;;;;
25.24;-0.5;-0.5;5.364767;1;15;1;;;;;
25.26;-0.5;-0.5;3.246496;1;15;1;;;;;
25.28;-0.5;-0.5;2.548557;1;15;1;;;;;
25.3;-0.5;-0.5;5.800955;1;15;1;;;;;
25.32;-0.5;-0.5;4.940897;1;15;1;;;;;
25.34;-0.5;-0.5;4.493791;1;15;1;;;;;
25.36;-0.5;-0.5;5.884651;1;15;1;;;;;
25.38;-0.5;-0.5;5.286026;1;15;1;;;;;
25.4;-0.5;-0.5;4.040838;1;15;1;;;;;
25.42;-0.5;-0.5;5.523994;1;15;1;;;;;
25.44;-0.5;-0.5;4.173352;1;15;1;;;;;
25.46;-0.5;-0.5;2.924449;1;15;1;;;;;
25.48;-0.5;-0.5;3.715811;1;15;1;;;;;
25.5;-0.5;-0.5;3.037885;1;15;1;;;;;
25.52;-0.5;-0.5;5.702244;1;15;1;;;;;
25.54;-0.5;-0.5;4.376072;1;15;1;;;;;
25.56;-0.5;-0.5;2.950887;1;15;1;;;;;
25.58;-0.5;-0.5;3.49537;1;15;1;;;;;
25.6;-0.5;-0.5;5.735367;1;15;1;;;;;
25.62;-0.5;-0.5;5.906907;1;15;1;;;;;
25.64;-0.5;-0.5;4.283964;1;15;1;;;;;
25.66;-0.5;-0.5;3.047755;1;15;1;;;;;
25.68;-0.5;-0.5;4.61938;1;15;1;;;;;
25.7;-0.5;-0.5;3.727043;1;15;1;;;;;
25.72;-0.5;-0.5;2.765331;1;15;1;;;;;
25.74;-0.5;-0.5;3.579841;1;15;1;;;;;
25.76;-0.5;-0.5;5.492048;1;15;1;;;;;
25.78;-0.5;-0.5;4.322444;1;15;1;;;;;
25.8;-0.5;-0.5;4.997228;1;15;1;;;;;
25.82;-0.5;-0.5;2.084527;1;15;1;;;;;
25.84;-0.5;-0.5;2.401358;1;15;1;;;;;
25.86;-0.5;-0.5;5.883992;1;15;1;;;;;
25.88;-0.5;-0.5;3.214537;1;15;1;;;;;
25.9;-0.5;-0.5;2.916822;1;15;1;;;;;
25.92;-0.5;-0.5;3.162226;1;15;1;;;;;
25.94;-0.5;-0.5;5.322017;1;15;1;;;;;
25.96;-0.5;-0.5;2.110121;1;15;1;;;;;
25.98;-0.5;-0.5;3.759803;1;15;1;;;;;
26;-0.5;-0.5;4.118441;1;15;1;;;;;
26.02;-0.5;-0.5;4.022123;1;15;1;;;;;
26.04;-0.5;-0.5;2.094858;1;15;1;;;;;
26.06;-0.5;-0.5;2.202234;1;15;1;;;;;
26.08;-0.5;-0.5;2.04845;1;15;1;;;;;
26.1;-0.5;-0.5;4.718294;1;15;1;;;;;
26.12;-0.5;-0.5;3.79;1;15;1;;;;;
26.14;-0.5;-0.5;3.110849;1;15;1;;;;;
26.16;-0.5;-0.5;3.498375;1;15;1;;;;;
26.18;-0.5;-0.5;2.858449;1;15;1;;;;;
26.2;-0.5;-0.5;4.98037;1;15;1;;;;;
26.22;-0.5;-0.5;3.291558;1;15;1;;;;;
26.24;-0.5;-0.5;3.386086;1;15;1;;;;;
26.26;-0.5;-0.5;5.537871;1;15;1;;;;;
26.28;-0.5;-0.5;5.098395;1;15;1;;;;;
26.3;-0.5;-0.5;2.647387;1;15;1;;;;;
26.32;-0.5;-0.5;2.448161;1;15;1;;;;;
26.34;-0.5;-0.5;3.401859;1;15;1;;;;;
26.36;-0.5;-0.5;5.687677;1;15;1;;;;;
26.38;-0.5;-0.5;3.546832;1;15;1;;;;;
26.4;-0.5;-0.5;3.93528;1;15;1;;;;;
26.42;-0.5;-0.5;2.298035;1;15;1;;;;;
26.44;-0.5;-0.5;3.371947;1;15;1;;;;;
26.46;-0.5;-0.5;3.101218;1;15;1;;;;;
26.48;-0.5;-0.5;4.593073;1;15;1;;;;;
26.5;-0.5;-0.5;3.951255;1;15;1;;;;;
26.52;-0.5;-0.5;3.565774;1;15;1;;;;;
26.54;-0.5;-0.5;5.439328;1;15;1;;;;;
26.56;-0.5;-0.5;4.534749;1;15;1;;;;;
26.58;-0.5;-0.5;2.631162;1;15;1;;;;;
26.6;-0.5;-0.5;3.275263;1;15;1;;;;;
26.62;-0.5;-0.5;5.789587;1;15;1;;;;;
26.64;-0.5;-0.5;5.670385;1;15;1;;;;;
26.66;-0.5;-0.5;3.328425;1;15;1;;;;;
26.68;-0.5;-0.5;5.657775;1;15;1;;;;;
26.7;-0.5;-0.5;4.544705;1;15;1;;;;;
26.72;-0.5;-0.5;3.663524;1;15;1;;;;;
26.74;-0.5;-0.5;2.812796;1;15;1;;;;;
26.76;-0.5;-0.5;5.908216;1;15;1;;;;;
26.78;-0.5;-0.5;4.337874;1;15;1;;;;;
26.8;-0.5;-0.5;3.947194;1;15;1;;;;;
26.82;-0.5;-0.5;5.920868;1;15;1;;;;;
26.84;-0.5;-0.5;5.496188;1;15;1;;;;;
26.86;-0.5;-0.5;2.934044;1;15;1;;;;;
26.88;-0.5;-0.5;2.749786;1;15;1;;;;;
26.9;-0.5;-0.5;2.263887;1;15;1;;;;;
26.92;-0.5;-0.5;3.205038;1;15;1;;;;;
26.94;-0.5;-0.5;4.72955;1;15;1;;;;;
26.96;-0.5;-0.5;4.375883;1;15;1;;;;;
26.98;-0.5;-0.5;2.496204;1;15;1;;;;;
27;-0.5;-0.5;4.685808;1;15;1;;;;;
27.02;-0.5;-0.5;3.682566;1;15;1;;;;;
27.04;-0.5;-0.5;3.269087;1;15;1;;;;;
27.06;-0.5;-0.5;4.928674;1;15;1;;;;;
27.08;-0.5;-0.5;3.248531;1;15;1;;;;;
27.1;-0.5;-0.5;2.188545;1;15;1;;;;;
27.12;-0.5;-0.5;2.510409;1;15;1;;;;;
27.14;-0.5;-0.5;5.775774;1;15;1;;;;;
27.16;-0.5;-0.5;3.248764;1;15;1;;;;;
27.18;-0.5;-0.5;5.956002;1;15;1;;;;;
27.2;-0.5;-0.5;2.887019;1;15;1;;;;;
27.22;-0.5;-0.5;3.946808;1;15;1;;;;;
27.24;-0.5;-0.5;2.62592;1;15;1;;;;;
27.26;-0.5;-0.5;3.473253;1;15;1;;;;;
27.28;-0.5;-0.5;3.783356;1;15;1;;;;;
27.3;-0.5;-0.5;5.212461;1;15;1;;;;;
27.32;-0.5;-0.5;5.278906;1;15;1;;;;;
27.34;-0.5;-0.5;4.041007;1;15;1;;;;;
27.36;-0.5;-0.5;5.1036;1;15;1;;;;;
27.38;-0.5;-0.5;4.399646;1;15;1;;;;;
27.4;-0.5;-0.5;5.6331;1;15;1;;;;;
27.42;-0.5;-0.5;4.410398;1;15;1;;;;;
27.44;-0.5;-0.5;4.007217;1;15;1;;;;;
27.46;-0.5;-0.5;3.062286;1;15;1;;;;;
27.48;-0.5;-0.5;4.687453;1;15;1;;;;;
27.5;-0.5;-0.5;3.817477;1;15;1;;;;;
27.52;-0.5;-0.5;5.937994;1;15;1;;;;;
27.54;-0.5;-0.5;5.601369;1;15;1;;;;;
27.56;-0.5;-0.5;2.732096;1;15;1;;;;;
27.58;-0.5;-0.5;3.180901;1;15;1;;;;;
27.6;-0.5;-0.5;4.613976;1;15;1;;;;;
27.62;-0.5;-0.5;5.050423;1;15;1;;;;;
27.64;-0.5;-0.5;2.502126;1;15;1;;;;;
27.66;-0.5;-0.5;2.745139;1;15;1;;;;;
27.68;-0.5;-0.5;5.934495;1;15;1;;;;;
27.7;-0.5;-0.5;5.294778;1;15;1;;;;;
27.72;-0.5;-0.5;2.663621;1;15;1;;;;;
27.74;-0.5;-0.5;2.643128;1;15;1;;;;;
27.76;-0.5;-0.5;3.173053;1;15;1;;;;;
27.78;-0.5;-0.5;5.568388;1;15;1;;;;;
27.8;-0.5;-0.5;5.958135;1;15;1;;;;;
27.82;-0.5;-0.5;5.603015;1;15;1;;;;;
27.84;-0.5;-0.5;4.629376;1;15;1;;;;;
27.86;-0.5;-0.5;5.230417;1;15;1;;;;;
27.88;-0.5;-0.5;4.643082;1;15;1;;;;;
27.9;-0.5;-0.5;2.716569;1;15;1;;;;;
27.92;-0.5;-0.5;5.463429;1;15;1;;;;;
27.94;-0.5;-0.5;2.781077;1;15;1;;;;;
27.96;-0.5;-0.5;5.108318;1;15;1;;;;;
27.98;-0.5;-0.5;4.017876;1;15;1;;;;;
28;-0.5;-0.5;5.741144;1;15;1;;;;;
28.02;-0.5;-0.5;4.838246;1;15;1;;;;;
28.04;-0.5;-0.5;2.068155;1;15;1;;;;;
28.06;-0.5;-0.5;2.593404;1;15;1;;;;;
28.08;-0.5;-0.5;5.960469;1;15;1;;;;;
28.1;-0.5;-0.5;4.177798;1;15;1;;;;;
28.12;-0.5;-0.5;5.651066;1;15;1;;;;;
28.14;-0.5;-0.5;2.997838;1;15;1;;;;;
28.16;-0.5;-0.5;3.100955;1;15;1;;;;;
28.18;-0.5;-0.5;5.509645;1;15;1;;;;;
28.2;-0.5;-0.5;4.538241;1;15;1;;;;;
28.22;-0.5;-0.5;5.583447;1;15;1;;;;;
28.24;-0.5;-0.5;3.542283;1;15;1;;;;;
28.26;-0.5;-0.5;3.821997;1;15;1;;;;;
28.28;-0.5;-0.5;4.436602;1;15;1;;;;;
28.3;-0.5;-0.5;4.31634;1;15;1;;;;;
28.32;-0.5;-0.5;5.415875;1;15;1;;;;;
28.34;-0.5;-0.5;2.521999;1;15;1;;;;;
28.36;-0.5;-0.5;3.586885;1;15;1;;;;;
28.38;-0.5;-0.5;4.007748;1;15;1;;;;;
28.4;-0.5;-0.5;4.961982;1;15;1;;;;;
28.42;-0.5;-0.5;4.999989;1;15;1;;;;;
28.44;-0.5;-0.5;3.583345;1;15;1;;;;;
28.46;-0.5;-0.5;4.787325;1;15;1;;;;;
28.48;-0.5;-0.5;4.902298;1;15;1;;;;;
28.5;-0.5;-0.5;4.724627;1;15;1;;;;;
28.52;-0.5;-0.5;2.049578;1;15;1;;;;;
28.54;-0.5;-0.5;2.562037;1;15;1;;;;;
28.56;-0.5;-0.5;3.420474;1;15;1;;;;;
28.58;-0.5;-0.5;3.07939;1;15;1;;;;;
28.6;-0.5;-0.5;3.659976;1;15;1;;;;;
28.62;-0.5;-0.5;5.650289;1;15;1;;;;;
28.64;-0.5;-0.5;3.465582;1;15;1;;;;;
28.66;-0.5;-0.5;4.609548;1;15;1;;;;;
28.68;-0.5;-0.5;2.994533;1;15;1;;;;;
28.7;-0.5;-0.5;3.161777;1;15;1;;;;;
28.72;-0.5;-0.5;2.04133;1;15;1;;;;;
28.74;-0.5;-0.5;4.871505;1;15;1;;;;;
28.76;-0.5;-0.5;4.945798;1;15;1;;;;;
28.78;-0.5;-0.5;3.275019;1;15;1;;;;;
28.8;-0.5;-0.5;3.491824;1;15;1;;;;;
28.82;-0.5;-0.5;2.618381;1;15;1;;;;;
28.84;-0.5;-0.5;3.510045;1;15;1;;;;;
28.86;-0.5;-0.5;4.787911;1;15;1;;;;;
28.88;-0.5;-0.5;2.080921;1;15;1;;;;;
28.9;-0.5;-0.5;4.966518;1;15;1;;;;;
28.92;-0.5;-0.5;3.598899;1;15;1;;;;;
28.94;-0.5;-0.5;4.004464;1;15;1;;;;;
28.96;-0.5;-0.5;3.583668;1;15;1;;;;;
28.98;-0.5;-0.5;3.720338;1;15;1;;;;;
29;-0.5;-0.5;4.691014;1;15;1;;;;;
29.02;-0.5;-0.5;4.708173;1;15;1;;;;;
29.04;-0.5;-0.5;2.057369;1;15;1;;;;;
29.06;-0.5;-0.5;2.699741;1;15;1;;;;;
29.08;-0.5;-0.5;5.864883;1;15;1;;;;;
29.1;-0.5;-0.5;4.469326;1;15;1;;;;;
29.12;-0.5;-0.5;5.788372;1;15;1;;;;;
29.14;-0.5;-0.5;4.00562;1;15;1;;;;;
29.16;-0.5;-0.5;5.894457;1;15;1;;;;;
29.18;-0.5;-0.5;5.651621;1;15;1;;;;;
29.2;-0.5;-0.5;4.61438;1;15;1;;;;;
29.22;-0.5;-0.5;2.364305;1;15;1;;;;;
29.24;-0.5;-0.5;4.077821;1;15;1;;;;;
29.26;-0.5;-0.5;3.982093;1;15;1;;;;;
29.28;-0.5;-0.5;4.901568;1;15;1;;;;;
29.3;-0.5;-0.5;2.824147;1;15;1;;;;;
29.32;-0.5;-0.5;4.330352;1;15;1;;;;;
29.34;-0.5;-0.5;5.810655;1;15;1;;;;;
29.36;-0.5;-0.5;4.122297;1;15;1;;;;;
29.38;-0.5;-0.5;5.968026;1;15;1;;;;;
29.4;-0.5;-0.5;4.959461;1;15;1;;;;;
29.42;-0.5;-0.5;2.943881;1;15;1;;;;;
29.44;-0.5;-0.5;4.920922;1;15;1;;;;;
29.46;-0.5;-0.5;3.123736;1;15;1;;;;;
29.48;-0.5;-0.5;3.590654;1;15;1;;;;;
29.5;-0.5;-0.5;4.616356;1;15;1;;;;;
29.52;-0.5;-0.5;5.970003;1;15;1;;;;;
29.54;-0.5;-0.5;2.165799;1;15;1;;;;;
29.56;-0.5;-0.5;3.645023;1;15;1;;;;;
29.58;-0.5;-0.5;3.858829;1;15;1;;;;;
29.6;-0.5;-0.5;3.089108;1;15;1;;;;;
29.62;-0.5;-0.5;3.472065;1;15;1;;;;;
29.64;-0.5;-0.5;2.34127;1;15;1;;;;;
29.66;-0.5;-0.5;3.305274;1;15;1;;;;;
29.68;-0.5;-0.5;3.696721;1;15;1;;;;;
29.7;-0.5;-0.5;2.132769;1;15;1;;;;;
29.72;-0.5;-0.5;2.602104;1;15;1;;;;;
29.74;-0.5;-0.5;5.68309;1;15;1;;;;;
29.76;-0.5;-0.5;3.989375;1;15;1;;;;;
29.78;-0.5;-0.5;2.692497;1;15;1;;;;;
29.8;-0.5;-0.5;2.216726;1;15;1;;;;;
29.82;-0.5;-0.5;2.724257;1;15;1;;;;;
29.84;-0.5;-0.5;5.378983;1;15;1;;;;;
29.86;-0.5;-0.5;3.142967;1;15;1;;;;;
29.88;-0.5;-0.5;2.173213;1;15;1;;;;;
29.9;-0.5;-0.5;2.772791;1;15;1;;;;;
29.92;-0.5;-0.5;4.409411;1;15;1;;;;;
29.94;-0.5;-0.5;3.811864;1;15;1;;;;;
29.96;-0.5;-0.5;2.491444;1;15;1;;;;;
29.98;-0.5;-0.5;5.3524;1;15;1;;;;;
30;-0.5;-0.5;5.69215;1;15;1;;;;;
30.02;-0.5;-0.5;2.114275;1;15;1;;;;;
30.04;-0.5;-0.5;2.331048;1;15;1;;;;;
30.06;-0.5;-0.5;4.643836;1;15;1;;;;;
30.08;-0.5;-0.5;5.599335;1;15;1;;;;;
30.1;-0.5;-0.5;5.438814;1;15;1;;;;;
30.12;-0.5;-0.5;4.510663;1;15;1;;;;;
30.14;-0.5;-0.5;4.656713;1;15;1;;;;;
30.16;-0.5;-0.5;4.264805;1;15;1;;;;;
30.18;-0.5;-0.5;4.470867;1;15;1;;;;;
30.2;-0.5;-0.5;4.943571;1;15;1;;;;;
30.22;-0.5;-0.5;3.663923;1;15;1;;;;;
30.24;-0.5;-0.5;2.565351;1;15;1;;;;;
30.26;-0.5;-0.5;4.771576;1;15;1;;;;;
30.28;-0.5;-0.5;4.676;1;15;1;;;;;
30.3;-0.5;-0.5;3.433738;1;15;1;;;;;
30.32;-0.5;-0.5;3.899335;1;15;1;;;;;
30.34;-0.5;-0.5;3.459764;1;15;1;;;;;
30.36;-0.5;-0.5;2.991281;1;15;1;;;;;
30.38;-0.5;-0.5;2.068157;1;15;1;;;;;
30.4;-0.5;-0.5;4.083188;1;15;1;;;;;
30.42;-0.5;-0.5;3.109623;1;15;1;;;;;
30.44;-0.5;-0.5;3.513294;1;15;1;;;;;
30.46;-0.5;-0.5;2.77426;1;15;1;;;;;
30.48;-0.5;-0.5;3.033584;1;15;1;;;;;
30.5;-0.5;-0.5;5.344994;1;15;1;;;;;
30.52;-0.5;-0.5;4.357777;1;15;1;;;;;
30.54;-0.5;-0.5;4.901248;1;15;1;;;;;
30.56;-0.5;-0.5;4.654102;1;15;1;;;;;
30.58;-0.5;-0.5;5.144803;1;15;1;;;;;
30.6;-0.5;-0.5;3.342633;1;15;1;;;;;
30.62;-0.5;-0.5;4.34714;1;15;1;;;;;
30.64;-0.5;-0.5;4.580994;1;15;1;;;;;
30.66;-0.5;-0.5;4.776539;1;15;1;;;;;
30.68;-0.5;-0.5;2.832514;1;15;1;;;;;
30.7;-0.5;-0.5;3.645723;1;15;1;;;;;
30.72;-0.5;-0.5;5.536462;1;15;1;;;;;
30.74;-0.5;-0.5;3.848007;1;15;1;;;;;
30.76;-0.5;-0.5;4.507575;1;15;1;;;;;
30.78;-0.5;-0.5;2.768146;1;15;1;;;;;
30.8;-0.5;-0.5;5.161529;1;15;1;;;;;
30.82;-0.5;-0.5;2.399828;1;15;1;;;;;
30.84;-0.5;-0.5;5.998059;1;15;1;;;;;
30.86;-0.5;-0.5;4.44756;1;15;1;;;;;
30.88;-0.5;-0.5;3.004655;1;15;1;;;;;
30.9;-0.5;-0.5;5.05881;1;15;1;;;;;
30.92;-0.5;-0.5;5.650846;1;15;1;;;;;
30.94;-0.5;-0.5;3.623483;1;15;1;;;;;
30.96;-0.5;-0.5;5.19968;1;15;1;;;;;
30.98;-0.5;-0.5;4.348886;1;15;1;;;;;
31;-0.5;-0.5;2.758136;1;15;1;;;;;
31.02;-0.5;-0.5;3.212698;1;15;1;;;;;
31.04;-0.5;-0.5;5.326196;1;15;1;;;;;
31.06;-0.5;-0.5;2.202224;1;15;1;;;;;
31.08;-0.5;-0.5;3.548876;1;15;1;;;;;
31.1;-0.5;-0.5;3.497704;1;15;1;;;;;
31.12;-0.5;-0.5;2.962722;1;15;1;;;;;
31.14;-0.5;-0.5;3.532725;1;15;1;;;;;
31.16;-0.5;-0.5;2.906858;1;15;1;;;;;
31.18;-0.5;-0.5;2.022626;1;15;1;;;;;
31.2;-0.5;-0.5;4.722572;1;15;1;;;;;
31.22;-0.5;-0.5;5.929637;1;15;1;;;;;
31.24;-0.5;-0.5;5.149037;1;15;1;;;;;
31.26;-0.5;-0.5;4.165606;1;15;1;;;;;
31.28;-0.5;-0.5;5.381227;1;15;1;;;;;
31.3;-0.5;-0.5;4.534541;1;15;1;;;;;
31.32;-0.5;-0.5;2.344426;1;15;1;;;;;
31.34;-0.5;-0.5;2.707427;1;15;1;;;;;
31.36;-0.5;-0.5;5.282983;1;15;1;;;;;
31.38;-0.5;-0.5;5.606792;1;15;1;;;;;
31.4;-0.5;-0.5;5.26008;1;15;1;;;;;
31.42;-0.5;-0.5;5.46535;1;15;1;;;;;
31.44;-0.5;-0.5;2.210627;1;15;1;;;;;
31.46;-0.5;-0.5;3.064176;1;15;1;;;;;
31.48;-0.5;-0.5;4.023582;1;15;1;;;;;
31.5;-0.5;-0.5;4.185696;1;15;1;;;;;
31.52;-0.5;-0.5;4.906404;1;15;1;;;;;
31.54;-0.5;-0.5;3.354062;1;15;1;;;;;
31.56;-0.5;-0.5;4.223908;1;15;1;;;;;
31.58;-0.5;-0.5;4.323707;1;15;1;;;;;
31.6;-0.5;-0.5;4.267744;1;15;1;;;;;
31.62;-0.5;-0.5;3.558914;1;15;1;;;;;
31.64;-0.5;-0.5;2.165655;1;15;1;;;;;
31.66;-0.5;-0.5;2.008437;1;15;1;;;;;
31.68;-0.5;-0.5;2.89251;1;15;1;;;;;
31.7;-0.5;-0.5;2.336441;1;15;1;;;;;
31.72;-0.5;-0.5;2.321583;1;15;1;;;;;
31.74;-0.5;-0.5;5.680001;1;15;1;;;;;
31.76;-0.5;-0.5;3.146235;1;15;1;;;;;
31.78;-0.5;-0.5;5.576338;1;15;1;;;;;
31.8;-0.5;-0.5;5.126366;1;15;1;;;;;
31.82;-0.5;-0.5;2.418619;1;15;1;;;;;
31.84;-0.5;-0.5;4.215977;1;15;1;;;;;
31.86;-0.5;-0.5;2.364329;1;15;1;;;;;
31.88;-0.5;-0.5;3.293152;1;15;1;;;;;
31.9;-0.5;-0.5;5.062882;1;15;1;;;;;
31.92;-0.5;-0.5;3.764607;1;15;1;;;;;
31.94;-0.5;-0.5;2.452356;1;15;1;;;;;
31.96;-0.5;-0.5;2.545671;1;15;1;;;;;
31.98;-0.5;-0.5;5.313177;1;15;1;;;;;
32;-0.5;-0.5;4.579634;1;15;1;;;;;
32.02;-0.5;-0.5;5.250462;1;15;1;;;;;
32.04;-0.5;-0.5;4.805696;1;15;1;;;;;
32.06;-0.5;-0.5;2.156081;1;15;1;;;;;
32.08;-0.5;-0.5;3.625213;1;15;1;;;;;
32.1;-0.5;-0.5;5.162186;1;15;1;;;;;
32.12;-0.5;-0.5;5.062102;1;15;1;;;;;
32.14;-0.5;-0.5;4.685443;1;15;1;;;;;
32.16;-0.5;-0.5;3.13379;1;15;1;;;;;
32.18;-0.5;-0.5;3.071327;1;15;1;;;;;
32.2;-0.5;-0.5;3.374557;1;15;1;;;;;
32.22;-0.5;-0.5;2.589417;1;15;1;;;;;
32.24;-0.5;-0.5;5.838934;1;15;1;;;;;
32.26;-0.5;-0.5;5.359409;1;15;1;;;;;
32.28;-0.5;-0.5;2.667966;1;15;1;;;;;
32.3;-0.5;-0.5;3.742533;1;15;1;;;;;
32.32;-0.5;-0.5;3.454965;1;15;1;;;;;
32.34;-0.5;-0.5;2.216543;1;15;1;;;;;
32.36;-0.5;-0.5;5.314962;1;15;1;;;;;
32.38;-0.5;-0.5;5.743972;1;15;1;;;;;
32.4;-0.5;-0.5;3.61476;1;15;1;;;;;
32.42;-0.5;-0.5;2.88825;1;15;1;;;;;
32.44;-0.5;-0.5;5.194922;1;15;1;;;;;
32.46;-0.5;-0.5;3.334449;1;15;1;;;;;
32.48;-0.5;-0.5;5.608744;1;15;1;;;;;
32.5;-0.5;-0.5;5.144699;1;15;1;;;;;
32.52;-0.5;-0.5;4.457839;1;15;1;;;;;
32.54;-0.5;-0.5;5.949374;1;15;1;;;;;
32.56;-0.5;-0.5;4.642497;1;15;1;;;;;
32.58;-0.5;-0.5;5.243986;1;15;1;;;;;
32.6;-0.5;-0.5;4.289619;1;15;1;;;;;
32.62;-0.5;-0.5;5.525352;1;15;1;;;;;
32.64;-0.5;-0.5;5.641095;1;15;1;;;;;
32.66;-0.5;-0.5;3.15778;1;15;1;;;;;
32.68;-0.5;-0.5;4.595141;1;15;1;;;;;
32.7;-0.5;-0.5;4.954515;1;15;1;;;;;
32.72;-0.5;-0.5;4.640225;1;15;1;;;;;
32.74;-0.5;-0.5;4.490722;1;15;1;;;;;
32.76;-0.5;-0.5;2.837751;1;15;1;;;;;
32.78;-0.5;-0.5;5.879491;1;15;1;;;;;
32.8;-0.5;-0.5;3.07736;1;15;1;;;;;
32.82;-0.5;-0.5;4.896276;1;15;1;;;;;
32.84;-0.5;-0.5;2.882054;1;15;1;;;;;
32.86;-0.5;-0.5;5.019941;1;15;1;;;;;
32.88;-0.5;-0.5;4.155937;1;15;1;;;;;
32.9;-0.5;-0.5;4.003633;1;15;1;;;;;
32.92;-0.5;-0.5;3.372837;1;15;1;;;;;
32.94;-0.5;-0.5;2.987815;1;15;1;;;;;
32.96;-0.5;-0.5;4.397183;1;15;1;;;;;
32.98;-0.5;-0.5;3.240841;1;15;1;;;;;
33;-0.5;-0.5;2.172259;1;15;1;;;;;
33.02;-0.5;-0.5;2.054041;1;15;1;;;;;
33.04;-0.5;-0.5;3.038753;1;15;1;;;;;
33.06;-0.5;-0.5;2.574914;1;15;1;;;;;
33.08;-0.5;-0.5;2.243825;1;15;1;;;;;
33.1;-0.5;-0.5;4.503431;1;15;1;;;;;
33.12;-0.5;-0.5;2.534016;1;15;1;;;;;
33.14;-0.5;-0.5;2.344315;1;15;1;;;;;
33.16;-0.5;-0.5;2.974405;1;15;1;;;;;
33.18;-0.5;-0.5;4.303022;1;15;1;;;;;
33.2;-0.5;-0.5;5.593736;1;15;1;;;;;
33.22;-0.5;-0.5;3.120876;1;15;1;;;;;
33.24;-0.5;-0.5;2.597214;1;15;1;;;;;
33.26;-0.5;-0.5;2.01931;1;15;1;;;;;
33.28;-0.5;-0.5;3.000977;1;15;1;;;;;
33.3;-0.5;-0.5;5.482063;1;15;1;;;;;
33.32;-0.5;-0.5;5.635428;1;15;1;;;;;
33.34;-0.5;-0.5;3.828886;1;15;1;;;;;
33.36;-0.5;-0.5;4.670815;1;15;1;;;;;
33.38;-0.5;-0.5;4.43404;1;15;1;;;;;
33.4;-0.5;-0.5;4.118214;1;15;1;;;;;
33.42;-0.5;-0.5;3.356895;1;15;1;;;;;
33.44;-0.5;-0.5;3.924974;1;15;1;;;;;
33.46;-0.5;-0.5;4.494798;1;15;1;;;;;
33.48;-0.5;-0.5;5.071151;1;15;1;;;;;
33.5;-0.5;-0.5;3.40299;1;15;1;;;;;
33.52;-0.5;-0.5;3.519346;1;15;1;;;;;
33.54;-0.5;-0.5;5.959466;1;15;1;;;;;
33.56;-0.5;-0.5;4.258733;1;15;1;;;;;
33.58;-0.5;-0.5;3.983011;1;15;1;;;;;
33.6;-0.5;-0.5;2.171456;1;15;1;;;;;
33.62;-0.5;-0.5;4.768865;1;15;1;;;;;
33.64;-0.5;-0.5;4.253518;1;15;1;;;;;
33.66;-0.5;-0.5;3.835579;1;15;1;;;;;
33.68;-0.5;-0.5;2.619773;1;15;1;;;;;
33.7;-0.5;-0.5;3.584626;1;15;1;;;;;
33.72;-0.5;-0.5;2.348757;1;15;1;;;;;
33.74;-0.5;-0.5;3.279181;1;15;1;;;;;
33.76;-0.5;-0.5;2.75773;1;15;1;;;;;
33.78;-0.5;-0.5;2.706861;1;15;1;;;;;
33.8;-0.5;-0.5;2.270312;1;15;1;;;;;
33.82;-0.5;-0.5;2.93397;1;15;1;;;;;
33.84;-0.5;-0.5;2.055477;1;15;1;;;;;
33.86;-0.5;-0.5;3.763236;1;15;1;;;;;
33.88;-0.5;-0.5;2.412766;1;15;1;;;;;
33.9;-0.5;-0.5;3.654977;1;15;1;;;;;
33.92;-0.5;-0.5;3.070065;1;15;1;;;;;
33.94;-0.5;-0.5;3.929368;1;15;1;;;;;
33.96;-0.5;-0.5;2.491356;1;15;1;;;;;
33.98;-0.5;-0.5;4.629711;1;15;1;;;;;
34;-0.5;-0.5;5.952158;1;15;1;;;;;
34.02;-0.5;-0.5;3.151568;1;15;1;;;;;
34.04;-0.5;-0.5;2.896435;1;15;1;;;;;
34.06;-0.5;-0.5;5.624054;1;15;1;;;;;
34.08;-0.5;-0.5;4.996998;1;15;1;;;;;
34.1;-0.5;-0.5;5.535556;1;15;1;;;;;
34.12;-0.5;-0.5;5.347196;1;15;1;;;;;
34.14;-0.5;-0.5;3.029986;1;15;1;;;;;
34.16;-0.5;-0.5;4.208822;1;15;1;;;;;
34.18;-0.5;-0.5;3.474648;1;15;1;;;;;
34.2;-0.5;-0.5;4.329892;1;15;1;;;;;
34.22;-0.5;-0.5;2.543147;1;15;1;;;;;
34.24;-0.5;-0.5;5.427104;1;15;1;;;;;
34.26;-0.5;-0.5;4.303985;1;15;1;;;;;
34.28;-0.5;-0.5;5.095863;1;15;1;;;;;
34.3;-0.5;-0.5;2.884213;1;15;1;;;;;
34.32;-0.5;-0.5;3.618595;1;15;1;;;;;
34.34;-0.5;-0.5;4.002379;1;15;1;;;;;
34.36;-0.5;-0.5;5.719749;1;15;1;;;;;
34.38;-0.5;-0.5;3.422076;1;15;1;;;;;
34.4;-0.5;-0.5;3.378068;1;15;1;;;;;
34.42;-0.5;-0.5;3.971716;1;15;1;;;;;
34.44;-0.5;-0.5;3.951212;1;15;1;;;;;
34.46;-0.5;-0.5;2.865226;1;15;1;;;;;
34.48;-0.5;-0.5;3.910703;1;15;1;;;;;
34.5;-0.5;-0.5;2.575385;1;15;1;;;;;
34.52;-0.5;-0.5;2.459047;1;15;1;;;;;
34.54;-0.5;-0.5;5.452824;1;15;1;;;;;
34.56;-0.5;-0.5;5.876212;1;15;1;;;;;
34.58;-0.5;-0.5;4.132334;1;15;1;;;;;
34.6;-0.5;-0.5;5.824743;1;15;1;;;;;
34.62;-0.5;-0.5;2.208138;1;15;1;;;;;
34.64;-0.5;-0.5;3.06995;1;15;1;;;;;
34.66;-0.5;-0.5;5.643524;1;15;1;;;;;
34.68;-0.5;-0.5;5.491044;1;15;1;;;;;
34.7;-0.5;-0.5;2.435097;1;15;1;;;;;
34.72;-0.5;-0.5;3.641585;1;15;1;;;;;
34.74;-0.5;-0.5;5.133279;1;15;1;;;;;
34.76;-0.5;-0.5;4.957085;1;15;1;;;;;
34.78;-0.5;-0.5;4.634732;1;15;1;;;;;
34.8;-0.5;-0.5;2.251767;1;15;1;;;;;
34.82;-0.5;-0.5;2.021077;1;15;1;;;;;
34.84;-0.5;-0.5;2.802045;1;15;1;;;;;
34.86;-0.5;-0.5;3.691434;1;15;1;;;;;
34.88;-0.5;-0.5;2.354485;1;15;1;;;;;
34.9;-0.5;-0.5;2.466171;1;15;1;;;;;
34.92;-0.5;-0.5;2.764524;1;15;1;;;;;
34.94;-0.5;-0.5;3.155356;1;15;1;;;;;
34.96;-0.5;-0.5;4.978597;1;15;1;;;;;
34.98;-0.5;-0.5;3.931972;1;15;1;;;;;
35;-0.5;-0.5;3.487723;1;15;1;;;;;
;;;;;;;;;;;
