time;pos_x_right;pos_y_right;dil_right;pos_x_left;pos_y_left;dil_left;brightness;state;fov;trial;;
0;-0.5;-0.5;5.069543;1;Adaptation;15;1;;;;;
0.02;-0.5;-0.5;3.916975;1;Adaptation;15;1;;;;;
0.04;-0.5;-0.5;3.298096;1;Adaptation;15;1;;;;;
0.06;-0.5;-0.5;5.555131;1;Adaptation;15;1;;;;;
0.08;-0.5;-0.5;4.587594;1;Adaptation;15;1;;;;;
0.09999999;-0.5;-0.5;2.210142;1;Adaptation;15;1;;;;;
0.12;-0.5;-0.5;2.346062;1;Adaptation;15;1;;;;;
0.14;-0.5;-0.5;5.144697;1;Adaptation;15;1;;;;;
0.16;-0.5;-0.5;3.065289;1;Adaptation;15;1;;;;;
0.18;-0.5;-0.5;5.064166;1;Adaptation;15;1;;;;;
0.2;-0.5;-0.5;2.042283;1;Adaptation;15;1;;;;;
0.22;-0.5;-0.5;4.019792;1;Adaptation;15;1;;;;;
0.24;-0.5;-0.5;3.474336;1;Adaptation;15;1;;;;;
0.26;-0.5;-0.5;5.125662;1;Adaptation;15;1;;;;;
0.28;-0.5;-0.5;2.50652;1;Adaptation;15;1;;;;;
0.3;-0.5;-0.5;4.041007;1;Adaptation;15;1;;;;;
0.32;-0.5;-0.5;2.041012;1;Adaptation;15;1;;;;;
0.34;-0.5;-0.5;4.918396;1;Adaptation;15;1;;;;;
0.36;-0.5;-0.5;4.655275;1;Adaptation;15;1;;;;;
0.38;-2;-0.0625;2.511841;1;Adaptation;15;1;;;;;
0.4;-0.5;-0.5;4.278786;1;Adaptation;15;1;;;;;
0.42;0;-0.0625;2.126931;1;Adaptation;15;1;;;;;
0.44;-0.5;-0.5;2.635213;1;Adaptation;15;1;;;;;
0.46;-0.5;-0.5;2.429912;1;Adaptation;15;1;;;;;
0.48;-0.5;-0.5;4.1855;1;Adaptation;15;1;;;;;
0.5;0;0;4.106863;1;Adaptation;15;1;;;;;
0.52;-0.5;-0.5;5.00648;1;Adaptation;15;1;;;;;
0.54;-0.5;-0.5;4.35191;1;Adaptation;15;1;;;;;
0.56;-0.5;-0.5;3.963632;1;Adaptation;15;1;;;;;
0.58;0;0.125;5.651764;1;Adaptation;15;1;;;;;
0.6;-0.5;-0.5;5.739002;1;Adaptation;15;1;;;;;
0.62;-0.5;-0.5;2.542124;1;Adaptation;15;1;;;;;
0.64;-0.5;-0.5;2.300031;1;Adaptation;15;1;;;;;
0.66;0;-0.3125;2.545202;1;Adaptation;15;1;;;;;
0.68;0;0.1875;3.763994;1;Adaptation;15;1;;;;;
0.7;-0.5;-0.5;5.645159;1;Adaptation;15;1;;;;;
0.72;-0.5;-0.5;2.551672;1;Adaptation;15;1;;;;;
0.74;-0.5;-0.5;5.825326;1;Adaptation;15;1;;;;;
0.76;-0.5;-0.5;2.325369;1;Adaptation;15;1;;;;;
0.78;-0.5;-0.5;2.386936;1;Adaptation;15;1;;;;;
0.8;-0.5;-0.5;2.050575;1;Adaptation;15;1;;;;;
0.82;2;0;2.229894;1;Adaptation;15;1;;;;;
0.84;-0.5;-0.5;2.919672;1;Adaptation;15;1;;;;;
0.86;-0.5;-0.5;5.957162;1;Adaptation;15;1;;;;;
0.88;2;-0.1875;4.031585;1;Adaptation;15;1;;;;;
0.9;-0.5;-0.5;4.445234;1;Adaptation;15;1;;;;;
0.92;-0.5;-0.5;3.811866;1;Adaptation;15;1;;;;;
0.94;0;-0.0625;2.208368;1;Adaptation;15;1;;;;;
0.96;-0.5;-0.5;4.131131;1;Adaptation;15;1;;;;;
0.98;-0.5;-0.5;5.190201;1;Adaptation;15;1;;;;;
1;0;-0.125;4.912148;1;Adaptation;15;1;;;;;
1.02;-0.5;-0.5;3.548769;1;Adaptation;15;1;;;;;
1.04;-0.5;-0.5;3.465311;1;Adaptation;15;1;;;;;
1.06;-0.5;-0.5;3.783877;1;Adaptation;15;1;;;;;
1.08;-0.5;-0.5;5.767165;1;Adaptation;15;1;;;;;
1.1;-0.5;-0.5;2.638325;1;Adaptation;15;1;;;;;
1.12;-0.5;-0.5;5.977568;1;Adaptation;15;1;;;;;
1.14;-0.5;-0.5;5.568485;1;Adaptation;15;1;;;;;
1.16;0;0;4.845013;1;Adaptation;15;1;;;;;
1.18;-0.5;-0.5;5.922026;1;Adaptation;15;1;;;;;
1.2;-0.5;-0.5;5.059856;1;Adaptation;15;1;;;;;
1.22;2;-0.1875;5.560099;1;Adaptation;15;1;;;;;
1.24;-0.5;-0.5;3.336019;1;Adaptation;15;1;;;;;
1.26;-0.5;-0.5;5.486839;1;Adaptation;15;1;;;;;
1.28;-0.5;-0.5;3.790334;1;Adaptation;15;1;;;;;
1.3;2;0.1875;4.108552;1;Adaptation;15;1;;;;;
1.32;-0.5;-0.5;2.626129;1;Adaptation;15;1;;;;;
1.34;-0.5;-0.5;4.670762;1;Adaptation;15;1;;;;;
1.36;-0.5;-0.5;2.920204;1;Adaptation;15;1;;;;;
1.38;-0.5;-0.5;3.791161;1;Adaptation;15;1;;;;;
1.4;-0.5;-0.5;3.768157;1;Adaptation;15;1;;;;;
1.42;-0.5;-0.5;5.142816;1;Adaptation;15;1;;;;;
1.44;0;-0.0625;3.074889;1;Adaptation;15;1;;;;;
1.46;0;0.0625;4.258075;1;Adaptation;15;1;;;;;
1.48;-2;0.3125;2.569262;1;Adaptation;15;1;;;;;
1.5;-0.5;-0.5;4.365973;1;Adaptation;15;1;;;;;
1.52;-0.5;-0.5;5.403057;1;Adaptation;15;1;;;;;
1.54;-0.5;-0.5;4.616981;1;Adaptation;15;1;;;;;
1.56;-0.5;-0.5;2.24895;1;Adaptation;15;1;;;;;
1.58;-0.5;-0.5;4.190624;1;Adaptation;15;1;;;;;
1.6;2;0;4.375746;1;Adaptation;15;1;;;;;
1.62;-0.5;-0.5;5.856009;1;Adaptation;15;1;;;;;
1.64;-2;0.0625;4.955981;1;Adaptation;15;1;;;;;
1.66;-0.5;-0.5;5.881229;1;Adaptation;15;1;;;;;
1.68;-0.5;-0.5;4.147586;1;Adaptation;15;1;;;;;
1.7;-0.5;-0.5;5.926746;1;Adaptation;15;1;;;;;
1.72;-0.5;-0.5;5.445642;1;Adaptation;15;1;;;;;
1.74;-0.5;-0.5;5.372605;1;Adaptation;15;1;;;;;
1.76;-0.5;-0.5;5.796637;1;Adaptation;15;1;;;;;
1.78;-0.5;-0.5;2.973083;1;Adaptation;15;1;;;;;
1.8;-0.5;-0.5;5.503425;1;Adaptation;15;1;;;;;
1.82;-0.5;-0.5;2.170023;1;Adaptation;15;1;;;;;
1.84;-0.5;-0.5;5.912199;1;Adaptation;15;1;;;;;
1.86;-0.5;-0.5;2.681543;1;Adaptation;15;1;;;;;
1.88;-0.5;-0.5;2.150964;1;Adaptation;15;1;;;;;
1.9;-0.5;-0.5;4.70853;1;Adaptation;15;1;;;;;
1.92;-0.5;-0.5;5.971598;1;Adaptation;15;1;;;;;
1.94;-0.5;-0.5;5.200902;1;Adaptation;15;1;;;;;
1.96;-0.5;-0.5;2.347733;1;Adaptation;15;1;;;;;
1.98;-0.5;-0.5;4.481845;1;Adaptation;15;1;;;;;
2;-0.5;-0.5;4.577273;1;Adaptation;15;1;;;;;
2.02;-0.5;-0.5;2.029635;1;Adaptation;15;1;;;;;
2.04;-0.5;-0.5;4.710693;1;Adaptation;15;1;;;;;
2.06;-0.5;-0.5;3.853876;1;Adaptation;15;1;;;;;
2.08;-0.5;-0.5;5.509363;1;Adaptation;15;1;;;;;
2.1;-0.5;-0.5;4.724813;1;Adaptation;15;1;;;;;
2.12;-0.5;-0.5;5.838259;1;Adaptation;15;1;;;;;
2.14;-0.5;-0.5;5.97814;1;Adaptation;15;1;;;;;
2.16;-0.5;-0.5;2.021935;1;Adaptation;15;1;;;;;
2.18;-0.5;-0.5;4.013783;1;Adaptation;15;1;;;;;
2.2;-0.5;-0.5;2.021177;1;Adaptation;15;1;;;;;
2.22;0;-0.125;3.843118;1;Adaptation;15;1;;;;;
2.24;-0.5;-0.5;3.41911;1;Adaptation;15;1;;;;;
2.26;-0.5;-0.5;4.324613;1;Adaptation;15;1;;;;;
2.28;-0.5;-0.5;5.693477;1;Adaptation;15;1;;;;;
2.3;-0.5;-0.5;4.52299;1;Adaptation;15;1;;;;;
2.32;0;-0.0625;5.103254;1;Adaptation;15;1;;;;;
2.34;-2;0.0625;3.7717;1;Adaptation;15;1;;;;;
2.36;-2;0;3.345767;1;Adaptation;15;1;;;;;
2.38;-0.5;-0.5;4.702294;1;Adaptation;15;1;;;;;
2.4;-0.5;-0.5;2.997019;1;Adaptation;15;1;;;;;
2.42;0;0;4.106781;1;Adaptation;15;1;;;;;
2.44;-0.5;-0.5;3.307216;1;Adaptation;15;1;;;;;
2.46;-0.5;-0.5;5.782488;1;Adaptation;15;1;;;;;
2.48;-0.5;-0.5;5.001319;1;Adaptation;15;1;;;;;
2.5;-0.5;-0.5;5.693552;1;Adaptation;15;1;;;;;
2.52;2;0.1875;5.101107;1;Adaptation;15;1;;;;;
2.54;-0.5;-0.5;3.535509;1;Adaptation;15;1;;;;;
2.56;-0.5;-0.5;5.518813;1;Adaptation;15;1;;;;;
2.58;-0.5;-0.5;4.645425;1;Adaptation;15;1;;;;;
2.6;-0.5;-0.5;2.672832;1;Adaptation;15;1;;;;;
2.62;-0.5;-0.5;3.900349;1;Adaptation;15;1;;;;;
2.64;-0.5;-0.5;5.922451;1;Adaptation;15;1;;;;;
2.66;-0.5;-0.5;5.149154;1;Adaptation;15;1;;;;;
2.68;-0.5;-0.5;3.726626;1;Adaptation;15;1;;;;;
2.7;0;-0.125;2.9716;1;Adaptation;15;1;;;;;
2.72;0;-0.25;5.276699;1;Adaptation;15;1;;;;;
2.74;-0.5;-0.5;3.798814;1;Adaptation;15;1;;;;;
2.76;-0.5;-0.5;4.492832;1;Adaptation;15;1;;;;;
2.78;-0.5;-0.5;3.364752;1;Adaptation;15;1;;;;;
2.8;-2;0.125;2.142439;1;Adaptation;15;1;;;;;
2.82;-0.5;-0.5;4.313782;1;Adaptation;15;1;;;;;
2.84;-0.5;-0.5;4.018161;1;Adaptation;15;1;;;;;
2.86;-0.5;-0.5;5.632672;1;Adaptation;15;1;;;;;
2.88;-0.5;-0.5;5.742717;1;Adaptation;15;1;;;;;
2.9;-2;0.0625;3.534619;1;Adaptation;15;1;;;;;
2.92;0;-0.125;4.325121;1;Adaptation;15;1;;;;;
2.94;-0.5;-0.5;2.78025;1;Adaptation;15;1;;;;;
2.96;-0.5;-0.5;4.796656;1;Adaptation;15;1;;;;;
2.98;-0.5;-0.5;4.933276;1;Adaptation;15;1;;;;;
3;0;-0.125;4.069387;1;Adaptation;15;1;;;;;
3.02;-0.5;-0.5;5.625578;1;Adaptation;15;1;;;;;
3.04;0;-0.125;5.021434;1;Adaptation;15;1;;;;;
3.06;-0.5;-0.5;4.791815;1;Adaptation;15;1;;;;;
3.08;-0.5;-0.5;4.424001;1;Adaptation;15;1;;;;;
3.1;-0.5;-0.5;5.0049;1;Adaptation;15;1;;;;;
3.12;-0.5;-0.5;3.845517;1;Adaptation;15;1;;;;;
3.14;-0.5;-0.5;3.347855;1;Adaptation;15;1;;;;;
3.16;-0.5;-0.5;4.979881;1;Adaptation;15;1;;;;;
3.18;-0.5;-0.5;2.217141;1;Adaptation;15;1;;;;;
3.2;-0.5;-0.5;5.878129;1;Adaptation;15;1;;;;;
3.22;0;0.0625;3.699166;1;Adaptation;15;1;;;;;
3.24;2;0.125;5.577637;1;Adaptation;15;1;;;;;
3.26;-0.5;-0.5;3.244377;1;Adaptation;15;1;;;;;
3.28;0;-0.125;2.302691;1;Adaptation;15;1;;;;;
3.3;-0.5;-0.5;4.708014;1;Adaptation;15;1;;;;;
3.32;-0.5;-0.5;3.491071;1;Adaptation;15;1;;;;;
3.34;-0.5;-0.5;3.957754;1;Adaptation;15;1;;;;;
3.36;-0.5;-0.5;3.919808;1;Adaptation;15;1;;;;;
3.38;0;-0.125;2.5096;1;Adaptation;15;1;;;;;
3.4;0;0.125;2.730689;1;Adaptation;15;1;;;;;
3.42;0;0;2.744037;1;Adaptation;15;1;;;;;
3.44;-0.5;-0.5;2.673985;1;Adaptation;15;1;;;;;
3.46;-0.5;-0.5;4.815535;1;Adaptation;15;1;;;;;
3.48;-0.5;-0.5;3.821121;1;Adaptation;15;1;;;;;
3.5;0;0.0625;4.127721;1;Adaptation;15;1;;;;;
3.52;-0.5;-0.5;3.442094;1;Adaptation;15;1;;;;;
3.54;-0.5;-0.5;4.895074;1;Adaptation;15;1;;;;;
3.56;-0.5;-0.5;5.725702;1;Adaptation;15;1;;;;;
3.58;-0.5;-0.5;4.243814;1;Adaptation;15;1;;;;;
3.6;-0.5;-0.5;3.784805;1;Adaptation;15;1;;;;;
3.62;-0.5;-0.5;3.68557;1;Adaptation;15;1;;;;;
3.64;-0.5;-0.5;3.131863;1;Adaptation;15;1;;;;;
3.66;-0.5;-0.5;4.576982;1;Adaptation;15;1;;;;;
3.68;-0.5;-0.5;3.773907;1;Adaptation;15;1;;;;;
3.7;2;0.0625;5.150101;1;Adaptation;15;1;;;;;
3.72;-0.5;-0.5;5.926209;1;Adaptation;15;1;;;;;
3.74;-0.5;-0.5;3.099536;1;Adaptation;15;1;;;;;
3.76;-0.5;-0.5;5.391259;1;Adaptation;15;1;;;;;
3.78;4;0;2.11392;1;Adaptation;15;1;;;;;
3.8;-0.5;-0.5;2.094872;1;Adaptation;15;1;;;;;
3.82;-0.5;-0.5;5.235849;1;Adaptation;15;1;;;;;
3.84;-0.5;-0.5;4.495324;1;Adaptation;15;1;;;;;
3.86;-0.5;-0.5;3.73333;1;Adaptation;15;1;;;;;
3.88;2;-0.0625;5.501913;1;Adaptation;15;1;;;;;
3.9;-0.5;-0.5;3.39376;1;Adaptation;15;1;;;;;
3.92;-0.5;-0.5;2.313896;1;Adaptation;15;1;;;;;
3.94;-0.5;-0.5;2.630708;1;Adaptation;15;1;;;;;
3.96;-0.5;-0.5;5.357113;1;Adaptation;15;1;;;;;
3.98;-0.5;-0.5;3.310569;1;Adaptation;15;1;;;;;
4;-0.5;-0.5;4.010095;1;Adaptation;15;1;;;;;
4.02;-0.5;-0.5;3.217031;1;Adaptation;15;1;;;;;
4.04;-0.5;-0.5;5.343491;1;Adaptation;15;1;;;;;
4.06;0;0.125;3.534836;1;Adaptation;15;1;;;;;
4.08;-0.5;-0.5;2.524576;1;Adaptation;15;1;;;;;
4.1;-0.5;-0.5;2.776401;1;Adaptation;15;1;;;;;
4.12;-0.5;-0.5;5.016638;1;Adaptation;15;1;;;;;
4.14;-0.5;-0.5;4.456598;1;Adaptation;15;1;;;;;
4.16;-0.5;-0.5;5.009016;1;Adaptation;15;1;;;;;
4.18;-0.5;-0.5;4.846937;1;Adaptation;15;1;;;;;
4.2;-0.5;-0.5;3.704613;1;Adaptation;15;1;;;;;
4.22;-0.5;-0.5;3.145216;1;Adaptation;15;1;;;;;
4.24;-0.5;-0.5;4.206307;1;Adaptation;15;1;;;;;
4.26;-0.5;-0.5;3.298953;1;Adaptation;15;1;;;;;
4.28;-0.5;-0.5;4.751822;1;Adaptation;15;1;;;;;
4.3;-2;0.0625;3.555969;1;Adaptation;15;1;;;;;
4.32;-0.5;-0.5;3.342839;1;Adaptation;15;1;;;;;
4.34;-0.5;-0.5;2.870736;1;Adaptation;15;1;;;;;
4.36;-0.5;-0.5;2.18893;1;Adaptation;15;1;;;;;
4.38;-0.5;-0.5;4.676992;1;Adaptation;15;1;;;;;
4.4;-0.5;-0.5;4.615293;1;Adaptation;15;1;;;;;
4.42;-0.5;-0.5;2.230744;1;Adaptation;15;1;;;;;
4.44;-0.5;-0.5;4.583846;1;Adaptation;15;1;;;;;
4.46;-0.5;-0.5;5.356225;1;Adaptation;15;1;;;;;
4.48;0;0;3.169832;1;Adaptation;15;1;;;;;
4.5;-0.5;-0.5;5.194956;1;Adaptation;15;1;;;;;
4.52;2;-0.1875;3.242671;1;Adaptation;15;1;;;;;
4.54;-0.5;-0.5;4.774849;1;Adaptation;15;1;;;;;
4.56;2;0;3.178355;1;Adaptation;15;1;;;;;
4.58;-0.5;-0.5;2.379183;1;Adaptation;15;1;;;;;
4.6;-0.5;-0.5;2.052859;1;Adaptation;15;1;;;;;
4.62;0;0.0625;2.923719;1;Adaptation;15;1;;;;;
4.64;2;-0.125;3.219893;1;Adaptation;15;1;;;;;
4.66;-0.5;-0.5;3.796286;1;Adaptation;15;1;;;;;
4.68;0;0.25;5.581264;1;Adaptation;15;1;;;;;
4.7;-0.5;-0.5;4.150534;1;Adaptation;15;1;;;;;
4.72;-0.5;-0.5;2.425361;1;Adaptation;15;1;;;;;
4.74;-0.5;-0.5;2.16254;1;Adaptation;15;1;;;;;
4.76;-0.5;-0.5;4.673896;1;Adaptation;15;1;;;;;
4.78;-0.5;-0.5;2.920331;1;Adaptation;15;1;;;;;
4.8;-0.5;-0.5;4.106315;1;Adaptation;15;1;;;;;
4.82;-0.5;-0.5;2.513304;1;Adaptation;15;1;;;;;
4.84;-0.5;-0.5;5.817317;1;Adaptation;15;1;;;;;
4.86;-0.5;-0.5;4.170401;1;Adaptation;15;1;;;;;
4.88;0;0.25;3.704361;1;Adaptation;15;1;;;;;
4.9;-0.5;-0.5;5.778865;1;Adaptation;15;1;;;;;
4.92;-0.5;-0.5;4.164062;1;Adaptation;15;1;;;;;
4.94;-0.5;-0.5;3.639951;1;Adaptation;15;1;;;;;
4.96;-0.5;-0.5;4.83967;1;Adaptation;15;1;;;;;
4.98;2;0.1875;2.4825;1;Adaptation;15;1;;;;;
5;-0.5;-0.5;5.89426;1;Adaptation;15;1;;;;;
5.02;0;0.0625;5.645877;1;Adaptation;15;1;;;;;
5.04;-0.5;-0.5;4.629831;1;Adaptation;15;1;;;;;
5.06;0;-0.125;5.349329;1;Adaptation;15;1;;;;;
5.08;-0.5;-0.5;4.319775;1;Adaptation;15;1;;;;;
5.1;0;0.25;5.569616;1;Adaptation;15;1;;;;;
5.12;-0.5;-0.5;4.264297;1;Adaptation;15;1;;;;;
5.14;-2;-0.0625;4.853954;1;Adaptation;15;1;;;;;
5.16;-0.5;-0.5;4.703192;1;Adaptation;15;1;;;;;
5.18;0;-0.25;2.131329;1;Adaptation;15;1;;;;;
5.2;-0.5;-0.5;3.846153;1;Adaptation;15;1;;;;;
5.22;-0.5;-0.5;4.343884;1;Adaptation;15;1;;;;;
5.24;-0.5;-0.5;5.432392;1;Adaptation;15;1;;;;;
5.26;-0.5;-0.5;5.551888;1;Adaptation;15;1;;;;;
5.28;-0.5;-0.5;5.962858;1;Adaptation;15;1;;;;;
5.3;2;-0.125;5.076635;1;Adaptation;15;1;;;;;
5.32;-0.5;-0.5;4.313918;1;Adaptation;15;1;;;;;
5.34;-0.5;-0.5;2.210856;1;Adaptation;15;1;;;;;
5.36;-0.5;-0.5;3.013697;1;Adaptation;15;1;;;;;
5.38;-2;-0.25;2.129419;1;Adaptation;15;1;;;;;
5.4;-0.5;-0.5;3.22597;1;Adaptation;15;1;;;;;
5.42;-0.5;-0.5;3.725981;1;Adaptation;15;1;;;;;
5.44;-0.5;-0.5;3.054436;1;Adaptation;15;1;;;;;
5.46;-0.5;-0.5;3.01284;1;Adaptation;15;1;;;;;
5.48;0;-0.0625;2.986574;1;Adaptation;15;1;;;;;
5.5;-0.5;-0.5;3.067127;1;Adaptation;15;1;;;;;
5.52;-0.5;-0.5;2.604772;1;Adaptation;15;1;;;;;
5.54;-0.5;-0.5;2.248848;1;Adaptation;15;1;;;;;
5.56;0;0.0625;5.086738;1;Adaptation;15;1;;;;;
5.58;2;-0.0625;3.512741;1;Adaptation;15;1;;;;;
5.6;-0.5;-0.5;2.838307;1;Adaptation;15;1;;;;;
5.62;-0.5;-0.5;2.699255;1;Adaptation;15;1;;;;;
5.64;-0.5;-0.5;5.136886;1;Adaptation;15;1;;;;;
5.66;0;-0.0625;2.4296;1;Adaptation;15;1;;;;;
5.68;-2;-0.1875;4.041867;1;Adaptation;15;1;;;;;
5.7;-0.5;-0.5;2.259382;1;Adaptation;15;1;;;;;
5.72;0;-0.3125;3.1626;1;Adaptation;15;1;;;;;
5.74;-0.5;-0.5;3.562454;1;Adaptation;15;1;;;;;
5.76;-0.5;-0.5;3.838261;1;Adaptation;15;1;;;;;
5.78;-0.5;-0.5;3.450338;1;Adaptation;15;1;;;;;
5.8;-0.5;-0.5;5.97407;1;Adaptation;15;1;;;;;
5.82;-0.5;-0.5;4.36939;1;Adaptation;15;1;;;;;
5.84;-0.5;-0.5;2.613839;1;Adaptation;15;1;;;;;
5.86;-4;0;3.527278;1;Adaptation;15;1;;;;;
5.88;-0.5;-0.5;4.099304;1;Adaptation;15;1;;;;;
5.9;-0.5;-0.5;5.764843;1;Adaptation;15;1;;;;;
5.92;0;-0.125;4.972072;1;Adaptation;15;1;;;;;
5.94;2;-0.25;2.141264;1;Adaptation;15;1;;;;;
5.96;-0.5;-0.5;4.636047;1;Adaptation;15;1;;;;;
5.98;-0.5;-0.5;5.369571;1;Adaptation;15;1;;;;;
6;-0.5;-0.5;4.037385;1;Adaptation;15;1;;;;;
6.02;-2;0.0625;3.679354;1;Adaptation;15;1;;;;;
6.04;-0.5;-0.5;5.727957;1;Adaptation;15;1;;;;;
6.06;-0.5;-0.5;3.539977;1;Adaptation;15;1;;;;;
6.08;0;0;3.827272;1;Adaptation;15;1;;;;;
6.1;-0.5;-0.5;3.966036;1;Adaptation;15;1;;;;;
6.12;-0.5;-0.5;2.283124;1;Adaptation;15;1;;;;;
6.14;-0.5;-0.5;2.372243;1;Adaptation;15;1;;;;;
6.16;0;0.0625;5.248992;1;Adaptation;15;1;;;;;
6.18;-0.5;-0.5;4.417531;1;Adaptation;15;1;;;;;
6.2;-0.5;-0.5;4.613505;1;Adaptation;15;1;;;;;
6.22;0;-0.0625;3.213016;1;Adaptation;15;1;;;;;
6.24;0;0;5.563174;1;Adaptation;15;1;;;;;
6.26;-0.5;-0.5;4.616814;1;Adaptation;15;1;;;;;
6.28;-0.5;-0.5;2.669061;1;Adaptation;15;1;;;;;
6.3;-0.5;-0.5;3.843141;1;Adaptation;15;1;;;;;
6.32;-0.5;-0.5;3.074627;1;Adaptation;15;1;;;;;
6.34;-2;-0.0625;5.755541;1;Adaptation;15;1;;;;;
6.36;-0.5;-0.5;5.834264;1;Adaptation;15;1;;;;;
6.38;-0.5;-0.5;2.747136;1;Adaptation;15;1;;;;;
6.4;-0.5;-0.5;2.784899;1;Adaptation;15;1;;;;;
6.42;0;0.125;2.304222;1;Adaptation;15;1;;;;;
6.44;0;0.1875;2.994185;1;Adaptation;15;1;;;;;
6.46;2;0;2.00035;1;Adaptation;15;1;;;;;
6.48;-0.5;-0.5;4.985209;1;Adaptation;15;1;;;;;
6.5;-0.5;-0.5;3.775666;1;Adaptation;15;1;;;;;
6.52;2;-0.125;5.014706;1;Adaptation;15;1;;;;;
6.54;-0.5;-0.5;4.422761;1;Adaptation;15;1;;;;;
6.56;-0.5;-0.5;4.653647;1;Adaptation;15;1;;;;;
6.58;2;-0.1875;5.572264;1;Adaptation;15;1;;;;;
6.6;-0.5;-0.5;2.087763;1;Adaptation;15;1;;;;;
6.62;-0.5;-0.5;2.555499;1;Adaptation;15;1;;;;;
6.64;-0.5;-0.5;5.476764;1;Adaptation;15;1;;;;;
6.66;-0.5;-0.5;4.303889;1;Adaptation;15;1;;;;;
6.68;-0.5;-0.5;4.513775;1;Adaptation;15;1;;;;;
6.7;0;0.0625;2.268232;1;Adaptation;15;1;;;;;
6.72;-2;-0.125;5.836111;1;Adaptation;15;1;;;;;
6.74;-0.5;-0.5;4.815703;1;Adaptation;15;1;;;;;
6.76;-0.5;-0.5;2.415015;1;Adaptation;15;1;;;;;
6.78;-2;0;3.825087;1;Adaptation;15;1;;;;;
6.8;-2;-0.0625;2.217367;1;Adaptation;15;1;;;;;
6.82;-0.5;-0.5;5.929612;1;Adaptation;15;1;;;;;
6.84;-0.5;-0.5;4.709289;1;Adaptation;15;1;;;;;
6.86;-2;0.125;3.885165;1;Adaptation;15;1;;;;;
6.88;-0.5;-0.5;3.225877;1;Adaptation;15;1;;;;;
6.9;-2;-0.1875;4.388969;1;Adaptation;15;1;;;;;
6.92;-2;0.0625;5.192125;1;Adaptation;15;1;;;;;
6.94;-0.5;-0.5;5.373973;1;Adaptation;15;1;;;;;
6.96;2;0.0625;2.992155;1;Adaptation;15;1;;;;;
6.98;2;0;4.494393;1;Adaptation;15;1;;;;;
7;-2;-0.125;4.381749;1;Adaptation;15;1;;;;;
7.02;-0.5;-0.5;4.62054;1;Adaptation;15;1;;;;;
7.04;-0.5;-0.5;2.293009;1;Adaptation;15;1;;;;;
7.06;-0.5;-0.5;4.498661;1;Adaptation;15;1;;;;;
7.08;-0.5;-0.5;5.369763;1;Adaptation;15;1;;;;;
7.1;-0.5;-0.5;3.184318;1;Adaptation;15;1;;;;;
7.12;-0.5;-0.5;5.37776;1;Adaptation;15;1;;;;;
7.14;-0.5;-0.5;3.771526;1;Adaptation;15;1;;;;;
7.16;-0.5;-0.5;5.941119;1;Adaptation;15;1;;;;;
7.18;-0.5;-0.5;2.817375;1;Adaptation;15;1;;;;;
7.2;-0.5;-0.5;3.578027;1;Adaptation;15;1;;;;;
7.22;-0.5;-0.5;4.715496;1;Adaptation;15;1;;;;;
7.24;-0.5;-0.5;3.589399;1;Adaptation;15;1;;;;;
7.26;-0.5;-0.5;3.951488;1;Adaptation;15;1;;;;;
7.28;-0.5;-0.5;5.373966;1;Adaptation;15;1;;;;;
7.3;-0.5;-0.5;3.105503;1;Adaptation;15;1;;;;;
7.32;-0.5;-0.5;4.368111;1;Adaptation;15;1;;;;;
7.34;0;0.1875;3.766226;1;Adaptation;15;1;;;;;
7.36;0;0.0625;3.672715;1;Adaptation;15;1;;;;;
7.38;-0.5;-0.5;4.573606;1;Adaptation;15;1;;;;;
7.4;-0.5;-0.5;5.178692;1;Adaptation;15;1;;;;;
7.42;-0.5;-0.5;2.859423;1;Adaptation;15;1;;;;;
7.44;-0.5;-0.5;2.642133;1;Adaptation;15;1;;;;;
7.46;-0.5;-0.5;5.219509;1;Adaptation;15;1;;;;;
7.48;-0.5;-0.5;4.206164;1;Adaptation;15;1;;;;;
7.5;-0.5;-0.5;2.799133;1;Adaptation;15;1;;;;;
7.52;-0.5;-0.5;3.39852;1;Adaptation;15;1;;;;;
7.54;-0.5;-0.5;3.88932;1;Adaptation;15;1;;;;;
7.56;-0.5;-0.5;5.390325;1;Adaptation;15;1;;;;;
7.58;-0.5;-0.5;3.990608;1;Adaptation;15;1;;;;;
7.6;-0.5;-0.5;4.678904;1;Adaptation;15;1;;;;;
7.62;-0.5;-0.5;2.852219;1;Adaptation;15;1;;;;;
7.64;-0.5;-0.5;2.206839;1;Adaptation;15;1;;;;;
7.66;-0.5;-0.5;5.355887;1;Adaptation;15;1;;;;;
7.68;-0.5;-0.5;3.044928;1;Adaptation;15;1;;;;;
7.7;-0.5;-0.5;3.072604;1;Adaptation;15;1;;;;;
7.72;-0.5;-0.5;5.362529;1;Adaptation;15;1;;;;;
7.74;-0.5;-0.5;4.800173;1;Adaptation;15;1;;;;;
7.76;-0.5;-0.5;4.870454;1;Adaptation;15;1;;;;;
7.78;-0.5;-0.5;3.194617;1;Adaptation;15;1;;;;;
7.8;-0.5;-0.5;2.247476;1;Adaptation;15;1;;;;;
7.82;-0.5;-0.5;4.348881;1;Adaptation;15;1;;;;;
7.84;-0.5;-0.5;3.218421;1;Adaptation;15;1;;;;;
7.86;0;-0.0625;4.092285;1;Adaptation;15;1;;;;;
7.88;-0.5;-0.5;3.304181;1;Adaptation;15;1;;;;;
7.9;-2;0.1875;2.57334;1;Adaptation;15;1;;;;;
7.92;-0.5;-0.5;5.671927;1;Adaptation;15;1;;;;;
7.94;-0.5;-0.5;3.389561;1;Adaptation;15;1;;;;;
7.96;-0.5;-0.5;2.079052;1;Adaptation;15;1;;;;;
7.98;-0.5;-0.5;3.967113;1;Adaptation;15;1;;;;;
8;-0.5;-0.5;5.929081;1;Adaptation;15;1;;;;;
8.02;-0.5;-0.5;4.112635;1;Adaptation;15;1;;;;;
8.04;-0.5;-0.5;5.8544;1;Adaptation;15;1;;;;;
8.059999;4;0.0625;5.916839;1;Adaptation;15;1;;;;;
8.08;-0.5;-0.5;4.639789;1;Adaptation;15;1;;;;;
8.099999;-0.5;-0.5;5.53019;1;Adaptation;15;1;;;;;
8.12;-0.5;-0.5;2.947435;1;Adaptation;15;1;;;;;
8.139999;-0.5;-0.5;5.43575;1;Adaptation;15;1;;;;;
8.16;-0.5;-0.5;3.678044;1;Adaptation;15;1;;;;;
8.179999;-0.5;-0.5;2.746981;1;Adaptation;15;1;;;;;
8.2;-0.5;-0.5;2.981362;1;Adaptation;15;1;;;;;
8.22;0;-0.0625;3.052793;1;Adaptation;15;1;;;;;
8.24;0;0.25;4.376555;1;Adaptation;15;1;;;;;
8.26;-0.5;-0.5;4.891761;1;Adaptation;15;1;;;;;
8.28;-0.5;-0.5;4.85742;1;Adaptation;15;1;;;;;
8.3;-0.5;-0.5;3.083788;1;Adaptation;15;1;;;;;
8.32;2;0;2.273139;1;Adaptation;15;1;;;;;
8.34;-0.5;-0.5;3.269755;1;Adaptation;15;1;;;;;
8.36;-0.5;-0.5;5.076446;1;Adaptation;15;1;;;;;
8.38;-0.5;-0.5;2.523968;1;Adaptation;15;1;;;;;
8.4;-0.5;-0.5;4.511147;1;Adaptation;15;1;;;;;
8.42;-0.5;-0.5;5.631897;1;Adaptation;15;1;;;;;
8.44;-0.5;-0.5;3.995857;1;Adaptation;15;1;;;;;
8.46;-0.5;-0.5;4.537551;1;Adaptation;15;1;;;;;
8.48;-0.5;-0.5;4.36304;1;Adaptation;15;1;;;;;
8.5;-0.5;-0.5;2.11891;1;Adaptation;15;1;;;;;
8.52;-0.5;-0.5;4.217256;1;Adaptation;15;1;;;;;
8.54;-0.5;-0.5;2.491014;1;Adaptation;15;1;;;;;
8.559999;-0.5;-0.5;5.512351;1;Adaptation;15;1;;;;;
8.58;-0.5;-0.5;2.867364;1;Adaptation;15;1;;;;;
8.599999;-0.5;-0.5;4.858689;1;Adaptation;15;1;;;;;
8.62;-2;-0.0625;4.980125;1;Adaptation;15;1;;;;;
8.639999;0;0;5.740587;1;Adaptation;15;1;;;;;
8.66;-0.5;-0.5;5.535183;1;Adaptation;15;1;;;;;
8.679999;0;0.0625;4.914829;1;Adaptation;15;1;;;;;
8.7;0;0.0625;5.260385;1;Adaptation;15;1;;;;;
8.72;-0.5;-0.5;4.206984;1;Adaptation;15;1;;;;;
8.74;-0.5;-0.5;4.292371;1;Adaptation;15;1;;;;;
8.76;-0.5;-0.5;3.044392;1;Adaptation;15;1;;;;;
8.78;-0.5;-0.5;3.343906;1;Adaptation;15;1;;;;;
8.8;-0.5;-0.5;4.573047;1;Adaptation;15;1;;;;;
8.82;0;-0.0625;4.353794;1;Adaptation;15;1;;;;;
8.84;0;-0.0625;3.992392;1;Adaptation;15;1;;;;;
8.86;-0.5;-0.5;3.186008;1;Adaptation;15;1;;;;;
8.88;-0.5;-0.5;3.822742;1;Adaptation;15;1;;;;;
8.9;-0.5;-0.5;3.55146;1;Adaptation;15;1;;;;;
8.92;-2;-0.0625;3.551526;1;Adaptation;15;1;;;;;
8.94;0;0.125;2.150985;1;Adaptation;15;1;;;;;
8.96;0;-0.0625;5.222194;1;Adaptation;15;1;;;;;
8.98;-0.5;-0.5;3.128053;1;Adaptation;15;1;;;;;
9;-0.5;-0.5;2.581511;1;Adaptation;15;1;;;;;
9.02;-0.5;-0.5;5.155826;1;Adaptation;15;1;;;;;
9.04;-0.5;-0.5;5.583233;1;Adaptation;15;1;;;;;
9.059999;-0.5;-0.5;2.359314;1;Adaptation;15;1;;;;;
9.08;-0.5;-0.5;4.981659;1;Adaptation;15;1;;;;;
9.099999;-0.5;-0.5;5.966529;1;Adaptation;15;1;;;;;
9.12;-0.5;-0.5;4.664481;1;Adaptation;15;1;;;;;
9.139999;-0.5;-0.5;2.010574;1;Adaptation;15;1;;;;;
9.16;-0.5;-0.5;2.258684;1;Adaptation;15;1;;;;;
9.179999;0;0.1875;5.267077;1;Adaptation;15;1;;;;;
9.2;-0.5;-0.5;3.152553;1;Adaptation;15;1;;;;;
9.22;0;0;5.625845;1;Adaptation;15;1;;;;;
9.24;-0.5;-0.5;5.457726;1;Adaptation;15;1;;;;;
9.26;0;0;3.934253;1;Adaptation;15;1;;;;;
9.28;-0.5;-0.5;3.133112;1;Adaptation;15;1;;;;;
9.3;-0.5;-0.5;5.566289;1;Adaptation;15;1;;;;;
9.32;-0.5;-0.5;5.577825;1;Adaptation;15;1;;;;;
9.34;-0.5;-0.5;2.874577;1;Adaptation;15;1;;;;;
9.36;-0.5;-0.5;4.281887;1;Adaptation;15;1;;;;;
9.38;-0.5;-0.5;3.366276;1;Adaptation;15;1;;;;;
9.4;-0.5;-0.5;4.738235;1;Adaptation;15;1;;;;;
9.42;-0.5;-0.5;4.465847;1;Adaptation;15;1;;;;;
9.44;0;0;4.154758;1;Adaptation;15;1;;;;;
9.46;-0.5;-0.5;4.537134;1;Adaptation;15;1;;;;;
9.48;-4;0.25;2.741765;1;Adaptation;15;1;;;;;
9.5;-0.5;-0.5;4.231637;1;Adaptation;15;1;;;;;
9.52;-0.5;-0.5;2.618188;1;Adaptation;15;1;;;;;
9.54;-0.5;-0.5;3.087868;1;Adaptation;15;1;;;;;
9.559999;-0.5;-0.5;4.767065;1;Adaptation;15;1;;;;;
9.58;-2;0.0625;4.692727;1;Adaptation;15;1;;;;;
9.599999;-0.5;-0.5;5.908143;1;Adaptation;15;1;;;;;
9.62;-0.5;-0.5;5.300149;1;Adaptation;15;1;;;;;
9.639999;-0.5;-0.5;5.800098;1;Adaptation;15;1;;;;;
9.66;2;0.0625;2.893957;1;Adaptation;15;1;;;;;
9.679999;-0.5;-0.5;4.713043;1;Adaptation;15;1;;;;;
9.7;-0.5;-0.5;5.144849;1;Adaptation;15;1;;;;;
9.719999;0;-0.0625;3.298154;1;Adaptation;15;1;;;;;
9.74;-0.5;-0.5;3.416597;1;Adaptation;15;1;;;;;
9.76;-0.5;-0.5;3.547639;1;Adaptation;15;1;;;;;
9.78;-0.5;-0.5;4.87624;1;Adaptation;15;1;;;;;
9.8;0;-0.125;5.42709;1;Adaptation;15;1;;;;;
9.82;-0.5;-0.5;4.579616;1;Adaptation;15;1;;;;;
9.84;-0.5;-0.5;3.10573;1;Adaptation;15;1;;;;;
9.86;-0.5;-0.5;4.333872;1;Adaptation;15;1;;;;;
9.88;-0.5;-0.5;4.854739;1;Adaptation;15;1;;;;;
9.9;-0.5;-0.5;3.855767;1;Adaptation;15;1;;;;;
9.92;-0.5;-0.5;5.613917;1;Adaptation;15;1;;;;;
9.94;0;0;3.505016;1;Adaptation;15;1;;;;;
9.96;-0.5;-0.5;5.604648;1;Adaptation;15;1;;;;;
9.98;0;0;4.18146;1;Adaptation;15;1;;;;;
10;0;0.125;4.855227;1;Adaptation;15;1;;;;;
10.02;-0.5;-0.5;5.98287;1;Adaptation;15;1;;;;;
10.04;-0.5;-0.5;2.20418;1;Adaptation;15;1;;;;;
10.06;-0.5;-0.5;4.566628;1;Adaptation;15;1;;;;;
10.08;-0.5;-0.5;2.911013;1;Adaptation;15;1;;;;;
10.1;-0.5;-0.5;2.756804;1;Adaptation;15;1;;;;;
10.12;-0.5;-0.5;3.835682;1;Adaptation;15;1;;;;;
10.14;-0.5;-0.5;4.235218;1;Adaptation;15;1;;;;;
10.16;-0.5;-0.5;2.179855;1;Adaptation;15;1;;;;;
10.18;-0.5;-0.5;2.834006;1;Adaptation;15;1;;;;;
10.2;-0.5;-0.5;4.821649;1;Adaptation;15;1;;;;;
10.22;-0.5;-0.5;2.357072;1;Adaptation;15;1;;;;;
10.24;-0.5;-0.5;5.322049;1;Adaptation;15;1;;;;;
10.26;-0.5;-0.5;5.607357;1;Adaptation;15;1;;;;;
10.28;-0.5;-0.5;5.687443;1;Adaptation;15;1;;;;;
10.3;-0.5;-0.5;2.187057;1;Adaptation;15;1;;;;;
10.32;-0.5;-0.5;2.660367;1;Adaptation;15;1;;;;;
10.34;-0.5;-0.5;3.506096;1;Adaptation;15;1;;;;;
10.36;-0.5;-0.5;2.597723;1;Adaptation;15;1;;;;;
10.38;-0.5;-0.5;2.912822;1;Adaptation;15;1;;;;;
10.4;-0.5;-0.5;5.552221;1;Adaptation;15;1;;;;;
10.42;-0.5;-0.5;5.846009;1;Adaptation;15;1;;;;;
10.44;-0.5;-0.5;2.490921;1;Adaptation;15;1;;;;;
10.46;-0.5;-0.5;2.297727;1;Adaptation;15;1;;;;;
10.48;-0.5;-0.5;5.212631;1;Adaptation;15;1;;;;;
10.5;-0.5;-0.5;5.401083;1;Adaptation;15;1;;;;;
10.52;-0.5;-0.5;5.977905;1;Adaptation;15;1;;;;;
10.54;0;0.0625;5.969517;1;Adaptation;15;1;;;;;
10.56;0;-0.1875;2.640259;1;Adaptation;15;1;;;;;
10.58;-0.5;-0.5;2.63328;1;Adaptation;15;1;;;;;
10.6;-0.5;-0.5;4.399576;1;Adaptation;15;1;;;;;
10.62;0;0.0625;2.766237;1;Adaptation;15;1;;;;;
10.64;-0.5;-0.5;3.843627;1;Adaptation;15;1;;;;;
10.66;-0.5;-0.5;3.858308;1;Adaptation;15;1;;;;;
10.68;-0.5;-0.5;2.365975;1;Adaptation;15;1;;;;;
10.7;-0.5;-0.5;2.913958;1;Adaptation;15;1;;;;;
10.72;-0.5;-0.5;2.099826;1;Adaptation;15;1;;;;;
10.74;-0.5;-0.5;4.742684;1;Adaptation;15;1;;;;;
10.76;-0.5;-0.5;4.434205;1;Adaptation;15;1;;;;;
10.78;2;0;5.561138;1;Adaptation;15;1;;;;;
10.8;-0.5;-0.5;4.328794;1;Adaptation;15;1;;;;;
10.82;-0.5;-0.5;4.999697;1;Adaptation;15;1;;;;;
10.84;2;-0.125;3.228693;1;Adaptation;15;1;;;;;
10.86;2;-0.0625;2.77506;1;Adaptation;15;1;;;;;
10.88;-0.5;-0.5;5.4371;1;Adaptation;15;1;;;;;
10.9;-0.5;-0.5;2.56403;1;Adaptation;15;1;;;;;
10.92;-0.5;-0.5;5.792782;1;Adaptation;15;1;;;;;
10.94;-0.5;-0.5;4.980968;1;Adaptation;15;1;;;;;
10.96;-0.5;-0.5;2.369685;1;Adaptation;15;1;;;;;
10.98;-0.5;-0.5;5.871156;1;Adaptation;15;1;;;;;
11;2;-0.25;4.058217;1;Adaptation;15;1;;;;;
11.02;0;0.0625;5.557221;1;Adaptation;15;1;;;;;
11.04;-0.5;-0.5;3.806958;1;Adaptation;15;1;;;;;
11.06;-0.5;-0.5;5.689198;1;Adaptation;15;1;;;;;
11.08;0;0.125;5.358021;1;Adaptation;15;1;;;;;
11.1;-0.5;-0.5;5.456008;1;Adaptation;15;1;;;;;
11.12;-0.5;-0.5;2.250179;1;Adaptation;15;1;;;;;
11.14;-0.5;-0.5;3.240212;1;Adaptation;15;1;;;;;
11.16;-0.5;-0.5;2.314208;1;Adaptation;15;1;;;;;
11.18;-0.5;-0.5;5.082173;1;Adaptation;15;1;;;;;
11.2;-0.5;-0.5;4.634677;1;Adaptation;15;1;;;;;
11.22;-0.5;-0.5;3.74679;1;Adaptation;15;1;;;;;
11.24;0;0.0625;2.179952;1;Adaptation;15;1;;;;;
11.26;2;-0.125;4.16714;1;Adaptation;15;1;;;;;
11.28;-0.5;-0.5;5.665727;1;Adaptation;15;1;;;;;
11.3;-0.5;-0.5;2.490856;1;Adaptation;15;1;;;;;
11.32;0;0.0625;5.942425;1;Adaptation;15;1;;;;;
11.34;0;0.1875;3.664458;1;Adaptation;15;1;;;;;
11.36;-0.5;-0.5;4.014994;1;Adaptation;15;1;;;;;
11.38;-0.5;-0.5;3.322665;1;Adaptation;15;1;;;;;
11.4;-0.5;-0.5;2.285669;1;Adaptation;15;1;;;;;
11.42;-0.5;-0.5;3.878046;1;Adaptation;15;1;;;;;
11.44;-0.5;-0.5;2.325486;1;Adaptation;15;1;;;;;
11.46;-0.5;-0.5;5.369423;1;Adaptation;15;1;;;;;
11.48;2;-0.125;4.195264;1;Adaptation;15;1;;;;;
11.5;-0.5;-0.5;4.01834;1;Adaptation;15;1;;;;;
11.52;-0.5;-0.5;3.51874;1;Adaptation;15;1;;;;;
11.54;-0.5;-0.5;5.449012;1;Adaptation;15;1;;;;;
11.56;-0.5;-0.5;2.72038;1;Adaptation;15;1;;;;;
11.58;0;0.0625;4.787139;1;Adaptation;15;1;;;;;
11.6;-0.5;-0.5;3.169459;1;Adaptation;15;1;;;;;
11.62;-0.5;-0.5;2.412569;1;Adaptation;15;1;;;;;
11.64;-0.5;-0.5;4.220263;1;Adaptation;15;1;;;;;
11.66;-0.5;-0.5;2.475086;1;Adaptation;15;1;;;;;
11.68;-0.5;-0.5;2.670923;1;Adaptation;15;1;;;;;
11.7;-2;-0.125;2.410995;1;Adaptation;15;1;;;;;
11.72;-0.5;-0.5;5.061308;1;Adaptation;15;1;;;;;
11.74;-0.5;-0.5;5.214809;1;Adaptation;15;1;;;;;
11.76;2;-0.0625;2.447493;1;Adaptation;15;1;;;;;
11.78;-0.5;-0.5;4.044318;1;Adaptation;15;1;;;;;
11.8;-0.5;-0.5;3.953239;1;Adaptation;15;1;;;;;
11.82;-0.5;-0.5;2.668127;1;Adaptation;15;1;;;;;
11.84;-0.5;-0.5;5.334849;1;Adaptation;15;1;;;;;
11.86;-0.5;-0.5;2.110042;1;Adaptation;15;1;;;;;
11.88;-0.5;-0.5;2.016095;1;Adaptation;15;1;;;;;
11.9;-0.5;-0.5;4.932709;1;Adaptation;15;1;;;;;
11.92;-0.5;-0.5;2.706661;1;Adaptation;15;1;;;;;
11.94;-0.5;-0.5;2.244774;1;Adaptation;15;1;;;;;
11.96;-0.5;-0.5;4.634285;1;Adaptation;15;1;;;;;
11.98;2;0.0625;4.379004;1;Adaptation;15;1;;;;;
12;-0.5;-0.5;4.028323;1;Adaptation;15;1;;;;;
12.02;-0.5;-0.5;4.800401;1;Adaptation;15;1;;;;;
12.04;-0.5;-0.5;2.2777;1;Adaptation;15;1;;;;;
12.06;-0.5;-0.5;2.65036;1;Adaptation;15;1;;;;;
12.08;0;-0.1875;2.137477;1;Adaptation;15;1;;;;;
12.1;-0.5;-0.5;4.526739;1;Adaptation;15;1;;;;;
12.12;-2;0.3125;3.728607;1;Adaptation;15;1;;;;;
12.14;-0.5;-0.5;5.725743;1;Adaptation;15;1;;;;;
12.16;-0.5;-0.5;2.70484;1;Adaptation;15;1;;;;;
12.18;-0.5;-0.5;4.296014;1;Adaptation;15;1;;;;;
12.2;-0.5;-0.5;4.297992;1;Adaptation;15;1;;;;;
12.22;-0.5;-0.5;4.110957;1;Adaptation;15;1;;;;;
12.24;-0.5;-0.5;4.25652;1;Adaptation;15;1;;;;;
12.26;2;0.125;4.604139;1;Adaptation;15;1;;;;;
12.28;-0.5;-0.5;3.176856;1;Adaptation;15;1;;;;;
12.3;-0.5;-0.5;4.807431;1;Adaptation;15;1;;;;;
12.32;-0.5;-0.5;5.889563;1;Adaptation;15;1;;;;;
12.34;-0.5;-0.5;3.166017;1;Adaptation;15;1;;;;;
12.36;-0.5;-0.5;3.864516;1;Adaptation;15;1;;;;;
12.38;-0.5;-0.5;3.444061;1;Adaptation;15;1;;;;;
12.4;-0.5;-0.5;2.788184;1;Adaptation;15;1;;;;;
12.42;-0.5;-0.5;3.901487;1;Adaptation;15;1;;;;;
12.44;-0.5;-0.5;3.494606;1;Adaptation;15;1;;;;;
12.46;-0.5;-0.5;2.611623;1;Adaptation;15;1;;;;;
12.48;-0.5;-0.5;5.219548;1;Adaptation;15;1;;;;;
12.5;-0.5;-0.5;2.451688;1;Adaptation;15;1;;;;;
12.52;0;-0.1875;5.251276;1;Adaptation;15;1;;;;;
12.54;-2;0;2.37514;1;Adaptation;15;1;;;;;
12.56;-0.5;-0.5;4.027732;1;Adaptation;15;1;;;;;
12.58;-0.5;-0.5;4.941793;1;Adaptation;15;1;;;;;
12.6;-0.5;-0.5;5.662131;1;Adaptation;15;1;;;;;
12.62;-0.5;-0.5;5.001081;1;Adaptation;15;1;;;;;
12.64;-0.5;-0.5;5.622131;1;Adaptation;15;1;;;;;
12.66;0;0;3.596921;1;Adaptation;15;1;;;;;
12.68;-2;0;2.231039;1;Adaptation;15;1;;;;;
12.7;-0.5;-0.5;4.158661;1;Adaptation;15;1;;;;;
12.72;-0.5;-0.5;3.26566;1;Adaptation;15;1;;;;;
12.74;-0.5;-0.5;5.208374;1;Adaptation;15;1;;;;;
12.76;-0.5;-0.5;4.113564;1;Adaptation;15;1;;;;;
12.78;0;0;4.837852;1;Adaptation;15;1;;;;;
12.8;-0.5;-0.5;3.996391;1;Adaptation;15;1;;;;;
12.82;0;0.0625;3.627228;1;Adaptation;15;1;;;;;
12.84;-0.5;-0.5;5.527385;1;Adaptation;15;1;;;;;
12.86;-0.5;-0.5;5.572322;1;Adaptation;15;1;;;;;
12.88;-0.5;-0.5;4.078272;1;Adaptation;15;1;;;;;
12.9;-0.5;-0.5;3.182364;1;Adaptation;15;1;;;;;
12.92;0;0.125;3.558347;1;Adaptation;15;1;;;;;
12.94;-0.5;-0.5;2.367263;1;Adaptation;15;1;;;;;
12.96;-0.5;-0.5;2.039486;1;Adaptation;15;1;;;;;
12.98;-0.5;-0.5;2.885189;1;Adaptation;15;1;;;;;
13;-0.5;-0.5;3.35353;1;Adaptation;15;1;;;;;
13.02;0;-0.25;4.444907;1;Adaptation;15;1;;;;;
13.04;-0.5;-0.5;4.269975;1;Adaptation;15;1;;;;;
13.06;-0.5;-0.5;2.005492;1;Adaptation;15;1;;;;;
13.08;-0.5;-0.5;3.509562;1;Adaptation;15;1;;;;;
13.1;-0.5;-0.5;5.061645;1;Adaptation;15;1;;;;;
13.12;-0.5;-0.5;3.982768;1;Adaptation;15;1;;;;;
13.14;0;0.0625;4.602381;1;Adaptation;15;1;;;;;
13.16;-0.5;-0.5;2.922493;1;Adaptation;15;1;;;;;
13.18;0;0.1875;5.945879;1;Adaptation;15;1;;;;;
13.2;-0.5;-0.5;3.102466;1;Adaptation;15;1;;;;;
13.22;0;-0.0625;4.047252;1;Adaptation;15;1;;;;;
13.24;-0.5;-0.5;5.01038;1;Adaptation;15;1;;;;;
13.26;-0.5;-0.5;2.808054;1;Adaptation;15;1;;;;;
13.28;-0.5;-0.5;3.343366;1;Adaptation;15;1;;;;;
13.3;-0.5;-0.5;3.058097;1;Adaptation;15;1;;;;;
13.32;-0.5;-0.5;3.136134;1;Adaptation;15;1;;;;;
13.34;0;0.0625;4.817956;1;Adaptation;15;1;;;;;
13.36;0;0.125;4.47958;1;Adaptation;15;1;;;;;
13.38;-0.5;-0.5;3.260256;1;Adaptation;15;1;;;;;
13.4;-0.5;-0.5;5.955924;1;Adaptation;15;1;;;;;
13.42;-0.5;-0.5;2.641801;1;Adaptation;15;1;;;;;
13.44;-0.5;-0.5;4.02599;1;Adaptation;15;1;;;;;
13.46;-0.5;-0.5;4.71869;1;Adaptation;15;1;;;;;
13.48;2;-0.1875;3.325889;1;Adaptation;15;1;;;;;
13.5;-0.5;-0.5;3.365554;1;Adaptation;15;1;;;;;
13.52;-0.5;-0.5;4.428652;1;Adaptation;15;1;;;;;
13.54;-0.5;-0.5;3.914454;1;Adaptation;15;1;;;;;
13.56;-0.5;-0.5;3.568966;1;Adaptation;15;1;;;;;
13.58;-2;-0.125;2.934494;1;Adaptation;15;1;;;;;
13.6;0;0.0625;3.304336;1;Adaptation;15;1;;;;;
13.62;-0.5;-0.5;2.108998;1;Adaptation;15;1;;;;;
13.64;-0.5;-0.5;2.884434;1;Adaptation;15;1;;;;;
13.66;-0.5;-0.5;3.887114;1;Adaptation;15;1;;;;;
13.68;-0.5;-0.5;3.947067;1;Adaptation;15;1;;;;;
13.7;-0.5;-0.5;3.074345;1;Adaptation;15;1;;;;;
13.72;2;-0.125;4.372958;1;Adaptation;15;1;;;;;
13.74;-0.5;-0.5;3.048544;1;Adaptation;15;1;;;;;
13.76;-0.5;-0.5;2.119393;1;Adaptation;15;1;;;;;
13.78;-0.5;-0.5;2.773023;1;Adaptation;15;1;;;;;
13.8;-0.5;-0.5;5.537362;1;Adaptation;15;1;;;;;
13.82;-0.5;-0.5;5.533926;1;Adaptation;15;1;;;;;
13.84;0;0.0625;5.599793;1;Adaptation;15;1;;;;;
13.86;-0.5;-0.5;5.047323;1;Adaptation;15;1;;;;;
13.88;-0.5;-0.5;4.228889;1;Adaptation;15;1;;;;;
13.9;-0.5;-0.5;5.351085;1;Adaptation;15;1;;;;;
13.92;0;-0.1875;5.894416;1;Adaptation;15;1;;;;;
13.94;-2;-0.3125;4.783516;1;Adaptation;15;1;;;;;
13.96;-0.5;-0.5;4.838327;1;Adaptation;15;1;;;;;
13.98;-0.5;-0.5;2.371735;1;Adaptation;15;1;;;;;
14;-0.5;-0.5;4.604103;1;Adaptation;15;1;;;;;
14.02;-0.5;-0.5;2.677322;1;Adaptation;15;1;;;;;
14.04;-0.5;-0.5;2.406364;1;Adaptation;15;1;;;;;
14.06;0;-0.125;2.206851;1;Adaptation;15;1;;;;;
14.08;0;0.125;5.582179;1;Adaptation;15;1;;;;;
14.1;-0.5;-0.5;4.448872;1;Adaptation;15;1;;;;;
14.12;-0.5;-0.5;3.340165;1;Adaptation;15;1;;;;;
14.14;2;-0.1875;4.558214;1;Adaptation;15;1;;;;;
14.16;-0.5;-0.5;2.572669;1;Adaptation;15;1;;;;;
14.18;-0.5;-0.5;3.169573;1;Adaptation;15;1;;;;;
14.2;-0.5;-0.5;5.715023;1;Adaptation;15;1;;;;;
14.22;-0.5;-0.5;3.293789;1;Adaptation;15;1;;;;;
14.24;-0.5;-0.5;4.978833;1;Adaptation;15;1;;;;;
14.26;-0.5;-0.5;3.172666;1;Adaptation;15;1;;;;;
14.28;0;0.125;3.743357;1;Adaptation;15;1;;;;;
14.3;-0.5;-0.5;2.379437;1;Adaptation;15;1;;;;;
14.32;0;-0.0625;2.400645;1;Adaptation;15;1;;;;;
14.34;-0.5;-0.5;2.954079;1;Adaptation;15;1;;;;;
14.36;0;0.0625;4.333187;1;Adaptation;15;1;;;;;
14.38;-0.5;-0.5;3.080193;1;Adaptation;15;1;;;;;
14.4;-0.5;-0.5;5.692395;1;Adaptation;15;1;;;;;
14.42;-0.5;-0.5;4.247966;1;Adaptation;15;1;;;;;
14.44;-0.5;-0.5;4.045563;1;Adaptation;15;1;;;;;
14.46;-0.5;-0.5;4.021426;1;Adaptation;15;1;;;;;
14.48;-0.5;-0.5;3.091777;1;Adaptation;15;1;;;;;
14.5;-0.5;-0.5;5.188444;1;Adaptation;15;1;;;;;
14.52;2;0;4.103138;1;Adaptation;15;1;;;;;
14.54;-0.5;-0.5;3.294253;1;Adaptation;15;1;;;;;
14.56;-0.5;-0.5;5.90189;1;Adaptation;15;1;;;;;
14.58;-0.5;-0.5;3.609556;1;Adaptation;15;1;;;;;
14.6;-0.5;-0.5;4.78203;1;Adaptation;15;1;;;;;
14.62;-0.5;-0.5;2.823176;1;Adaptation;15;1;;;;;
14.64;-0.5;-0.5;2.381306;1;Adaptation;15;1;;;;;
14.66;0;0;2.542254;1;Adaptation;15;1;;;;;
14.68;-2;0;5.295473;1;Adaptation;15;1;;;;;
14.7;-0.5;-0.5;5.091609;1;Adaptation;15;1;;;;;
14.72;-0.5;-0.5;4.152579;1;Adaptation;15;1;;;;;
14.74;-0.5;-0.5;2.884846;1;Adaptation;15;1;;;;;
14.76;-0.5;-0.5;5.894866;1;Adaptation;15;1;;;;;
14.78;-2;0;4.192012;1;Adaptation;15;1;;;;;
14.8;0;0;4.429482;1;Adaptation;15;1;;;;;
14.82;-2;0.0625;2.005131;1;Adaptation;15;1;;;;;
14.84;0;0.0625;5.454064;1;Adaptation;15;1;;;;;
14.86;-0.5;-0.5;4.904653;1;Adaptation;15;1;;;;;
14.88;-2;-0.0625;3.077004;1;Adaptation;15;1;;;;;
14.9;-0.5;-0.5;4.885097;1;Adaptation;15;1;;;;;
14.92;2;-0.1875;2.760648;1;Adaptation;15;1;;;;;
14.94;-0.5;-0.5;4.778207;1;Adaptation;15;1;;;;;
14.96;-0.5;-0.5;4.448692;1;Adaptation;15;1;;;;;
14.98;-0.5;-0.5;2.742936;1;Adaptation;15;1;;;;;
15;-0.5;-0.5;4.947892;1;Adaptation;15;1;;;;;
15.02;-2;-0.125;2.299076;1;Adaptation;15;1;;;;;
15.04;-0.5;-0.5;2.263602;1;Adaptation;15;1;;;;;
15.06;0;-0.0625;2.943358;1;Adaptation;15;1;;;;;
15.08;-0.5;-0.5;4.446958;1;Adaptation;15;1;;;;;
15.1;2;-0.0625;2.101156;1;Adaptation;15;1;;;;;
15.12;-0.5;-0.5;3.605601;1;Adaptation;15;1;;;;;
15.14;-0.5;-0.5;3.74303;1;Adaptation;15;1;;;;;
15.16;-0.5;-0.5;2.764705;1;Adaptation;15;1;;;;;
15.18;0;0.25;4.099701;1;Adaptation;15;1;;;;;
15.2;-0.5;-0.5;4.434143;1;Adaptation;15;1;;;;;
15.22;-0.5;-0.5;4.779936;1;Adaptation;15;1;;;;;
15.24;-0.5;-0.5;5.241021;1;Adaptation;15;1;;;;;
15.26;-0.5;-0.5;4.597795;1;Adaptation;15;1;;;;;
15.28;2;0.0625;2.078394;1;Adaptation;15;1;;;;;
15.3;4;-0.0625;2.699197;1;Adaptation;15;1;;;;;
15.32;-2;0;5.855648;1;Adaptation;15;1;;;;;
15.34;-0.5;-0.5;5.611656;1;Adaptation;15;1;;;;;
15.36;-0.5;-0.5;4.420141;1;Adaptation;15;1;;;;;
15.38;-2;0.0625;3.567582;1;Adaptation;15;1;;;;;
15.4;-0.5;-0.5;2.824919;1;Adaptation;15;1;;;;;
15.42;-2;0.1875;5.858947;1;Adaptation;15;1;;;;;
15.44;-0.5;-0.5;5.644952;1;Adaptation;15;1;;;;;
15.46;-0.5;-0.5;4.670932;1;Adaptation;15;1;;;;;
15.48;0;0.125;4.655133;1;Adaptation;15;1;;;;;
15.5;-0.5;-0.5;2.830636;1;Adaptation;15;1;;;;;
15.52;-0.5;-0.5;4.959641;1;Adaptation;15;1;;;;;
15.54;2;-0.25;2.598086;1;Adaptation;15;1;;;;;
15.56;-0.5;-0.5;2.661656;1;Adaptation;15;1;;;;;
15.58;-0.5;-0.5;5.62921;1;Adaptation;15;1;;;;;
15.6;-0.5;-0.5;4.10706;1;Adaptation;15;1;;;;;
15.62;0;-0.125;5.217735;1;Adaptation;15;1;;;;;
15.64;-0.5;-0.5;3.949222;1;Adaptation;15;1;;;;;
15.66;-0.5;-0.5;5.33114;1;Adaptation;15;1;;;;;
15.68;-0.5;-0.5;4.45905;1;Adaptation;15;1;;;;;
15.7;-0.5;-0.5;2.654428;1;Adaptation;15;1;;;;;
15.72;-0.5;-0.5;4.746486;1;Adaptation;15;1;;;;;
15.74;0;0;2.111127;1;Adaptation;15;1;;;;;
15.76;-0.5;-0.5;5.659412;1;Adaptation;15;1;;;;;
15.78;-0.5;-0.5;5.25578;1;Adaptation;15;1;;;;;
15.8;-0.5;-0.5;3.961817;1;Adaptation;15;1;;;;;
15.82;0;0.0625;4.765119;1;Adaptation;15;1;;;;;
15.84;-0.5;-0.5;3.795565;1;Adaptation;15;1;;;;;
15.86;-4;-0.1875;2.717202;1;Adaptation;15;1;;;;;
15.88;-0.5;-0.5;4.979437;1;Adaptation;15;1;;;;;
15.9;-0.5;-0.5;2.373079;1;Adaptation;15;1;;;;;
15.92;0;0.0625;3.564142;1;Adaptation;15;1;;;;;
15.94;-0.5;-0.5;5.964844;1;Adaptation;15;1;;;;;
15.96;-0.5;-0.5;5.998658;1;Adaptation;15;1;;;;;
15.98;-0.5;-0.5;5.842249;1;Adaptation;15;1;;;;;
16;-0.5;-0.5;3.167942;1;Adaptation;15;1;;;;;
16.02;-0.5;-0.5;2.630728;1;Adaptation;15;1;;;;;
16.04;-0.5;-0.5;2.958599;1;Adaptation;15;1;;;;;
16.06;0;0.125;4.162692;1;Adaptation;15;1;;;;;
16.08;-0.5;-0.5;5.182642;1;Adaptation;15;1;;;;;
16.1;0;0;3.978216;1;Adaptation;15;1;;;;;
16.12;-0.5;-0.5;4.50092;1;Adaptation;15;1;;;;;
16.14;-0.5;-0.5;2.640801;1;Adaptation;15;1;;;;;
16.16;0;0.25;2.773599;1;Adaptation;15;1;;;;;
16.18;-0.5;-0.5;5.876639;1;Adaptation;15;1;;;;;
16.2;-0.5;-0.5;2.263106;1;Adaptation;15;1;;;;;
16.22;-0.5;-0.5;4.530121;1;Adaptation;15;1;;;;;
16.24;2;0;2.749551;1;Adaptation;15;1;;;;;
16.26;0;0.125;4.936249;1;Adaptation;15;1;;;;;
16.28;-0.5;-0.5;5.100636;1;Adaptation;15;1;;;;;
16.3;0;0.25;2.206094;1;Adaptation;15;1;;;;;
16.32;-0.5;-0.5;4.061608;1;Adaptation;15;1;;;;;
16.34;-0.5;-0.5;4.666529;1;Adaptation;15;1;;;;;
16.36;-0.5;-0.5;2.493675;1;Adaptation;15;1;;;;;
16.38;-0.5;-0.5;5.732494;1;Adaptation;15;1;;;;;
16.4;-0.5;-0.5;4.184319;1;Adaptation;15;1;;;;;
16.42;-0.5;-0.5;3.053656;1;Adaptation;15;1;;;;;
16.44;-0.5;-0.5;5.036514;1;Adaptation;15;1;;;;;
16.46;-0.5;-0.5;2.787521;1;Adaptation;15;1;;;;;
16.48;-0.5;-0.5;2.217916;1;Adaptation;15;1;;;;;
16.5;-0.5;-0.5;3.370147;1;Adaptation;15;1;;;;;
16.52;-0.5;-0.5;4.696237;1;Adaptation;15;1;;;;;
16.54;2;-0.1875;2.486855;1;Adaptation;15;1;;;;;
16.56;-0.5;-0.5;3.339113;1;Adaptation;15;1;;;;;
16.58;0;0.1875;3.114396;1;Adaptation;15;1;;;;;
16.6;-0.5;-0.5;2.881221;1;Adaptation;15;1;;;;;
16.62;-0.5;-0.5;5.31171;1;Adaptation;15;1;;;;;
16.64;-0.5;-0.5;4.756975;1;Adaptation;15;1;;;;;
16.66;-0.5;-0.5;4.56661;1;Adaptation;15;1;;;;;
16.68;-0.5;-0.5;5.924631;1;Adaptation;15;1;;;;;
16.7;0;0.1875;4.351607;1;Adaptation;15;1;;;;;
16.72;-0.5;-0.5;4.263764;1;Adaptation;15;1;;;;;
16.74;-0.5;-0.5;3.791669;1;Adaptation;15;1;;;;;
16.76;-0.5;-0.5;4.67252;1;Adaptation;15;1;;;;;
16.78;0;-0.0625;3.622844;1;Adaptation;15;1;;;;;
16.8;-0.5;-0.5;2.095229;1;Adaptation;15;1;;;;;
16.82;-2;-0.25;5.615781;1;Adaptation;15;1;;;;;
16.84;-0.5;-0.5;4.333404;1;Adaptation;15;1;;;;;
16.86;-0.5;-0.5;5.761123;1;Adaptation;15;1;;;;;
16.88;-0.5;-0.5;2.868869;1;Adaptation;15;1;;;;;
16.9;-0.5;-0.5;3.5623;1;Adaptation;15;1;;;;;
16.92;-0.5;-0.5;3.18072;1;Adaptation;15;1;;;;;
16.94;-0.5;-0.5;5.421481;1;Adaptation;15;1;;;;;
16.96;-0.5;-0.5;5.146141;1;Adaptation;15;1;;;;;
16.98;-0.5;-0.5;5.587118;1;Adaptation;15;1;;;;;
17;-0.5;-0.5;4.264849;1;Adaptation;15;1;;;;;
17.02;-0.5;-0.5;3.221774;1;Adaptation;15;1;;;;;
17.04;-0.5;-0.5;3.586196;1;Adaptation;15;1;;;;;
17.06;-0.5;-0.5;5.027267;1;Adaptation;15;1;;;;;
17.08;-0.5;-0.5;3.844355;1;Adaptation;15;1;;;;;
17.1;-0.5;-0.5;3.844949;1;Adaptation;15;1;;;;;
17.12;-0.5;-0.5;2.593098;1;Adaptation;15;1;;;;;
17.14;-0.5;-0.5;2.373631;1;Adaptation;15;1;;;;;
17.16;0;-0.25;3.176027;1;Adaptation;15;1;;;;;
17.18;-0.5;-0.5;2.972268;1;Adaptation;15;1;;;;;
17.2;0;0;5.706768;1;Adaptation;15;1;;;;;
17.22;-0.5;-0.5;2.419806;1;Adaptation;15;1;;;;;
17.24;0;0.0625;2.40046;1;Adaptation;15;1;;;;;
17.26;0;0.0625;3.484055;1;Adaptation;15;1;;;;;
17.28;-0.5;-0.5;4.326891;1;Adaptation;15;1;;;;;
17.3;-0.5;-0.5;2.421188;1;Adaptation;15;1;;;;;
17.32;-0.5;-0.5;2.032725;1;Adaptation;15;1;;;;;
17.34;-0.5;-0.5;2.021158;1;Adaptation;15;1;;;;;
17.36;2;-0.125;2.980477;1;Adaptation;15;1;;;;;
17.38;-0.5;-0.5;2.452546;1;Adaptation;15;1;;;;;
17.4;-0.5;-0.5;2.351752;1;Adaptation;15;1;;;;;
17.42;-0.5;-0.5;2.735518;1;Adaptation;15;1;;;;;
17.44;-0.5;-0.5;5.036106;1;Adaptation;15;1;;;;;
17.46;-0.5;-0.5;3.402864;1;Adaptation;15;1;;;;;
17.48;-0.5;-0.5;5.922268;1;Adaptation;15;1;;;;;
17.5;-0.5;-0.5;5.204238;1;Adaptation;15;1;;;;;
17.52;-0.5;-0.5;4.884171;1;Adaptation;15;1;;;;;
17.54;-0.5;-0.5;4.562717;1;Adaptation;15;1;;;;;
17.56;-0.5;-0.5;2.814227;1;Adaptation;15;1;;;;;
17.58;-0.5;-0.5;5.767035;1;Adaptation;15;1;;;;;
17.6;-0.5;-0.5;3.046938;1;Adaptation;15;1;;;;;
17.62;-0.5;-0.5;5.933409;1;Adaptation;15;1;;;;;
17.64;-0.5;-0.5;5.033691;1;Adaptation;15;1;;;;;
17.66;-0.5;-0.5;2.933099;1;Adaptation;15;1;;;;;
17.68;-0.5;-0.5;5.914012;1;Adaptation;15;1;;;;;
17.7;-0.5;-0.5;4.15994;1;Adaptation;15;1;;;;;
17.72;-0.5;-0.5;2.015316;1;Adaptation;15;1;;;;;
17.74;-0.5;-0.5;2.994182;1;Adaptation;15;1;;;;;
17.76;-0.5;-0.5;5.675256;1;Adaptation;15;1;;;;;
17.78;-0.5;-0.5;2.426017;1;Adaptation;15;1;;;;;
17.8;-0.5;-0.5;3.049655;1;Adaptation;15;1;;;;;
17.82;-0.5;-0.5;3.389035;1;Adaptation;15;1;;;;;
17.84;0;0.0625;2.215936;1;Adaptation;15;1;;;;;
17.86;-0.5;-0.5;5.623548;1;Adaptation;15;1;;;;;
17.88;-0.5;-0.5;4.877428;1;Adaptation;15;1;;;;;
17.9;-0.5;-0.5;2.369617;1;Adaptation;15;1;;;;;
17.92;-0.5;-0.5;2.793681;1;Adaptation;15;1;;;;;
17.94;4;-0.1875;5.996641;1;Adaptation;15;1;;;;;
17.96;-0.5;-0.5;5.226219;1;Adaptation;15;1;;;;;
17.98;-2;-0.0625;3.342981;1;Adaptation;15;1;;;;;
18;-0.5;-0.5;4.003589;1;Adaptation;15;1;;;;;
18.02;-0.5;-0.5;4.746947;1;Adaptation;15;1;;;;;
18.04;-0.5;-0.5;2.474453;1;Adaptation;15;1;;;;;
18.06;-0.5;-0.5;3.281371;1;Adaptation;15;1;;;;;
18.08;2;-0.1875;2.416194;1;Adaptation;15;1;;;;;
18.1;-0.5;-0.5;4.841436;1;Adaptation;15;1;;;;;
18.12;-0.5;-0.5;2.251845;1;Adaptation;15;1;;;;;
18.14;0;-0.125;4.737167;1;Adaptation;15;1;;;;;
18.16;2;0.1875;2.477804;1;Adaptation;15;1;;;;;
18.18;-0.5;-0.5;4.610421;1;Adaptation;15;1;;;;;
18.2;-0.5;-0.5;4.204255;1;Adaptation;15;1;;;;;
18.22;-0.5;-0.5;3.921268;1;Adaptation;15;1;;;;;
18.24;-0.5;-0.5;3.392807;1;Adaptation;15;1;;;;;
18.26;-0.5;-0.5;4.468702;1;Adaptation;15;1;;;;;
18.28;0;0.125;5.779127;1;Adaptation;15;1;;;;;
18.3;-0.5;-0.5;4.063991;1;Adaptation;15;1;;;;;
18.32;-0.5;-0.5;4.39271;1;Adaptation;15;1;;;;;
18.34;-0.5;-0.5;4.727909;1;Adaptation;15;1;;;;;
18.36;0;0.0625;4.479224;1;Adaptation;15;1;;;;;
18.38;-0.5;-0.5;3.508346;1;Adaptation;15;1;;;;;
18.4;-0.5;-0.5;2.900424;1;Adaptation;15;1;;;;;
18.42;0;0.0625;4.622356;1;Adaptation;15;1;;;;;
18.44;-0.5;-0.5;5.647989;1;Adaptation;15;1;;;;;
18.46;-0.5;-0.5;5.531211;1;Adaptation;15;1;;;;;
18.48;-0.5;-0.5;2.613958;1;Adaptation;15;1;;;;;
18.5;2;-0.125;4.04824;1;Adaptation;15;1;;;;;
18.52;-0.5;-0.5;2.611139;1;Adaptation;15;1;;;;;
18.54;-0.5;-0.5;2.91386;1;Adaptation;15;1;;;;;
18.56;-0.5;-0.5;2.29847;1;Adaptation;15;1;;;;;
18.58;-0.5;-0.5;5.713229;1;Adaptation;15;1;;;;;
18.6;-0.5;-0.5;4.895941;1;Adaptation;15;1;;;;;
18.62;-0.5;-0.5;2.143305;1;Adaptation;15;1;;;;;
18.64;-0.5;-0.5;4.740649;1;Adaptation;15;1;;;;;
18.66;-0.5;-0.5;5.721541;1;Adaptation;15;1;;;;;
18.68;-0.5;-0.5;3.241248;1;Adaptation;15;1;;;;;
18.7;0;0.0625;5.360109;1;Adaptation;15;1;;;;;
18.72;-0.5;-0.5;3.838086;1;Adaptation;15;1;;;;;
18.74;0;-0.25;4.126894;1;Adaptation;15;1;;;;;
18.76;0;0.0625;3.30814;1;Adaptation;15;1;;;;;
18.78;-0.5;-0.5;4.832603;1;Adaptation;15;1;;;;;
18.8;-0.5;-0.5;5.908708;1;Adaptation;15;1;;;;;
18.82;-0.5;-0.5;5.884723;1;Adaptation;15;1;;;;;
18.84;-0.5;-0.5;5.938574;1;Adaptation;15;1;;;;;
18.86;-0.5;-0.5;2.952542;1;Adaptation;15;1;;;;;
18.88;-2;0.0625;3.911945;1;Adaptation;15;1;;;;;
18.9;0;0.125;3.181992;1;Adaptation;15;1;;;;;
18.92;2;0;4.785102;1;Adaptation;15;1;;;;;
18.94;-0.5;-0.5;2.467189;1;Adaptation;15;1;;;;;
18.96;-0.5;-0.5;4.143867;1;Adaptation;15;1;;;;;
18.98;0;0;3.488146;1;Adaptation;15;1;;;;;
19;-0.5;-0.5;3.821576;1;Adaptation;15;1;;;;;
19.02;-0.5;-0.5;5.765418;1;Adaptation;15;1;;;;;
19.04;-0.5;-0.5;2.979467;1;Adaptation;15;1;;;;;
19.06;-0.5;-0.5;2.337566;1;Adaptation;15;1;;;;;
19.08;-0.5;-0.5;3.483971;1;Adaptation;15;1;;;;;
19.1;-0.5;-0.5;5.786624;1;Adaptation;15;1;;;;;
19.12;-0.5;-0.5;2.041806;1;Adaptation;15;1;;;;;
19.14;-0.5;-0.5;2.245511;1;Adaptation;15;1;;;;;
19.16;-0.5;-0.5;4.457673;1;Adaptation;15;1;;;;;
19.18;0;-0.0625;3.538513;1;Adaptation;15;1;;;;;
19.2;-0.5;-0.5;5.341692;1;Adaptation;15;1;;;;;
19.22;-0.5;-0.5;3.862818;1;Adaptation;15;1;;;;;
19.24;-0.5;-0.5;2.869518;1;Adaptation;15;1;;;;;
19.26;-0.5;-0.5;2.311899;1;Adaptation;15;1;;;;;
19.28;-2;0;2.539459;1;Adaptation;15;1;;;;;
19.3;-0.5;-0.5;5.134017;1;Adaptation;15;1;;;;;
19.32;-0.5;-0.5;4.9319;1;Adaptation;15;1;;;;;
19.34;-0.5;-0.5;2.376203;1;Adaptation;15;1;;;;;
19.36;-0.5;-0.5;4.173192;1;Adaptation;15;1;;;;;
19.38;-0.5;-0.5;2.014869;1;Adaptation;15;1;;;;;
19.4;-0.5;-0.5;2.284423;1;Adaptation;15;1;;;;;
19.42;-0.5;-0.5;2.85425;1;Adaptation;15;1;;;;;
19.44;-0.5;-0.5;2.582721;1;Adaptation;15;1;;;;;
19.46;-2;-0.1875;3.304933;1;Adaptation;15;1;;;;;
19.48;-0.5;-0.5;3.87086;1;Adaptation;15;1;;;;;
19.5;-0.5;-0.5;3.219457;1;Adaptation;15;1;;;;;
19.52;-0.5;-0.5;4.596921;1;Adaptation;15;1;;;;;
19.54;-0.5;-0.5;2.125074;1;Adaptation;15;1;;;;;
19.56;0;0.0625;2.522493;1;Adaptation;15;1;;;;;
19.58;-0.5;-0.5;3.654433;1;Adaptation;15;1;;;;;
19.6;0;0.0625;4.581186;1;Adaptation;15;1;;;;;
19.62;-0.5;-0.5;5.3994;1;Adaptation;15;1;;;;;
19.64;-2;0;2.910621;1;Adaptation;15;1;;;;;
19.66;-0.5;-0.5;4.974101;1;Adaptation;15;1;;;;;
19.68;-2;0.0625;2.842525;1;Adaptation;15;1;;;;;
19.7;-2;-0.1875;2.721901;1;Adaptation;15;1;;;;;
19.72;-0.5;-0.5;5.166433;1;Adaptation;15;1;;;;;
19.74;-0.5;-0.5;4.9196;1;Adaptation;15;1;;;;;
19.76;-0.5;-0.5;2.082183;1;Adaptation;15;1;;;;;
19.78;-0.5;-0.5;4.102309;1;Adaptation;15;1;;;;;
19.8;-0.5;-0.5;2.374802;1;Adaptation;15;1;;;;;
19.82;-0.5;-0.5;4.114065;1;Adaptation;15;1;;;;;
19.84;-0.5;-0.5;5.180357;1;Adaptation;15;1;;;;;
19.86;-0.5;-0.5;5.091228;1;Adaptation;15;1;;;;;
19.88;-0.5;-0.5;3.936866;1;Adaptation;15;1;;;;;
19.9;-0.5;-0.5;3.574827;1;Adaptation;15;1;;;;;
19.92;0;-0.125;3.311088;1;Adaptation;15;1;;;;;
19.94;-0.5;-0.5;5.13808;1;Adaptation;15;1;;;;;
19.96;-0.5;-0.5;3.98459;1;Adaptation;15;1;;;;;
19.98;-0.5;-0.5;2.87652;1;Adaptation;15;1;;;;;
20;-0.5;-0.5;5.652431;1;Adaptation;15;1;;;;;
20.02;0;0;3.122922;1;Adaptation;15;1;;;;;
20.04;-0.5;-0.5;2.54968;1;Adaptation;15;1;;;;;
20.06;-0.5;-0.5;3.064873;1;Adaptation;15;1;;;;;
20.08;-0.5;-0.5;2.488833;1;Adaptation;15;1;;;;;
20.1;2;-0.0625;5.133191;1;Adaptation;15;1;;;;;
20.12;0;-0.0625;2.262511;1;Adaptation;15;1;;;;;
20.14;2;0;4.327254;1;Adaptation;15;1;;;;;
20.16;-0.5;-0.5;5.797394;1;Adaptation;15;1;;;;;
20.18;-0.5;-0.5;3.972206;1;Adaptation;15;1;;;;;
20.2;-0.5;-0.5;3.745661;1;Adaptation;15;1;;;;;
20.22;2;-0.0625;4.447639;1;Adaptation;15;1;;;;;
20.24;-0.5;-0.5;3.498544;1;Adaptation;15;1;;;;;
20.26;-0.5;-0.5;5.920754;1;Adaptation;15;1;;;;;
20.28;0;-0.1875;5.09439;1;Adaptation;15;1;;;;;
20.3;-0.5;-0.5;2.718335;1;Adaptation;15;1;;;;;
20.32;-0.5;-0.5;2.101796;1;Adaptation;15;1;;;;;
20.34;-0.5;-0.5;5.743385;1;Adaptation;15;1;;;;;
20.36;-0.5;-0.5;4.274911;1;Adaptation;15;1;;;;;
20.38;-0.5;-0.5;2.190977;1;Adaptation;15;1;;;;;
20.4;-0.5;-0.5;4.739436;1;Adaptation;15;1;;;;;
20.42;-0.5;-0.5;5.354032;1;Adaptation;15;1;;;;;
20.44;-0.5;-0.5;2.760232;1;Adaptation;15;1;;;;;
20.46;-0.5;-0.5;3.800746;1;Adaptation;15;1;;;;;
20.48;-0.5;-0.5;3.650983;1;Adaptation;15;1;;;;;
20.5;-0.5;-0.5;4.928501;1;Adaptation;15;1;;;;;
20.52;-0.5;-0.5;5.254929;1;Adaptation;15;1;;;;;
20.54;-0.5;-0.5;3.879014;1;Adaptation;15;1;;;;;
20.56;-0.5;-0.5;3.411878;1;Adaptation;15;1;;;;;
20.58;0;0.0625;4.222207;1;Adaptation;15;1;;;;;
20.6;-0.5;-0.5;5.769965;1;Adaptation;15;1;;;;;
20.62;2;-0.125;4.136007;1;Adaptation;15;1;;;;;
20.64;-0.5;-0.5;2.655512;1;Adaptation;15;1;;;;;
20.66;-0.5;-0.5;4.382007;1;Adaptation;15;1;;;;;
20.68;-0.5;-0.5;3.943171;1;Adaptation;15;1;;;;;
20.7;-0.5;-0.5;2.260028;1;Adaptation;15;1;;;;;
20.72;-0.5;-0.5;2.587522;1;Adaptation;15;1;;;;;
20.74;-0.5;-0.5;3.715387;1;Adaptation;15;1;;;;;
20.76;-0.5;-0.5;5.640378;1;Adaptation;15;1;;;;;
20.78;0;0.0625;3.510141;1;Adaptation;15;1;;;;;
20.8;-0.5;-0.5;3.740895;1;Adaptation;15;1;;;;;
20.82;-0.5;-0.5;4.839683;1;Adaptation;15;1;;;;;
20.84;-0.5;-0.5;4.356018;1;Adaptation;15;1;;;;;
20.86;0;-0.125;5.74559;1;Adaptation;15;1;;;;;
20.88;0;0.125;3.614755;1;Adaptation;15;1;;;;;
20.9;-0.5;-0.5;2.869616;1;Adaptation;15;1;;;;;
20.92;-0.5;-0.5;2.767671;1;Adaptation;15;1;;;;;
20.94;-0.5;-0.5;4.323977;1;Adaptation;15;1;;;;;
20.96;2;0.0625;4.646317;1;Adaptation;15;1;;;;;
20.98;-0.5;-0.5;4.8641;1;Adaptation;15;1;;;;;
21;-0.5;-0.5;5.455245;1;Adaptation;15;1;;;;;
21.02;-0.5;-0.5;4.543453;1;Adaptation;15;1;;;;;
21.04;-0.5;-0.5;2.653049;1;Adaptation;15;1;;;;;
21.06;-0.5;-0.5;3.341908;1;Adaptation;15;1;;;;;
21.08;-2;0.0625;2.30743;1;Adaptation;15;1;;;;;
21.1;-0.5;-0.5;3.476603;1;Adaptation;15;1;;;;;
21.12;0;0.1875;3.233162;1;Adaptation;15;1;;;;;
21.14;-0.5;-0.5;3.026461;1;Adaptation;15;1;;;;;
21.16;-0.5;-0.5;4.962716;1;Adaptation;15;1;;;;;
21.18;-0.5;-0.5;5.091324;1;Adaptation;15;1;;;;;
21.2;-0.5;-0.5;5.389085;1;Adaptation;15;1;;;;;
21.22;0;0.125;3.213802;1;Adaptation;15;1;;;;;
21.24;-0.5;-0.5;2.915534;1;Adaptation;15;1;;;;;
21.26;-0.5;-0.5;4.516438;1;Adaptation;15;1;;;;;
21.28;-0.5;-0.5;5.010925;1;Adaptation;15;1;;;;;
21.3;-0.5;-0.5;3.698797;1;Adaptation;15;1;;;;;
21.32;-0.5;-0.5;4.016111;1;Adaptation;15;1;;;;;
21.34;0;0.25;4.092589;1;Adaptation;15;1;;;;;
21.36;-0.5;-0.5;4.536285;1;Adaptation;15;1;;;;;
21.38;-2;0.3125;2.641108;1;Adaptation;15;1;;;;;
21.4;-0.5;-0.5;3.885029;1;Adaptation;15;1;;;;;
21.42;2;-0.1875;2.699733;1;Adaptation;15;1;;;;;
21.44;-0.5;-0.5;3.381988;1;Adaptation;15;1;;;;;
21.46;-0.5;-0.5;3.141496;1;Adaptation;15;1;;;;;
21.48;2;0.0625;2.774553;1;Adaptation;15;1;;;;;
21.5;-0.5;-0.5;3.054276;1;Adaptation;15;1;;;;;
21.52;-0.5;-0.5;2.02166;1;Adaptation;15;1;;;;;
21.54;0;-0.25;3.904985;1;Adaptation;15;1;;;;;
21.56;-2;0.1875;5.219345;1;Adaptation;15;1;;;;;
21.58;0;0.125;5.01412;1;Adaptation;15;1;;;;;
21.6;-0.5;-0.5;5.310358;1;Adaptation;15;1;;;;;
21.62;-2;0.3125;4.502486;1;Adaptation;15;1;;;;;
21.64;-0.5;-0.5;5.558167;1;Adaptation;15;1;;;;;
21.66;0;0.125;2.583198;1;Adaptation;15;1;;;;;
21.68;-0.5;-0.5;5.038068;1;Adaptation;15;1;;;;;
21.7;0;0;4.105642;1;Adaptation;15;1;;;;;
21.72;-0.5;-0.5;2.24349;1;Adaptation;15;1;;;;;
21.74;-0.5;-0.5;4.734049;1;Adaptation;15;1;;;;;
21.76;-0.5;-0.5;5.332046;1;Adaptation;15;1;;;;;
21.78;-0.5;-0.5;4.213686;1;Adaptation;15;1;;;;;
21.8;-0.5;-0.5;3.111825;1;Adaptation;15;1;;;;;
21.82;-0.5;-0.5;5.540107;1;Adaptation;15;1;;;;;
21.84;-0.5;-0.5;4.710521;1;Adaptation;15;1;;;;;
21.86;-0.5;-0.5;2.830006;1;Adaptation;15;1;;;;;
21.88;0;0.125;2.631831;1;Adaptation;15;1;;;;;
21.9;0;0.125;2.7734;1;Adaptation;15;1;;;;;
21.92;0;-0.0625;5.879199;1;Adaptation;15;1;;;;;
21.94;2;0.0625;3.341156;1;Adaptation;15;1;;;;;
21.96;-0.5;-0.5;4.112493;1;Adaptation;15;1;;;;;
21.98;-2;0.0625;5.085981;1;Adaptation;15;1;;;;;
22;-2;-0.125;2.914886;1;Adaptation;15;1;;;;;
22.02;-0.5;-0.5;2.069795;1;Adaptation;15;1;;;;;
22.04;-0.5;-0.5;4.024116;1;Adaptation;15;1;;;;;
22.06;-0.5;-0.5;4.004784;1;Adaptation;15;1;;;;;
22.08;0;0.0625;4.049563;1;Adaptation;15;1;;;;;
22.1;0;-0.0625;2.396468;1;Adaptation;15;1;;;;;
22.12;-0.5;-0.5;4.206467;1;Adaptation;15;1;;;;;
22.14;-2;0.0625;5.989392;1;Adaptation;15;1;;;;;
22.16;-0.5;-0.5;2.461379;1;Adaptation;15;1;;;;;
22.18;-0.5;-0.5;5.357381;1;Adaptation;15;1;;;;;
22.2;0;0.0625;5.879412;1;Adaptation;15;1;;;;;
22.22;0;0.0625;4.780007;1;Adaptation;15;1;;;;;
22.24;0;-0.0625;5.693388;1;Adaptation;15;1;;;;;
22.26;-0.5;-0.5;2.0259;1;Adaptation;15;1;;;;;
22.28;-0.5;-0.5;2.186702;1;Adaptation;15;1;;;;;
22.3;0;0.0625;2.810531;1;Adaptation;15;1;;;;;
22.32;-0.5;-0.5;5.754645;1;Adaptation;15;1;;;;;
22.34;-0.5;-0.5;3.578637;1;Adaptation;15;1;;;;;
22.36;-2;-0.0625;4.843477;1;Adaptation;15;1;;;;;
22.38;-0.5;-0.5;2.813876;1;Adaptation;15;1;;;;;
22.4;2;0;3.196782;1;Adaptation;15;1;;;;;
22.42;-0.5;-0.5;4.129934;1;Adaptation;15;1;;;;;
22.44;-0.5;-0.5;2.076381;1;Adaptation;15;1;;;;;
22.46;-0.5;-0.5;3.781821;1;Adaptation;15;1;;;;;
22.48;0;0;4.118941;1;Adaptation;15;1;;;;;
22.5;-0.5;-0.5;4.521512;1;Adaptation;15;1;;;;;
22.52;-0.5;-0.5;2.169824;1;Adaptation;15;1;;;;;
22.54;-0.5;-0.5;5.677522;1;Adaptation;15;1;;;;;
22.56;-0.5;-0.5;5.528521;1;Adaptation;15;1;;;;;
22.58;-0.5;-0.5;4.165448;1;Adaptation;15;1;;;;;
22.6;0;0.0625;2.567941;1;Adaptation;15;1;;;;;
22.62;2;0.125;4.919674;1;Adaptation;15;1;;;;;
22.64;0;-0.0625;3.057489;1;Adaptation;15;1;;;;;
22.66;-0.5;-0.5;5.230269;1;Adaptation;15;1;;;;;
22.68;-0.5;-0.5;2.519857;1;Adaptation;15;1;;;;;
22.7;-0.5;-0.5;2.355891;1;Adaptation;15;1;;;;;
22.72;-0.5;-0.5;5.070385;1;Adaptation;15;1;;;;;
22.74;-0.5;-0.5;3.479413;1;Adaptation;15;1;;;;;
22.76;-0.5;-0.5;5.657935;1;Adaptation;15;1;;;;;
22.78;-0.5;-0.5;3.178842;1;Adaptation;15;1;;;;;
22.8;-0.5;-0.5;5.706586;1;Adaptation;15;1;;;;;
22.82;-0.5;-0.5;2.958808;1;Adaptation;15;1;;;;;
22.84;-0.5;-0.5;2.0941;1;Adaptation;15;1;;;;;
22.86;-0.5;-0.5;5.43613;1;Adaptation;15;1;;;;;
22.88;-0.5;-0.5;5.459156;1;Adaptation;15;1;;;;;
22.9;-0.5;-0.5;2.469833;1;Adaptation;15;1;;;;;
22.92;0;-0.0625;2.302588;1;Adaptation;15;1;;;;;
22.94;-0.5;-0.5;2.174758;1;Adaptation;15;1;;;;;
22.96;-0.5;-0.5;3.494058;1;Adaptation;15;1;;;;;
22.98;-0.5;-0.5;2.436082;1;Adaptation;15;1;;;;;
23;-0.5;-0.5;3.457965;1;Adaptation;15;1;;;;;
23.02;-0.5;-0.5;3.414829;1;Adaptation;15;1;;;;;
23.04;-0.5;-0.5;5.438976;1;Adaptation;15;1;;;;;
23.06;-0.5;-0.5;3.814385;1;Adaptation;15;1;;;;;
23.08;-0.5;-0.5;5.409354;1;Adaptation;15;1;;;;;
23.1;-0.5;-0.5;5.18741;1;Adaptation;15;1;;;;;
23.12;2;0.125;3.777063;1;Adaptation;15;1;;;;;
23.14;2;-0.125;3.030798;1;Adaptation;15;1;;;;;
23.16;-0.5;-0.5;5.946223;1;Adaptation;15;1;;;;;
23.18;-0.5;-0.5;2.150156;1;Adaptation;15;1;;;;;
23.2;2;0.0625;3.217515;1;Adaptation;15;1;;;;;
23.22;-0.5;-0.5;2.022582;1;Adaptation;15;1;;;;;
23.24;-0.5;-0.5;5.706761;1;Adaptation;15;1;;;;;
23.26;2;0;5.712416;1;Adaptation;15;1;;;;;
23.28;2;-0.25;5.238229;1;Adaptation;15;1;;;;;
23.3;-0.5;-0.5;3.283667;1;Adaptation;15;1;;;;;
23.32;-0.5;-0.5;2.38956;1;Adaptation;15;1;;;;;
23.34;-0.5;-0.5;2.065944;1;Adaptation;15;1;;;;;
23.36;2;0.125;2.161491;1;Adaptation;15;1;;;;;
23.38;-0.5;-0.5;3.026214;1;Adaptation;15;1;;;;;
23.4;-0.5;-0.5;3.100328;1;Adaptation;15;1;;;;;
23.42;-0.5;-0.5;5.819854;1;Adaptation;15;1;;;;;
23.44;2;0.0625;5.323057;1;Adaptation;15;1;;;;;
23.46;-0.5;-0.5;2.15829;1;Adaptation;15;1;;;;;
23.48;-0.5;-0.5;3.183064;1;Adaptation;15;1;;;;;
23.5;-2;0.1875;2.953295;1;Adaptation;15;1;;;;;
23.52;-0.5;-0.5;5.355485;1;Adaptation;15;1;;;;;
23.54;-0.5;-0.5;2.805477;1;Adaptation;15;1;;;;;
23.56;-0.5;-0.5;3.195586;1;Adaptation;15;1;;;;;
23.58;-0.5;-0.5;4.500146;1;Adaptation;15;1;;;;;
23.6;-0.5;-0.5;3.306727;1;Adaptation;15;1;;;;;
23.62;-0.5;-0.5;3.497;1;Adaptation;15;1;;;;;
23.64;0;-0.25;4.294859;1;Adaptation;15;1;;;;;
23.66;-0.5;-0.5;4.89861;1;Adaptation;15;1;;;;;
23.68;-0.5;-0.5;5.321142;1;Adaptation;15;1;;;;;
23.7;-0.5;-0.5;3.399118;1;Adaptation;15;1;;;;;
23.72;-0.5;-0.5;4.602996;1;Adaptation;15;1;;;;;
23.74;0;0.125;3.451113;1;Adaptation;15;1;;;;;
23.76;0;0.0625;4.249996;1;Adaptation;15;1;;;;;
23.78;-0.5;-0.5;5.756768;1;Adaptation;15;1;;;;;
23.8;-2;-0.125;4.946482;1;Adaptation;15;1;;;;;
23.82;-0.5;-0.5;4.472536;1;Adaptation;15;1;;;;;
23.84;0;0.0625;3.426012;1;Adaptation;15;1;;;;;
23.86;-0.5;-0.5;3.361781;1;Adaptation;15;1;;;;;
23.88;-0.5;-0.5;2.252222;1;Adaptation;15;1;;;;;
23.9;0;-0.125;4.520767;1;Adaptation;15;1;;;;;
23.92;-0.5;-0.5;3.274488;1;Adaptation;15;1;;;;;
23.94;-4;0;2.479889;1;Adaptation;15;1;;;;;
23.96;-0.5;-0.5;5.815139;1;Adaptation;15;1;;;;;
23.98;0;0.0625;2.518791;1;Adaptation;15;1;;;;;
24;-0.5;-0.5;5.50237;1;Adaptation;15;1;;;;;
24.02;-0.5;-0.5;5.752758;1;Adaptation;15;1;;;;;
24.04;-0.5;-0.5;3.809789;1;Adaptation;15;1;;;;;
24.06;-0.5;-0.5;4.06115;1;Adaptation;15;1;;;;;
24.08;2;0.125;3.405345;1;Adaptation;15;1;;;;;
24.1;-0.5;-0.5;3.930909;1;Adaptation;15;1;;;;;
24.12;2;0.0625;2.375355;1;Adaptation;15;1;;;;;
24.14;0;0.25;4.504874;1;Adaptation;15;1;;;;;
24.16;-0.5;-0.5;3.846322;1;Adaptation;15;1;;;;;
24.18;-0.5;-0.5;3.02347;1;Adaptation;15;1;;;;;
24.2;-0.5;-0.5;4.592109;1;Adaptation;15;1;;;;;
24.22;-0.5;-0.5;5.431139;1;Adaptation;15;1;;;;;
24.24;2;-0.125;3.714247;1;Adaptation;15;1;;;;;
24.26;-0.5;-0.5;3.585094;1;Adaptation;15;1;;;;;
24.28;-0.5;-0.5;5.198413;1;Adaptation;15;1;;;;;
24.3;-0.5;-0.5;2.227452;1;Adaptation;15;1;;;;;
24.32;0;-0.3125;4.477082;1;Adaptation;15;1;;;;;
24.34;0;-0.0625;3.183249;1;Adaptation;15;1;;;;;
24.36;-0.5;-0.5;5.816871;1;Adaptation;15;1;;;;;
24.38;2;-0.0625;4.894827;1;Adaptation;15;1;;;;;
24.4;-2;-0.125;3.222582;1;Adaptation;15;1;;;;;
24.42;-0.5;-0.5;5.948618;1;Adaptation;15;1;;;;;
24.44;0;0;4.953548;1;Adaptation;15;1;;;;;
24.46;0;-0.125;3.663064;1;Adaptation;15;1;;;;;
24.48;-0.5;-0.5;3.903229;1;Adaptation;15;1;;;;;
24.5;-0.5;-0.5;5.209334;1;Adaptation;15;1;;;;;
24.52;-0.5;-0.5;3.923248;1;Adaptation;15;1;;;;;
24.54;-0.5;-0.5;4.028047;1;Adaptation;15;1;;;;;
24.56;-0.5;-0.5;3.360669;1;Adaptation;15;1;;;;;
24.58;0;0.0625;3.361699;1;Adaptation;15;1;;;;;
24.6;0;-0.125;4.972005;1;Adaptation;15;1;;;;;
24.62;-0.5;-0.5;5.121089;1;Adaptation;15;1;;;;;
24.64;2;0;3.416936;1;Adaptation;15;1;;;;;
24.66;0;-0.125;2.652194;1;Adaptation;15;1;;;;;
24.68;-0.5;-0.5;5.049438;1;Adaptation;15;1;;;;;
24.7;-0.5;-0.5;5.531339;1;Adaptation;15;1;;;;;
24.72;-0.5;-0.5;4.891185;1;Adaptation;15;1;;;;;
24.74;-0.5;-0.5;2.644392;1;Adaptation;15;1;;;;;
24.76;0;0.125;3.112676;1;Adaptation;15;1;;;;;
24.78;-0.5;-0.5;4.685919;1;Adaptation;15;1;;;;;
24.8;-0.5;-0.5;2.39503;1;Adaptation;15;1;;;;;
24.82;-0.5;-0.5;5.676393;1;Adaptation;15;1;;;;;
24.84;-0.5;-0.5;2.496193;1;Adaptation;15;1;;;;;
24.86;-0.5;-0.5;3.2987;1;Adaptation;15;1;;;;;
24.88;-0.5;-0.5;2.621159;1;Adaptation;15;1;;;;;
24.9;-0.5;-0.5;2.675993;1;Adaptation;15;1;;;;;
24.92;-0.5;-0.5;2.315184;1;Adaptation;15;1;;;;;
24.94;0;0.125;5.863131;1;Adaptation;15;1;;;;;
24.96;0;0.1875;5.162177;1;Adaptation;15;1;;;;;
24.98;-0.5;-0.5;4.090624;1;Adaptation;15;1;;;;;
25;-0.5;-0.5;3.860106;1;Adaptation;15;1;;;;;
25.02;-0.5;-0.5;5.154633;1;Adaptation;15;1;;;;;
25.04;0;0.25;3.708513;1;Adaptation;15;1;;;;;
25.06;2;0;3.658638;1;Adaptation;15;1;;;;;
25.08;-0.5;-0.5;4.301945;1;Adaptation;15;1;;;;;
25.1;-0.5;-0.5;5.386002;1;Adaptation;15;1;;;;;
25.12;0;-0.125;5.861328;1;Adaptation;15;1;;;;;
25.14;-0.5;-0.5;4.584762;1;Adaptation;15;1;;;;;
25.16;-0.5;-0.5;4.100845;1;Adaptation;15;1;;;;;
25.18;-0.5;-0.5;5.524191;1;Adaptation;15;1;;;;;
25.2;-0.5;-0.5;5.355646;1;Adaptation;15;1;;;;;
25.22;2;0.125;5.453859;1;Adaptation;15;1;;;;;
25.24;-0.5;-0.5;4.778076;1;Adaptation;15;1;;;;;
25.26;-0.5;-0.5;3.494974;1;Adaptation;15;1;;;;;
25.28;-0.5;-0.5;2.506211;1;Adaptation;15;1;;;;;
25.3;-0.5;-0.5;3.499896;1;Adaptation;15;1;;;;;
25.32;-0.5;-0.5;5.696908;1;Adaptation;15;1;;;;;
25.34;-0.5;-0.5;2.018681;1;Adaptation;15;1;;;;;
25.36;0;0.125;5.855268;1;Adaptation;15;1;;;;;
25.38;-0.5;-0.5;2.633549;1;Adaptation;15;1;;;;;
25.4;0;0;4.220439;1;Adaptation;15;1;;;;;
25.42;-0.5;-0.5;3.052803;1;Adaptation;15;1;;;;;
25.44;-0.5;-0.5;3.258403;1;Adaptation;15;1;;;;;
25.46;-0.5;-0.5;5.92704;1;Adaptation;15;1;;;;;
25.48;-4;0;5.920928;1;Adaptation;15;1;;;;;
25.5;-0.5;-0.5;3.370494;1;Adaptation;15;1;;;;;
25.52;-0.5;-0.5;4.673626;1;Adaptation;15;1;;;;;
25.54;-0.5;-0.5;2.546926;1;Adaptation;15;1;;;;;
25.56;-0.5;-0.5;2.383546;1;Adaptation;15;1;;;;;
25.58;-2;0;5.362356;1;Adaptation;15;1;;;;;
25.6;-0.5;-0.5;4.997956;1;Adaptation;15;1;;;;;
25.62;0;0.0625;3.347324;1;Adaptation;15;1;;;;;
25.64;-0.5;-0.5;5.617476;1;Adaptation;15;1;;;;;
25.66;-0.5;-0.5;4.888692;1;Adaptation;15;1;;;;;
25.68;-0.5;-0.5;4.80442;1;Adaptation;15;1;;;;;
25.7;-2;-0.125;5.117918;1;Adaptation;15;1;;;;;
25.72;-0.5;-0.5;5.740952;1;Adaptation;15;1;;;;;
25.74;-0.5;-0.5;4.231376;1;Adaptation;15;1;;;;;
25.76;-0.5;-0.5;5.331961;1;Adaptation;15;1;;;;;
25.78;0;0.125;3.33519;1;Adaptation;15;1;;;;;
25.8;-0.5;-0.5;5.864631;1;Adaptation;15;1;;;;;
25.82;0;-0.0625;2.704766;1;Adaptation;15;1;;;;;
25.84;-0.5;-0.5;2.886158;1;Adaptation;15;1;;;;;
25.86;-2;0;2.208978;1;Adaptation;15;1;;;;;
25.88;-0.5;-0.5;4.607697;1;Adaptation;15;1;;;;;
25.9;2;-0.3125;5.389596;1;Adaptation;15;1;;;;;
25.92;-0.5;-0.5;4.809561;1;Adaptation;15;1;;;;;
25.94;-0.5;-0.5;3.988447;1;Adaptation;15;1;;;;;
25.96;-0.5;-0.5;3.810913;1;Adaptation;15;1;;;;;
25.98;-0.5;-0.5;2.026728;1;Adaptation;15;1;;;;;
26;-0.5;-0.5;3.920853;1;Adaptation;15;1;;;;;
26.02;-0.5;-0.5;3.899748;1;Adaptation;15;1;;;;;
26.04;-0.5;-0.5;2.456513;1;Adaptation;15;1;;;;;
26.06;-0.5;-0.5;5.957464;1;Adaptation;15;1;;;;;
26.08;-0.5;-0.5;5.366942;1;Adaptation;15;1;;;;;
26.1;-2;-0.125;5.105345;1;Adaptation;15;1;;;;;
26.12;0;-0.125;2.378172;1;Adaptation;15;1;;;;;
26.14;-0.5;-0.5;5.479725;1;Adaptation;15;1;;;;;
26.16;-0.5;-0.5;4.81045;1;Adaptation;15;1;;;;;
26.18;-0.5;-0.5;2.57426;1;Adaptation;15;1;;;;;
26.2;-0.5;-0.5;3.496537;1;Adaptation;15;1;;;;;
26.22;-0.5;-0.5;2.733652;1;Adaptation;15;1;;;;;
26.24;-0.5;-0.5;3.170775;1;Adaptation;15;1;;;;;
26.26;-0.5;-0.5;3.201428;1;Adaptation;15;1;;;;;
26.28;-0.5;-0.5;3.452071;1;Adaptation;15;1;;;;;
26.3;0;0.125;3.660103;1;Adaptation;15;1;;;;;
26.32;-0.5;-0.5;2.070406;1;Adaptation;15;1;;;;;
26.34;-0.5;-0.5;5.88002;1;Adaptation;15;1;;;;;
26.36;-0.5;-0.5;3.992915;1;Adaptation;15;1;;;;;
26.38;0;-0.0625;2.790781;1;Adaptation;15;1;;;;;
26.4;-0.5;-0.5;3.711987;1;Adaptation;15;1;;;;;
26.42;-0.5;-0.5;3.43258;1;Adaptation;15;1;;;;;
26.44;-0.5;-0.5;4.380988;1;Adaptation;15;1;;;;;
26.46;-0.5;-0.5;4.943938;1;Adaptation;15;1;;;;;
26.48;-0.5;-0.5;5.071657;1;Adaptation;15;1;;;;;
26.5;-0.5;-0.5;2.556403;1;Adaptation;15;1;;;;;
26.52;-0.5;-0.5;2.415461;1;Adaptation;15;1;;;;;
26.54;-0.5;-0.5;5.607658;1;Adaptation;15;1;;;;;
26.56;-0.5;-0.5;5.468018;1;Adaptation;15;1;;;;;
26.58;-0.5;-0.5;2.228742;1;Adaptation;15;1;;;;;
26.6;-0.5;-0.5;2.954897;1;Adaptation;15;1;;;;;
26.62;-0.5;-0.5;4.996841;1;Adaptation;15;1;;;;;
26.64;-0.5;-0.5;3.906953;1;Adaptation;15;1;;;;;
26.66;0;0.0625;3.186465;1;Adaptation;15;1;;;;;
26.68;-0.5;-0.5;2.530132;1;Adaptation;15;1;;;;;
26.7;-0.5;-0.5;5.916884;1;Adaptation;15;1;;;;;
26.72;0;0;5.64322;1;Adaptation;15;1;;;;;
26.74;-0.5;-0.5;2.383307;1;Adaptation;15;1;;;;;
26.76;-0.5;-0.5;2.636425;1;Adaptation;15;1;;;;;
26.78;-0.5;-0.5;4.783005;1;Adaptation;15;1;;;;;
26.8;0;0.0625;5.262842;1;Adaptation;15;1;;;;;
26.82;-0.5;-0.5;5.238222;1;Adaptation;15;1;;;;;
26.84;-0.5;-0.5;3.243814;1;Adaptation;15;1;;;;;
26.86;-0.5;-0.5;2.756017;1;Adaptation;15;1;;;;;
26.88;-0.5;-0.5;4.66957;1;Adaptation;15;1;;;;;
26.9;0;0;3.067829;1;Adaptation;15;1;;;;;
26.92;-0.5;-0.5;5.385962;1;Adaptation;15;1;;;;;
26.94;0;-0.0625;5.960836;1;Adaptation;15;1;;;;;
26.96;-0.5;-0.5;3.109302;1;Adaptation;15;1;;;;;
26.98;-0.5;-0.5;4.795778;1;Adaptation;15;1;;;;;
27;-0.5;-0.5;2.172069;1;Adaptation;15;1;;;;;
27.02;-2;0.0625;3.368528;1;Adaptation;15;1;;;;;
27.04;0;0.0625;2.091644;1;Adaptation;15;1;;;;;
27.06;-0.5;-0.5;4.213721;1;Adaptation;15;1;;;;;
27.08;-0.5;-0.5;5.723501;1;Adaptation;15;1;;;;;
27.1;0;0;2.224578;1;Adaptation;15;1;;;;;
27.12;-0.5;-0.5;3.286743;1;Adaptation;15;1;;;;;
27.14;-0.5;-0.5;2.286788;1;Adaptation;15;1;;;;;
27.16;-0.5;-0.5;3.26249;1;Adaptation;15;1;;;;;
27.18;2;0;2.10385;1;Adaptation;15;1;;;;;
27.2;0;-0.0625;2.360523;1;Adaptation;15;1;;;;;
27.22;-0.5;-0.5;2.605354;1;Adaptation;15;1;;;;;
27.24;-0.5;-0.5;4.63013;1;Adaptation;15;1;;;;;
27.26;-0.5;-0.5;3.266628;1;Adaptation;15;1;;;;;
27.28;-0.5;-0.5;3.829533;1;Adaptation;15;1;;;;;
27.3;-0.5;-0.5;3.096793;1;Adaptation;15;1;;;;;
27.32;0;-0.0625;5.540918;1;Adaptation;15;1;;;;;
27.34;-0.5;-0.5;2.01708;1;Adaptation;15;1;;;;;
27.36;-0.5;-0.5;4.830415;1;Adaptation;15;1;;;;;
27.38;2;0.0625;4.10515;1;Adaptation;15;1;;;;;
27.4;-0.5;-0.5;3.52917;1;Adaptation;15;1;;;;;
27.42;-0.5;-0.5;3.357048;1;Adaptation;15;1;;;;;
27.44;0;0.125;5.146527;1;Adaptation;15;1;;;;;
27.46;0;0.1875;3.814245;1;Adaptation;15;1;;;;;
27.48;-0.5;-0.5;5.050523;1;Adaptation;15;1;;;;;
27.5;-0.5;-0.5;4.724369;1;Adaptation;15;1;;;;;
27.52;-0.5;-0.5;2.827953;1;Adaptation;15;1;;;;;
27.54;4;-0.3125;2.858975;1;Adaptation;15;1;;;;;
27.56;-0.5;-0.5;4.923384;1;Adaptation;15;1;;;;;
27.58;-0.5;-0.5;2.428843;1;Adaptation;15;1;;;;;
27.6;2;-0.0625;3.412817;1;Adaptation;15;1;;;;;
27.62;-0.5;-0.5;3.566462;1;Adaptation;15;1;;;;;
27.64;-0.5;-0.5;5.580934;1;Adaptation;15;1;;;;;
27.66;-0.5;-0.5;5.462956;1;Adaptation;15;1;;;;;
27.68;0;-0.125;2.33098;1;Adaptation;15;1;;;;;
27.7;-0.5;-0.5;4.99761;1;Adaptation;15;1;;;;;
27.72;-0.5;-0.5;4.35163;1;Adaptation;15;1;;;;;
27.74;0;0;5.864008;1;Adaptation;15;1;;;;;
27.76;0;-0.125;3.93084;1;Adaptation;15;1;;;;;
27.78;-0.5;-0.5;2.534521;1;Adaptation;15;1;;;;;
27.8;-0.5;-0.5;2.594946;1;Adaptation;15;1;;;;;
27.82;-0.5;-0.5;4.707487;1;Adaptation;15;1;;;;;
27.84;-0.5;-0.5;2.858556;1;Adaptation;15;1;;;;;
27.86;0;0.0625;4.017667;1;Adaptation;15;1;;;;;
27.88;-0.5;-0.5;5.971548;1;Adaptation;15;1;;;;;
27.9;-0.5;-0.5;3.631939;1;Adaptation;15;1;;;;;
27.92;-0.5;-0.5;2.619533;1;Adaptation;15;1;;;;;
27.94;0;0.0625;4.922235;1;Adaptation;15;1;;;;;
27.96;-0.5;-0.5;2.07083;1;Adaptation;15;1;;;;;
27.98;-0.5;-0.5;2.176617;1;Adaptation;15;1;;;;;
28;-0.5;-0.5;3.328761;1;Adaptation;15;1;;;;;
28.02;-0.5;-0.5;2.400845;1;Adaptation;15;1;;;;;
28.04;-0.5;-0.5;4.795708;1;Adaptation;15;1;;;;;
28.06;-0.5;-0.5;4.883749;1;Adaptation;15;1;;;;;
28.08;-0.5;-0.5;3.261641;1;Adaptation;15;1;;;;;
28.1;0;0.1875;3.89224;1;Adaptation;15;1;;;;;
28.12;2;-0.3125;4.583234;1;Adaptation;15;1;;;;;
28.14;-0.5;-0.5;5.219217;1;Adaptation;15;1;;;;;
28.16;-0.5;-0.5;3.745624;1;Adaptation;15;1;;;;;
28.18;-0.5;-0.5;5.811588;1;Adaptation;15;1;;;;;
28.2;0;0.125;3.724863;1;Adaptation;15;1;;;;;
28.22;-0.5;-0.5;4.75916;1;Adaptation;15;1;;;;;
28.24;-0.5;-0.5;3.320966;1;Adaptation;15;1;;;;;
28.26;0;-0.1875;2.254241;1;Adaptation;15;1;;;;;
28.28;-0.5;-0.5;4.324339;1;Adaptation;15;1;;;;;
28.3;-0.5;-0.5;2.693643;1;Adaptation;15;1;;;;;
28.32;-0.5;-0.5;5.439881;1;Adaptation;15;1;;;;;
28.34;-0.5;-0.5;4.822823;1;Adaptation;15;1;;;;;
28.36;-2;0.0625;2.586705;1;Adaptation;15;1;;;;;
28.38;-0.5;-0.5;5.849454;1;Adaptation;15;1;;;;;
28.4;-0.5;-0.5;5.619025;1;Adaptation;15;1;;;;;
28.42;-0.5;-0.5;4.821508;1;Adaptation;15;1;;;;;
28.44;-0.5;-0.5;3.255977;1;Adaptation;15;1;;;;;
28.46;-0.5;-0.5;2.794497;1;Adaptation;15;1;;;;;
28.48;0;0.0625;2.122042;1;Adaptation;15;1;;;;;
28.5;0;0.25;2.02999;1;Adaptation;15;1;;;;;
28.52;-2;-0.0625;3.716508;1;Adaptation;15;1;;;;;
28.54;-0.5;-0.5;3.721822;1;Adaptation;15;1;;;;;
28.56;-0.5;-0.5;4.582791;1;Adaptation;15;1;;;;;
28.58;-0.5;-0.5;5.904834;1;Adaptation;15;1;;;;;
28.6;-0.5;-0.5;5.709832;1;Adaptation;15;1;;;;;
28.62;-0.5;-0.5;3.398153;1;Adaptation;15;1;;;;;
28.64;2;0.125;4.395782;1;Adaptation;15;1;;;;;
28.66;-0.5;-0.5;4.501449;1;Adaptation;15;1;;;;;
28.68;2;-0.1875;5.204961;1;Adaptation;15;1;;;;;
28.7;-0.5;-0.5;3.997792;1;Adaptation;15;1;;;;;
28.72;-0.5;-0.5;2.505993;1;Adaptation;15;1;;;;;
28.74;-0.5;-0.5;5.921852;1;Adaptation;15;1;;;;;
28.76;2;-0.0625;4.572633;1;Adaptation;15;1;;;;;
28.78;-0.5;-0.5;3.82635;1;Adaptation;15;1;;;;;
28.8;-0.5;-0.5;4.285592;1;Adaptation;15;1;;;;;
28.82;2;0;3.670575;1;Adaptation;15;1;;;;;
28.84;-0.5;-0.5;2.961342;1;Adaptation;15;1;;;;;
28.86;-0.5;-0.5;2.513413;1;Adaptation;15;1;;;;;
28.88;-0.5;-0.5;2.648823;1;Adaptation;15;1;;;;;
28.9;0;-0.0625;3.523148;1;Adaptation;15;1;;;;;
28.92;-0.5;-0.5;4.115213;1;Adaptation;15;1;;;;;
28.94;-0.5;-0.5;5.081773;1;Adaptation;15;1;;;;;
28.96;-0.5;-0.5;5.387922;1;Adaptation;15;1;;;;;
28.98;-0.5;-0.5;2.196033;1;Adaptation;15;1;;;;;
29;-0.5;-0.5;5.555437;1;Adaptation;15;1;;;;;
29.02;0;-0.0625;5.870679;1;Adaptation;15;1;;;;;
29.04;-0.5;-0.5;5.001614;1;Adaptation;15;1;;;;;
29.06;-0.5;-0.5;2.872311;1;Adaptation;15;1;;;;;
29.08;-0.5;-0.5;4.487616;1;Adaptation;15;1;;;;;
29.1;-0.5;-0.5;5.885048;1;Adaptation;15;1;;;;;
29.12;-0.5;-0.5;2.453003;1;Adaptation;15;1;;;;;
29.14;-0.5;-0.5;4.460794;1;Adaptation;15;1;;;;;
29.16;-0.5;-0.5;4.380775;1;Adaptation;15;1;;;;;
29.18;-0.5;-0.5;5.268635;1;Adaptation;15;1;;;;;
29.2;-0.5;-0.5;2.319368;1;Adaptation;15;1;;;;;
29.22;-0.5;-0.5;2.54018;1;Adaptation;15;1;;;;;
29.24;-0.5;-0.5;2.37431;1;Adaptation;15;1;;;;;
29.26;-0.5;-0.5;2.067111;1;Adaptation;15;1;;;;;
29.28;2;0.0625;4.206559;1;Adaptation;15;1;;;;;
29.3;-0.5;-0.5;3.685534;1;Adaptation;15;1;;;;;
29.32;-0.5;-0.5;3.074943;1;Adaptation;15;1;;;;;
29.34;-0.5;-0.5;3.039274;1;Adaptation;15;1;;;;;
29.36;2;0.0625;3.270388;1;Adaptation;15;1;;;;;
29.38;0;0;2.447886;1;Adaptation;15;1;;;;;
29.4;-0.5;-0.5;4.028541;1;Adaptation;15;1;;;;;
29.42;-0.5;-0.5;5.954865;1;Adaptation;15;1;;;;;
29.44;-0.5;-0.5;2.140102;1;Adaptation;15;1;;;;;
29.46;-0.5;-0.5;3.279033;1;Adaptation;15;1;;;;;
29.48;-0.5;-0.5;3.210685;1;Adaptation;15;1;;;;;
29.5;0;0.1875;2.901779;1;Adaptation;15;1;;;;;
29.52;-0.5;-0.5;4.92675;1;Adaptation;15;1;;;;;
29.54;-0.5;-0.5;5.628378;1;Adaptation;15;1;;;;;
29.56;-0.5;-0.5;5.951207;1;Adaptation;15;1;;;;;
29.58;-2;-0.1875;4.715855;1;Adaptation;15;1;;;;;
29.6;-0.5;-0.5;4.761245;1;Adaptation;15;1;;;;;
29.62;-0.5;-0.5;3.232927;1;Adaptation;15;1;;;;;
29.64;2;-0.0625;4.191858;1;Adaptation;15;1;;;;;
29.66;-0.5;-0.5;4.452011;1;Adaptation;15;1;;;;;
29.68;-0.5;-0.5;3.313303;1;Adaptation;15;1;;;;;
29.7;-0.5;-0.5;3.727439;1;Adaptation;15;1;;;;;
29.72;-0.5;-0.5;5.315041;1;Adaptation;15;1;;;;;
29.74;-0.5;-0.5;4.527499;1;Adaptation;15;1;;;;;
29.76;-0.5;-0.5;3.588152;1;Adaptation;15;1;;;;;
29.78;-2;0.125;4.650544;1;Adaptation;15;1;;;;;
29.8;-0.5;-0.5;3.546305;1;Adaptation;15;1;;;;;
29.82;-0.5;-0.5;4.044806;1;Adaptation;15;1;;;;;
29.84;-0.5;-0.5;2.536507;1;Adaptation;15;1;;;;;
29.86;-0.5;-0.5;4.881885;1;Adaptation;15;1;;;;;
29.88;-0.5;-0.5;2.624662;1;Adaptation;15;1;;;;;
29.9;-0.5;-0.5;4.261136;1;Adaptation;15;1;;;;;
29.92;-2;-0.0625;5.164676;1;Adaptation;15;1;;;;;
29.94;-0.5;-0.5;4.886602;1;Adaptation;15;1;;;;;
29.96;0;0.25;3.303792;1;Adaptation;15;1;;;;;
29.98;2;-0.3125;4.212503;1;Adaptation;15;1;;;;;
30;-0.5;-0.5;3.513899;1;Adaptation;15;1;;;;;
30.02;-0.5;-0.5;3.845296;1;Adaptation;15;1;;;;;
30.04;-0.5;-0.5;4.724822;1;Adaptation;15;1;;;;;
30.06;-0.5;-0.5;2.180777;1;Adaptation;15;1;;;;;
30.08;-0.5;-0.5;5.881822;1;Adaptation;15;1;;;;;
30.1;-0.5;-0.5;5.050694;1;Adaptation;15;1;;;;;
30.12;0;0.25;3.375621;1;Adaptation;15;1;;;;;
30.14;0;0;3.63627;1;Adaptation;15;1;;;;;
30.16;-0.5;-0.5;3.61666;1;Adaptation;15;1;;;;;
30.18;-0.5;-0.5;2.176812;1;Adaptation;15;1;;;;;
30.2;-0.5;-0.5;5.221095;1;Adaptation;15;1;;;;;
30.22;-0.5;-0.5;4.302688;1;Adaptation;15;1;;;;;
30.24;-0.5;-0.5;4.161572;1;Adaptation;15;1;;;;;
30.26;-0.5;-0.5;2.579804;1;Adaptation;15;1;;;;;
30.28;2;0;2.375378;1;Adaptation;15;1;;;;;
30.3;-0.5;-0.5;5.404784;1;Adaptation;15;1;;;;;
30.32;-0.5;-0.5;2.551135;1;Adaptation;15;1;;;;;
30.34;-0.5;-0.5;3.909898;1;Adaptation;15;1;;;;;
30.36;0;0;5.26793;1;Adaptation;15;1;;;;;
30.38;-0.5;-0.5;3.788261;1;Adaptation;15;1;;;;;
30.4;0;-0.0625;2.004678;1;Adaptation;15;1;;;;;
30.42;-0.5;-0.5;2.825192;1;Adaptation;15;1;;;;;
30.44;-0.5;-0.5;3.066791;1;Adaptation;15;1;;;;;
30.46;-0.5;-0.5;2.919843;1;Adaptation;15;1;;;;;
30.48;0;0.125;4.658182;1;Adaptation;15;1;;;;;
30.5;0;-0.125;3.920301;1;Adaptation;15;1;;;;;
30.52;-0.5;-0.5;3.639508;1;Adaptation;15;1;;;;;
30.54;0;0;2.834916;1;Adaptation;15;1;;;;;
30.56;-0.5;-0.5;3.317959;1;Adaptation;15;1;;;;;
30.58;0;-0.125;5.443689;1;Adaptation;15;1;;;;;
30.6;-0.5;-0.5;3.025917;1;Adaptation;15;1;;;;;
30.62;-2;0.0625;5.885979;1;Adaptation;15;1;;;;;
30.64;-2;0.25;2.781081;1;Adaptation;15;1;;;;;
30.66;-2;0.0625;4.033866;1;Adaptation;15;1;;;;;
30.68;-0.5;-0.5;3.432357;1;Adaptation;15;1;;;;;
30.7;0;0.25;4.341172;1;Adaptation;15;1;;;;;
30.72;-0.5;-0.5;3.264941;1;Adaptation;15;1;;;;;
30.74;-0.5;-0.5;2.869627;1;Adaptation;15;1;;;;;
30.76;0;0.0625;2.728612;1;Adaptation;15;1;;;;;
30.78;0;0;5.235446;1;Adaptation;15;1;;;;;
30.8;-0.5;-0.5;2.253526;1;Adaptation;15;1;;;;;
30.82;-0.5;-0.5;3.124652;1;Adaptation;15;1;;;;;
30.84;-0.5;-0.5;5.672655;1;Adaptation;15;1;;;;;
30.86;-0.5;-0.5;3.146511;1;Adaptation;15;1;;;;;
30.88;-0.5;-0.5;3.248125;1;Adaptation;15;1;;;;;
30.9;-0.5;-0.5;4.725537;1;Adaptation;15;1;;;;;
30.92;-0.5;-0.5;3.411877;1;Adaptation;15;1;;;;;
30.94;-0.5;-0.5;3.618961;1;Adaptation;15;1;;;;;
30.96;-0.5;-0.5;5.800366;1;Adaptation;15;1;;;;;
30.98;-2;0.3125;4.405356;1;Adaptation;15;1;;;;;
31;-0.5;-0.5;3.90512;1;Adaptation;15;1;;;;;
31.02;-0.5;-0.5;3.29608;1;Adaptation;15;1;;;;;
31.04;0;0;5.561494;1;Adaptation;15;1;;;;;
31.06;4;-0.1875;3.288116;1;Adaptation;15;1;;;;;
31.08;-0.5;-0.5;5.989951;1;Adaptation;15;1;;;;;
31.1;-0.5;-0.5;5.428;1;Adaptation;15;1;;;;;
31.12;-0.5;-0.5;4.533817;1;Adaptation;15;1;;;;;
31.14;-0.5;-0.5;4.571431;1;Adaptation;15;1;;;;;
31.16;0;0;4.8931;1;Adaptation;15;1;;;;;
31.18;-0.5;-0.5;3.015444;1;Adaptation;15;1;;;;;
31.2;-0.5;-0.5;5.42332;1;Adaptation;15;1;;;;;
31.22;-0.5;-0.5;3.870425;1;Adaptation;15;1;;;;;
31.24;-0.5;-0.5;3.244559;1;Adaptation;15;1;;;;;
31.26;-0.5;-0.5;4.922235;1;Adaptation;15;1;;;;;
31.28;-0.5;-0.5;3.145687;1;Adaptation;15;1;;;;;
31.3;-0.5;-0.5;3.629047;1;Adaptation;15;1;;;;;
31.32;-0.5;-0.5;4.969666;1;Adaptation;15;1;;;;;
31.34;-0.5;-0.5;2.821028;1;Adaptation;15;1;;;;;
31.36;-0.5;-0.5;4.257915;1;Adaptation;15;1;;;;;
31.38;0;0.125;3.599973;1;Adaptation;15;1;;;;;
31.4;-0.5;-0.5;3.701781;1;Adaptation;15;1;;;;;
31.42;-0.5;-0.5;2.677681;1;Adaptation;15;1;;;;;
31.44;-0.5;-0.5;4.766081;1;Adaptation;15;1;;;;;
31.46;-0.5;-0.5;5.187557;1;Adaptation;15;1;;;;;
31.48;-0.5;-0.5;4.59386;1;Adaptation;15;1;;;;;
31.5;-0.5;-0.5;3.614371;1;Adaptation;15;1;;;;;
31.52;-0.5;-0.5;2.667096;1;Adaptation;15;1;;;;;
31.54;0;0.0625;2.041232;1;Adaptation;15;1;;;;;
31.56;-0.5;-0.5;2.883923;1;Adaptation;15;1;;;;;
31.58;0;0.1875;3.941855;1;Adaptation;15;1;;;;;
31.6;-0.5;-0.5;5.36762;1;Adaptation;15;1;;;;;
31.62;-0.5;-0.5;2.809579;1;Adaptation;15;1;;;;;
31.64;-0.5;-0.5;3.674161;1;Adaptation;15;1;;;;;
31.66;0;-0.1875;4.701302;1;Adaptation;15;1;;;;;
31.68;0;0.125;3.798017;1;Adaptation;15;1;;;;;
31.7;-0.5;-0.5;4.614928;1;Adaptation;15;1;;;;;
31.72;-0.5;-0.5;5.662255;1;Adaptation;15;1;;;;;
31.74;-0.5;-0.5;2.401154;1;Adaptation;15;1;;;;;
31.76;-2;-0.125;4.260076;1;Adaptation;15;1;;;;;
31.78;-0.5;-0.5;3.389296;1;Adaptation;15;1;;;;;
31.8;-0.5;-0.5;3.297275;1;Adaptation;15;1;;;;;
31.82;-0.5;-0.5;2.720017;1;Adaptation;15;1;;;;;
31.84;-0.5;-0.5;4.800302;1;Adaptation;15;1;;;;;
31.86;-0.5;-0.5;3.754531;1;Adaptation;15;1;;;;;
31.88;-0.5;-0.5;3.400265;1;Adaptation;15;1;;;;;
31.9;-0.5;-0.5;4.454514;1;Adaptation;15;1;;;;;
31.92;-0.5;-0.5;5.000779;1;Adaptation;15;1;;;;;
31.94;-0.5;-0.5;3.068911;1;Adaptation;15;1;;;;;
31.96;-0.5;-0.5;5.644372;1;Adaptation;15;1;;;;;
31.98;-0.5;-0.5;4.45319;1;Adaptation;15;1;;;;;
32;-0.5;-0.5;4.140849;1;Adaptation;15;1;;;;;
32.02;-0.5;-0.5;2.878839;1;Adaptation;15;1;;;;;
32.04;-0.5;-0.5;2.990731;1;Adaptation;15;1;;;;;
32.06;-0.5;-0.5;4.587608;1;Adaptation;15;1;;;;;
32.08;-0.5;-0.5;5.933428;1;Adaptation;15;1;;;;;
32.1;0;0;5.158958;1;Adaptation;15;1;;;;;
32.12;-0.5;-0.5;4.805364;1;Adaptation;15;1;;;;;
32.14;-0.5;-0.5;3.10814;1;Adaptation;15;1;;;;;
32.16;-0.5;-0.5;2.338523;1;Adaptation;15;1;;;;;
32.18;-0.5;-0.5;3.414153;1;Adaptation;15;1;;;;;
32.2;-0.5;-0.5;4.917416;1;Adaptation;15;1;;;;;
32.22;2;0.125;4.501505;1;Adaptation;15;1;;;;;
32.24;-0.5;-0.5;3.765055;1;Adaptation;15;1;;;;;
32.26;-0.5;-0.5;3.506917;1;Adaptation;15;1;;;;;
32.28;0;-0.25;2.636044;1;Adaptation;15;1;;;;;
32.3;-0.5;-0.5;3.567152;1;Adaptation;15;1;;;;;
32.32;-0.5;-0.5;3.618189;1;Adaptation;15;1;;;;;
32.34;-2;0.125;2.470531;1;Adaptation;15;1;;;;;
32.36;-0.5;-0.5;2.890553;1;Adaptation;15;1;;;;;
32.38;-0.5;-0.5;4.903519;1;Adaptation;15;1;;;;;
32.4;-0.5;-0.5;2.418646;1;Adaptation;15;1;;;;;
32.42;-0.5;-0.5;5.314882;1;Adaptation;15;1;;;;;
32.44;-0.5;-0.5;5.99515;1;Adaptation;15;1;;;;;
32.46;-0.5;-0.5;2.05689;1;Adaptation;15;1;;;;;
32.48;-0.5;-0.5;3.038302;1;Adaptation;15;1;;;;;
32.5;-0.5;-0.5;5.461172;1;Adaptation;15;1;;;;;
32.52;-0.5;-0.5;2.871954;1;Adaptation;15;1;;;;;
32.54;-0.5;-0.5;2.499074;1;Adaptation;15;1;;;;;
32.56;-0.5;-0.5;3.392798;1;Adaptation;15;1;;;;;
32.58;-2;0;5.20263;1;Adaptation;15;1;;;;;
32.6;-0.5;-0.5;4.148205;1;Adaptation;15;1;;;;;
32.62;-0.5;-0.5;4.86583;1;Adaptation;15;1;;;;;
32.64;-0.5;-0.5;3.579312;1;Adaptation;15;1;;;;;
32.66;2;-0.0625;2.491593;1;Adaptation;15;1;;;;;
32.68;-0.5;-0.5;4.129214;1;Adaptation;15;1;;;;;
32.7;0;-0.3125;3.00792;1;Adaptation;15;1;;;;;
32.72;-0.5;-0.5;5.851908;1;Adaptation;15;1;;;;;
32.74;2;0.0625;4.168058;1;Adaptation;15;1;;;;;
32.76;-0.5;-0.5;4.378585;1;Adaptation;15;1;;;;;
32.78;-0.5;-0.5;4.969295;1;Adaptation;15;1;;;;;
32.8;-0.5;-0.5;4.861309;1;Adaptation;15;1;;;;;
32.82;-0.5;-0.5;3.88538;1;Adaptation;15;1;;;;;
32.84;-0.5;-0.5;4.152734;1;Adaptation;15;1;;;;;
32.86;-0.5;-0.5;4.189645;1;Adaptation;15;1;;;;;
32.88;-0.5;-0.5;4.123154;1;Adaptation;15;1;;;;;
32.9;-0.5;-0.5;2.538523;1;Adaptation;15;1;;;;;
32.92;-2;0.1875;3.410036;1;Adaptation;15;1;;;;;
32.94;-0.5;-0.5;4.739404;1;Adaptation;15;1;;;;;
32.96;-0.5;-0.5;3.052581;1;Adaptation;15;1;;;;;
32.98;-2;0.0625;5.608084;1;Adaptation;15;1;;;;;
33;-0.5;-0.5;4.005084;1;Adaptation;15;1;;;;;
33.02;-0.5;-0.5;5.490379;1;Adaptation;15;1;;;;;
33.04;-0.5;-0.5;5.866107;1;Adaptation;15;1;;;;;
33.06;0;0.125;2.701894;1;Adaptation;15;1;;;;;
33.08;-0.5;-0.5;4.506137;1;Adaptation;15;1;;;;;
33.1;0;0.25;5.231353;1;Adaptation;15;1;;;;;
33.12;-0.5;-0.5;2.961427;1;Adaptation;15;1;;;;;
33.14;2;-0.0625;3.91315;1;Adaptation;15;1;;;;;
33.16;-0.5;-0.5;4.373099;1;Adaptation;15;1;;;;;
33.18;-0.5;-0.5;5.651557;1;Adaptation;15;1;;;;;
33.2;-0.5;-0.5;3.764985;1;Adaptation;15;1;;;;;
33.22;-0.5;-0.5;4.632395;1;Adaptation;15;1;;;;;
33.24;-2;0.0625;5.002921;1;Adaptation;15;1;;;;;
33.26;-0.5;-0.5;3.245049;1;Adaptation;15;1;;;;;
33.28;-0.5;-0.5;4.617576;1;Adaptation;15;1;;;;;
33.3;-0.5;-0.5;2.832572;1;Adaptation;15;1;;;;;
33.32;-0.5;-0.5;4.199854;1;Adaptation;15;1;;;;;
33.34;-0.5;-0.5;2.319459;1;Adaptation;15;1;;;;;
33.36;-0.5;-0.5;2.063158;1;Adaptation;15;1;;;;;
33.38;-0.5;-0.5;5.28287;1;Adaptation;15;1;;;;;
33.4;0;0;4.609808;1;Adaptation;15;1;;;;;
33.42;-2;-0.0625;5.316037;1;Adaptation;15;1;;;;;
33.44;-2;0.125;5.721333;1;Adaptation;15;1;;;;;
33.46;0;-0.125;4.389369;1;Adaptation;15;1;;;;;
33.48;-0.5;-0.5;3.61838;1;Adaptation;15;1;;;;;
33.5;-0.5;-0.5;5.556136;1;Adaptation;15;1;;;;;
33.52;-0.5;-0.5;3.891947;1;Adaptation;15;1;;;;;
33.54;-0.5;-0.5;2.924009;1;Adaptation;15;1;;;;;
33.56;-0.5;-0.5;5.850284;1;Adaptation;15;1;;;;;
33.58;-0.5;-0.5;5.706511;1;Adaptation;15;1;;;;;
33.6;-0.5;-0.5;3.015225;1;Adaptation;15;1;;;;;
33.62;-0.5;-0.5;3.172807;1;Adaptation;15;1;;;;;
33.64;-0.5;-0.5;3.429474;1;Adaptation;15;1;;;;;
33.66;-0.5;-0.5;2.932054;1;Adaptation;15;1;;;;;
33.68;-0.5;-0.5;4.165544;1;Adaptation;15;1;;;;;
33.7;-0.5;-0.5;4.244419;1;Adaptation;15;1;;;;;
33.72;-0.5;-0.5;5.031808;1;Adaptation;15;1;;;;;
33.74;0;-0.125;4.048774;1;Adaptation;15;1;;;;;
33.76;-0.5;-0.5;4.285903;1;Adaptation;15;1;;;;;
33.78;-0.5;-0.5;2.566822;1;Adaptation;15;1;;;;;
33.8;-0.5;-0.5;2.507938;1;Adaptation;15;1;;;;;
33.82;-0.5;-0.5;2.312903;1;Adaptation;15;1;;;;;
33.84;2;0.125;4.380383;1;Adaptation;15;1;;;;;
33.86;-0.5;-0.5;4.030976;1;Adaptation;15;1;;;;;
33.88;0;0;3.829651;1;Adaptation;15;1;;;;;
33.9;-0.5;-0.5;3.043828;1;Adaptation;15;1;;;;;
33.92;-0.5;-0.5;4.79088;1;Adaptation;15;1;;;;;
33.94;2;-0.0625;4.097;1;Adaptation;15;1;;;;;
33.96;-0.5;-0.5;3.883831;1;Adaptation;15;1;;;;;
33.98;-0.5;-0.5;4.067448;1;Adaptation;15;1;;;;;
34;2;-0.0625;3.895134;1;Adaptation;15;1;;;;;
34.02;-0.5;-0.5;3.913751;1;Adaptation;15;1;;;;;
34.04;-2;-0.0625;3.064672;1;Adaptation;15;1;;;;;
34.06;-0.5;-0.5;2.40618;1;Adaptation;15;1;;;;;
34.08;-2;-0.125;4.55873;1;Adaptation;15;1;;;;;
34.1;-2;0.0625;2.808651;1;Adaptation;15;1;;;;;
34.12;-0.5;-0.5;4.323756;1;Adaptation;15;1;;;;;
34.14;0;0;4.621908;1;Adaptation;15;1;;;;;
34.16;-0.5;-0.5;3.185489;1;Adaptation;15;1;;;;;
34.18;-0.5;-0.5;2.487568;1;Adaptation;15;1;;;;;
34.2;-0.5;-0.5;4.143164;1;Adaptation;15;1;;;;;
34.22;-0.5;-0.5;2.077698;1;Adaptation;15;1;;;;;
34.24;0;-0.0625;3.10094;1;Adaptation;15;1;;;;;
34.26;-0.5;-0.5;5.235601;1;Adaptation;15;1;;;;;
34.28;0;0;2.617047;1;Adaptation;15;1;;;;;
34.3;-0.5;-0.5;2.785126;1;Adaptation;15;1;;;;;
34.32;-0.5;-0.5;3.142709;1;Adaptation;15;1;;;;;
34.34;-0.5;-0.5;5.402613;1;Adaptation;15;1;;;;;
34.36;-0.5;-0.5;4.406866;1;Adaptation;15;1;;;;;
34.38;0;0.0625;4.649203;1;Adaptation;15;1;;;;;
34.4;-0.5;-0.5;4.436766;1;Adaptation;15;1;;;;;
34.42;-2;0.125;5.690555;1;Adaptation;15;1;;;;;
34.44;0;-0.125;2.656416;1;Adaptation;15;1;;;;;
34.46;0;0.0625;5.719392;1;Adaptation;15;1;;;;;
34.48;0;-0.25;2.22045;1;Adaptation;15;1;;;;;
34.5;-0.5;-0.5;2.795969;1;Adaptation;15;1;;;;;
34.52;-0.5;-0.5;5.262708;1;Adaptation;15;1;;;;;
34.54;-0.5;-0.5;5.989082;1;Adaptation;15;1;;;;;
34.56;0;-0.0625;5.059886;1;Adaptation;15;1;;;;;
34.58;0;0.1875;2.556969;1;Adaptation;15;1;;;;;
34.6;-0.5;-0.5;3.431851;1;Adaptation;15;1;;;;;
34.62;-0.5;-0.5;2.399692;1;Adaptation;15;1;;;;;
34.64;0;-0.0625;5.58153;1;Adaptation;15;1;;;;;
34.66;-0.5;-0.5;5.034143;1;Adaptation;15;1;;;;;
34.68;-0.5;-0.5;3.463335;1;Adaptation;15;1;;;;;
34.7;-0.5;-0.5;4.844175;1;Adaptation;15;1;;;;;
34.72;-0.5;-0.5;4.943189;1;Adaptation;15;1;;;;;
34.74;-0.5;-0.5;2.859761;1;Adaptation;15;1;;;;;
34.76;0;-0.125;4.672507;1;Adaptation;15;1;;;;;
34.78;-0.5;-0.5;5.037628;1;Adaptation;15;1;;;;;
34.8;-0.5;-0.5;3.928878;1;Adaptation;15;1;;;;;
34.82;0;-0.25;3.47482;1;Adaptation;15;1;;;;;
34.84;-0.5;-0.5;4.496619;1;Adaptation;15;1;;;;;
34.86;-0.5;-0.5;2.546872;1;Adaptation;15;1;;;;;
34.88;-0.5;-0.5;3.376717;1;Adaptation;15;1;;;;;
34.9;-0.5;-0.5;5.631703;1;Adaptation;15;1;;;;;
34.92;-0.5;-0.5;2.810408;1;Adaptation;15;1;;;;;
34.94;0;0.125;2.637801;1;Adaptation;15;1;;;;;
34.96;-0.5;-0.5;4.064212;1;Adaptation;15;1;;;;;
34.98;-0.5;-0.5;4.036806;1;Adaptation;15;1;;;;;
35;-0.5;-0.5;3.753128;1;Adaptation;15;1;;;;;
35.02;-2;0;3.448454;1;Adaptation;15;1;;;;;
35.04;-0.5;-0.5;2.272843;1;Adaptation;15;1;;;;;
35.06;-0.5;-0.5;5.209934;1;Adaptation;15;1;;;;;
35.08;0;-0.125;4.762107;1;Adaptation;15;1;;;;;
35.1;-0.5;-0.5;5.465893;1;Adaptation;15;1;;;;;
35.12;2;0;5.60145;1;Adaptation;15;1;;;;;
35.14;0;-0.0625;5.768947;1;Adaptation;15;1;;;;;
35.16;-0.5;-0.5;5.768083;1;Adaptation;15;1;;;;;
35.18;-0.5;-0.5;3.039595;1;Adaptation;15;1;;;;;
35.2;-0.5;-0.5;4.51345;1;Adaptation;15;1;;;;;
35.22;-0.5;-0.5;4.354062;1;Adaptation;15;1;;;;;
35.24;-0.5;-0.5;4.131864;1;Adaptation;15;1;;;;;
35.26;-2;0.0625;5.275176;1;Adaptation;15;1;;;;;
35.28;-0.5;-0.5;4.342409;1;Adaptation;15;1;;;;;
35.3;-2;-0.0625;5.075521;1;Adaptation;15;1;;;;;
35.32;-0.5;-0.5;5.194658;1;Adaptation;15;1;;;;;
35.34;2;0.0625;5.128161;1;Adaptation;15;1;;;;;
35.36;-0.5;-0.5;3.3953;1;Adaptation;15;1;;;;;
35.38;-0.5;-0.5;4.808642;1;Adaptation;15;1;;;;;
35.4;-0.5;-0.5;3.791602;1;Adaptation;15;1;;;;;
35.42;-0.5;-0.5;5.461189;1;Adaptation;15;1;;;;;
35.44;-0.5;-0.5;2.726905;1;Adaptation;15;1;;;;;
35.46;0;0.125;4.370673;1;Adaptation;15;1;;;;;
35.48;-0.5;-0.5;3.352556;1;Adaptation;15;1;;;;;
35.5;-0.5;-0.5;2.373004;1;Adaptation;15;1;;;;;
35.52;-0.5;-0.5;5.829409;1;Adaptation;15;1;;;;;
35.54;-0.5;-0.5;4.241183;1;Adaptation;15;1;;;;;
35.56;-0.5;-0.5;5.435031;1;Adaptation;15;1;;;;;
35.58;-0.5;-0.5;4.302822;1;Adaptation;15;1;;;;;
35.6;-0.5;-0.5;2.709126;1;Adaptation;15;1;;;;;
35.62;-0.5;-0.5;2.572607;1;Adaptation;15;1;;;;;
35.64;-0.5;-0.5;3.949297;1;Adaptation;15;1;;;;;
35.66;0;0.0625;5.717043;1;Adaptation;15;1;;;;;
35.68;-0.5;-0.5;4.672535;1;Adaptation;15;1;;;;;
35.7;0;-0.125;3.937334;1;Adaptation;15;1;;;;;
35.72;-0.5;-0.5;2.422363;1;Adaptation;15;1;;;;;
35.74;-0.5;-0.5;4.736192;1;Adaptation;15;1;;;;;
35.76;-0.5;-0.5;4.278204;1;Adaptation;15;1;;;;;
35.78;-0.5;-0.5;5.517509;1;Adaptation;15;1;;;;;
35.8;0;-0.125;2.761827;1;Adaptation;15;1;;;;;
35.82;0;0.125;2.551663;1;Adaptation;15;1;;;;;
35.84;2;-0.0625;5.555264;1;Adaptation;15;1;;;;;
35.86;0;-0.125;4.56258;1;Adaptation;15;1;;;;;
35.88;-0.5;-0.5;5.031884;1;Adaptation;15;1;;;;;
35.9;-2;0;2.853203;1;Adaptation;15;1;;;;;
35.92;-0.5;-0.5;4.833697;1;Adaptation;15;1;;;;;
35.94;-0.5;-0.5;3.198096;1;Adaptation;15;1;;;;;
35.96;-0.5;-0.5;2.750639;1;Adaptation;15;1;;;;;
35.98;-0.5;-0.5;5.233861;1;Adaptation;15;1;;;;;
36;-0.5;-0.5;2.540862;1;Adaptation;15;1;;;;;
36.02;-0.5;-0.5;3.559054;1;Adaptation;15;1;;;;;
36.04;2;-0.0625;5.508842;1;Adaptation;15;1;;;;;
36.06;-0.5;-0.5;4.094076;1;Adaptation;15;1;;;;;
36.08;-2;-0.0625;2.00528;1;Adaptation;15;1;;;;;
36.1;-0.5;-0.5;5.240518;1;Adaptation;15;1;;;;;
36.12;-0.5;-0.5;5.412646;1;Adaptation;15;1;;;;;
36.14;-0.5;-0.5;4.74159;1;Adaptation;15;1;;;;;
36.16;2;0.125;4.27572;1;Adaptation;15;1;;;;;
36.18;-2;0;4.915988;1;Adaptation;15;1;;;;;
36.2;0;0;3.631851;1;Adaptation;15;1;;;;;
36.22;-0.5;-0.5;4.433598;1;Adaptation;15;1;;;;;
36.24;-0.5;-0.5;4.175562;1;Adaptation;15;1;;;;;
36.26;0;0;2.983688;1;Adaptation;15;1;;;;;
36.28;-0.5;-0.5;3.369125;1;Adaptation;15;1;;;;;
36.3;-0.5;-0.5;2.02133;1;Adaptation;15;1;;;;;
36.32;-0.5;-0.5;4.458108;1;Adaptation;15;1;;;;;
36.34;-2;-0.125;5.896952;1;Adaptation;15;1;;;;;
36.36;-0.5;-0.5;2.84721;1;Adaptation;15;1;;;;;
36.38;-0.5;-0.5;5.139278;1;Adaptation;15;1;;;;;
36.4;-0.5;-0.5;5.311961;1;Adaptation;15;1;;;;;
36.42;-0.5;-0.5;4.505137;1;Adaptation;15;1;;;;;
36.44;-0.5;-0.5;2.956516;1;Adaptation;15;1;;;;;
36.46;-0.5;-0.5;2.844097;1;Adaptation;15;1;;;;;
36.48;-0.5;-0.5;4.846309;1;Adaptation;15;1;;;;;
36.5;-0.5;-0.5;4.412547;1;Adaptation;15;1;;;;;
36.52;-0.5;-0.5;5.549289;1;Adaptation;15;1;;;;;
36.54;-0.5;-0.5;4.384017;1;Adaptation;15;1;;;;;
36.56;-0.5;-0.5;2.20764;1;Adaptation;15;1;;;;;
36.58;-0.5;-0.5;4.851773;1;Adaptation;15;1;;;;;
36.6;-0.5;-0.5;5.96862;1;Adaptation;15;1;;;;;
36.62;-0.5;-0.5;2.450777;1;Adaptation;15;1;;;;;
36.64;-0.5;-0.5;2.32383;1;Adaptation;15;1;;;;;
36.66;-0.5;-0.5;2.153414;1;Adaptation;15;1;;;;;
36.68;-2;0;3.169426;1;Adaptation;15;1;;;;;
36.7;-0.5;-0.5;3.346894;1;Adaptation;15;1;;;;;
36.72;-0.5;-0.5;4.321559;1;Adaptation;15;1;;;;;
36.74;-0.5;-0.5;2.693617;1;Adaptation;15;1;;;;;
36.76;-0.5;-0.5;4.966089;1;Adaptation;15;1;;;;;
36.78;-0.5;-0.5;3.895416;1;Adaptation;15;1;;;;;
36.8;-2;0.25;2.229371;1;Adaptation;15;1;;;;;
36.82;-0.5;-0.5;4.917585;1;Adaptation;15;1;;;;;
36.84;0;0.25;3.104229;1;Adaptation;15;1;;;;;
36.86;2;-0.25;2.369672;1;Adaptation;15;1;;;;;
36.88;-0.5;-0.5;5.840928;1;Adaptation;15;1;;;;;
36.9;-0.5;-0.5;4.849303;1;Adaptation;15;1;;;;;
36.92;-0.5;-0.5;3.74476;1;Adaptation;15;1;;;;;
36.94;-0.5;-0.5;5.213903;1;Adaptation;15;1;;;;;
36.96;0;0.125;5.404948;1;Adaptation;15;1;;;;;
36.98;-0.5;-0.5;3.910179;1;Adaptation;15;1;;;;;
37;-0.5;-0.5;3.926653;1;Adaptation;15;1;;;;;
37.02;-0.5;-0.5;2.121603;1;Adaptation;15;1;;;;;
37.04;-0.5;-0.5;5.008091;1;Adaptation;15;1;;;;;
37.06;-0.5;-0.5;3.862311;1;Adaptation;15;1;;;;;
37.08;-0.5;-0.5;2.418557;1;Adaptation;15;1;;;;;
37.1;-0.5;-0.5;5.194829;1;Adaptation;15;1;;;;;
37.12;-0.5;-0.5;4.636673;1;Adaptation;15;1;;;;;
37.14;-0.5;-0.5;3.264985;1;Adaptation;15;1;;;;;
37.16;-0.5;-0.5;5.548682;1;Adaptation;15;1;;;;;
37.18;-0.5;-0.5;2.26485;1;Adaptation;15;1;;;;;
37.2;-0.5;-0.5;3.435169;1;Adaptation;15;1;;;;;
37.22;2;0.1875;5.674902;1;Adaptation;15;1;;;;;
37.24;0;0.1875;2.220697;1;Adaptation;15;1;;;;;
37.26;-0.5;-0.5;3.768229;1;Adaptation;15;1;;;;;
37.28;-0.5;-0.5;2.548252;1;Adaptation;15;1;;;;;
37.3;-0.5;-0.5;4.374146;1;Adaptation;15;1;;;;;
37.32;-0.5;-0.5;2.230937;1;Adaptation;15;1;;;;;
37.34;2;-0.125;2.574155;1;Adaptation;15;1;;;;;
37.36;-0.5;-0.5;3.414297;1;Adaptation;15;1;;;;;
37.38;-0.5;-0.5;3.386284;1;Adaptation;15;1;;;;;
37.4;-0.5;-0.5;4.009804;1;Adaptation;15;1;;;;;
37.42;0;0.0625;5.725835;1;Adaptation;15;1;;;;;
37.44;-0.5;-0.5;3.6542;1;Adaptation;15;1;;;;;
37.46;-0.5;-0.5;2.526724;1;Adaptation;15;1;;;;;
37.48;-2;-0.1875;4.253562;1;Adaptation;15;1;;;;;
37.5;0;-0.0625;4.276685;1;Adaptation;15;1;;;;;
37.52;-0.5;-0.5;3.662314;1;Adaptation;15;1;;;;;
37.54;-0.5;-0.5;5.836838;1;Adaptation;15;1;;;;;
37.56;-0.5;-0.5;3.720497;1;Adaptation;15;1;;;;;
37.58;-0.5;-0.5;5.462505;1;Adaptation;15;1;;;;;
37.6;-0.5;-0.5;5.813911;1;Adaptation;15;1;;;;;
37.62;-0.5;-0.5;4.894184;1;Adaptation;15;1;;;;;
37.64;2;0;2.95847;1;Adaptation;15;1;;;;;
37.66;2;0.1875;5.441113;1;Adaptation;15;1;;;;;
37.68;-0.5;-0.5;2.859671;1;Adaptation;15;1;;;;;
37.7;-2;-0.0625;5.049514;1;Adaptation;15;1;;;;;
37.72;-0.5;-0.5;2.742721;1;Adaptation;15;1;;;;;
37.74;-0.5;-0.5;5.157396;1;Adaptation;15;1;;;;;
37.76;-0.5;-0.5;2.650537;1;Adaptation;15;1;;;;;
37.78;2;-0.1875;4.240134;1;Adaptation;15;1;;;;;
37.8;-0.5;-0.5;2.211013;1;Adaptation;15;1;;;;;
37.82;-2;0.1875;3.833098;1;Adaptation;15;1;;;;;
37.84;2;0.0625;3.207567;1;Adaptation;15;1;;;;;
37.86;-0.5;-0.5;2.798203;1;Adaptation;15;1;;;;;
37.88;-2;0;5.80273;1;Adaptation;15;1;;;;;
37.9;-0.5;-0.5;2.935619;1;Adaptation;15;1;;;;;
37.92;-0.5;-0.5;5.496279;1;Adaptation;15;1;;;;;
37.94;-0.5;-0.5;4.184073;1;Adaptation;15;1;;;;;
37.96;-0.5;-0.5;4.008237;1;Adaptation;15;1;;;;;
37.98;-0.5;-0.5;2.898305;1;Adaptation;15;1;;;;;
;;;;;;;;;;;;
