time;pos_x_right;pos_y_right;dil_right;pos_x_left;pos_y_left;dil_left;brightness;state;fov;trial;;
0;-0.5;-0.5;5.997543;1;Adaptation;15;1;;;;;
0.02;-0.5;-0.5;3.476379;1;Adaptation;15;1;;;;;
0.04;-2;0.125;5.240404;1;Adaptation;15;1;;;;;
0.06;-2;0.125;3.666733;1;Adaptation;15;1;;;;;
0.08;-2;0.125;2.328437;1;Adaptation;15;1;;;;;
0.09999999;-2;0.125;5.779305;1;Adaptation;15;1;;;;;
0.12;-2;0.125;2.775668;1;Adaptation;15;1;;;;;
0.14;-2;0.125;2.851029;1;Adaptation;15;1;;;;;
0.16;-2;0.125;3.492396;1;Adaptation;15;1;;;;;
0.18;-2;0.125;3.763387;1;Adaptation;15;1;;;;;
0.2;-2;0.125;4.484432;1;Adaptation;15;1;;;;;
0.22;-2;0.125;3.498357;1;Adaptation;15;1;;;;;
0.24;-2;0.125;4.568417;1;Adaptation;15;1;;;;;
0.26;-2;0.125;5.468723;1;Adaptation;15;1;;;;;
0.28;-2;0.125;3.405733;1;Adaptation;15;1;;;;;
0.3;-2;0.125;2.567213;1;Adaptation;15;1;;;;;
0.32;-2;0.125;3.996813;1;Adaptation;15;1;;;;;
0.34;-2;0.125;2.994469;1;Adaptation;15;1;;;;;
0.36;-2;0;4.44453;1;Adaptation;15;1;;;;;
0.38;-0.5;-0.5;2.590574;1;Adaptation;15;1;;;;;
0.4;-0.5;-0.5;3.058492;1;Adaptation;15;1;;;;;
0.42;-0.5;-0.5;3.232343;1;Adaptation;15;1;;;;;
0.44;-0.5;-0.5;5.082325;1;Adaptation;15;1;;;;;
0.46;-0.5;-0.5;3.79879;1;Adaptation;15;1;;;;;
0.48;-0.5;-0.5;4.695012;1;Adaptation;15;1;;;;;
0.5;-2;-0.25;2.962644;1;Adaptation;15;1;;;;;
0.52;-0.5;-0.5;3.575117;1;Adaptation;15;1;;;;;
0.54;-0.5;-0.5;2.985369;1;Adaptation;15;1;;;;;
0.56;-0.5;-0.5;4.141074;1;Adaptation;15;1;;;;;
0.58;-2;0;4.142718;1;Adaptation;15;1;;;;;
0.6;-0.5;-0.5;4.478362;1;Adaptation;15;1;;;;;
0.62;0;0;3.123791;1;Adaptation;15;1;;;;;
0.64;-0.5;-0.5;4.55128;1;Adaptation;15;1;;;;;
0.66;-0.5;-0.5;2.672143;1;Adaptation;15;1;;;;;
0.68;-0.5;-0.5;3.26453;1;Adaptation;15;1;;;;;
0.7;-0.5;-0.5;4.182597;1;Adaptation;15;1;;;;;
0.72;-0.5;-0.5;4.495745;1;Adaptation;15;1;;;;;
0.74;0;0.125;2.53156;1;Adaptation;15;1;;;;;
0.76;-0.5;-0.5;4.005557;1;Adaptation;15;1;;;;;
0.78;2;0.25;5.562493;1;Adaptation;15;1;;;;;
0.8;-0.5;-0.5;3.260915;1;Adaptation;15;1;;;;;
0.82;-0.5;-0.5;4.153758;1;Adaptation;15;1;;;;;
0.84;0;0;5.338206;1;Adaptation;15;1;;;;;
0.86;-0.5;-0.5;2.148193;1;Adaptation;15;1;;;;;
0.88;-0.5;-0.5;5.564894;1;Adaptation;15;1;;;;;
0.9;-0.5;-0.5;3.052457;1;Adaptation;15;1;;;;;
0.92;-0.5;-0.5;2.411518;1;Adaptation;15;1;;;;;
0.94;-0.5;-0.5;2.472829;1;Adaptation;15;1;;;;;
0.96;2;0.25;3.728151;1;Adaptation;15;1;;;;;
0.98;0;-0.125;5.213574;1;Adaptation;15;1;;;;;
1;-2;-0.125;4.855726;1;Adaptation;15;1;;;;;
1.02;-0.5;-0.5;4.396481;1;Adaptation;15;1;;;;;
1.04;0;0.125;5.998186;1;Adaptation;15;1;;;;;
1.06;-0.5;-0.5;2.323643;1;Adaptation;15;1;;;;;
1.08;-0.5;-0.5;4.176938;1;Adaptation;15;1;;;;;
1.1;-0.5;-0.5;3.641262;1;Adaptation;15;1;;;;;
1.12;-0.5;-0.5;4.114946;1;Adaptation;15;1;;;;;
1.14;-0.5;-0.5;3.954726;1;Adaptation;15;1;;;;;
1.16;-0.5;-0.5;3.309033;1;Adaptation;15;1;;;;;
1.18;-2;-0.125;3.666659;1;Adaptation;15;1;;;;;
1.2;-0.5;-0.5;2.802007;1;Adaptation;15;1;;;;;
1.22;-0.5;-0.5;2.166301;1;Adaptation;15;1;;;;;
1.24;-0.5;-0.5;3.021245;1;Adaptation;15;1;;;;;
1.26;-0.5;-0.5;4.367867;1;Adaptation;15;1;;;;;
1.28;-0.5;-0.5;2.328552;1;Adaptation;15;1;;;;;
1.3;-0.5;-0.5;3.960406;1;Adaptation;15;1;;;;;
1.32;-0.5;-0.5;5.355756;1;Adaptation;15;1;;;;;
1.34;2;0.125;5.416511;1;Adaptation;15;1;;;;;
1.36;2;0.25;2.634464;1;Adaptation;15;1;;;;;
1.38;2;0;2.879562;1;Adaptation;15;1;;;;;
1.4;-0.5;-0.5;2.290821;1;Adaptation;15;1;;;;;
1.42;-0.5;-0.5;3.03825;1;Adaptation;15;1;;;;;
1.44;0;-0.125;3.507732;1;Adaptation;15;1;;;;;
1.46;-0.5;-0.5;4.408481;1;Adaptation;15;1;;;;;
1.48;2;0.125;2.701226;1;Adaptation;15;1;;;;;
1.5;-0.5;-0.5;4.930887;1;Adaptation;15;1;;;;;
1.52;-0.5;-0.5;4.481234;1;Adaptation;15;1;;;;;
1.54;-0.5;-0.5;5.78607;1;Adaptation;15;1;;;;;
1.56;-0.5;-0.5;4.060634;1;Adaptation;15;1;;;;;
1.58;2;0.125;2.543146;1;Adaptation;15;1;;;;;
1.6;0;0;4.707218;1;Adaptation;15;1;;;;;
1.62;-2;0.25;5.342729;1;Adaptation;15;1;;;;;
1.64;-2;-0.25;3.162562;1;Adaptation;15;1;;;;;
1.66;-0.5;-0.5;4.136722;1;Adaptation;15;1;;;;;
1.68;-2;-0.125;5.700212;1;Adaptation;15;1;;;;;
1.7;-0.5;-0.5;5.195127;1;Adaptation;15;1;;;;;
1.72;-0.5;-0.5;4.856534;1;Adaptation;15;1;;;;;
1.74;-0.5;-0.5;4.895944;1;Adaptation;15;1;;;;;
1.76;-2;-0.25;2.114922;1;Adaptation;15;1;;;;;
1.78;0;-0.125;3.912363;1;Adaptation;15;1;;;;;
1.8;0;0.125;5.416662;1;Adaptation;15;1;;;;;
1.82;-0.5;-0.5;2.143906;1;Adaptation;15;1;;;;;
1.84;-0.5;-0.5;2.942142;1;Adaptation;15;1;;;;;
1.86;-0.5;-0.5;5.1897;1;Adaptation;15;1;;;;;
1.88;-0.5;-0.5;2.359702;1;Adaptation;15;1;;;;;
1.9;-0.5;-0.5;5.455795;1;Adaptation;15;1;;;;;
1.92;-0.5;-0.5;4.966773;1;Adaptation;15;1;;;;;
1.94;-0.5;-0.5;3.678792;1;Adaptation;15;1;;;;;
1.96;-0.5;-0.5;3.042485;1;Adaptation;15;1;;;;;
1.98;-2;-0.125;3.598436;1;Adaptation;15;1;;;;;
2;2;-0.125;2.98595;1;Adaptation;15;1;;;;;
2.02;2;0.125;2.817591;1;Adaptation;15;1;;;;;
2.04;-0.5;-0.5;3.783206;1;Adaptation;15;1;;;;;
2.06;0;-0.125;2.046044;1;Adaptation;15;1;;;;;
2.08;-0.5;-0.5;4.254042;1;Adaptation;15;1;;;;;
2.1;2;0;5.685864;1;Adaptation;15;1;;;;;
2.12;-0.5;-0.5;5.19162;1;Adaptation;15;1;;;;;
2.14;-0.5;-0.5;2.917288;1;Adaptation;15;1;;;;;
2.16;-0.5;-0.5;3.252392;1;Adaptation;15;1;;;;;
2.18;-0.5;-0.5;3.487847;1;Adaptation;15;1;;;;;
2.2;-0.5;-0.5;2.495036;1;Adaptation;15;1;;;;;
2.22;-0.5;-0.5;4.568438;1;Adaptation;15;1;;;;;
2.24;-0.5;-0.5;2.828559;1;Adaptation;15;1;;;;;
2.26;-0.5;-0.5;5.288248;1;Adaptation;15;1;;;;;
2.28;2;-0.125;4.588351;1;Adaptation;15;1;;;;;
2.3;-0.5;-0.5;3.548242;1;Adaptation;15;1;;;;;
2.32;-0.5;-0.5;2.053559;1;Adaptation;15;1;;;;;
2.34;-0.5;-0.5;3.498022;1;Adaptation;15;1;;;;;
2.36;2;-0.25;3.083757;1;Adaptation;15;1;;;;;
2.38;-0.5;-0.5;5.477051;1;Adaptation;15;1;;;;;
2.4;0;0.125;5.358076;1;Adaptation;15;1;;;;;
2.42;-0.5;-0.5;4.605868;1;Adaptation;15;1;;;;;
2.44;0;0.25;4.916134;1;Adaptation;15;1;;;;;
2.46;-0.5;-0.5;5.702958;1;Adaptation;15;1;;;;;
2.48;-0.5;-0.5;4.859756;1;Adaptation;15;1;;;;;
2.5;0;-0.125;2.42183;1;Adaptation;15;1;;;;;
2.52;0;0.125;3.873388;1;Adaptation;15;1;;;;;
2.54;0;-0.25;4.090855;1;Adaptation;15;1;;;;;
2.56;-0.5;-0.5;2.636056;1;Adaptation;15;1;;;;;
2.58;-0.5;-0.5;4.806376;1;Adaptation;15;1;;;;;
2.6;0;-0.125;4.52597;1;Adaptation;15;1;;;;;
2.62;-0.5;-0.5;2.654447;1;Adaptation;15;1;;;;;
2.64;0;0;2.171346;1;Adaptation;15;1;;;;;
2.66;-0.5;-0.5;2.701337;1;Adaptation;15;1;;;;;
2.68;-0.5;-0.5;2.996889;1;Adaptation;15;1;;;;;
2.7;-0.5;-0.5;5.330064;1;Adaptation;15;1;;;;;
2.72;-0.5;-0.5;3.889193;1;Adaptation;15;1;;;;;
2.74;-0.5;-0.5;2.563965;1;Adaptation;15;1;;;;;
2.76;0;0.125;5.211438;1;Adaptation;15;1;;;;;
2.78;-0.5;-0.5;5.026324;1;Adaptation;15;1;;;;;
2.8;-0.5;-0.5;5.979387;1;Adaptation;15;1;;;;;
2.82;0;-0.125;4.370889;1;Adaptation;15;1;;;;;
2.84;-2;0.125;3.677984;1;Adaptation;15;1;;;;;
2.86;-0.5;-0.5;3.294817;1;Adaptation;15;1;;;;;
2.88;-0.5;-0.5;4.586602;1;Adaptation;15;1;;;;;
2.9;0;-0.125;2.205271;1;Adaptation;15;1;;;;;
2.92;-0.5;-0.5;4.775668;1;Adaptation;15;1;;;;;
2.94;0;0.125;3.279675;1;Adaptation;15;1;;;;;
2.96;-0.5;-0.5;4.236417;1;Adaptation;15;1;;;;;
2.98;0;0.125;2.305702;1;Adaptation;15;1;;;;;
3;-0.5;-0.5;2.540883;1;Adaptation;15;1;;;;;
3.02;-0.5;-0.5;5.247276;1;Adaptation;15;1;;;;;
3.04;0;0;5.705361;1;Adaptation;15;1;;;;;
3.06;-0.5;-0.5;2.57889;1;Adaptation;15;1;;;;;
3.08;0;0;3.945927;1;Adaptation;15;1;;;;;
3.1;-0.5;-0.5;3.178943;1;Adaptation;15;1;;;;;
3.12;-0.5;-0.5;2.261824;1;Adaptation;15;1;;;;;
3.14;2;-0.25;2.349995;1;Adaptation;15;1;;;;;
3.16;-0.5;-0.5;2.378304;1;Adaptation;15;1;;;;;
3.18;-0.5;-0.5;5.543058;1;Adaptation;15;1;;;;;
3.2;0;0.125;4.027838;1;Adaptation;15;1;;;;;
3.22;-0.5;-0.5;5.843256;1;Adaptation;15;1;;;;;
3.24;-0.5;-0.5;2.645569;1;Adaptation;15;1;;;;;
3.26;-0.5;-0.5;3.07772;1;Adaptation;15;1;;;;;
3.28;-2;-0.125;3.919622;1;Adaptation;15;1;;;;;
3.3;-0.5;-0.5;3.254564;1;Adaptation;15;1;;;;;
3.32;0;0;5.050508;1;Adaptation;15;1;;;;;
3.34;-0.5;-0.5;3.944811;1;Adaptation;15;1;;;;;
3.36;-0.5;-0.5;5.818885;1;Adaptation;15;1;;;;;
3.38;-0.5;-0.5;5.367973;1;Adaptation;15;1;;;;;
3.4;-0.5;-0.5;5.66796;1;Adaptation;15;1;;;;;
3.42;-0.5;-0.5;3.209357;1;Adaptation;15;1;;;;;
3.44;-0.5;-0.5;4.929076;1;Adaptation;15;1;;;;;
3.46;-0.5;-0.5;4.622508;1;Adaptation;15;1;;;;;
3.48;-0.5;-0.5;2.707274;1;Adaptation;15;1;;;;;
3.5;-0.5;-0.5;2.368932;1;Adaptation;15;1;;;;;
3.52;-0.5;-0.5;5.233292;1;Adaptation;15;1;;;;;
3.54;0;0;4.702792;1;Adaptation;15;1;;;;;
3.56;-0.5;-0.5;2.179162;1;Adaptation;15;1;;;;;
3.58;2;-0.125;3.888576;1;Adaptation;15;1;;;;;
3.6;-0.5;-0.5;4.688396;1;Adaptation;15;1;;;;;
3.62;-0.5;-0.5;3.178389;1;Adaptation;15;1;;;;;
3.64;0;0.125;2.03429;1;Adaptation;15;1;;;;;
3.66;-0.5;-0.5;3.261125;1;Adaptation;15;1;;;;;
3.68;-0.5;-0.5;2.171266;1;Adaptation;15;1;;;;;
3.7;-0.5;-0.5;4.814241;1;Adaptation;15;1;;;;;
3.72;-0.5;-0.5;2.570016;1;Adaptation;15;1;;;;;
3.74;-0.5;-0.5;4.680353;1;Adaptation;15;1;;;;;
3.76;-0.5;-0.5;5.203446;1;Adaptation;15;1;;;;;
3.78;-0.5;-0.5;3.912234;1;Adaptation;15;1;;;;;
3.8;2;0;2.169466;1;Adaptation;15;1;;;;;
3.82;-2;0.125;3.932007;1;Adaptation;15;1;;;;;
3.84;-0.5;-0.5;2.294026;1;Adaptation;15;1;;;;;
3.86;-0.5;-0.5;5.237382;1;Adaptation;15;1;;;;;
3.88;-0.5;-0.5;4.075984;1;Adaptation;15;1;;;;;
3.9;-0.5;-0.5;3.951689;1;Adaptation;15;1;;;;;
3.92;-0.5;-0.5;3.283055;1;Adaptation;15;1;;;;;
3.94;-0.5;-0.5;4.679354;1;Adaptation;15;1;;;;;
3.96;-0.5;-0.5;2.534016;1;Adaptation;15;1;;;;;
3.98;-0.5;-0.5;3.338473;1;Adaptation;15;1;;;;;
4;2;-0.125;5.760807;1;Adaptation;15;1;;;;;
4.02;-0.5;-0.5;5.431908;1;Adaptation;15;1;;;;;
4.04;-0.5;-0.5;5.437782;1;Adaptation;15;1;;;;;
4.06;-0.5;-0.5;5.928552;1;Adaptation;15;1;;;;;
4.08;-0.5;-0.5;4.136602;1;Adaptation;15;1;;;;;
4.1;-0.5;-0.5;2.888982;1;Adaptation;15;1;;;;;
4.12;-0.5;-0.5;2.066381;1;Adaptation;15;1;;;;;
4.14;-0.5;-0.5;4.784979;1;Adaptation;15;1;;;;;
4.16;-0.5;-0.5;4.203323;1;Adaptation;15;1;;;;;
4.18;-0.5;-0.5;5.424706;1;Adaptation;15;1;;;;;
4.2;0;-0.125;4.7011;1;Adaptation;15;1;;;;;
4.22;-0.5;-0.5;4.752959;1;Adaptation;15;1;;;;;
4.24;2;0.125;5.898804;1;Adaptation;15;1;;;;;
4.26;-0.5;-0.5;3.904246;1;Adaptation;15;1;;;;;
4.28;-0.5;-0.5;3.501171;1;Adaptation;15;1;;;;;
4.3;-2;0;4.767163;1;Adaptation;15;1;;;;;
4.32;0;0.125;2.149466;1;Adaptation;15;1;;;;;
4.34;-0.5;-0.5;2.252298;1;Adaptation;15;1;;;;;
4.36;-0.5;-0.5;3.470535;1;Adaptation;15;1;;;;;
4.38;-0.5;-0.5;2.075417;1;Adaptation;15;1;;;;;
4.4;0;0;3.93718;1;Adaptation;15;1;;;;;
4.42;-0.5;-0.5;2.783784;1;Adaptation;15;1;;;;;
4.44;-0.5;-0.5;2.477876;1;Adaptation;15;1;;;;;
4.46;-0.5;-0.5;4.010016;1;Adaptation;15;1;;;;;
4.48;-0.5;-0.5;4.197164;1;Adaptation;15;1;;;;;
4.5;-0.5;-0.5;5.108255;1;Adaptation;15;1;;;;;
4.52;-0.5;-0.5;3.826707;1;Adaptation;15;1;;;;;
4.54;-0.5;-0.5;4.337224;1;Adaptation;15;1;;;;;
4.56;0;0;5.96414;1;Adaptation;15;1;;;;;
4.58;-0.5;-0.5;3.446569;1;Adaptation;15;1;;;;;
4.6;-0.5;-0.5;2.745814;1;Adaptation;15;1;;;;;
4.62;-0.5;-0.5;2.272119;1;Adaptation;15;1;;;;;
4.64;-0.5;-0.5;2.588659;1;Adaptation;15;1;;;;;
4.66;-0.5;-0.5;3.859725;1;Adaptation;15;1;;;;;
4.68;-0.5;-0.5;4.146892;1;Adaptation;15;1;;;;;
4.7;-0.5;-0.5;4.178162;1;Adaptation;15;1;;;;;
4.72;-0.5;-0.5;4.687224;1;Adaptation;15;1;;;;;
4.74;-0.5;-0.5;3.143298;1;Adaptation;15;1;;;;;
4.76;-0.5;-0.5;4.42589;1;Adaptation;15;1;;;;;
4.78;-0.5;-0.5;4.303129;1;Adaptation;15;1;;;;;
4.8;-0.5;-0.5;2.021486;1;Adaptation;15;1;;;;;
4.82;-0.5;-0.5;2.250428;1;Adaptation;15;1;;;;;
4.84;-0.5;-0.5;4.762999;1;Adaptation;15;1;;;;;
4.86;-0.5;-0.5;5.332738;1;Adaptation;15;1;;;;;
4.88;2;-0.125;4.366447;1;Adaptation;15;1;;;;;
4.9;-2;0.125;5.00721;1;Adaptation;15;1;;;;;
4.92;-0.5;-0.5;3.787606;1;Adaptation;15;1;;;;;
;;;;;;;;;;;;
