time;pos_x_right;pos_y_right;dil_right;pos_x_left;pos_y_left;dil_left;brightness;state;fov;trial;;
0;0;0;4.719604;1;Adaptation;15;1;;;;;
0.02;0;0;5.823394;1;Adaptation;15;1;;;;;
0.04;-0.5;-0.5;4.163965;1;Adaptation;15;1;;;;;
0.06;-0.5;-0.5;2.489256;1;Adaptation;15;1;;;;;
0.08;-0.5;-0.5;5.574058;1;Adaptation;15;1;;;;;
0.09999999;-0.5;-0.5;2.96639;1;Adaptation;15;1;;;;;
0.12;-0.5;-0.5;5.527732;1;Adaptation;15;1;;;;;
0.14;-0.5;-0.5;2.563549;1;Adaptation;15;1;;;;;
0.16;-0.5;-0.5;2.990065;1;Adaptation;15;1;;;;;
0.18;-0.5;-0.5;5.438072;1;Adaptation;15;1;;;;;
0.2;-0.5;-0.5;3.946326;1;Adaptation;15;1;;;;;
0.22;-0.5;-0.5;3.860141;1;Adaptation;15;1;;;;;
0.24;-0.5;-0.5;3.00248;1;Adaptation;15;1;;;;;
0.26;-0.5;-0.5;3.48792;1;Adaptation;15;1;;;;;
0.28;-0.5;-0.5;5.235755;1;Adaptation;15;1;;;;;
0.3;-0.5;-0.5;5.411534;1;Adaptation;15;1;;;;;
0.32;-0.5;-0.5;3.350243;1;Adaptation;15;1;;;;;
0.34;-0.5;-0.5;4.050796;1;Adaptation;15;1;;;;;
0.36;-0.5;-0.5;2.396522;1;Adaptation;15;1;;;;;
0.38;-0.5;-0.5;4.697936;1;Adaptation;15;1;;;;;
0.4;-0.5;-0.5;5.573264;1;Adaptation;15;1;;;;;
0.42;-0.5;-0.5;4.985238;1;Adaptation;15;1;;;;;
0.44;2;0;5.700372;1;Adaptation;15;1;;;;;
0.46;0;0;4.811206;1;Adaptation;15;1;;;;;
0.48;-0.5;-0.5;5.412022;1;Adaptation;15;1;;;;;
0.5;-2;0.125;3.896255;1;Adaptation;15;1;;;;;
0.52;0;-0.125;2.857873;1;Adaptation;15;1;;;;;
0.54;-0.5;-0.5;5.001661;1;Adaptation;15;1;;;;;
0.56;-0.5;-0.5;3.969833;1;Adaptation;15;1;;;;;
0.58;-2;-0.125;3.074876;1;Adaptation;15;1;;;;;
0.6;-0.5;-0.5;2.966972;1;Adaptation;15;1;;;;;
0.62;-0.5;-0.5;2.932538;1;Adaptation;15;1;;;;;
0.64;2;-0.125;4.231685;1;Adaptation;15;1;;;;;
0.66;-0.5;-0.5;2.864795;1;Adaptation;15;1;;;;;
0.68;0;-0.125;4.431756;1;Adaptation;15;1;;;;;
0.7;0;0;3.518054;1;Adaptation;15;1;;;;;
0.72;-0.5;-0.5;4.446218;1;Adaptation;15;1;;;;;
0.74;0;0.125;4.737492;1;Adaptation;15;1;;;;;
0.76;0;-0.125;3.48895;1;Adaptation;15;1;;;;;
0.78;-0.5;-0.5;5.403247;1;Adaptation;15;1;;;;;
0.8;-0.5;-0.5;3.749825;1;Adaptation;15;1;;;;;
0.82;-0.5;-0.5;5.761456;1;Adaptation;15;1;;;;;
0.84;2;0;2.667318;1;Adaptation;15;1;;;;;
0.86;-0.5;-0.5;5.480464;1;Adaptation;15;1;;;;;
0.88;-0.5;-0.5;4.123652;1;Adaptation;15;1;;;;;
0.9;-0.5;-0.5;5.618393;1;Adaptation;15;1;;;;;
0.92;0;-0.125;5.884069;1;Adaptation;15;1;;;;;
0.94;-0.5;-0.5;5.684177;1;Adaptation;15;1;;;;;
0.96;-0.5;-0.5;4.194942;1;Adaptation;15;1;;;;;
0.98;-0.5;-0.5;3.690984;1;Adaptation;15;1;;;;;
1;-0.5;-0.5;2.203906;1;Adaptation;15;1;;;;;
1.02;0;0;2.95628;1;Adaptation;15;1;;;;;
1.04;-0.5;-0.5;3.10364;1;Adaptation;15;1;;;;;
1.06;-2;-0.25;5.921746;1;Adaptation;15;1;;;;;
1.08;0;-0.25;2.635259;1;Adaptation;15;1;;;;;
1.1;-0.5;-0.5;3.471047;1;Adaptation;15;1;;;;;
1.12;-0.5;-0.5;3.397511;1;Adaptation;15;1;;;;;
1.14;-0.5;-0.5;5.250485;1;Adaptation;15;1;;;;;
1.16;-0.5;-0.5;4.25098;1;Adaptation;15;1;;;;;
1.18;-0.5;-0.5;2.520602;1;Adaptation;15;1;;;;;
1.2;-0.5;-0.5;2.65886;1;Adaptation;15;1;;;;;
1.22;-0.5;-0.5;5.622054;1;Adaptation;15;1;;;;;
1.24;-0.5;-0.5;5.952526;1;Adaptation;15;1;;;;;
1.26;-2;0.125;2.012403;1;Adaptation;15;1;;;;;
1.28;-0.5;-0.5;5.456917;1;Adaptation;15;1;;;;;
1.3;-2;-0.125;5.512595;1;Adaptation;15;1;;;;;
1.32;-0.5;-0.5;3.788979;1;Adaptation;15;1;;;;;
1.34;2;0;4.626347;1;Adaptation;15;1;;;;;
1.36;-0.5;-0.5;5.419324;1;Adaptation;15;1;;;;;
1.38;-0.5;-0.5;3.63747;1;Adaptation;15;1;;;;;
1.4;-0.5;-0.5;3.331477;1;Adaptation;15;1;;;;;
1.42;-0.5;-0.5;3.503892;1;Adaptation;15;1;;;;;
1.44;-0.5;-0.5;5.559905;1;Adaptation;15;1;;;;;
1.46;0;0.125;3.837549;1;Adaptation;15;1;;;;;
1.48;-0.5;-0.5;4.745216;1;Adaptation;15;1;;;;;
1.5;-0.5;-0.5;3.233593;1;Adaptation;15;1;;;;;
1.52;-0.5;-0.5;5.227186;1;Adaptation;15;1;;;;;
1.54;-0.5;-0.5;2.042288;1;Adaptation;15;1;;;;;
1.56;-0.5;-0.5;4.60059;1;Adaptation;15;1;;;;;
1.58;-0.5;-0.5;2.75729;1;Adaptation;15;1;;;;;
1.6;0;-0.125;4.345116;1;Adaptation;15;1;;;;;
1.62;-0.5;-0.5;5.939182;1;Adaptation;15;1;;;;;
1.64;-0.5;-0.5;3.992513;1;Adaptation;15;1;;;;;
1.66;-0.5;-0.5;5.049848;1;Adaptation;15;1;;;;;
1.68;-0.5;-0.5;5.005169;1;Adaptation;15;1;;;;;
1.7;-0.5;-0.5;3.106585;1;Adaptation;15;1;;;;;
1.72;-2;0.125;2.92476;1;Adaptation;15;1;;;;;
1.74;-0.5;-0.5;4.276591;1;Adaptation;15;1;;;;;
1.76;-0.5;-0.5;3.776003;1;Adaptation;15;1;;;;;
1.78;-0.5;-0.5;4.457837;1;Adaptation;15;1;;;;;
1.8;2;-0.125;5.559778;1;Adaptation;15;1;;;;;
1.82;-0.5;-0.5;2.713018;1;Adaptation;15;1;;;;;
1.84;-2;-0.125;3.26799;1;Adaptation;15;1;;;;;
1.86;2;-0.125;4.04493;1;Adaptation;15;1;;;;;
1.88;-0.5;-0.5;5.240084;1;Adaptation;15;1;;;;;
1.9;0;0.125;4.726705;1;Adaptation;15;1;;;;;
1.92;-0.5;-0.5;5.218637;1;Adaptation;15;1;;;;;
1.94;-0.5;-0.5;3.435925;1;Adaptation;15;1;;;;;
1.96;-0.5;-0.5;5.060153;1;Adaptation;15;1;;;;;
1.98;0;0.125;3.148827;1;Adaptation;15;1;;;;;
2;-0.5;-0.5;2.532382;1;Adaptation;15;1;;;;;
2.02;-0.5;-0.5;3.407668;1;Adaptation;15;1;;;;;
2.04;-2;0;2.407274;1;Adaptation;15;1;;;;;
2.06;-0.5;-0.5;2.15249;1;Adaptation;15;1;;;;;
2.08;-0.5;-0.5;3.258834;1;Adaptation;15;1;;;;;
2.1;2;0.125;2.006046;1;Adaptation;15;1;;;;;
2.12;-0.5;-0.5;4.343085;1;Adaptation;15;1;;;;;
2.14;-0.5;-0.5;4.095533;1;Adaptation;15;1;;;;;
2.16;-0.5;-0.5;4.92369;1;Adaptation;15;1;;;;;
2.18;-0.5;-0.5;4.491247;1;Adaptation;15;1;;;;;
2.2;-0.5;-0.5;4.210895;1;Adaptation;15;1;;;;;
2.22;0;-0.25;5.974741;1;Adaptation;15;1;;;;;
2.24;0;-0.25;5.464176;1;Adaptation;15;1;;;;;
2.26;-0.5;-0.5;3.759781;1;Adaptation;15;1;;;;;
2.28;-0.5;-0.5;3.934397;1;Adaptation;15;1;;;;;
2.3;0;0;5.997913;1;Adaptation;15;1;;;;;
2.32;-0.5;-0.5;5.681677;1;Adaptation;15;1;;;;;
2.34;2;0.375;3.93702;1;Adaptation;15;1;;;;;
2.36;2;0.375;4.999454;1;Adaptation;15;1;;;;;
2.38;-0.5;-0.5;2.67396;1;Adaptation;15;1;;;;;
2.4;-0.5;-0.5;2.960475;1;Adaptation;15;1;;;;;
2.42;-0.5;-0.5;2.643698;1;Adaptation;15;1;;;;;
2.44;2;0;3.848777;1;Adaptation;15;1;;;;;
2.46;-0.5;-0.5;3.883714;1;Adaptation;15;1;;;;;
2.48;-0.5;-0.5;4.966704;1;Adaptation;15;1;;;;;
2.5;-0.5;-0.5;2.067923;1;Adaptation;15;1;;;;;
2.52;-0.5;-0.5;3.68941;1;Adaptation;15;1;;;;;
2.54;-0.5;-0.5;5.796775;1;Adaptation;15;1;;;;;
2.56;-0.5;-0.5;3.03808;1;Adaptation;15;1;;;;;
2.58;2;-0.375;5.537254;1;Adaptation;15;1;;;;;
2.6;-0.5;-0.5;5.231659;1;Adaptation;15;1;;;;;
2.62;-0.5;-0.5;4.228522;1;Adaptation;15;1;;;;;
2.64;-0.5;-0.5;4.283272;1;Adaptation;15;1;;;;;
2.66;-0.5;-0.5;5.911315;1;Adaptation;15;1;;;;;
2.68;-2;-0.125;4.977345;1;Adaptation;15;1;;;;;
2.7;-0.5;-0.5;4.843251;1;Adaptation;15;1;;;;;
2.72;-2;0.125;5.467431;1;Adaptation;15;1;;;;;
2.74;0;0;3.153172;1;Adaptation;15;1;;;;;
2.76;-0.5;-0.5;3.744016;1;Adaptation;15;1;;;;;
2.78;-0.5;-0.5;4.010907;1;Adaptation;15;1;;;;;
2.8;-0.5;-0.5;3.183143;1;Adaptation;15;1;;;;;
2.82;0;-0.125;2.162489;1;Adaptation;15;1;;;;;
2.84;-0.5;-0.5;2.863496;1;Adaptation;15;1;;;;;
2.86;-0.5;-0.5;5.760389;1;Adaptation;15;1;;;;;
2.88;0;0;3.558787;1;Adaptation;15;1;;;;;
2.9;0;0.125;2.920448;1;Adaptation;15;1;;;;;
2.92;-0.5;-0.5;4.142818;1;Adaptation;15;1;;;;;
2.94;-0.5;-0.5;2.295296;1;Adaptation;15;1;;;;;
2.96;-4;-0.125;4.978967;1;Adaptation;15;1;;;;;
2.98;-4;-0.125;2.195365;1;Adaptation;15;1;;;;;
3;-0.5;-0.5;3.684119;1;Adaptation;15;1;;;;;
3.02;-0.5;-0.5;4.414547;1;Adaptation;15;1;;;;;
3.04;-0.5;-0.5;4.932275;1;Adaptation;15;1;;;;;
3.06;-0.5;-0.5;2.384286;1;Adaptation;15;1;;;;;
3.08;-0.5;-0.5;4.114305;1;Adaptation;15;1;;;;;
3.1;2;0;5.516171;1;Adaptation;15;1;;;;;
3.12;0;-0.25;4.751596;1;Adaptation;15;1;;;;;
3.14;-0.5;-0.5;5.633919;1;Adaptation;15;1;;;;;
3.16;-0.5;-0.5;2.860363;1;Adaptation;15;1;;;;;
3.18;2;0;4.611285;1;Adaptation;15;1;;;;;
3.2;-0.5;-0.5;2.301462;1;Adaptation;15;1;;;;;
3.22;-0.5;-0.5;5.189951;1;Adaptation;15;1;;;;;
3.24;-2;0.25;3.104339;1;Adaptation;15;1;;;;;
3.26;-2;0;3.973285;1;Adaptation;15;1;;;;;
3.28;-0.5;-0.5;2.854622;1;Adaptation;15;1;;;;;
3.3;-0.5;-0.5;3.555126;1;Adaptation;15;1;;;;;
3.32;-0.5;-0.5;2.345329;1;Adaptation;15;1;;;;;
3.34;-0.5;-0.5;2.745235;1;Adaptation;15;1;;;;;
3.36;-0.5;-0.5;2.188294;1;Adaptation;15;1;;;;;
3.38;-0.5;-0.5;4.297448;1;Adaptation;15;1;;;;;
3.4;-0.5;-0.5;3.917025;1;Adaptation;15;1;;;;;
3.42;-0.5;-0.5;3.047163;1;Adaptation;15;1;;;;;
3.44;-0.5;-0.5;4.782384;1;Adaptation;15;1;;;;;
3.46;-0.5;-0.5;5.262534;1;Adaptation;15;1;;;;;
3.48;0;-0.25;4.245316;1;Adaptation;15;1;;;;;
3.5;-0.5;-0.5;3.460735;1;Adaptation;15;1;;;;;
3.52;0;0.125;5.592949;1;Adaptation;15;1;;;;;
3.54;-0.5;-0.5;4.20668;1;Adaptation;15;1;;;;;
3.56;-0.5;-0.5;2.70238;1;Adaptation;15;1;;;;;
3.58;0;-0.125;5.895048;1;Adaptation;15;1;;;;;
3.6;2;0.25;2.941866;1;Adaptation;15;1;;;;;
3.62;-0.5;-0.5;4.141279;1;Adaptation;15;1;;;;;
3.64;-0.5;-0.5;3.05567;1;Adaptation;15;1;;;;;
3.66;-0.5;-0.5;3.43849;1;Adaptation;15;1;;;;;
3.68;-0.5;-0.5;5.875721;1;Adaptation;15;1;;;;;
3.7;-0.5;-0.5;4.784365;1;Adaptation;15;1;;;;;
3.72;-0.5;-0.5;3.710291;1;Adaptation;15;1;;;;;
3.74;0;-0.125;5.682883;1;Adaptation;15;1;;;;;
3.76;-0.5;-0.5;3.630992;1;Adaptation;15;1;;;;;
3.78;-0.5;-0.5;3.376846;1;Adaptation;15;1;;;;;
3.8;-0.5;-0.5;3.242116;1;Adaptation;15;1;;;;;
3.82;0;0.25;2.610742;1;Adaptation;15;1;;;;;
3.84;2;0.125;5.851729;1;Adaptation;15;1;;;;;
3.86;-0.5;-0.5;4.439407;1;Adaptation;15;1;;;;;
3.88;-0.5;-0.5;2.033752;1;Adaptation;15;1;;;;;
3.9;-0.5;-0.5;5.553455;1;Adaptation;15;1;;;;;
3.92;-0.5;-0.5;4.865029;1;Adaptation;15;1;;;;;
3.94;0;0;4.380629;1;Adaptation;15;1;;;;;
3.96;-0.5;-0.5;3.870864;1;Adaptation;15;1;;;;;
3.98;-0.5;-0.5;2.031227;1;Adaptation;15;1;;;;;
4;-0.5;-0.5;4.130716;1;Adaptation;15;1;;;;;
4.02;-0.5;-0.5;5.167552;1;Adaptation;15;1;;;;;
4.04;0;0;5.189048;1;Adaptation;15;1;;;;;
4.06;0;0;4.616482;1;Adaptation;15;1;;;;;
4.08;0;-0.125;2.085192;1;Adaptation;15;1;;;;;
4.1;0;-0.25;4.368429;1;Adaptation;15;1;;;;;
4.12;0;0;5.085045;1;Adaptation;15;1;;;;;
4.14;-0.5;-0.5;4.393618;1;Adaptation;15;1;;;;;
4.16;-0.5;-0.5;5.81396;1;Adaptation;15;1;;;;;
4.18;-0.5;-0.5;5.618785;1;Adaptation;15;1;;;;;
4.2;-0.5;-0.5;3.176913;1;Adaptation;15;1;;;;;
4.22;-0.5;-0.5;4.800888;1;Adaptation;15;1;;;;;
4.24;-0.5;-0.5;4.315345;1;Adaptation;15;1;;;;;
4.26;-0.5;-0.5;4.856264;1;Adaptation;15;1;;;;;
4.28;-0.5;-0.5;3.818453;1;Adaptation;15;1;;;;;
4.3;-0.5;-0.5;2.900508;1;Adaptation;15;1;;;;;
4.32;-0.5;-0.5;4.736151;1;Adaptation;15;1;;;;;
4.34;-0.5;-0.5;3.766952;1;Adaptation;15;1;;;;;
4.36;0;-0.125;2.260591;1;Adaptation;15;1;;;;;
4.38;-0.5;-0.5;2.229433;1;Adaptation;15;1;;;;;
4.4;-0.5;-0.5;5.093872;1;Adaptation;15;1;;;;;
4.42;-0.5;-0.5;4.388217;1;Adaptation;15;1;;;;;
4.44;-0.5;-0.5;5.49522;1;Adaptation;15;1;;;;;
4.46;-0.5;-0.5;3.448979;1;Adaptation;15;1;;;;;
4.48;0;0;2.58412;1;Adaptation;15;1;;;;;
4.5;-0.5;-0.5;2.111523;1;Adaptation;15;1;;;;;
4.52;-2;0.125;2.963319;1;Adaptation;15;1;;;;;
4.54;-2;0.125;2.956395;1;Adaptation;15;1;;;;;
4.56;-0.5;-0.5;4.907718;1;Adaptation;15;1;;;;;
4.58;-0.5;-0.5;2.885457;1;Adaptation;15;1;;;;;
4.6;-0.5;-0.5;3.467927;1;Adaptation;15;1;;;;;
4.62;-0.5;-0.5;3.909367;1;Adaptation;15;1;;;;;
4.64;-0.5;-0.5;4.72025;1;Adaptation;15;1;;;;;
4.66;-0.5;-0.5;4.198975;1;Adaptation;15;1;;;;;
4.68;-0.5;-0.5;2.435325;1;Adaptation;15;1;;;;;
4.7;-0.5;-0.5;3.56963;1;Adaptation;15;1;;;;;
4.72;0;0;3.219528;1;Adaptation;15;1;;;;;
4.74;-0.5;-0.5;5.602499;1;Adaptation;15;1;;;;;
4.76;-0.5;-0.5;5.529908;1;Adaptation;15;1;;;;;
4.78;-0.5;-0.5;2.605403;1;Adaptation;15;1;;;;;
4.8;-0.5;-0.5;5.642449;1;Adaptation;15;1;;;;;
4.82;-0.5;-0.5;5.87665;1;Adaptation;15;1;;;;;
4.84;-0.5;-0.5;3.678139;1;Adaptation;15;1;;;;;
4.86;-0.5;-0.5;4.54236;1;Adaptation;15;1;;;;;
4.88;-0.5;-0.5;4.455886;1;Adaptation;15;1;;;;;
4.9;-2;-0.125;2.016165;1;Adaptation;15;1;;;;;
4.92;-0.5;-0.5;4.431825;1;Adaptation;15;1;;;;;
4.94;-0.5;-0.5;3.320651;1;Adaptation;15;1;;;;;
4.96;-0.5;-0.5;5.323479;1;Adaptation;15;1;;;;;
4.98;-0.5;-0.5;5.421677;1;Adaptation;15;1;;;;;
5;-0.5;-0.5;2.615786;1;Adaptation;15;1;;;;;
5.02;-0.5;-0.5;2.522164;1;Adaptation;15;1;;;;;
5.04;-0.5;-0.5;2.388597;1;Adaptation;15;1;;;;;
5.06;-0.5;-0.5;2.927819;1;Adaptation;15;1;;;;;
5.08;-0.5;-0.5;3.277371;1;Adaptation;15;1;;;;;
5.1;-0.5;-0.5;5.842092;1;Adaptation;15;1;;;;;
5.12;-0.5;-0.5;3.395372;1;Adaptation;15;1;;;;;
5.14;-0.5;-0.5;5.61425;1;Adaptation;15;1;;;;;
5.16;-0.5;-0.5;3.911186;1;Adaptation;15;1;;;;;
5.18;-0.5;-0.5;2.618282;1;Adaptation;15;1;;;;;
5.2;-0.5;-0.5;2.11383;1;Adaptation;15;1;;;;;
5.22;-0.5;-0.5;2.039917;1;Adaptation;15;1;;;;;
5.24;0;0.25;3.164182;1;Adaptation;15;1;;;;;
5.26;0;0.125;5.342934;1;Adaptation;15;1;;;;;
5.28;-0.5;-0.5;5.669783;1;Adaptation;15;1;;;;;
5.3;2;0;5.933265;1;Adaptation;15;1;;;;;
5.32;-0.5;-0.5;5.920067;1;Adaptation;15;1;;;;;
5.34;-0.5;-0.5;5.406493;1;Adaptation;15;1;;;;;
5.36;-0.5;-0.5;3.316254;1;Adaptation;15;1;;;;;
5.38;-0.5;-0.5;2.894454;1;Adaptation;15;1;;;;;
5.4;-0.5;-0.5;5.304605;1;Adaptation;15;1;;;;;
5.42;-0.5;-0.5;2.389165;1;Adaptation;15;1;;;;;
5.44;2;0;5.633972;1;Adaptation;15;1;;;;;
5.46;0;0.125;3.19297;1;Adaptation;15;1;;;;;
5.48;0;0.125;3.978006;1;Adaptation;15;1;;;;;
5.5;-0.5;-0.5;5.237637;1;Adaptation;15;1;;;;;
5.52;-0.5;-0.5;5.938773;1;Adaptation;15;1;;;;;
5.54;-0.5;-0.5;4.46509;1;Adaptation;15;1;;;;;
5.56;-0.5;-0.5;3.619576;1;Adaptation;15;1;;;;;
5.58;-0.5;-0.5;4.072355;1;Adaptation;15;1;;;;;
5.6;-0.5;-0.5;5.164069;1;Adaptation;15;1;;;;;
5.62;-0.5;-0.5;2.622192;1;Adaptation;15;1;;;;;
5.64;-0.5;-0.5;3.986044;1;Adaptation;15;1;;;;;
5.66;0;-0.125;2.831306;1;Adaptation;15;1;;;;;
5.68;-0.5;-0.5;4.101425;1;Adaptation;15;1;;;;;
5.7;-0.5;-0.5;2.732215;1;Adaptation;15;1;;;;;
5.72;-0.5;-0.5;5.015273;1;Adaptation;15;1;;;;;
5.74;-0.5;-0.5;3.160975;1;Adaptation;15;1;;;;;
5.76;0;0.125;4.00487;1;Adaptation;15;1;;;;;
5.78;-0.5;-0.5;4.214443;1;Adaptation;15;1;;;;;
5.8;-2;-0.125;5.255507;1;Adaptation;15;1;;;;;
5.82;-0.5;-0.5;4.533146;1;Adaptation;15;1;;;;;
5.84;0;-0.125;3.943696;1;Adaptation;15;1;;;;;
5.86;-0.5;-0.5;5.112885;1;Adaptation;15;1;;;;;
5.88;-0.5;-0.5;2.934689;1;Adaptation;15;1;;;;;
5.9;-0.5;-0.5;3.370176;1;Adaptation;15;1;;;;;
5.92;2;-0.125;3.750726;1;Adaptation;15;1;;;;;
5.94;-2;0.125;2.382356;1;Adaptation;15;1;;;;;
5.96;-0.5;-0.5;3.297624;1;Adaptation;15;1;;;;;
5.98;-0.5;-0.5;4.830012;1;Adaptation;15;1;;;;;
6;2;0.25;5.281068;1;Adaptation;15;1;;;;;
6.02;-0.5;-0.5;2.197558;1;Adaptation;15;1;;;;;
6.04;-0.5;-0.5;4.84357;1;Adaptation;15;1;;;;;
6.06;-2;0;4.340933;1;Adaptation;15;1;;;;;
6.08;0;0;4.783371;1;Adaptation;15;1;;;;;
6.1;-0.5;-0.5;3.573977;1;Adaptation;15;1;;;;;
6.12;-0.5;-0.5;3.257226;1;Adaptation;15;1;;;;;
6.14;-0.5;-0.5;3.679621;1;Adaptation;15;1;;;;;
6.16;-0.5;-0.5;5.316795;1;Adaptation;15;1;;;;;
6.18;-0.5;-0.5;3.97701;1;Adaptation;15;1;;;;;
6.2;0;-0.25;3.041984;1;Adaptation;15;1;;;;;
6.22;-0.5;-0.5;5.665497;1;Adaptation;15;1;;;;;
6.24;-2;-0.25;5.647749;1;Adaptation;15;1;;;;;
6.26;-0.5;-0.5;3.159966;1;Adaptation;15;1;;;;;
6.28;2;-0.125;5.28294;1;Adaptation;15;1;;;;;
6.3;-0.5;-0.5;5.704896;1;Adaptation;15;1;;;;;
6.32;-2;0.125;4.300456;1;Adaptation;15;1;;;;;
6.34;2;0;4.392061;1;Adaptation;15;1;;;;;
6.36;2;0;4.733906;1;Adaptation;15;1;;;;;
6.38;-0.5;-0.5;4.55491;1;Adaptation;15;1;;;;;
6.4;0;0.25;3.383548;1;Adaptation;15;1;;;;;
6.42;-0.5;-0.5;2.801329;1;Adaptation;15;1;;;;;
6.44;-0.5;-0.5;4.907598;1;Adaptation;15;1;;;;;
6.46;-2;0;5.04036;1;Adaptation;15;1;;;;;
6.48;-0.5;-0.5;4.381822;1;Adaptation;15;1;;;;;
6.5;-0.5;-0.5;5.867538;1;Adaptation;15;1;;;;;
6.52;-0.5;-0.5;4.659774;1;Adaptation;15;1;;;;;
6.54;0;0.125;2.830327;1;Adaptation;15;1;;;;;
6.56;0;-0.125;5.952975;1;Adaptation;15;1;;;;;
6.58;-0.5;-0.5;5.738535;1;Adaptation;15;1;;;;;
6.6;-0.5;-0.5;3.267914;1;Adaptation;15;1;;;;;
6.62;-0.5;-0.5;3.201394;1;Adaptation;15;1;;;;;
6.64;0;0;4.737461;1;Adaptation;15;1;;;;;
6.66;-0.5;-0.5;2.205466;1;Adaptation;15;1;;;;;
6.68;-2;0.125;4.267945;1;Adaptation;15;1;;;;;
6.7;-0.5;-0.5;5.205899;1;Adaptation;15;1;;;;;
6.72;-0.5;-0.5;5.111985;1;Adaptation;15;1;;;;;
6.74;-0.5;-0.5;4.38031;1;Adaptation;15;1;;;;;
6.76;-2;0.125;2.033139;1;Adaptation;15;1;;;;;
6.78;0;0;3.647923;1;Adaptation;15;1;;;;;
6.8;-0.5;-0.5;4.111431;1;Adaptation;15;1;;;;;
6.82;-0.5;-0.5;3.176631;1;Adaptation;15;1;;;;;
6.84;-0.5;-0.5;4.416668;1;Adaptation;15;1;;;;;
6.86;-0.5;-0.5;2.265219;1;Adaptation;15;1;;;;;
6.88;0;0;2.785295;1;Adaptation;15;1;;;;;
6.9;-0.5;-0.5;2.427031;1;Adaptation;15;1;;;;;
6.92;-0.5;-0.5;3.015805;1;Adaptation;15;1;;;;;
6.94;-0.5;-0.5;5.780566;1;Adaptation;15;1;;;;;
6.96;-0.5;-0.5;2.556556;1;Adaptation;15;1;;;;;
6.98;-0.5;-0.5;3.301159;1;Adaptation;15;1;;;;;
7;0;-0.25;3.721748;1;Adaptation;15;1;;;;;
7.02;-0.5;-0.5;2.75794;1;Adaptation;15;1;;;;;
7.04;-0.5;-0.5;3.871098;1;Adaptation;15;1;;;;;
7.06;2;0.125;5.629563;1;Adaptation;15;1;;;;;
7.08;-0.5;-0.5;3.992791;1;Adaptation;15;1;;;;;
7.1;-0.5;-0.5;5.571257;1;Adaptation;15;1;;;;;
7.12;-0.5;-0.5;4.727956;1;Adaptation;15;1;;;;;
7.14;-0.5;-0.5;2.486928;1;Adaptation;15;1;;;;;
7.16;0;-0.25;2.142175;1;Adaptation;15;1;;;;;
7.18;2;-0.125;3.198743;1;Adaptation;15;1;;;;;
7.2;-0.5;-0.5;2.709107;1;Adaptation;15;1;;;;;
7.22;-0.5;-0.5;3.336938;1;Adaptation;15;1;;;;;
7.24;-0.5;-0.5;3.330153;1;Adaptation;15;1;;;;;
7.26;-0.5;-0.5;2.777774;1;Adaptation;15;1;;;;;
7.28;-0.5;-0.5;4.642332;1;Adaptation;15;1;;;;;
7.3;-0.5;-0.5;3.340338;1;Adaptation;15;1;;;;;
7.32;-0.5;-0.5;5.02398;1;Adaptation;15;1;;;;;
7.34;-0.5;-0.5;3.916731;1;Adaptation;15;1;;;;;
7.36;-0.5;-0.5;5.196427;1;Adaptation;15;1;;;;;
7.38;0;0;5.461087;1;Adaptation;15;1;;;;;
7.4;0;0;5.270707;1;Adaptation;15;1;;;;;
7.42;-0.5;-0.5;4.730655;1;Adaptation;15;1;;;;;
7.44;-0.5;-0.5;2.542689;1;Adaptation;15;1;;;;;
7.46;-0.5;-0.5;3.593075;1;Adaptation;15;1;;;;;
7.48;-0.5;-0.5;3.163104;1;Adaptation;15;1;;;;;
7.5;-0.5;-0.5;3.638718;1;Adaptation;15;1;;;;;
7.52;-0.5;-0.5;4.065376;1;Adaptation;15;1;;;;;
7.54;0;0.25;4.125902;1;Adaptation;15;1;;;;;
7.56;-0.5;-0.5;4.714107;1;Adaptation;15;1;;;;;
7.58;-0.5;-0.5;3.267763;1;Adaptation;15;1;;;;;
7.6;-0.5;-0.5;3.658165;1;Adaptation;15;1;;;;;
7.62;-0.5;-0.5;2.042557;1;Adaptation;15;1;;;;;
7.64;-0.5;-0.5;4.726797;1;Adaptation;15;1;;;;;
7.66;0;0.25;3.449131;1;Adaptation;15;1;;;;;
7.68;-0.5;-0.5;3.058739;1;Adaptation;15;1;;;;;
7.7;-2;-0.125;3.139835;1;Adaptation;15;1;;;;;
7.72;2;-0.25;5.670157;1;Adaptation;15;1;;;;;
7.74;0;0.125;3.766307;1;Adaptation;15;1;;;;;
7.76;-0.5;-0.5;3.105353;1;Adaptation;15;1;;;;;
7.78;-0.5;-0.5;4.233778;1;Adaptation;15;1;;;;;
7.8;-0.5;-0.5;3.101196;1;Adaptation;15;1;;;;;
7.82;-0.5;-0.5;2.493897;1;Adaptation;15;1;;;;;
7.84;-0.5;-0.5;5.883953;1;Adaptation;15;1;;;;;
7.86;-0.5;-0.5;2.169715;1;Adaptation;15;1;;;;;
7.88;-0.5;-0.5;4.26211;1;Adaptation;15;1;;;;;
7.9;-0.5;-0.5;2.065556;1;Adaptation;15;1;;;;;
7.92;-2;0.125;2.945487;1;Adaptation;15;1;;;;;
7.94;0;0.125;4.174724;1;Adaptation;15;1;;;;;
;;;;;;;;;;;;
