time;pos_x_right;pos_y_right;dil_right;pos_x_left;pos_y_left;dil_left;brightness;state;fov;trial;;
0;-0.5;-0.5;4.459556;1;Adaptation;15;1;;;;;
0.02;-0.5;-0.5;2.241156;1;Adaptation;15;1;;;;;
0.04;-0.5;-0.5;4.483845;1;Adaptation;15;1;;;;;
0.06;-0.5;-0.5;4.449062;1;Adaptation;15;1;;;;;
0.08;-0.5;-0.5;3.169537;1;Adaptation;15;1;;;;;
0.09999999;-0.5;-0.5;4.963569;1;Adaptation;15;1;;;;;
0.12;-0.5;-0.5;2.681275;1;Adaptation;15;1;;;;;
0.14;-0.5;-0.5;3.755797;1;Adaptation;15;1;;;;;
0.16;-0.5;-0.5;4.604287;1;Adaptation;15;1;;;;;
0.18;-0.5;-0.5;5.060046;1;Adaptation;15;1;;;;;
0.2;-0.5;-0.5;4.928254;1;Adaptation;15;1;;;;;
0.22;-0.5;-0.5;3.984384;1;Adaptation;15;1;;;;;
0.24;-0.5;-0.5;5.988501;1;Adaptation;15;1;;;;;
0.26;-0.5;-0.5;3.765064;1;Adaptation;15;1;;;;;
0.28;-0.5;-0.5;5.822944;1;Adaptation;15;1;;;;;
0.3;-0.5;-0.5;5.285722;1;Adaptation;15;1;;;;;
0.32;-0.5;-0.5;3.078911;1;Adaptation;15;1;;;;;
0.34;-0.5;-0.5;2.062105;1;Adaptation;15;1;;;;;
0.36;-0.5;-0.5;3.90637;1;Adaptation;15;1;;;;;
0.38;0;-0.125;2.540079;1;Adaptation;15;1;;;;;
0.4;-0.5;-0.5;3.702545;1;Adaptation;15;1;;;;;
0.42;-0.5;-0.5;3.164152;1;Adaptation;15;1;;;;;
0.44;0;0.125;2.269528;1;Adaptation;15;1;;;;;
0.46;2;0;5.860746;1;Adaptation;15;1;;;;;
0.48;-0.5;-0.5;2.777014;1;Adaptation;15;1;;;;;
0.5;-0.5;-0.5;3.403561;1;Adaptation;15;1;;;;;
0.52;-0.5;-0.5;3.801935;1;Adaptation;15;1;;;;;
0.54;-0.5;-0.5;3.831322;1;Adaptation;15;1;;;;;
0.56;-0.5;-0.5;3.167564;1;Adaptation;15;1;;;;;
0.58;-0.5;-0.5;5.693457;1;Adaptation;15;1;;;;;
0.6;-0.5;-0.5;2.997909;1;Adaptation;15;1;;;;;
0.62;-0.5;-0.5;5.178865;1;Adaptation;15;1;;;;;
0.64;-0.5;-0.5;3.804446;1;Adaptation;15;1;;;;;
0.66;-0.5;-0.5;3.346965;1;Adaptation;15;1;;;;;
0.68;-0.5;-0.5;2.294289;1;Adaptation;15;1;;;;;
0.7;0;0;4.401481;1;Adaptation;15;1;;;;;
0.72;-0.5;-0.5;3.199356;1;Adaptation;15;1;;;;;
0.74;0;-0.125;2.993503;1;Adaptation;15;1;;;;;
0.76;-0.5;-0.5;5.297346;1;Adaptation;15;1;;;;;
0.78;-0.5;-0.5;2.342189;1;Adaptation;15;1;;;;;
0.8;-0.5;-0.5;2.393638;1;Adaptation;15;1;;;;;
0.82;-0.5;-0.5;4.997715;1;Adaptation;15;1;;;;;
0.84;-0.5;-0.5;4.389952;1;Adaptation;15;1;;;;;
0.86;-0.5;-0.5;3.070403;1;Adaptation;15;1;;;;;
0.88;0;0;5.571514;1;Adaptation;15;1;;;;;
0.9;0;0;2.593963;1;Adaptation;15;1;;;;;
0.92;0;0;3.857647;1;Adaptation;15;1;;;;;
0.94;-0.5;-0.5;4.099029;1;Adaptation;15;1;;;;;
0.96;0;-0.125;2.986813;1;Adaptation;15;1;;;;;
0.98;-0.5;-0.5;5.377031;1;Adaptation;15;1;;;;;
1;-0.5;-0.5;4.106618;1;Adaptation;15;1;;;;;
1.02;-0.5;-0.5;4.240339;1;Adaptation;15;1;;;;;
1.04;-0.5;-0.5;3.351097;1;Adaptation;15;1;;;;;
1.06;2;0.125;2.627055;1;Adaptation;15;1;;;;;
1.08;0;0;2.081358;1;Adaptation;15;1;;;;;
1.1;-0.5;-0.5;3.736621;1;Adaptation;15;1;;;;;
1.12;-0.5;-0.5;4.481211;1;Adaptation;15;1;;;;;
1.14;-0.5;-0.5;5.173494;1;Adaptation;15;1;;;;;
1.16;-0.5;-0.5;5.745564;1;Adaptation;15;1;;;;;
1.18;-0.5;-0.5;2.678174;1;Adaptation;15;1;;;;;
1.2;-0.5;-0.5;4.232256;1;Adaptation;15;1;;;;;
1.22;-0.5;-0.5;2.444808;1;Adaptation;15;1;;;;;
1.24;-0.5;-0.5;4.99947;1;Adaptation;15;1;;;;;
1.26;-2;-0.125;2.005104;1;Adaptation;15;1;;;;;
1.28;0;0.375;5.038812;1;Adaptation;15;1;;;;;
1.3;-0.5;-0.5;2.898228;1;Adaptation;15;1;;;;;
1.32;-0.5;-0.5;5.562204;1;Adaptation;15;1;;;;;
1.34;-0.5;-0.5;2.550759;1;Adaptation;15;1;;;;;
1.36;-0.5;-0.5;5.017226;1;Adaptation;15;1;;;;;
1.38;-0.5;-0.5;5.595946;1;Adaptation;15;1;;;;;
1.4;-0.5;-0.5;3.332716;1;Adaptation;15;1;;;;;
1.42;-0.5;-0.5;5.643488;1;Adaptation;15;1;;;;;
1.44;-2;0;5.12711;1;Adaptation;15;1;;;;;
1.46;-0.5;-0.5;4.562854;1;Adaptation;15;1;;;;;
1.48;-0.5;-0.5;2.182978;1;Adaptation;15;1;;;;;
1.5;-0.5;-0.5;2.100488;1;Adaptation;15;1;;;;;
1.52;4;-0.125;3.468437;1;Adaptation;15;1;;;;;
1.54;0;0.25;5.052641;1;Adaptation;15;1;;;;;
1.56;2;0.25;5.295146;1;Adaptation;15;1;;;;;
1.58;-2;0;2.124215;1;Adaptation;15;1;;;;;
1.6;-0.5;-0.5;3.018116;1;Adaptation;15;1;;;;;
1.62;-0.5;-0.5;3.907902;1;Adaptation;15;1;;;;;
1.64;-0.5;-0.5;3.540827;1;Adaptation;15;1;;;;;
1.66;-0.5;-0.5;3.655102;1;Adaptation;15;1;;;;;
1.68;2;-0.125;5.393454;1;Adaptation;15;1;;;;;
1.7;0;0.25;3.279264;1;Adaptation;15;1;;;;;
1.72;2;0.125;2.036777;1;Adaptation;15;1;;;;;
1.74;-0.5;-0.5;4.916819;1;Adaptation;15;1;;;;;
1.76;-0.5;-0.5;2.671386;1;Adaptation;15;1;;;;;
1.78;-0.5;-0.5;5.465082;1;Adaptation;15;1;;;;;
1.8;-0.5;-0.5;4.770286;1;Adaptation;15;1;;;;;
1.82;0;-0.125;4.873981;1;Adaptation;15;1;;;;;
1.84;-2;0.125;5.448482;1;Adaptation;15;1;;;;;
1.86;-0.5;-0.5;4.93399;1;Adaptation;15;1;;;;;
1.88;-0.5;-0.5;2.167044;1;Adaptation;15;1;;;;;
1.9;-0.5;-0.5;4.258256;1;Adaptation;15;1;;;;;
1.92;-0.5;-0.5;5.27649;1;Adaptation;15;1;;;;;
1.94;-0.5;-0.5;2.07388;1;Adaptation;15;1;;;;;
1.96;0;-0.125;5.808925;1;Adaptation;15;1;;;;;
1.98;-0.5;-0.5;4.088964;1;Adaptation;15;1;;;;;
2;-0.5;-0.5;5.255221;1;Adaptation;15;1;;;;;
2.02;-0.5;-0.5;4.290977;1;Adaptation;15;1;;;;;
2.04;0;0.25;4.210644;1;Adaptation;15;1;;;;;
2.06;0;0;4.511661;1;Adaptation;15;1;;;;;
2.08;-0.5;-0.5;5.331954;1;Adaptation;15;1;;;;;
2.1;-0.5;-0.5;5.230548;1;Adaptation;15;1;;;;;
2.12;-0.5;-0.5;3.639044;1;Adaptation;15;1;;;;;
2.14;-0.5;-0.5;2.477993;1;Adaptation;15;1;;;;;
2.16;-0.5;-0.5;3.941557;1;Adaptation;15;1;;;;;
2.18;-0.5;-0.5;5.655788;1;Adaptation;15;1;;;;;
2.2;-2;0;4.628687;1;Adaptation;15;1;;;;;
2.22;-0.5;-0.5;5.492747;1;Adaptation;15;1;;;;;
2.24;0;0;2.419522;1;Adaptation;15;1;;;;;
2.26;-0.5;-0.5;4.142288;1;Adaptation;15;1;;;;;
2.28;-0.5;-0.5;5.312465;1;Adaptation;15;1;;;;;
2.3;-2;0;2.474985;1;Adaptation;15;1;;;;;
2.32;-0.5;-0.5;5.351049;1;Adaptation;15;1;;;;;
2.34;-0.5;-0.5;3.256571;1;Adaptation;15;1;;;;;
2.36;0;0;2.772417;1;Adaptation;15;1;;;;;
2.38;-0.5;-0.5;4.593034;1;Adaptation;15;1;;;;;
2.4;-0.5;-0.5;2.908435;1;Adaptation;15;1;;;;;
2.42;-0.5;-0.5;3.117058;1;Adaptation;15;1;;;;;
2.44;-2;0;4.496043;1;Adaptation;15;1;;;;;
2.46;-0.5;-0.5;2.337778;1;Adaptation;15;1;;;;;
2.48;-0.5;-0.5;5.423746;1;Adaptation;15;1;;;;;
2.5;0;0.25;3.962072;1;Adaptation;15;1;;;;;
2.52;-0.5;-0.5;3.588264;1;Adaptation;15;1;;;;;
2.54;-0.5;-0.5;2.19683;1;Adaptation;15;1;;;;;
2.56;-0.5;-0.5;2.14024;1;Adaptation;15;1;;;;;
2.58;-0.5;-0.5;5.929852;1;Adaptation;15;1;;;;;
2.6;-0.5;-0.5;5.701911;1;Adaptation;15;1;;;;;
2.62;-0.5;-0.5;3.122228;1;Adaptation;15;1;;;;;
2.64;-0.5;-0.5;2.04498;1;Adaptation;15;1;;;;;
2.66;-0.5;-0.5;5.354363;1;Adaptation;15;1;;;;;
2.68;-0.5;-0.5;4.858719;1;Adaptation;15;1;;;;;
2.7;-0.5;-0.5;3.661021;1;Adaptation;15;1;;;;;
2.72;-0.5;-0.5;2.987558;1;Adaptation;15;1;;;;;
2.74;-0.5;-0.5;3.732538;1;Adaptation;15;1;;;;;
2.76;-0.5;-0.5;4.311594;1;Adaptation;15;1;;;;;
2.78;0;-0.125;4.013532;1;Adaptation;15;1;;;;;
2.8;0;-0.25;3.525365;1;Adaptation;15;1;;;;;
2.82;2;-0.125;2.07379;1;Adaptation;15;1;;;;;
2.84;-0.5;-0.5;5.426898;1;Adaptation;15;1;;;;;
2.86;0;0;2.024707;1;Adaptation;15;1;;;;;
2.88;-0.5;-0.5;4.000722;1;Adaptation;15;1;;;;;
2.9;0;-0.25;5.171101;1;Adaptation;15;1;;;;;
2.92;-2;-0.125;2.232869;1;Adaptation;15;1;;;;;
2.94;0;0;5.783831;1;Adaptation;15;1;;;;;
2.96;-0.5;-0.5;5.402924;1;Adaptation;15;1;;;;;
2.98;-0.5;-0.5;3.054487;1;Adaptation;15;1;;;;;
3;-0.5;-0.5;2.689725;1;Adaptation;15;1;;;;;
3.02;-0.5;-0.5;4.913977;1;Adaptation;15;1;;;;;
3.04;-0.5;-0.5;2.109313;1;Adaptation;15;1;;;;;
3.06;-2;0;3.438203;1;Adaptation;15;1;;;;;
3.08;-0.5;-0.5;3.105855;1;Adaptation;15;1;;;;;
3.1;2;-0.375;4.520467;1;Adaptation;15;1;;;;;
3.12;-0.5;-0.5;4.349442;1;Adaptation;15;1;;;;;
3.14;-0.5;-0.5;4.735692;1;Adaptation;15;1;;;;;
3.16;0;-0.125;5.698292;1;Adaptation;15;1;;;;;
3.18;-2;0.125;4.031319;1;Adaptation;15;1;;;;;
3.2;-0.5;-0.5;2.142096;1;Adaptation;15;1;;;;;
3.22;0;0.125;5.557158;1;Adaptation;15;1;;;;;
3.24;-0.5;-0.5;2.24525;1;Adaptation;15;1;;;;;
3.26;0;-0.125;3.386919;1;Adaptation;15;1;;;;;
3.28;-0.5;-0.5;5.498884;1;Adaptation;15;1;;;;;
3.3;-0.5;-0.5;5.940058;1;Adaptation;15;1;;;;;
3.32;-0.5;-0.5;5.401065;1;Adaptation;15;1;;;;;
3.34;-0.5;-0.5;4.328611;1;Adaptation;15;1;;;;;
3.36;-0.5;-0.5;5.826327;1;Adaptation;15;1;;;;;
3.38;-0.5;-0.5;3.922281;1;Adaptation;15;1;;;;;
3.4;-0.5;-0.5;3.267154;1;Adaptation;15;1;;;;;
3.42;-0.5;-0.5;4.438137;1;Adaptation;15;1;;;;;
3.44;-0.5;-0.5;3.986565;1;Adaptation;15;1;;;;;
3.46;0;0.25;5.104754;1;Adaptation;15;1;;;;;
3.48;-0.5;-0.5;3.319951;1;Adaptation;15;1;;;;;
3.5;-0.5;-0.5;4.026842;1;Adaptation;15;1;;;;;
3.52;-0.5;-0.5;4.876358;1;Adaptation;15;1;;;;;
3.54;-0.5;-0.5;5.285199;1;Adaptation;15;1;;;;;
3.56;-0.5;-0.5;4.203295;1;Adaptation;15;1;;;;;
3.58;-0.5;-0.5;5.836926;1;Adaptation;15;1;;;;;
3.6;-2;-0.125;5.873566;1;Adaptation;15;1;;;;;
3.62;-0.5;-0.5;3.786669;1;Adaptation;15;1;;;;;
3.64;-0.5;-0.5;4.550173;1;Adaptation;15;1;;;;;
3.66;-2;0;2.906246;1;Adaptation;15;1;;;;;
3.68;-0.5;-0.5;4.97772;1;Adaptation;15;1;;;;;
3.7;2;0.125;3.668035;1;Adaptation;15;1;;;;;
3.72;-0.5;-0.5;4.183637;1;Adaptation;15;1;;;;;
3.74;-0.5;-0.5;2.388278;1;Adaptation;15;1;;;;;
3.76;-0.5;-0.5;3.315084;1;Adaptation;15;1;;;;;
3.78;-2;0;2.241144;1;Adaptation;15;1;;;;;
3.8;-2;-0.125;4.838518;1;Adaptation;15;1;;;;;
3.82;-0.5;-0.5;5.945417;1;Adaptation;15;1;;;;;
3.84;-0.5;-0.5;4.718716;1;Adaptation;15;1;;;;;
3.86;-0.5;-0.5;3.877246;1;Adaptation;15;1;;;;;
3.88;0;0;2.858921;1;Adaptation;15;1;;;;;
3.9;-2;-0.25;3.111181;1;Adaptation;15;1;;;;;
3.92;-0.5;-0.5;4.651033;1;Adaptation;15;1;;;;;
3.94;-0.5;-0.5;4.151071;1;Adaptation;15;1;;;;;
3.96;-0.5;-0.5;5.798779;1;Adaptation;15;1;;;;;
3.98;-0.5;-0.5;4.175745;1;Adaptation;15;1;;;;;
4;-0.5;-0.5;5.38061;1;Adaptation;15;1;;;;;
4.02;-0.5;-0.5;3.869492;1;Adaptation;15;1;;;;;
4.04;-0.5;-0.5;2.633244;1;Adaptation;15;1;;;;;
4.06;-0.5;-0.5;5.745585;1;Adaptation;15;1;;;;;
4.08;2;0;4.649669;1;Adaptation;15;1;;;;;
4.1;-0.5;-0.5;5.783996;1;Adaptation;15;1;;;;;
4.12;-0.5;-0.5;3.092368;1;Adaptation;15;1;;;;;
4.14;0;0;4.551472;1;Adaptation;15;1;;;;;
4.16;-0.5;-0.5;2.608751;1;Adaptation;15;1;;;;;
4.18;-0.5;-0.5;5.601147;1;Adaptation;15;1;;;;;
4.2;0;0.25;2.615915;1;Adaptation;15;1;;;;;
4.22;2;-0.25;2.17729;1;Adaptation;15;1;;;;;
4.24;-0.5;-0.5;5.841062;1;Adaptation;15;1;;;;;
4.26;-2;0;5.976621;1;Adaptation;15;1;;;;;
4.28;-0.5;-0.5;2.981707;1;Adaptation;15;1;;;;;
4.3;-2;0;3.586114;1;Adaptation;15;1;;;;;
4.32;-0.5;-0.5;4.560894;1;Adaptation;15;1;;;;;
4.34;-0.5;-0.5;3.916658;1;Adaptation;15;1;;;;;
4.36;-0.5;-0.5;4.530869;1;Adaptation;15;1;;;;;
4.38;0;0;5.665924;1;Adaptation;15;1;;;;;
4.4;-0.5;-0.5;5.621933;1;Adaptation;15;1;;;;;
4.42;0;0;3.944011;1;Adaptation;15;1;;;;;
4.44;-0.5;-0.5;4.130575;1;Adaptation;15;1;;;;;
4.46;2;0;2.969699;1;Adaptation;15;1;;;;;
4.48;-0.5;-0.5;3.771443;1;Adaptation;15;1;;;;;
4.5;-0.5;-0.5;2.101197;1;Adaptation;15;1;;;;;
4.52;-0.5;-0.5;3.488366;1;Adaptation;15;1;;;;;
4.54;-4;0.125;4.761724;1;Adaptation;15;1;;;;;
4.56;0;0;4.091545;1;Adaptation;15;1;;;;;
4.58;-0.5;-0.5;4.623472;1;Adaptation;15;1;;;;;
4.6;-0.5;-0.5;3.140335;1;Adaptation;15;1;;;;;
4.62;-0.5;-0.5;2.845815;1;Adaptation;15;1;;;;;
4.64;-0.5;-0.5;4.665359;1;Adaptation;15;1;;;;;
4.66;0;0;3.509457;1;Adaptation;15;1;;;;;
4.68;-0.5;-0.5;2.037608;1;Adaptation;15;1;;;;;
4.7;-2;0;3.805286;1;Adaptation;15;1;;;;;
4.72;-0.5;-0.5;3.097639;1;Adaptation;15;1;;;;;
4.74;-0.5;-0.5;5.256369;1;Adaptation;15;1;;;;;
4.76;-0.5;-0.5;5.672691;1;Adaptation;15;1;;;;;
4.78;-0.5;-0.5;4.840846;1;Adaptation;15;1;;;;;
4.8;-0.5;-0.5;2.578853;1;Adaptation;15;1;;;;;
4.82;-2;0;4.024725;1;Adaptation;15;1;;;;;
4.84;-0.5;-0.5;5.94577;1;Adaptation;15;1;;;;;
4.86;-0.5;-0.5;5.90021;1;Adaptation;15;1;;;;;
4.88;0;0;2.339645;1;Adaptation;15;1;;;;;
4.9;-0.5;-0.5;3.962681;1;Adaptation;15;1;;;;;
4.92;0;0;2.547652;1;Adaptation;15;1;;;;;
4.94;-0.5;-0.5;4.953412;1;Adaptation;15;1;;;;;
4.96;-0.5;-0.5;2.748624;1;Adaptation;15;1;;;;;
4.98;-0.5;-0.5;3.264516;1;Adaptation;15;1;;;;;
5;-2;0;3.998988;1;Adaptation;15;1;;;;;
5.02;-2;0.125;5.018394;1;Adaptation;15;1;;;;;
5.04;-0.5;-0.5;2.091125;1;Adaptation;15;1;;;;;
5.06;-0.5;-0.5;4.823284;1;Adaptation;15;1;;;;;
5.08;-0.5;-0.5;4.824894;1;Adaptation;15;1;;;;;
5.1;-0.5;-0.5;2.194837;1;Adaptation;15;1;;;;;
5.12;-0.5;-0.5;2.257625;1;Adaptation;15;1;;;;;
5.14;-0.5;-0.5;5.918453;1;Adaptation;15;1;;;;;
5.16;-0.5;-0.5;2.30418;1;Adaptation;15;1;;;;;
5.18;-0.5;-0.5;2.336625;1;Adaptation;15;1;;;;;
5.2;-0.5;-0.5;5.950261;1;Adaptation;15;1;;;;;
5.22;-0.5;-0.5;5.337009;1;Adaptation;15;1;;;;;
5.24;-0.5;-0.5;3.404633;1;Adaptation;15;1;;;;;
5.26;-0.5;-0.5;4.613852;1;Adaptation;15;1;;;;;
5.28;0;-0.25;2.970436;1;Adaptation;15;1;;;;;
5.3;-0.5;-0.5;3.932826;1;Adaptation;15;1;;;;;
5.32;-0.5;-0.5;2.61323;1;Adaptation;15;1;;;;;
5.34;-0.5;-0.5;5.755284;1;Adaptation;15;1;;;;;
5.36;0;-0.125;4.53076;1;Adaptation;15;1;;;;;
5.38;-0.5;-0.5;5.297754;1;Adaptation;15;1;;;;;
5.4;0;0.25;3.914722;1;Adaptation;15;1;;;;;
5.42;-0.5;-0.5;4.238525;1;Adaptation;15;1;;;;;
5.44;-0.5;-0.5;2.689881;1;Adaptation;15;1;;;;;
5.46;-0.5;-0.5;4.35254;1;Adaptation;15;1;;;;;
5.48;-0.5;-0.5;2.722854;1;Adaptation;15;1;;;;;
5.5;-0.5;-0.5;4.064316;1;Adaptation;15;1;;;;;
5.52;-0.5;-0.5;5.182607;1;Adaptation;15;1;;;;;
5.54;-0.5;-0.5;5.606123;1;Adaptation;15;1;;;;;
5.56;-0.5;-0.5;3.65522;1;Adaptation;15;1;;;;;
5.58;-0.5;-0.5;4.473077;1;Adaptation;15;1;;;;;
5.6;-0.5;-0.5;2.724361;1;Adaptation;15;1;;;;;
5.62;0;0.125;2.715939;1;Adaptation;15;1;;;;;
5.64;-0.5;-0.5;4.180981;1;Adaptation;15;1;;;;;
5.66;-0.5;-0.5;4.583224;1;Adaptation;15;1;;;;;
5.68;-0.5;-0.5;5.92049;1;Adaptation;15;1;;;;;
5.7;-0.5;-0.5;5.931666;1;Adaptation;15;1;;;;;
5.72;0;-0.125;2.846464;1;Adaptation;15;1;;;;;
5.74;-0.5;-0.5;5.154974;1;Adaptation;15;1;;;;;
5.76;0;0.125;3.094921;1;Adaptation;15;1;;;;;
5.78;0;0.125;3.596523;1;Adaptation;15;1;;;;;
5.8;-0.5;-0.5;3.677593;1;Adaptation;15;1;;;;;
5.82;-0.5;-0.5;5.765839;1;Adaptation;15;1;;;;;
5.84;-0.5;-0.5;5.169758;1;Adaptation;15;1;;;;;
5.86;-0.5;-0.5;2.794439;1;Adaptation;15;1;;;;;
5.88;-0.5;-0.5;3.055393;1;Adaptation;15;1;;;;;
5.9;-0.5;-0.5;2.398681;1;Adaptation;15;1;;;;;
5.92;-0.5;-0.5;4.872498;1;Adaptation;15;1;;;;;
5.94;-0.5;-0.5;5.076496;1;Adaptation;15;1;;;;;
5.96;-0.5;-0.5;5.040847;1;Adaptation;15;1;;;;;
5.98;-0.5;-0.5;2.017793;1;Adaptation;15;1;;;;;
6;-0.5;-0.5;5.938206;1;Adaptation;15;1;;;;;
6.02;-0.5;-0.5;4.528268;1;Adaptation;15;1;;;;;
6.04;2;-0.25;2.061169;1;Adaptation;15;1;;;;;
6.06;-0.5;-0.5;3.245834;1;Adaptation;15;1;;;;;
6.08;-2;0.125;2.166364;1;Adaptation;15;1;;;;;
6.1;2;0;4.778987;1;Adaptation;15;1;;;;;
6.12;0;0;5.364211;1;Adaptation;15;1;;;;;
6.14;2;0.25;2.03621;1;Adaptation;15;1;;;;;
6.16;-0.5;-0.5;5.65521;1;Adaptation;15;1;;;;;
6.18;-0.5;-0.5;4.963849;1;Adaptation;15;1;;;;;
6.2;0;-0.125;5.063117;1;Adaptation;15;1;;;;;
6.22;-0.5;-0.5;5.371401;1;Adaptation;15;1;;;;;
6.24;-0.5;-0.5;5.491762;1;Adaptation;15;1;;;;;
6.26;2;0;3.784333;1;Adaptation;15;1;;;;;
6.28;2;0.125;2.820234;1;Adaptation;15;1;;;;;
6.3;-0.5;-0.5;5.11667;1;Adaptation;15;1;;;;;
6.32;0;-0.125;5.062034;1;Adaptation;15;1;;;;;
6.34;-0.5;-0.5;5.425571;1;Adaptation;15;1;;;;;
6.36;-0.5;-0.5;3.962532;1;Adaptation;15;1;;;;;
6.38;-0.5;-0.5;3.004632;1;Adaptation;15;1;;;;;
6.4;-0.5;-0.5;3.410916;1;Adaptation;15;1;;;;;
6.42;-2;-0.25;4.12018;1;Adaptation;15;1;;;;;
6.44;-0.5;-0.5;2.142516;1;Adaptation;15;1;;;;;
6.46;0;0.125;5.052434;1;Adaptation;15;1;;;;;
6.48;-0.5;-0.5;4.876989;1;Adaptation;15;1;;;;;
6.5;-0.5;-0.5;2.132565;1;Adaptation;15;1;;;;;
6.52;-0.5;-0.5;2.306929;1;Adaptation;15;1;;;;;
6.54;-0.5;-0.5;4.361879;1;Adaptation;15;1;;;;;
6.56;2;0;5.772471;1;Adaptation;15;1;;;;;
6.58;-0.5;-0.5;5.015409;1;Adaptation;15;1;;;;;
6.6;-0.5;-0.5;2.966802;1;Adaptation;15;1;;;;;
6.62;-0.5;-0.5;5.93264;1;Adaptation;15;1;;;;;
6.64;2;0;2.269023;1;Adaptation;15;1;;;;;
6.66;-0.5;-0.5;4.32725;1;Adaptation;15;1;;;;;
6.68;-0.5;-0.5;3.989022;1;Adaptation;15;1;;;;;
6.7;-0.5;-0.5;3.280076;1;Adaptation;15;1;;;;;
6.72;0;0;2.107777;1;Adaptation;15;1;;;;;
6.74;-0.5;-0.5;3.902961;1;Adaptation;15;1;;;;;
6.76;-0.5;-0.5;3.045306;1;Adaptation;15;1;;;;;
6.78;0;-0.125;2.969584;1;Adaptation;15;1;;;;;
6.8;-0.5;-0.5;5.802256;1;Adaptation;15;1;;;;;
6.82;2;0.125;3.912706;1;Adaptation;15;1;;;;;
6.84;-0.5;-0.5;5.421529;1;Adaptation;15;1;;;;;
6.86;-0.5;-0.5;4.606199;1;Adaptation;15;1;;;;;
6.88;-0.5;-0.5;5.187183;1;Adaptation;15;1;;;;;
6.9;-0.5;-0.5;2.248539;1;Adaptation;15;1;;;;;
6.92;-0.5;-0.5;3.47116;1;Adaptation;15;1;;;;;
6.94;-0.5;-0.5;5.03267;1;Adaptation;15;1;;;;;
6.96;-0.5;-0.5;5.564691;1;Adaptation;15;1;;;;;
6.98;-0.5;-0.5;3.443338;1;Adaptation;15;1;;;;;
7;-0.5;-0.5;3.37658;1;Adaptation;15;1;;;;;
7.02;-0.5;-0.5;3.3912;1;Adaptation;15;1;;;;;
7.04;-0.5;-0.5;5.242446;1;Adaptation;15;1;;;;;
7.06;-0.5;-0.5;2.491932;1;Adaptation;15;1;;;;;
7.08;-0.5;-0.5;2.512932;1;Adaptation;15;1;;;;;
7.1;-0.5;-0.5;2.316325;1;Adaptation;15;1;;;;;
7.12;0;0;4.228395;1;Adaptation;15;1;;;;;
7.14;0;0;5.526039;1;Adaptation;15;1;;;;;
7.16;-0.5;-0.5;3.753544;1;Adaptation;15;1;;;;;
7.18;-0.5;-0.5;3.949177;1;Adaptation;15;1;;;;;
7.2;0;-0.125;3.723271;1;Adaptation;15;1;;;;;
7.22;-0.5;-0.5;4.243798;1;Adaptation;15;1;;;;;
7.24;-0.5;-0.5;3.976505;1;Adaptation;15;1;;;;;
7.26;-0.5;-0.5;2.746067;1;Adaptation;15;1;;;;;
7.28;-0.5;-0.5;2.746909;1;Adaptation;15;1;;;;;
7.3;0;-0.125;3.96958;1;Adaptation;15;1;;;;;
7.32;-0.5;-0.5;4.166895;1;Adaptation;15;1;;;;;
7.34;-0.5;-0.5;2.151536;1;Adaptation;15;1;;;;;
7.36;0;0.25;4.016885;1;Adaptation;15;1;;;;;
7.38;-0.5;-0.5;4.770003;1;Adaptation;15;1;;;;;
7.4;-0.5;-0.5;3.702346;1;Adaptation;15;1;;;;;
7.42;0;-0.125;4.199702;1;Adaptation;15;1;;;;;
7.44;-0.5;-0.5;4.391942;1;Adaptation;15;1;;;;;
7.46;0;-0.125;3.74587;1;Adaptation;15;1;;;;;
7.48;-0.5;-0.5;2.5385;1;Adaptation;15;1;;;;;
7.5;0;0;4.754252;1;Adaptation;15;1;;;;;
7.52;-0.5;-0.5;3.750076;1;Adaptation;15;1;;;;;
7.54;-0.5;-0.5;2.828265;1;Adaptation;15;1;;;;;
7.56;-0.5;-0.5;3.33973;1;Adaptation;15;1;;;;;
7.58;-0.5;-0.5;2.873984;1;Adaptation;15;1;;;;;
7.6;-0.5;-0.5;3.719944;1;Adaptation;15;1;;;;;
7.62;-0.5;-0.5;3.648128;1;Adaptation;15;1;;;;;
7.64;-0.5;-0.5;3.010641;1;Adaptation;15;1;;;;;
7.66;-0.5;-0.5;2.731006;1;Adaptation;15;1;;;;;
7.68;0;-0.25;2.915325;1;Adaptation;15;1;;;;;
7.7;-0.5;-0.5;5.155018;1;Adaptation;15;1;;;;;
7.72;0;0;3.135574;1;Adaptation;15;1;;;;;
7.74;-0.5;-0.5;3.441267;1;Adaptation;15;1;;;;;
7.76;-0.5;-0.5;2.656443;1;Adaptation;15;1;;;;;
7.78;-0.5;-0.5;5.633008;1;Adaptation;15;1;;;;;
7.8;-0.5;-0.5;5.224613;1;Adaptation;15;1;;;;;
7.82;0;-0.125;3.467714;1;Adaptation;15;1;;;;;
7.84;-2;-0.25;4.151004;1;Adaptation;15;1;;;;;
7.86;-0.5;-0.5;5.502395;1;Adaptation;15;1;;;;;
7.88;-0.5;-0.5;3.344812;1;Adaptation;15;1;;;;;
7.9;-0.5;-0.5;5.833822;1;Adaptation;15;1;;;;;
7.92;-2;-0.125;4.38193;1;Adaptation;15;1;;;;;
7.94;-0.5;-0.5;4.910096;1;Adaptation;15;1;;;;;
7.96;-0.5;-0.5;5.947816;1;Adaptation;15;1;;;;;
7.98;-0.5;-0.5;3.855201;1;Adaptation;15;1;;;;;
8;-0.5;-0.5;3.374524;1;Adaptation;15;1;;;;;
8.02;-0.5;-0.5;2.232228;1;Adaptation;15;1;;;;;
8.04;-0.5;-0.5;2.439615;1;Adaptation;15;1;;;;;
8.059999;-0.5;-0.5;2.727668;1;Adaptation;15;1;;;;;
8.08;-0.5;-0.5;3.967222;1;Adaptation;15;1;;;;;
8.099999;-0.5;-0.5;5.36095;1;Adaptation;15;1;;;;;
8.12;-0.5;-0.5;3.694106;1;Adaptation;15;1;;;;;
8.139999;0;0.125;2.346138;1;Adaptation;15;1;;;;;
8.16;-0.5;-0.5;5.717241;1;Adaptation;15;1;;;;;
8.179999;-0.5;-0.5;4.053514;1;Adaptation;15;1;;;;;
8.2;0;0;5.410872;1;Adaptation;15;1;;;;;
8.22;-0.5;-0.5;5.112229;1;Adaptation;15;1;;;;;
8.24;-0.5;-0.5;4.148578;1;Adaptation;15;1;;;;;
8.26;2;0;5.055791;1;Adaptation;15;1;;;;;
8.28;0;0;4.387407;1;Adaptation;15;1;;;;;
8.3;-0.5;-0.5;3.239382;1;Adaptation;15;1;;;;;
8.32;0;-0.125;2.36335;1;Adaptation;15;1;;;;;
8.34;-0.5;-0.5;5.862731;1;Adaptation;15;1;;;;;
8.36;-0.5;-0.5;5.693752;1;Adaptation;15;1;;;;;
8.38;-0.5;-0.5;2.620136;1;Adaptation;15;1;;;;;
8.4;-0.5;-0.5;5.61011;1;Adaptation;15;1;;;;;
8.42;-0.5;-0.5;5.648449;1;Adaptation;15;1;;;;;
8.44;-0.5;-0.5;5.435912;1;Adaptation;15;1;;;;;
8.46;-2;-0.125;5.061698;1;Adaptation;15;1;;;;;
8.48;-0.5;-0.5;5.962183;1;Adaptation;15;1;;;;;
8.5;-0.5;-0.5;2.80882;1;Adaptation;15;1;;;;;
8.52;-2;0;2.518378;1;Adaptation;15;1;;;;;
8.54;-0.5;-0.5;4.870894;1;Adaptation;15;1;;;;;
8.559999;-0.5;-0.5;3.611181;1;Adaptation;15;1;;;;;
8.58;-2;-0.125;5.555977;1;Adaptation;15;1;;;;;
8.599999;0;-0.125;2.657825;1;Adaptation;15;1;;;;;
8.62;-0.5;-0.5;4.818685;1;Adaptation;15;1;;;;;
8.639999;-0.5;-0.5;5.150316;1;Adaptation;15;1;;;;;
8.66;-0.5;-0.5;2.795367;1;Adaptation;15;1;;;;;
8.679999;2;-0.125;5.060502;1;Adaptation;15;1;;;;;
8.7;-0.5;-0.5;2.784207;1;Adaptation;15;1;;;;;
8.72;-0.5;-0.5;3.476703;1;Adaptation;15;1;;;;;
8.74;0;0.125;5.963109;1;Adaptation;15;1;;;;;
8.76;-0.5;-0.5;2.306134;1;Adaptation;15;1;;;;;
8.78;-0.5;-0.5;5.265799;1;Adaptation;15;1;;;;;
8.8;-0.5;-0.5;3.224319;1;Adaptation;15;1;;;;;
8.82;-0.5;-0.5;3.255432;1;Adaptation;15;1;;;;;
8.84;0;0.25;3.396861;1;Adaptation;15;1;;;;;
8.86;-0.5;-0.5;2.230051;1;Adaptation;15;1;;;;;
8.88;-0.5;-0.5;2.238725;1;Adaptation;15;1;;;;;
8.9;-0.5;-0.5;3.01844;1;Adaptation;15;1;;;;;
8.92;-0.5;-0.5;2.381073;1;Adaptation;15;1;;;;;
8.94;-0.5;-0.5;4.699577;1;Adaptation;15;1;;;;;
8.96;-0.5;-0.5;2.099096;1;Adaptation;15;1;;;;;
8.98;-0.5;-0.5;4.148203;1;Adaptation;15;1;;;;;
9;-0.5;-0.5;5.472752;1;Adaptation;15;1;;;;;
9.02;-0.5;-0.5;5.788509;1;Adaptation;15;1;;;;;
9.04;-0.5;-0.5;4.229555;1;Adaptation;15;1;;;;;
9.059999;-0.5;-0.5;5.54405;1;Adaptation;15;1;;;;;
9.08;-0.5;-0.5;5.940845;1;Adaptation;15;1;;;;;
9.099999;0;0;3.912233;1;Adaptation;15;1;;;;;
9.12;-0.5;-0.5;5.032794;1;Adaptation;15;1;;;;;
9.139999;-0.5;-0.5;3.599685;1;Adaptation;15;1;;;;;
9.16;2;-0.125;4.330583;1;Adaptation;15;1;;;;;
9.179999;0;-0.125;4.07537;1;Adaptation;15;1;;;;;
9.2;-0.5;-0.5;4.649184;1;Adaptation;15;1;;;;;
9.22;-0.5;-0.5;3.440811;1;Adaptation;15;1;;;;;
9.24;-0.5;-0.5;2.946817;1;Adaptation;15;1;;;;;
9.26;-0.5;-0.5;2.856699;1;Adaptation;15;1;;;;;
9.28;-0.5;-0.5;2.301176;1;Adaptation;15;1;;;;;
9.3;-0.5;-0.5;3.434864;1;Adaptation;15;1;;;;;
9.32;-0.5;-0.5;2.817446;1;Adaptation;15;1;;;;;
9.34;-0.5;-0.5;3.559148;1;Adaptation;15;1;;;;;
9.36;-0.5;-0.5;3.177485;1;Adaptation;15;1;;;;;
9.38;-0.5;-0.5;2.043922;1;Adaptation;15;1;;;;;
9.4;-0.5;-0.5;2.48465;1;Adaptation;15;1;;;;;
9.42;-0.5;-0.5;2.413613;1;Adaptation;15;1;;;;;
9.44;-0.5;-0.5;4.119748;1;Adaptation;15;1;;;;;
9.46;-0.5;-0.5;4.811269;1;Adaptation;15;1;;;;;
9.48;-0.5;-0.5;2.184633;1;Adaptation;15;1;;;;;
9.5;2;0.125;4.837854;1;Adaptation;15;1;;;;;
9.52;-0.5;-0.5;4.426727;1;Adaptation;15;1;;;;;
9.54;-0.5;-0.5;3.080388;1;Adaptation;15;1;;;;;
9.559999;2;0.125;3.926212;1;Adaptation;15;1;;;;;
9.58;-0.5;-0.5;3.094559;1;Adaptation;15;1;;;;;
9.599999;-0.5;-0.5;5.116642;1;Adaptation;15;1;;;;;
9.62;-0.5;-0.5;3.689331;1;Adaptation;15;1;;;;;
9.639999;-0.5;-0.5;3.839939;1;Adaptation;15;1;;;;;
9.66;-0.5;-0.5;5.037989;1;Adaptation;15;1;;;;;
9.679999;-0.5;-0.5;4.116569;1;Adaptation;15;1;;;;;
9.7;-0.5;-0.5;4.692676;1;Adaptation;15;1;;;;;
9.719999;-0.5;-0.5;2.993052;1;Adaptation;15;1;;;;;
9.74;0;-0.125;4.31151;1;Adaptation;15;1;;;;;
9.76;-0.5;-0.5;2.706451;1;Adaptation;15;1;;;;;
9.78;-0.5;-0.5;4.665447;1;Adaptation;15;1;;;;;
9.8;-0.5;-0.5;2.400187;1;Adaptation;15;1;;;;;
9.82;-2;0.125;4.315047;1;Adaptation;15;1;;;;;
9.84;2;0.125;3.653122;1;Adaptation;15;1;;;;;
9.86;-0.5;-0.5;5.163485;1;Adaptation;15;1;;;;;
9.88;-0.5;-0.5;3.852165;1;Adaptation;15;1;;;;;
9.9;-0.5;-0.5;3.373802;1;Adaptation;15;1;;;;;
9.92;-0.5;-0.5;3.597598;1;Adaptation;15;1;;;;;
9.94;-0.5;-0.5;5.106718;1;Adaptation;15;1;;;;;
9.96;0;0;5.098007;1;Adaptation;15;1;;;;;
9.98;-0.5;-0.5;5.941035;1;Adaptation;15;1;;;;;
10;-0.5;-0.5;2.003614;1;Adaptation;15;1;;;;;
10.02;-0.5;-0.5;2.834686;1;Adaptation;15;1;;;;;
10.04;-0.5;-0.5;2.37457;1;Adaptation;15;1;;;;;
10.06;-0.5;-0.5;2.788345;1;Adaptation;15;1;;;;;
10.08;-0.5;-0.5;4.090184;1;Adaptation;15;1;;;;;
10.1;-0.5;-0.5;4.443137;1;Adaptation;15;1;;;;;
10.12;0;0;4.739759;1;Adaptation;15;1;;;;;
10.14;-0.5;-0.5;4.096375;1;Adaptation;15;1;;;;;
10.16;0;0;2.510865;1;Adaptation;15;1;;;;;
10.18;-0.5;-0.5;3.276031;1;Adaptation;15;1;;;;;
10.2;0;-0.125;3.623876;1;Adaptation;15;1;;;;;
10.22;-0.5;-0.5;2.611914;1;Adaptation;15;1;;;;;
10.24;-0.5;-0.5;3.57532;1;Adaptation;15;1;;;;;
10.26;-0.5;-0.5;3.564606;1;Adaptation;15;1;;;;;
10.28;-0.5;-0.5;3.685513;1;Adaptation;15;1;;;;;
10.3;-0.5;-0.5;5.596794;1;Adaptation;15;1;;;;;
10.32;-0.5;-0.5;4.857861;1;Adaptation;15;1;;;;;
10.34;-0.5;-0.5;4.623355;1;Adaptation;15;1;;;;;
10.36;-0.5;-0.5;5.354636;1;Adaptation;15;1;;;;;
10.38;-0.5;-0.5;4.837649;1;Adaptation;15;1;;;;;
10.4;-0.5;-0.5;3.459603;1;Adaptation;15;1;;;;;
10.42;-0.5;-0.5;2.963406;1;Adaptation;15;1;;;;;
10.44;0;0;2.056175;1;Adaptation;15;1;;;;;
10.46;-0.5;-0.5;3.604863;1;Adaptation;15;1;;;;;
10.48;-0.5;-0.5;4.262317;1;Adaptation;15;1;;;;;
10.5;0;0;2.412933;1;Adaptation;15;1;;;;;
10.52;-2;0;4.504261;1;Adaptation;15;1;;;;;
10.54;-0.5;-0.5;5.538221;1;Adaptation;15;1;;;;;
10.56;-0.5;-0.5;5.823227;1;Adaptation;15;1;;;;;
10.58;-0.5;-0.5;4.598227;1;Adaptation;15;1;;;;;
10.6;-2;0.125;4.721718;1;Adaptation;15;1;;;;;
10.62;0;0.25;2.492935;1;Adaptation;15;1;;;;;
10.64;-2;0.25;3.541469;1;Adaptation;15;1;;;;;
10.66;-0.5;-0.5;5.64821;1;Adaptation;15;1;;;;;
10.68;-0.5;-0.5;2.010868;1;Adaptation;15;1;;;;;
10.7;-0.5;-0.5;2.350588;1;Adaptation;15;1;;;;;
10.72;-0.5;-0.5;4.757359;1;Adaptation;15;1;;;;;
10.74;-0.5;-0.5;5.685693;1;Adaptation;15;1;;;;;
10.76;-0.5;-0.5;3.124496;1;Adaptation;15;1;;;;;
10.78;-0.5;-0.5;2.871708;1;Adaptation;15;1;;;;;
10.8;-0.5;-0.5;5.105218;1;Adaptation;15;1;;;;;
10.82;0;0.125;4.437815;1;Adaptation;15;1;;;;;
10.84;-0.5;-0.5;4.284064;1;Adaptation;15;1;;;;;
10.86;-0.5;-0.5;4.853296;1;Adaptation;15;1;;;;;
10.88;-0.5;-0.5;2.205115;1;Adaptation;15;1;;;;;
10.9;-0.5;-0.5;4.150474;1;Adaptation;15;1;;;;;
10.92;-0.5;-0.5;2.037573;1;Adaptation;15;1;;;;;
10.94;0;0.125;2.486784;1;Adaptation;15;1;;;;;
10.96;-2;0.125;5.513685;1;Adaptation;15;1;;;;;
10.98;-0.5;-0.5;4.534966;1;Adaptation;15;1;;;;;
11;-0.5;-0.5;3.215201;1;Adaptation;15;1;;;;;
11.02;-0.5;-0.5;4.322484;1;Adaptation;15;1;;;;;
11.04;-0.5;-0.5;5.693455;1;Adaptation;15;1;;;;;
11.06;0;0;3.201123;1;Adaptation;15;1;;;;;
11.08;-0.5;-0.5;5.062305;1;Adaptation;15;1;;;;;
11.1;0;-0.125;3.452478;1;Adaptation;15;1;;;;;
11.12;0;-0.125;3.712435;1;Adaptation;15;1;;;;;
11.14;-0.5;-0.5;5.073817;1;Adaptation;15;1;;;;;
11.16;-0.5;-0.5;5.373003;1;Adaptation;15;1;;;;;
11.18;2;0.125;3.614947;1;Adaptation;15;1;;;;;
11.2;-0.5;-0.5;5.055578;1;Adaptation;15;1;;;;;
11.22;0;0.125;4.848539;1;Adaptation;15;1;;;;;
11.24;-0.5;-0.5;2.741303;1;Adaptation;15;1;;;;;
11.26;-0.5;-0.5;2.055182;1;Adaptation;15;1;;;;;
11.28;-0.5;-0.5;3.09678;1;Adaptation;15;1;;;;;
11.3;0;-0.125;3.332032;1;Adaptation;15;1;;;;;
11.32;-0.5;-0.5;2.857943;1;Adaptation;15;1;;;;;
11.34;-0.5;-0.5;3.198749;1;Adaptation;15;1;;;;;
11.36;-0.5;-0.5;5.195715;1;Adaptation;15;1;;;;;
11.38;-0.5;-0.5;5.159236;1;Adaptation;15;1;;;;;
11.4;-0.5;-0.5;4.183543;1;Adaptation;15;1;;;;;
11.42;-0.5;-0.5;5.554719;1;Adaptation;15;1;;;;;
11.44;0;-0.125;4.945726;1;Adaptation;15;1;;;;;
11.46;0;0;5.664249;1;Adaptation;15;1;;;;;
11.48;0;0.125;3.630014;1;Adaptation;15;1;;;;;
11.5;0;0.25;2.835486;1;Adaptation;15;1;;;;;
11.52;-0.5;-0.5;5.466819;1;Adaptation;15;1;;;;;
11.54;-0.5;-0.5;5.035123;1;Adaptation;15;1;;;;;
11.56;-0.5;-0.5;5.366596;1;Adaptation;15;1;;;;;
11.58;2;0.25;4.276367;1;Adaptation;15;1;;;;;
11.6;-2;-0.125;2.87667;1;Adaptation;15;1;;;;;
11.62;-0.5;-0.5;3.844212;1;Adaptation;15;1;;;;;
11.64;-0.5;-0.5;4.353023;1;Adaptation;15;1;;;;;
11.66;-0.5;-0.5;2.382944;1;Adaptation;15;1;;;;;
11.68;-0.5;-0.5;3.345013;1;Adaptation;15;1;;;;;
11.7;-0.5;-0.5;4.784622;1;Adaptation;15;1;;;;;
11.72;-2;0;3.353986;1;Adaptation;15;1;;;;;
11.74;-0.5;-0.5;2.276998;1;Adaptation;15;1;;;;;
11.76;-0.5;-0.5;5.399932;1;Adaptation;15;1;;;;;
11.78;-0.5;-0.5;3.300999;1;Adaptation;15;1;;;;;
11.8;2;0.25;4.640716;1;Adaptation;15;1;;;;;
11.82;0;-0.25;3.679301;1;Adaptation;15;1;;;;;
11.84;-0.5;-0.5;4.244075;1;Adaptation;15;1;;;;;
11.86;2;0;5.913858;1;Adaptation;15;1;;;;;
11.88;-0.5;-0.5;2.032691;1;Adaptation;15;1;;;;;
11.9;-0.5;-0.5;2.494524;1;Adaptation;15;1;;;;;
11.92;2;0.125;4.404881;1;Adaptation;15;1;;;;;
11.94;0;0;2.555743;1;Adaptation;15;1;;;;;
11.96;-0.5;-0.5;5.543812;1;Adaptation;15;1;;;;;
11.98;0;-0.125;4.300843;1;Adaptation;15;1;;;;;
12;0;0;3.490045;1;Adaptation;15;1;;;;;
12.02;2;-0.25;5.592953;1;Adaptation;15;1;;;;;
12.04;0;-0.125;3.155831;1;Adaptation;15;1;;;;;
12.06;-0.5;-0.5;4.416832;1;Adaptation;15;1;;;;;
12.08;0;-0.125;5.889611;1;Adaptation;15;1;;;;;
12.1;-0.5;-0.5;3.135518;1;Adaptation;15;1;;;;;
12.12;-0.5;-0.5;4.726735;1;Adaptation;15;1;;;;;
12.14;0;-0.125;5.453428;1;Adaptation;15;1;;;;;
12.16;-0.5;-0.5;2.383652;1;Adaptation;15;1;;;;;
12.18;-0.5;-0.5;2.482505;1;Adaptation;15;1;;;;;
12.2;-0.5;-0.5;3.29154;1;Adaptation;15;1;;;;;
12.22;2;0;2.735604;1;Adaptation;15;1;;;;;
12.24;-0.5;-0.5;4.906888;1;Adaptation;15;1;;;;;
12.26;-0.5;-0.5;3.395825;1;Adaptation;15;1;;;;;
12.28;-0.5;-0.5;4.674799;1;Adaptation;15;1;;;;;
12.3;-0.5;-0.5;5.72584;1;Adaptation;15;1;;;;;
12.32;-0.5;-0.5;3.71939;1;Adaptation;15;1;;;;;
12.34;2;0.125;5.929477;1;Adaptation;15;1;;;;;
12.36;0;0;5.400855;1;Adaptation;15;1;;;;;
12.38;-0.5;-0.5;3.623965;1;Adaptation;15;1;;;;;
12.4;-0.5;-0.5;5.147663;1;Adaptation;15;1;;;;;
12.42;-0.5;-0.5;4.958456;1;Adaptation;15;1;;;;;
12.44;-0.5;-0.5;5.521468;1;Adaptation;15;1;;;;;
12.46;-0.5;-0.5;2.662677;1;Adaptation;15;1;;;;;
12.48;-0.5;-0.5;5.653685;1;Adaptation;15;1;;;;;
12.5;-0.5;-0.5;2.505263;1;Adaptation;15;1;;;;;
12.52;-0.5;-0.5;4.545569;1;Adaptation;15;1;;;;;
12.54;-0.5;-0.5;4.842412;1;Adaptation;15;1;;;;;
12.56;-0.5;-0.5;2.970865;1;Adaptation;15;1;;;;;
12.58;-0.5;-0.5;2.871123;1;Adaptation;15;1;;;;;
12.6;-0.5;-0.5;5.002768;1;Adaptation;15;1;;;;;
12.62;-0.5;-0.5;3.923726;1;Adaptation;15;1;;;;;
12.64;-0.5;-0.5;3.929911;1;Adaptation;15;1;;;;;
12.66;-0.5;-0.5;5.446034;1;Adaptation;15;1;;;;;
12.68;0;0;2.181686;1;Adaptation;15;1;;;;;
12.7;-0.5;-0.5;5.170891;1;Adaptation;15;1;;;;;
12.72;2;0;5.25175;1;Adaptation;15;1;;;;;
12.74;-0.5;-0.5;5.445565;1;Adaptation;15;1;;;;;
12.76;-0.5;-0.5;2.509137;1;Adaptation;15;1;;;;;
12.78;0;0;3.478969;1;Adaptation;15;1;;;;;
12.8;-0.5;-0.5;2.82302;1;Adaptation;15;1;;;;;
12.82;-0.5;-0.5;4.972374;1;Adaptation;15;1;;;;;
12.84;-0.5;-0.5;2.625694;1;Adaptation;15;1;;;;;
12.86;-0.5;-0.5;4.344685;1;Adaptation;15;1;;;;;
12.88;-0.5;-0.5;3.94;1;Adaptation;15;1;;;;;
12.9;-0.5;-0.5;5.884823;1;Adaptation;15;1;;;;;
12.92;-0.5;-0.5;3.491552;1;Adaptation;15;1;;;;;
12.94;-0.5;-0.5;5.930823;1;Adaptation;15;1;;;;;
12.96;-0.5;-0.5;4.29589;1;Adaptation;15;1;;;;;
12.98;-0.5;-0.5;5.825113;1;Adaptation;15;1;;;;;
13;-0.5;-0.5;5.906008;1;Adaptation;15;1;;;;;
13.02;-0.5;-0.5;5.826724;1;Adaptation;15;1;;;;;
13.04;-0.5;-0.5;2.896153;1;Adaptation;15;1;;;;;
13.06;0;0;4.308421;1;Adaptation;15;1;;;;;
13.08;-0.5;-0.5;4.942656;1;Adaptation;15;1;;;;;
13.1;-0.5;-0.5;2.750933;1;Adaptation;15;1;;;;;
13.12;-0.5;-0.5;3.68201;1;Adaptation;15;1;;;;;
13.14;-0.5;-0.5;2.168251;1;Adaptation;15;1;;;;;
13.16;-0.5;-0.5;2.140023;1;Adaptation;15;1;;;;;
13.18;0;0;2.343698;1;Adaptation;15;1;;;;;
13.2;-0.5;-0.5;3.483192;1;Adaptation;15;1;;;;;
13.22;-0.5;-0.5;5.898602;1;Adaptation;15;1;;;;;
13.24;0;0.125;3.525901;1;Adaptation;15;1;;;;;
13.26;-0.5;-0.5;3.786358;1;Adaptation;15;1;;;;;
13.28;0;0.125;3.542681;1;Adaptation;15;1;;;;;
13.3;-0.5;-0.5;2.533075;1;Adaptation;15;1;;;;;
13.32;-0.5;-0.5;3.635391;1;Adaptation;15;1;;;;;
13.34;0;0.125;2.813763;1;Adaptation;15;1;;;;;
13.36;2;-0.25;4.763045;1;Adaptation;15;1;;;;;
13.38;-0.5;-0.5;3.226724;1;Adaptation;15;1;;;;;
13.4;-0.5;-0.5;2.228119;1;Adaptation;15;1;;;;;
13.42;-0.5;-0.5;3.561213;1;Adaptation;15;1;;;;;
13.44;0;-0.25;5.137189;1;Adaptation;15;1;;;;;
13.46;-0.5;-0.5;5.447777;1;Adaptation;15;1;;;;;
13.48;-0.5;-0.5;4.170746;1;Adaptation;15;1;;;;;
13.5;-0.5;-0.5;5.193899;1;Adaptation;15;1;;;;;
13.52;0;0.125;4.382582;1;Adaptation;15;1;;;;;
13.54;-0.5;-0.5;4.948474;1;Adaptation;15;1;;;;;
13.56;-0.5;-0.5;5.213343;1;Adaptation;15;1;;;;;
13.58;-0.5;-0.5;5.724919;1;Adaptation;15;1;;;;;
13.6;-0.5;-0.5;3.446412;1;Adaptation;15;1;;;;;
13.62;-0.5;-0.5;3.847755;1;Adaptation;15;1;;;;;
13.64;-0.5;-0.5;5.864805;1;Adaptation;15;1;;;;;
13.66;-0.5;-0.5;4.850159;1;Adaptation;15;1;;;;;
13.68;-0.5;-0.5;2.832135;1;Adaptation;15;1;;;;;
13.7;0;0;4.260677;1;Adaptation;15;1;;;;;
13.72;-0.5;-0.5;3.798398;1;Adaptation;15;1;;;;;
13.74;-0.5;-0.5;2.438669;1;Adaptation;15;1;;;;;
13.76;-0.5;-0.5;3.436624;1;Adaptation;15;1;;;;;
13.78;-0.5;-0.5;3.531904;1;Adaptation;15;1;;;;;
13.8;-0.5;-0.5;2.493023;1;Adaptation;15;1;;;;;
13.82;-0.5;-0.5;5.812901;1;Adaptation;15;1;;;;;
13.84;-0.5;-0.5;3.145846;1;Adaptation;15;1;;;;;
13.86;0;0.125;5.460076;1;Adaptation;15;1;;;;;
13.88;-0.5;-0.5;2.176528;1;Adaptation;15;1;;;;;
13.9;-2;-0.125;4.469566;1;Adaptation;15;1;;;;;
13.92;-0.5;-0.5;4.38541;1;Adaptation;15;1;;;;;
13.94;0;-0.125;3.661285;1;Adaptation;15;1;;;;;
13.96;-0.5;-0.5;5.212624;1;Adaptation;15;1;;;;;
13.98;-0.5;-0.5;4.844693;1;Adaptation;15;1;;;;;
14;-0.5;-0.5;2.682684;1;Adaptation;15;1;;;;;
14.02;-0.5;-0.5;3.849283;1;Adaptation;15;1;;;;;
14.04;-0.5;-0.5;3.14769;1;Adaptation;15;1;;;;;
14.06;2;-0.125;3.09305;1;Adaptation;15;1;;;;;
14.08;-0.5;-0.5;3.464093;1;Adaptation;15;1;;;;;
14.1;-0.5;-0.5;5.574432;1;Adaptation;15;1;;;;;
14.12;-0.5;-0.5;5.606028;1;Adaptation;15;1;;;;;
14.14;0;0.125;2.742626;1;Adaptation;15;1;;;;;
14.16;-0.5;-0.5;4.887979;1;Adaptation;15;1;;;;;
14.18;-0.5;-0.5;3.419309;1;Adaptation;15;1;;;;;
14.2;-0.5;-0.5;2.864323;1;Adaptation;15;1;;;;;
14.22;-0.5;-0.5;3.357699;1;Adaptation;15;1;;;;;
14.24;-0.5;-0.5;4.614993;1;Adaptation;15;1;;;;;
14.26;2;0;3.248459;1;Adaptation;15;1;;;;;
14.28;-0.5;-0.5;2.130379;1;Adaptation;15;1;;;;;
14.3;-0.5;-0.5;2.921014;1;Adaptation;15;1;;;;;
14.32;-0.5;-0.5;5.167768;1;Adaptation;15;1;;;;;
14.34;-0.5;-0.5;2.622509;1;Adaptation;15;1;;;;;
14.36;-0.5;-0.5;4.833773;1;Adaptation;15;1;;;;;
14.38;-0.5;-0.5;3.177779;1;Adaptation;15;1;;;;;
14.4;-0.5;-0.5;4.214202;1;Adaptation;15;1;;;;;
14.42;0;0;4.705098;1;Adaptation;15;1;;;;;
14.44;-0.5;-0.5;4.081514;1;Adaptation;15;1;;;;;
14.46;-0.5;-0.5;3.880272;1;Adaptation;15;1;;;;;
14.48;0;0;2.481967;1;Adaptation;15;1;;;;;
14.5;-0.5;-0.5;3.209472;1;Adaptation;15;1;;;;;
14.52;-0.5;-0.5;4.85364;1;Adaptation;15;1;;;;;
14.54;-0.5;-0.5;5.123386;1;Adaptation;15;1;;;;;
14.56;0;-0.125;5.961868;1;Adaptation;15;1;;;;;
14.58;0;-0.125;3.717564;1;Adaptation;15;1;;;;;
14.6;-0.5;-0.5;2.310631;1;Adaptation;15;1;;;;;
14.62;-0.5;-0.5;2.026697;1;Adaptation;15;1;;;;;
14.64;-0.5;-0.5;4.509593;1;Adaptation;15;1;;;;;
14.66;-2;-0.375;4.022923;1;Adaptation;15;1;;;;;
14.68;-0.5;-0.5;2.111991;1;Adaptation;15;1;;;;;
14.7;-0.5;-0.5;3.633374;1;Adaptation;15;1;;;;;
14.72;-0.5;-0.5;4.892998;1;Adaptation;15;1;;;;;
14.74;-0.5;-0.5;4.972366;1;Adaptation;15;1;;;;;
14.76;-0.5;-0.5;3.932575;1;Adaptation;15;1;;;;;
14.78;0;0;5.67529;1;Adaptation;15;1;;;;;
14.8;-0.5;-0.5;2.530886;1;Adaptation;15;1;;;;;
14.82;-0.5;-0.5;5.394382;1;Adaptation;15;1;;;;;
14.84;0;-0.125;3.422671;1;Adaptation;15;1;;;;;
14.86;-0.5;-0.5;3.637057;1;Adaptation;15;1;;;;;
14.88;-0.5;-0.5;4.405547;1;Adaptation;15;1;;;;;
14.9;-0.5;-0.5;4.358934;1;Adaptation;15;1;;;;;
14.92;-0.5;-0.5;2.22723;1;Adaptation;15;1;;;;;
14.94;-2;0;2.141255;1;Adaptation;15;1;;;;;
14.96;-0.5;-0.5;4.318126;1;Adaptation;15;1;;;;;
14.98;0;0.125;3.325401;1;Adaptation;15;1;;;;;
15;-0.5;-0.5;3.654707;1;Adaptation;15;1;;;;;
15.02;-0.5;-0.5;3.760043;1;Adaptation;15;1;;;;;
15.04;-0.5;-0.5;5.889907;1;Adaptation;15;1;;;;;
15.06;-0.5;-0.5;5.707616;1;Adaptation;15;1;;;;;
15.08;0;0.125;2.446311;1;Adaptation;15;1;;;;;
15.1;-0.5;-0.5;3.809468;1;Adaptation;15;1;;;;;
15.12;-0.5;-0.5;5.061416;1;Adaptation;15;1;;;;;
15.14;-0.5;-0.5;3.14388;1;Adaptation;15;1;;;;;
15.16;-0.5;-0.5;3.01116;1;Adaptation;15;1;;;;;
15.18;-0.5;-0.5;2.305149;1;Adaptation;15;1;;;;;
15.2;-0.5;-0.5;5.244525;1;Adaptation;15;1;;;;;
15.22;-0.5;-0.5;2.397759;1;Adaptation;15;1;;;;;
15.24;-0.5;-0.5;5.251554;1;Adaptation;15;1;;;;;
15.26;-0.5;-0.5;5.960398;1;Adaptation;15;1;;;;;
15.28;-0.5;-0.5;5.082819;1;Adaptation;15;1;;;;;
15.3;-0.5;-0.5;4.311785;1;Adaptation;15;1;;;;;
15.32;-0.5;-0.5;3.036623;1;Adaptation;15;1;;;;;
15.34;-0.5;-0.5;4.25669;1;Adaptation;15;1;;;;;
15.36;2;-0.25;5.269058;1;Adaptation;15;1;;;;;
15.38;-0.5;-0.5;3.554319;1;Adaptation;15;1;;;;;
15.4;0;0;5.6075;1;Adaptation;15;1;;;;;
15.42;-0.5;-0.5;3.573239;1;Adaptation;15;1;;;;;
15.44;-0.5;-0.5;3.069866;1;Adaptation;15;1;;;;;
15.46;-0.5;-0.5;2.679674;1;Adaptation;15;1;;;;;
15.48;2;-0.125;5.073626;1;Adaptation;15;1;;;;;
15.5;0;0;4.873355;1;Adaptation;15;1;;;;;
15.52;-0.5;-0.5;5.780259;1;Adaptation;15;1;;;;;
15.54;-0.5;-0.5;2.131932;1;Adaptation;15;1;;;;;
15.56;-0.5;-0.5;5.903158;1;Adaptation;15;1;;;;;
15.58;0;-0.125;2.173051;1;Adaptation;15;1;;;;;
15.6;-0.5;-0.5;2.011657;1;Adaptation;15;1;;;;;
15.62;-0.5;-0.5;4.485981;1;Adaptation;15;1;;;;;
15.64;-0.5;-0.5;3.44974;1;Adaptation;15;1;;;;;
15.66;-0.5;-0.5;2.963093;1;Adaptation;15;1;;;;;
15.68;-0.5;-0.5;3.786796;1;Adaptation;15;1;;;;;
15.7;-0.5;-0.5;2.946536;1;Adaptation;15;1;;;;;
15.72;-0.5;-0.5;4.140578;1;Adaptation;15;1;;;;;
15.74;-0.5;-0.5;4.324009;1;Adaptation;15;1;;;;;
15.76;0;0.125;4.290664;1;Adaptation;15;1;;;;;
15.78;-0.5;-0.5;5.313799;1;Adaptation;15;1;;;;;
15.8;-0.5;-0.5;5.18456;1;Adaptation;15;1;;;;;
15.82;-0.5;-0.5;3.604606;1;Adaptation;15;1;;;;;
15.84;-0.5;-0.5;3.133337;1;Adaptation;15;1;;;;;
15.86;0;0;2.589807;1;Adaptation;15;1;;;;;
15.88;0;-0.125;4.333444;1;Adaptation;15;1;;;;;
15.9;-0.5;-0.5;3.883395;1;Adaptation;15;1;;;;;
15.92;-0.5;-0.5;3.761791;1;Adaptation;15;1;;;;;
15.94;-0.5;-0.5;4.656924;1;Adaptation;15;1;;;;;
15.96;-0.5;-0.5;4.104057;1;Adaptation;15;1;;;;;
15.98;0;-0.125;4.950404;1;Adaptation;15;1;;;;;
16;-0.5;-0.5;4.836179;1;Adaptation;15;1;;;;;
16.02;-0.5;-0.5;4.307257;1;Adaptation;15;1;;;;;
16.04;-0.5;-0.5;4.052137;1;Adaptation;15;1;;;;;
16.06;-0.5;-0.5;3.947711;1;Adaptation;15;1;;;;;
16.08;-0.5;-0.5;5.606693;1;Adaptation;15;1;;;;;
16.1;0;0;5.171272;1;Adaptation;15;1;;;;;
16.12;-0.5;-0.5;5.078051;1;Adaptation;15;1;;;;;
16.14;-2;-0.25;3.543217;1;Adaptation;15;1;;;;;
16.16;-0.5;-0.5;2.881769;1;Adaptation;15;1;;;;;
16.18;-0.5;-0.5;5.155475;1;Adaptation;15;1;;;;;
16.2;-0.5;-0.5;3.09577;1;Adaptation;15;1;;;;;
16.22;-0.5;-0.5;2.651587;1;Adaptation;15;1;;;;;
16.24;-0.5;-0.5;2.062606;1;Adaptation;15;1;;;;;
16.26;-2;0;2.64571;1;Adaptation;15;1;;;;;
16.28;-0.5;-0.5;3.020668;1;Adaptation;15;1;;;;;
16.3;-0.5;-0.5;5.283913;1;Adaptation;15;1;;;;;
16.32;-0.5;-0.5;2.019624;1;Adaptation;15;1;;;;;
16.34;-2;0;3.322275;1;Adaptation;15;1;;;;;
16.36;-0.5;-0.5;2.727561;1;Adaptation;15;1;;;;;
16.38;-0.5;-0.5;2.045494;1;Adaptation;15;1;;;;;
16.4;-0.5;-0.5;5.927565;1;Adaptation;15;1;;;;;
16.42;-0.5;-0.5;4.366945;1;Adaptation;15;1;;;;;
16.44;-0.5;-0.5;4.037918;1;Adaptation;15;1;;;;;
16.46;0;-0.25;4.503704;1;Adaptation;15;1;;;;;
16.48;-0.5;-0.5;2.653002;1;Adaptation;15;1;;;;;
16.5;-0.5;-0.5;5.070871;1;Adaptation;15;1;;;;;
16.52;-0.5;-0.5;5.930798;1;Adaptation;15;1;;;;;
16.54;-0.5;-0.5;2.429432;1;Adaptation;15;1;;;;;
16.56;-0.5;-0.5;2.464135;1;Adaptation;15;1;;;;;
16.58;-0.5;-0.5;5.636318;1;Adaptation;15;1;;;;;
16.6;-0.5;-0.5;3.754347;1;Adaptation;15;1;;;;;
16.62;0;0.125;3.471605;1;Adaptation;15;1;;;;;
16.64;-0.5;-0.5;2.654534;1;Adaptation;15;1;;;;;
16.66;-0.5;-0.5;2.147334;1;Adaptation;15;1;;;;;
16.68;-0.5;-0.5;4.82304;1;Adaptation;15;1;;;;;
16.7;-0.5;-0.5;4.847528;1;Adaptation;15;1;;;;;
16.72;-0.5;-0.5;2.384275;1;Adaptation;15;1;;;;;
16.74;-0.5;-0.5;4.94205;1;Adaptation;15;1;;;;;
16.76;-0.5;-0.5;2.790215;1;Adaptation;15;1;;;;;
16.78;2;0;3.375373;1;Adaptation;15;1;;;;;
16.8;-0.5;-0.5;4.624859;1;Adaptation;15;1;;;;;
16.82;-0.5;-0.5;3.776422;1;Adaptation;15;1;;;;;
16.84;-0.5;-0.5;2.307121;1;Adaptation;15;1;;;;;
16.86;-0.5;-0.5;3.093568;1;Adaptation;15;1;;;;;
16.88;0;-0.125;3.666833;1;Adaptation;15;1;;;;;
16.9;-0.5;-0.5;4.955434;1;Adaptation;15;1;;;;;
16.92;-0.5;-0.5;5.565645;1;Adaptation;15;1;;;;;
16.94;-0.5;-0.5;5.712368;1;Adaptation;15;1;;;;;
16.96;-0.5;-0.5;5.076324;1;Adaptation;15;1;;;;;
16.98;-0.5;-0.5;5.280904;1;Adaptation;15;1;;;;;
17;-0.5;-0.5;3.276553;1;Adaptation;15;1;;;;;
17.02;-0.5;-0.5;2.757606;1;Adaptation;15;1;;;;;
17.04;0;0.375;3.690657;1;Adaptation;15;1;;;;;
17.06;-0.5;-0.5;3.86125;1;Adaptation;15;1;;;;;
17.08;-0.5;-0.5;3.753763;1;Adaptation;15;1;;;;;
17.1;-0.5;-0.5;2.523991;1;Adaptation;15;1;;;;;
17.12;-0.5;-0.5;4.913974;1;Adaptation;15;1;;;;;
17.14;-0.5;-0.5;3.55566;1;Adaptation;15;1;;;;;
17.16;-0.5;-0.5;2.606895;1;Adaptation;15;1;;;;;
17.18;0;0;4.993081;1;Adaptation;15;1;;;;;
17.2;0;-0.125;5.843262;1;Adaptation;15;1;;;;;
17.22;-0.5;-0.5;3.317987;1;Adaptation;15;1;;;;;
17.24;-0.5;-0.5;4.093528;1;Adaptation;15;1;;;;;
17.26;-0.5;-0.5;4.591638;1;Adaptation;15;1;;;;;
17.28;-0.5;-0.5;3.557991;1;Adaptation;15;1;;;;;
17.3;-0.5;-0.5;5.550167;1;Adaptation;15;1;;;;;
17.32;-0.5;-0.5;3.238081;1;Adaptation;15;1;;;;;
17.34;-0.5;-0.5;5.283957;1;Adaptation;15;1;;;;;
17.36;-0.5;-0.5;4.784075;1;Adaptation;15;1;;;;;
17.38;-0.5;-0.5;4.329382;1;Adaptation;15;1;;;;;
17.4;2;0;5.301809;1;Adaptation;15;1;;;;;
17.42;-0.5;-0.5;3.836745;1;Adaptation;15;1;;;;;
17.44;-0.5;-0.5;3.988062;1;Adaptation;15;1;;;;;
17.46;-0.5;-0.5;5.650623;1;Adaptation;15;1;;;;;
17.48;0;0.25;2.60576;1;Adaptation;15;1;;;;;
17.5;-2;0;3.26431;1;Adaptation;15;1;;;;;
17.52;-0.5;-0.5;4.246426;1;Adaptation;15;1;;;;;
17.54;0;0.125;3.807852;1;Adaptation;15;1;;;;;
17.56;-0.5;-0.5;2.276487;1;Adaptation;15;1;;;;;
17.58;-0.5;-0.5;3.779346;1;Adaptation;15;1;;;;;
17.6;-0.5;-0.5;2.857925;1;Adaptation;15;1;;;;;
17.62;-0.5;-0.5;3.182018;1;Adaptation;15;1;;;;;
17.64;0;0.25;4.026567;1;Adaptation;15;1;;;;;
17.66;2;-0.125;3.29947;1;Adaptation;15;1;;;;;
17.68;0;0;2.974834;1;Adaptation;15;1;;;;;
17.7;2;0;4.384778;1;Adaptation;15;1;;;;;
17.72;0;0;5.887681;1;Adaptation;15;1;;;;;
17.74;0;-0.125;5.018208;1;Adaptation;15;1;;;;;
17.76;-0.5;-0.5;5.796366;1;Adaptation;15;1;;;;;
17.78;0;0.125;3.198105;1;Adaptation;15;1;;;;;
17.8;-0.5;-0.5;2.763489;1;Adaptation;15;1;;;;;
17.82;-0.5;-0.5;5.931452;1;Adaptation;15;1;;;;;
17.84;-0.5;-0.5;3.829718;1;Adaptation;15;1;;;;;
17.86;0;0.125;2.592377;1;Adaptation;15;1;;;;;
17.88;-0.5;-0.5;4.364335;1;Adaptation;15;1;;;;;
17.9;-0.5;-0.5;3.62041;1;Adaptation;15;1;;;;;
17.92;2;0.125;5.492826;1;Adaptation;15;1;;;;;
17.94;0;0.125;4.922843;1;Adaptation;15;1;;;;;
17.96;-0.5;-0.5;4.755329;1;Adaptation;15;1;;;;;
17.98;-0.5;-0.5;2.302202;1;Adaptation;15;1;;;;;
18;-0.5;-0.5;2.287;1;Adaptation;15;1;;;;;
18.02;-0.5;-0.5;2.919933;1;Adaptation;15;1;;;;;
18.04;-0.5;-0.5;2.824729;1;Adaptation;15;1;;;;;
18.06;-0.5;-0.5;4.64247;1;Adaptation;15;1;;;;;
18.08;-0.5;-0.5;4.641081;1;Adaptation;15;1;;;;;
18.1;-0.5;-0.5;2.642323;1;Adaptation;15;1;;;;;
18.12;-0.5;-0.5;2.434334;1;Adaptation;15;1;;;;;
18.14;-0.5;-0.5;5.081886;1;Adaptation;15;1;;;;;
18.16;-2;-0.125;2.204375;1;Adaptation;15;1;;;;;
18.18;-0.5;-0.5;4.923614;1;Adaptation;15;1;;;;;
18.2;2;-0.125;5.114593;1;Adaptation;15;1;;;;;
18.22;-0.5;-0.5;3.537537;1;Adaptation;15;1;;;;;
18.24;-0.5;-0.5;3.277442;1;Adaptation;15;1;;;;;
18.26;-0.5;-0.5;3.492233;1;Adaptation;15;1;;;;;
18.28;2;0.125;5.231443;1;Adaptation;15;1;;;;;
18.3;-0.5;-0.5;5.18155;1;Adaptation;15;1;;;;;
18.32;-0.5;-0.5;3.826658;1;Adaptation;15;1;;;;;
18.34;-0.5;-0.5;3.994992;1;Adaptation;15;1;;;;;
18.36;-0.5;-0.5;4.041618;1;Adaptation;15;1;;;;;
18.38;-2;0.25;5.276153;1;Adaptation;15;1;;;;;
18.4;-0.5;-0.5;2.488261;1;Adaptation;15;1;;;;;
18.42;-0.5;-0.5;2.04274;1;Adaptation;15;1;;;;;
18.44;-0.5;-0.5;3.20017;1;Adaptation;15;1;;;;;
18.46;-0.5;-0.5;5.953382;1;Adaptation;15;1;;;;;
18.48;-2;-0.125;5.259136;1;Adaptation;15;1;;;;;
18.5;-0.5;-0.5;4.354692;1;Adaptation;15;1;;;;;
18.52;0;0;3.73217;1;Adaptation;15;1;;;;;
18.54;-0.5;-0.5;3.030612;1;Adaptation;15;1;;;;;
18.56;-0.5;-0.5;4.141747;1;Adaptation;15;1;;;;;
18.58;-0.5;-0.5;5.033092;1;Adaptation;15;1;;;;;
18.6;-0.5;-0.5;3.350835;1;Adaptation;15;1;;;;;
18.62;-0.5;-0.5;4.053116;1;Adaptation;15;1;;;;;
18.64;-0.5;-0.5;3.584839;1;Adaptation;15;1;;;;;
18.66;-0.5;-0.5;4.300575;1;Adaptation;15;1;;;;;
18.68;-0.5;-0.5;3.794065;1;Adaptation;15;1;;;;;
18.7;-0.5;-0.5;3.516281;1;Adaptation;15;1;;;;;
18.72;-0.5;-0.5;5.624646;1;Adaptation;15;1;;;;;
18.74;-0.5;-0.5;5.604769;1;Adaptation;15;1;;;;;
18.76;-0.5;-0.5;3.087953;1;Adaptation;15;1;;;;;
18.78;-0.5;-0.5;2.952208;1;Adaptation;15;1;;;;;
18.8;-0.5;-0.5;3.643468;1;Adaptation;15;1;;;;;
18.82;-0.5;-0.5;5.324051;1;Adaptation;15;1;;;;;
18.84;-2;0;5.88009;1;Adaptation;15;1;;;;;
18.86;-0.5;-0.5;2.270784;1;Adaptation;15;1;;;;;
18.88;-0.5;-0.5;5.727624;1;Adaptation;15;1;;;;;
18.9;0;0.125;5.729339;1;Adaptation;15;1;;;;;
18.92;-0.5;-0.5;4.948535;1;Adaptation;15;1;;;;;
18.94;-0.5;-0.5;4.944623;1;Adaptation;15;1;;;;;
18.96;-0.5;-0.5;4.05242;1;Adaptation;15;1;;;;;
18.98;0;-0.125;3.09015;1;Adaptation;15;1;;;;;
19;0;0.25;4.103775;1;Adaptation;15;1;;;;;
19.02;-0.5;-0.5;4.75109;1;Adaptation;15;1;;;;;
19.04;-0.5;-0.5;2.699311;1;Adaptation;15;1;;;;;
19.06;-0.5;-0.5;4.350879;1;Adaptation;15;1;;;;;
19.08;-0.5;-0.5;3.711878;1;Adaptation;15;1;;;;;
19.1;-0.5;-0.5;3.762037;1;Adaptation;15;1;;;;;
19.12;-0.5;-0.5;5.514714;1;Adaptation;15;1;;;;;
19.14;-0.5;-0.5;5.787964;1;Adaptation;15;1;;;;;
19.16;-0.5;-0.5;3.151674;1;Adaptation;15;1;;;;;
19.18;-0.5;-0.5;4.747972;1;Adaptation;15;1;;;;;
19.2;2;0.375;4.809909;1;Adaptation;15;1;;;;;
19.22;-0.5;-0.5;4.247649;1;Adaptation;15;1;;;;;
19.24;-0.5;-0.5;5.702906;1;Adaptation;15;1;;;;;
19.26;-0.5;-0.5;4.118223;1;Adaptation;15;1;;;;;
19.28;-0.5;-0.5;2.985774;1;Adaptation;15;1;;;;;
19.3;-2;0;5.036754;1;Adaptation;15;1;;;;;
19.32;0;0.125;2.197882;1;Adaptation;15;1;;;;;
19.34;-2;-0.125;3.058224;1;Adaptation;15;1;;;;;
19.36;-0.5;-0.5;5.67114;1;Adaptation;15;1;;;;;
19.38;-0.5;-0.5;5.845457;1;Adaptation;15;1;;;;;
19.4;-0.5;-0.5;2.63222;1;Adaptation;15;1;;;;;
19.42;-0.5;-0.5;4.017435;1;Adaptation;15;1;;;;;
19.44;0;-0.125;4.000441;1;Adaptation;15;1;;;;;
19.46;-0.5;-0.5;5.490253;1;Adaptation;15;1;;;;;
19.48;-0.5;-0.5;4.742404;1;Adaptation;15;1;;;;;
19.5;2;0.25;2.155289;1;Adaptation;15;1;;;;;
19.52;-0.5;-0.5;4.327857;1;Adaptation;15;1;;;;;
19.54;-0.5;-0.5;2.698209;1;Adaptation;15;1;;;;;
19.56;-0.5;-0.5;2.361429;1;Adaptation;15;1;;;;;
19.58;-0.5;-0.5;4.90603;1;Adaptation;15;1;;;;;
19.6;-0.5;-0.5;3.458161;1;Adaptation;15;1;;;;;
19.62;-0.5;-0.5;2.044399;1;Adaptation;15;1;;;;;
19.64;-0.5;-0.5;5.077094;1;Adaptation;15;1;;;;;
19.66;-0.5;-0.5;3.87905;1;Adaptation;15;1;;;;;
19.68;-0.5;-0.5;3.6757;1;Adaptation;15;1;;;;;
19.7;-0.5;-0.5;3.632891;1;Adaptation;15;1;;;;;
19.72;-0.5;-0.5;4.399845;1;Adaptation;15;1;;;;;
19.74;-0.5;-0.5;2.931018;1;Adaptation;15;1;;;;;
19.76;0;0;5.744048;1;Adaptation;15;1;;;;;
19.78;-0.5;-0.5;3.021439;1;Adaptation;15;1;;;;;
19.8;-0.5;-0.5;4.857398;1;Adaptation;15;1;;;;;
19.82;-0.5;-0.5;2.353029;1;Adaptation;15;1;;;;;
19.84;2;0;5.523436;1;Adaptation;15;1;;;;;
19.86;-0.5;-0.5;4.063665;1;Adaptation;15;1;;;;;
19.88;-0.5;-0.5;4.770327;1;Adaptation;15;1;;;;;
19.9;-0.5;-0.5;5.822151;1;Adaptation;15;1;;;;;
19.92;-0.5;-0.5;4.551965;1;Adaptation;15;1;;;;;
19.94;-0.5;-0.5;4.8141;1;Adaptation;15;1;;;;;
19.96;-0.5;-0.5;2.64214;1;Adaptation;15;1;;;;;
19.98;-0.5;-0.5;5.609168;1;Adaptation;15;1;;;;;
20;-0.5;-0.5;2.925873;1;Adaptation;15;1;;;;;
20.02;0;0;5.858516;1;Adaptation;15;1;;;;;
20.04;-0.5;-0.5;5.158147;1;Adaptation;15;1;;;;;
20.06;-0.5;-0.5;4.67366;1;Adaptation;15;1;;;;;
20.08;0;0;4.640705;1;Adaptation;15;1;;;;;
20.1;-0.5;-0.5;3.798709;1;Adaptation;15;1;;;;;
20.12;-0.5;-0.5;5.966779;1;Adaptation;15;1;;;;;
20.14;-0.5;-0.5;4.54982;1;Adaptation;15;1;;;;;
20.16;-0.5;-0.5;4.237726;1;Adaptation;15;1;;;;;
20.18;-0.5;-0.5;3.340259;1;Adaptation;15;1;;;;;
20.2;-0.5;-0.5;4.067427;1;Adaptation;15;1;;;;;
20.22;-0.5;-0.5;2.029871;1;Adaptation;15;1;;;;;
20.24;2;0.125;5.441788;1;Adaptation;15;1;;;;;
20.26;-0.5;-0.5;2.775681;1;Adaptation;15;1;;;;;
20.28;0;0.25;3.720017;1;Adaptation;15;1;;;;;
20.3;-0.5;-0.5;4.884714;1;Adaptation;15;1;;;;;
20.32;-0.5;-0.5;4.883929;1;Adaptation;15;1;;;;;
20.34;-0.5;-0.5;4.647692;1;Adaptation;15;1;;;;;
20.36;-0.5;-0.5;2.555623;1;Adaptation;15;1;;;;;
20.38;2;0.125;2.834867;1;Adaptation;15;1;;;;;
20.4;-0.5;-0.5;3.864108;1;Adaptation;15;1;;;;;
20.42;-0.5;-0.5;3.414146;1;Adaptation;15;1;;;;;
20.44;0;0;4.471077;1;Adaptation;15;1;;;;;
20.46;-0.5;-0.5;4.568958;1;Adaptation;15;1;;;;;
20.48;0;0;5.745782;1;Adaptation;15;1;;;;;
20.5;-0.5;-0.5;2.770923;1;Adaptation;15;1;;;;;
20.52;-0.5;-0.5;5.566676;1;Adaptation;15;1;;;;;
20.54;-0.5;-0.5;2.450396;1;Adaptation;15;1;;;;;
20.56;0;-0.25;2.531819;1;Adaptation;15;1;;;;;
20.58;-0.5;-0.5;4.220201;1;Adaptation;15;1;;;;;
20.6;-0.5;-0.5;2.18897;1;Adaptation;15;1;;;;;
20.62;-0.5;-0.5;5.928756;1;Adaptation;15;1;;;;;
20.64;-0.5;-0.5;4.418005;1;Adaptation;15;1;;;;;
20.66;-0.5;-0.5;4.756297;1;Adaptation;15;1;;;;;
20.68;-0.5;-0.5;3.661838;1;Adaptation;15;1;;;;;
20.7;-0.5;-0.5;4.127294;1;Adaptation;15;1;;;;;
20.72;0;-0.125;4.338459;1;Adaptation;15;1;;;;;
20.74;-0.5;-0.5;3.536349;1;Adaptation;15;1;;;;;
20.76;-0.5;-0.5;3.275442;1;Adaptation;15;1;;;;;
20.78;-0.5;-0.5;2.953251;1;Adaptation;15;1;;;;;
20.8;-0.5;-0.5;2.529293;1;Adaptation;15;1;;;;;
20.82;-0.5;-0.5;3.538971;1;Adaptation;15;1;;;;;
20.84;0;0.25;2.78987;1;Adaptation;15;1;;;;;
20.86;2;-0.25;4.251916;1;Adaptation;15;1;;;;;
20.88;-0.5;-0.5;2.869259;1;Adaptation;15;1;;;;;
20.9;-0.5;-0.5;3.035254;1;Adaptation;15;1;;;;;
20.92;0;0;3.490354;1;Adaptation;15;1;;;;;
20.94;-2;0.25;4.641285;1;Adaptation;15;1;;;;;
20.96;-0.5;-0.5;5.874562;1;Adaptation;15;1;;;;;
20.98;-0.5;-0.5;2.879698;1;Adaptation;15;1;;;;;
21;-0.5;-0.5;3.456818;1;Adaptation;15;1;;;;;
21.02;0;0.125;2.153899;1;Adaptation;15;1;;;;;
21.04;2;0.25;3.8633;1;Adaptation;15;1;;;;;
21.06;0;0.125;4.015612;1;Adaptation;15;1;;;;;
21.08;-0.5;-0.5;5.558871;1;Adaptation;15;1;;;;;
21.1;-0.5;-0.5;5.416652;1;Adaptation;15;1;;;;;
21.12;0;0;3.917542;1;Adaptation;15;1;;;;;
21.14;-0.5;-0.5;3.779862;1;Adaptation;15;1;;;;;
21.16;-0.5;-0.5;4.717864;1;Adaptation;15;1;;;;;
21.18;-0.5;-0.5;5.47156;1;Adaptation;15;1;;;;;
21.2;-0.5;-0.5;3.823783;1;Adaptation;15;1;;;;;
21.22;-0.5;-0.5;4.988099;1;Adaptation;15;1;;;;;
21.24;2;0;4.15699;1;Adaptation;15;1;;;;;
21.26;-2;0;3.702324;1;Adaptation;15;1;;;;;
21.28;-0.5;-0.5;4.890306;1;Adaptation;15;1;;;;;
21.3;-0.5;-0.5;2.44582;1;Adaptation;15;1;;;;;
21.32;-0.5;-0.5;3.235236;1;Adaptation;15;1;;;;;
21.34;2;-0.125;2.516045;1;Adaptation;15;1;;;;;
21.36;-0.5;-0.5;3.194204;1;Adaptation;15;1;;;;;
21.38;-0.5;-0.5;4.724183;1;Adaptation;15;1;;;;;
21.4;2;0;4.853772;1;Adaptation;15;1;;;;;
21.42;0;0;2.496976;1;Adaptation;15;1;;;;;
21.44;-0.5;-0.5;2.467608;1;Adaptation;15;1;;;;;
21.46;2;0;4.02395;1;Adaptation;15;1;;;;;
21.48;-0.5;-0.5;3.613303;1;Adaptation;15;1;;;;;
21.5;-0.5;-0.5;4.172743;1;Adaptation;15;1;;;;;
21.52;-0.5;-0.5;4.493405;1;Adaptation;15;1;;;;;
21.54;-0.5;-0.5;2.897633;1;Adaptation;15;1;;;;;
21.56;-0.5;-0.5;4.325216;1;Adaptation;15;1;;;;;
21.58;-0.5;-0.5;2.386654;1;Adaptation;15;1;;;;;
21.6;-0.5;-0.5;3.778169;1;Adaptation;15;1;;;;;
21.62;-0.5;-0.5;2.614097;1;Adaptation;15;1;;;;;
21.64;-0.5;-0.5;2.282621;1;Adaptation;15;1;;;;;
21.66;-0.5;-0.5;4.669378;1;Adaptation;15;1;;;;;
21.68;-2;0.125;3.295085;1;Adaptation;15;1;;;;;
21.7;-0.5;-0.5;5.745289;1;Adaptation;15;1;;;;;
21.72;-0.5;-0.5;5.536281;1;Adaptation;15;1;;;;;
21.74;-0.5;-0.5;5.461027;1;Adaptation;15;1;;;;;
21.76;-0.5;-0.5;2.497819;1;Adaptation;15;1;;;;;
21.78;-0.5;-0.5;4.834025;1;Adaptation;15;1;;;;;
21.8;2;0;5.232526;1;Adaptation;15;1;;;;;
21.82;0;-0.125;3.282399;1;Adaptation;15;1;;;;;
21.84;-0.5;-0.5;3.669647;1;Adaptation;15;1;;;;;
21.86;0;-0.125;2.998414;1;Adaptation;15;1;;;;;
21.88;2;0.125;3.513987;1;Adaptation;15;1;;;;;
21.9;-0.5;-0.5;3.955152;1;Adaptation;15;1;;;;;
21.92;-0.5;-0.5;2.449431;1;Adaptation;15;1;;;;;
21.94;0;0;4.868043;1;Adaptation;15;1;;;;;
21.96;-0.5;-0.5;4.97373;1;Adaptation;15;1;;;;;
21.98;-0.5;-0.5;3.571696;1;Adaptation;15;1;;;;;
22;-0.5;-0.5;4.589687;1;Adaptation;15;1;;;;;
22.02;-2;0;3.32582;1;Adaptation;15;1;;;;;
22.04;0;-0.125;5.403989;1;Adaptation;15;1;;;;;
22.06;-0.5;-0.5;4.476858;1;Adaptation;15;1;;;;;
22.08;-0.5;-0.5;5.72637;1;Adaptation;15;1;;;;;
22.1;-0.5;-0.5;4.516542;1;Adaptation;15;1;;;;;
22.12;-0.5;-0.5;4.622882;1;Adaptation;15;1;;;;;
22.14;-0.5;-0.5;3.939407;1;Adaptation;15;1;;;;;
22.16;-0.5;-0.5;2.079333;1;Adaptation;15;1;;;;;
22.18;0;0.125;4.621819;1;Adaptation;15;1;;;;;
22.2;2;0.25;4.14925;1;Adaptation;15;1;;;;;
22.22;-0.5;-0.5;3.703617;1;Adaptation;15;1;;;;;
22.24;2;-0.125;3.299312;1;Adaptation;15;1;;;;;
22.26;-0.5;-0.5;4.353261;1;Adaptation;15;1;;;;;
22.28;-0.5;-0.5;4.166221;1;Adaptation;15;1;;;;;
22.3;-0.5;-0.5;3.28133;1;Adaptation;15;1;;;;;
22.32;-0.5;-0.5;4.744512;1;Adaptation;15;1;;;;;
22.34;-0.5;-0.5;2.649277;1;Adaptation;15;1;;;;;
22.36;-0.5;-0.5;2.534169;1;Adaptation;15;1;;;;;
22.38;-0.5;-0.5;3.453694;1;Adaptation;15;1;;;;;
22.4;0;-0.25;5.443451;1;Adaptation;15;1;;;;;
22.42;-0.5;-0.5;3.096865;1;Adaptation;15;1;;;;;
22.44;-0.5;-0.5;5.898259;1;Adaptation;15;1;;;;;
22.46;-0.5;-0.5;2.406117;1;Adaptation;15;1;;;;;
22.48;0;0;3.494508;1;Adaptation;15;1;;;;;
22.5;-0.5;-0.5;2.521662;1;Adaptation;15;1;;;;;
22.52;-0.5;-0.5;3.67675;1;Adaptation;15;1;;;;;
22.54;-0.5;-0.5;2.104654;1;Adaptation;15;1;;;;;
22.56;-0.5;-0.5;4.249149;1;Adaptation;15;1;;;;;
22.58;0;-0.125;5.705498;1;Adaptation;15;1;;;;;
22.6;-2;-0.125;4.180411;1;Adaptation;15;1;;;;;
22.62;-0.5;-0.5;4.12916;1;Adaptation;15;1;;;;;
22.64;-0.5;-0.5;5.677715;1;Adaptation;15;1;;;;;
22.66;-0.5;-0.5;3.070283;1;Adaptation;15;1;;;;;
22.68;-0.5;-0.5;3.097291;1;Adaptation;15;1;;;;;
22.7;-0.5;-0.5;3.039366;1;Adaptation;15;1;;;;;
22.72;-0.5;-0.5;4.94154;1;Adaptation;15;1;;;;;
22.74;-0.5;-0.5;2.571638;1;Adaptation;15;1;;;;;
22.76;-0.5;-0.5;3.414513;1;Adaptation;15;1;;;;;
22.78;-0.5;-0.5;2.005036;1;Adaptation;15;1;;;;;
22.8;-0.5;-0.5;2.363078;1;Adaptation;15;1;;;;;
22.82;-0.5;-0.5;2.493671;1;Adaptation;15;1;;;;;
22.84;-0.5;-0.5;4.677771;1;Adaptation;15;1;;;;;
22.86;2;0.25;5.571442;1;Adaptation;15;1;;;;;
22.88;-0.5;-0.5;2.97856;1;Adaptation;15;1;;;;;
22.9;0;-0.25;4.696331;1;Adaptation;15;1;;;;;
22.92;-0.5;-0.5;3.490995;1;Adaptation;15;1;;;;;
22.94;-0.5;-0.5;3.885624;1;Adaptation;15;1;;;;;
22.96;-0.5;-0.5;3.303656;1;Adaptation;15;1;;;;;
22.98;-0.5;-0.5;5.941042;1;Adaptation;15;1;;;;;
23;-0.5;-0.5;5.864295;1;Adaptation;15;1;;;;;
23.02;-2;0;5.793869;1;Adaptation;15;1;;;;;
23.04;-0.5;-0.5;5.595508;1;Adaptation;15;1;;;;;
23.06;-0.5;-0.5;5.744357;1;Adaptation;15;1;;;;;
23.08;-0.5;-0.5;2.734622;1;Adaptation;15;1;;;;;
23.1;0;-0.125;3.33704;1;Adaptation;15;1;;;;;
23.12;-0.5;-0.5;2.184225;1;Adaptation;15;1;;;;;
23.14;-0.5;-0.5;3.228065;1;Adaptation;15;1;;;;;
23.16;-0.5;-0.5;5.969611;1;Adaptation;15;1;;;;;
23.18;-0.5;-0.5;2.598551;1;Adaptation;15;1;;;;;
23.2;-0.5;-0.5;2.758735;1;Adaptation;15;1;;;;;
23.22;-0.5;-0.5;4.615934;1;Adaptation;15;1;;;;;
23.24;0;0.125;4.738314;1;Adaptation;15;1;;;;;
23.26;2;-0.125;5.12149;1;Adaptation;15;1;;;;;
23.28;-0.5;-0.5;3.124238;1;Adaptation;15;1;;;;;
23.3;0;0;4.001677;1;Adaptation;15;1;;;;;
23.32;-0.5;-0.5;4.724192;1;Adaptation;15;1;;;;;
23.34;-0.5;-0.5;5.137512;1;Adaptation;15;1;;;;;
23.36;0;0;3.457707;1;Adaptation;15;1;;;;;
23.38;-0.5;-0.5;4.328042;1;Adaptation;15;1;;;;;
23.4;-0.5;-0.5;4.914896;1;Adaptation;15;1;;;;;
23.42;-0.5;-0.5;4.955395;1;Adaptation;15;1;;;;;
23.44;-0.5;-0.5;4.705128;1;Adaptation;15;1;;;;;
23.46;-0.5;-0.5;4.651347;1;Adaptation;15;1;;;;;
23.48;2;0.25;5.972195;1;Adaptation;15;1;;;;;
23.5;0;0;5.253463;1;Adaptation;15;1;;;;;
23.52;0;-0.25;4.72731;1;Adaptation;15;1;;;;;
23.54;-0.5;-0.5;2.606781;1;Adaptation;15;1;;;;;
23.56;-0.5;-0.5;5.360167;1;Adaptation;15;1;;;;;
23.58;-0.5;-0.5;5.456923;1;Adaptation;15;1;;;;;
23.6;-0.5;-0.5;3.86392;1;Adaptation;15;1;;;;;
23.62;-0.5;-0.5;3.780752;1;Adaptation;15;1;;;;;
23.64;-0.5;-0.5;4.552645;1;Adaptation;15;1;;;;;
23.66;-0.5;-0.5;2.897797;1;Adaptation;15;1;;;;;
23.68;-0.5;-0.5;5.930226;1;Adaptation;15;1;;;;;
23.7;-0.5;-0.5;2.084451;1;Adaptation;15;1;;;;;
23.72;0;-0.125;2.945847;1;Adaptation;15;1;;;;;
23.74;-0.5;-0.5;3.094077;1;Adaptation;15;1;;;;;
;;;;;;;;;;;;
