time;pos_x_right;pos_y_right;dil_right;pos_x_left;pos_y_left;dil_left;brightness;state;fov;trial;;
0;-0.5;-0.5;3.005455;1;Adaptation;15;1;;;;;
0.02;-0.5;-0.5;3.073483;1;Adaptation;15;1;;;;;
0.04;-0.5;-0.5;4.540143;1;Adaptation;15;1;;;;;
0.06;-0.5;-0.5;4.384353;1;Adaptation;15;1;;;;;
0.08;-0.5;-0.5;2.317156;1;Adaptation;15;1;;;;;
0.09999999;-0.5;-0.5;3.785564;1;Adaptation;15;1;;;;;
0.12;-0.5;-0.5;4.778011;1;Adaptation;15;1;;;;;
0.14;-0.5;-0.5;3.97764;1;Adaptation;15;1;;;;;
0.16;-0.5;-0.5;3.922049;1;Adaptation;15;1;;;;;
0.18;-0.5;-0.5;5.922145;1;Adaptation;15;1;;;;;
0.2;-0.5;-0.5;5.150576;1;Adaptation;15;1;;;;;
0.22;-0.5;-0.5;5.170208;1;Adaptation;15;1;;;;;
0.24;-0.5;-0.5;5.723217;1;Adaptation;15;1;;;;;
0.26;-0.5;-0.5;3.288771;1;Adaptation;15;1;;;;;
0.28;-0.5;-0.5;2.142486;1;Adaptation;15;1;;;;;
0.3;-0.5;-0.5;3.001992;1;Adaptation;15;1;;;;;
0.32;-0.5;-0.5;4.490719;1;Adaptation;15;1;;;;;
0.34;-0.5;-0.5;5.567531;1;Adaptation;15;1;;;;;
0.36;0;-0.125;2.34523;1;Adaptation;15;1;;;;;
0.38;-0.5;-0.5;3.392948;1;Adaptation;15;1;;;;;
0.4;-0.5;-0.5;3.720156;1;Adaptation;15;1;;;;;
0.42;-0.5;-0.5;3.607;1;Adaptation;15;1;;;;;
0.44;-0.5;-0.5;3.820134;1;Adaptation;15;1;;;;;
0.46;-0.5;-0.5;4.423244;1;Adaptation;15;1;;;;;
0.48;-0.5;-0.5;4.145631;1;Adaptation;15;1;;;;;
0.5;0;0;4.659049;1;Adaptation;15;1;;;;;
0.52;0;0.125;3.975385;1;Adaptation;15;1;;;;;
0.54;0;0;3.602873;1;Adaptation;15;1;;;;;
0.56;-0.5;-0.5;5.726212;1;Adaptation;15;1;;;;;
0.58;-0.5;-0.5;3.863434;1;Adaptation;15;1;;;;;
0.6;-0.5;-0.5;3.802449;1;Adaptation;15;1;;;;;
0.62;-0.5;-0.5;3.656159;1;Adaptation;15;1;;;;;
0.64;-0.5;-0.5;5.419203;1;Adaptation;15;1;;;;;
0.66;-0.5;-0.5;3.491353;1;Adaptation;15;1;;;;;
0.68;-0.5;-0.5;3.213202;1;Adaptation;15;1;;;;;
0.7;-2;-0.125;5.481265;1;Adaptation;15;1;;;;;
0.72;-0.5;-0.5;5.266808;1;Adaptation;15;1;;;;;
0.74;-0.5;-0.5;3.120564;1;Adaptation;15;1;;;;;
0.76;-0.5;-0.5;4.080267;1;Adaptation;15;1;;;;;
0.78;-0.5;-0.5;2.205138;1;Adaptation;15;1;;;;;
0.8;-0.5;-0.5;4.815559;1;Adaptation;15;1;;;;;
0.82;-0.5;-0.5;2.051763;1;Adaptation;15;1;;;;;
0.84;-0.5;-0.5;5.884557;1;Adaptation;15;1;;;;;
0.86;-0.5;-0.5;4.493428;1;Adaptation;15;1;;;;;
0.88;2;0.125;3.386764;1;Adaptation;15;1;;;;;
0.9;-0.5;-0.5;2.783697;1;Adaptation;15;1;;;;;
0.92;-0.5;-0.5;3.340969;1;Adaptation;15;1;;;;;
0.94;-0.5;-0.5;3.910472;1;Adaptation;15;1;;;;;
0.96;-0.5;-0.5;4.59462;1;Adaptation;15;1;;;;;
0.98;2;0.25;5.246509;1;Adaptation;15;1;;;;;
1;-0.5;-0.5;4.458732;1;Adaptation;15;1;;;;;
1.02;0;0.125;5.449412;1;Adaptation;15;1;;;;;
1.04;2;0;3.737011;1;Adaptation;15;1;;;;;
1.06;-0.5;-0.5;4.626597;1;Adaptation;15;1;;;;;
1.08;4;0;5.523047;1;Adaptation;15;1;;;;;
1.1;-0.5;-0.5;5.577691;1;Adaptation;15;1;;;;;
1.12;-2;0;3.925636;1;Adaptation;15;1;;;;;
1.14;-2;-0.125;4.800834;1;Adaptation;15;1;;;;;
1.16;-0.5;-0.5;4.931798;1;Adaptation;15;1;;;;;
1.18;-0.5;-0.5;2.82031;1;Adaptation;15;1;;;;;
1.2;-0.5;-0.5;2.32383;1;Adaptation;15;1;;;;;
1.22;-0.5;-0.5;2.284978;1;Adaptation;15;1;;;;;
1.24;-0.5;-0.5;3.916111;1;Adaptation;15;1;;;;;
1.26;0;-0.125;2.908343;1;Adaptation;15;1;;;;;
1.28;-0.5;-0.5;2.553489;1;Adaptation;15;1;;;;;
1.3;-0.5;-0.5;5.766296;1;Adaptation;15;1;;;;;
1.32;2;0.125;4.681968;1;Adaptation;15;1;;;;;
1.34;-0.5;-0.5;3.247976;1;Adaptation;15;1;;;;;
1.36;-0.5;-0.5;3.904022;1;Adaptation;15;1;;;;;
1.38;2;0;4.451392;1;Adaptation;15;1;;;;;
1.4;-0.5;-0.5;3.112098;1;Adaptation;15;1;;;;;
1.42;-0.5;-0.5;2.343594;1;Adaptation;15;1;;;;;
1.44;-0.5;-0.5;3.039576;1;Adaptation;15;1;;;;;
1.46;0;0;5.681581;1;Adaptation;15;1;;;;;
1.48;-0.5;-0.5;4.355341;1;Adaptation;15;1;;;;;
1.5;2;0.25;2.768548;1;Adaptation;15;1;;;;;
1.52;-0.5;-0.5;5.679818;1;Adaptation;15;1;;;;;
1.54;0;0.125;3.812604;1;Adaptation;15;1;;;;;
1.56;0;0;5.451614;1;Adaptation;15;1;;;;;
1.58;-0.5;-0.5;3.341148;1;Adaptation;15;1;;;;;
1.6;-0.5;-0.5;5.924315;1;Adaptation;15;1;;;;;
1.62;-0.5;-0.5;5.52983;1;Adaptation;15;1;;;;;
1.64;-0.5;-0.5;4.353026;1;Adaptation;15;1;;;;;
1.66;-0.5;-0.5;3.738712;1;Adaptation;15;1;;;;;
1.68;-0.5;-0.5;4.978578;1;Adaptation;15;1;;;;;
1.7;2;0;2.810353;1;Adaptation;15;1;;;;;
1.72;0;0.125;2.69217;1;Adaptation;15;1;;;;;
1.74;-0.5;-0.5;4.339447;1;Adaptation;15;1;;;;;
1.76;-2;-0.125;2.137681;1;Adaptation;15;1;;;;;
1.78;-0.5;-0.5;4.358146;1;Adaptation;15;1;;;;;
1.8;-0.5;-0.5;3.866216;1;Adaptation;15;1;;;;;
1.82;0;-0.125;5.049313;1;Adaptation;15;1;;;;;
1.84;-0.5;-0.5;4.097062;1;Adaptation;15;1;;;;;
1.86;-0.5;-0.5;4.388771;1;Adaptation;15;1;;;;;
1.88;-0.5;-0.5;2.855597;1;Adaptation;15;1;;;;;
1.9;-0.5;-0.5;3.601665;1;Adaptation;15;1;;;;;
1.92;-0.5;-0.5;5.289348;1;Adaptation;15;1;;;;;
1.94;-0.5;-0.5;2.216921;1;Adaptation;15;1;;;;;
1.96;-0.5;-0.5;2.43255;1;Adaptation;15;1;;;;;
1.98;-0.5;-0.5;4.680798;1;Adaptation;15;1;;;;;
2;0;0.125;2.613077;1;Adaptation;15;1;;;;;
2.02;0;0.125;5.196019;1;Adaptation;15;1;;;;;
2.04;-0.5;-0.5;2.906281;1;Adaptation;15;1;;;;;
2.06;0;0;3.51493;1;Adaptation;15;1;;;;;
2.08;-0.5;-0.5;2.763149;1;Adaptation;15;1;;;;;
2.1;-0.5;-0.5;2.678984;1;Adaptation;15;1;;;;;
2.12;-0.5;-0.5;5.562395;1;Adaptation;15;1;;;;;
2.14;-0.5;-0.5;4.846943;1;Adaptation;15;1;;;;;
2.16;-0.5;-0.5;3.018163;1;Adaptation;15;1;;;;;
2.18;0;0.25;4.16042;1;Adaptation;15;1;;;;;
2.2;-0.5;-0.5;4.117895;1;Adaptation;15;1;;;;;
2.22;-0.5;-0.5;4.696336;1;Adaptation;15;1;;;;;
2.24;-0.5;-0.5;3.404746;1;Adaptation;15;1;;;;;
2.26;-0.5;-0.5;5.784053;1;Adaptation;15;1;;;;;
2.28;-0.5;-0.5;5.639449;1;Adaptation;15;1;;;;;
2.3;-0.5;-0.5;3.120695;1;Adaptation;15;1;;;;;
2.32;-0.5;-0.5;2.010379;1;Adaptation;15;1;;;;;
2.34;0;-0.125;5.46415;1;Adaptation;15;1;;;;;
2.36;-0.5;-0.5;5.02658;1;Adaptation;15;1;;;;;
2.38;-0.5;-0.5;4.348035;1;Adaptation;15;1;;;;;
2.4;-0.5;-0.5;3.275095;1;Adaptation;15;1;;;;;
2.42;-0.5;-0.5;2.360805;1;Adaptation;15;1;;;;;
2.44;-0.5;-0.5;2.796857;1;Adaptation;15;1;;;;;
2.46;-0.5;-0.5;3.90119;1;Adaptation;15;1;;;;;
2.48;-0.5;-0.5;3.366681;1;Adaptation;15;1;;;;;
2.5;-0.5;-0.5;5.482306;1;Adaptation;15;1;;;;;
2.52;-0.5;-0.5;3.772722;1;Adaptation;15;1;;;;;
2.54;-0.5;-0.5;5.990457;1;Adaptation;15;1;;;;;
2.56;-0.5;-0.5;5.449548;1;Adaptation;15;1;;;;;
2.58;-0.5;-0.5;2.372377;1;Adaptation;15;1;;;;;
2.6;-2;-0.125;3.022678;1;Adaptation;15;1;;;;;
2.62;0;-0.125;4.872741;1;Adaptation;15;1;;;;;
2.64;-0.5;-0.5;3.849586;1;Adaptation;15;1;;;;;
2.66;0;0.125;4.038206;1;Adaptation;15;1;;;;;
2.68;-0.5;-0.5;3.471292;1;Adaptation;15;1;;;;;
2.7;-0.5;-0.5;3.799876;1;Adaptation;15;1;;;;;
2.72;0;-0.25;2.480165;1;Adaptation;15;1;;;;;
2.74;-0.5;-0.5;4.754566;1;Adaptation;15;1;;;;;
2.76;0;-0.25;5.135097;1;Adaptation;15;1;;;;;
2.78;-0.5;-0.5;5.310523;1;Adaptation;15;1;;;;;
2.8;-0.5;-0.5;2.654774;1;Adaptation;15;1;;;;;
2.82;-0.5;-0.5;2.043601;1;Adaptation;15;1;;;;;
2.84;-0.5;-0.5;2.885931;1;Adaptation;15;1;;;;;
2.86;0;0.125;4.468716;1;Adaptation;15;1;;;;;
2.88;-0.5;-0.5;2.079766;1;Adaptation;15;1;;;;;
2.9;-0.5;-0.5;4.85953;1;Adaptation;15;1;;;;;
2.92;0;0;4.698543;1;Adaptation;15;1;;;;;
2.94;-2;-0.125;3.403801;1;Adaptation;15;1;;;;;
2.96;-0.5;-0.5;5.719746;1;Adaptation;15;1;;;;;
2.98;0;0;3.964213;1;Adaptation;15;1;;;;;
3;-0.5;-0.5;5.689519;1;Adaptation;15;1;;;;;
3.02;-2;-0.125;4.123956;1;Adaptation;15;1;;;;;
3.04;-0.5;-0.5;5.923069;1;Adaptation;15;1;;;;;
3.06;2;0;2.237442;1;Adaptation;15;1;;;;;
3.08;0;0.125;2.529897;1;Adaptation;15;1;;;;;
3.1;-0.5;-0.5;5.966604;1;Adaptation;15;1;;;;;
3.12;-2;0.125;3.726072;1;Adaptation;15;1;;;;;
3.14;0;-0.125;5.300272;1;Adaptation;15;1;;;;;
3.16;-0.5;-0.5;3.877927;1;Adaptation;15;1;;;;;
3.18;-2;0.125;4.424004;1;Adaptation;15;1;;;;;
3.2;2;-0.25;3.769904;1;Adaptation;15;1;;;;;
3.22;-0.5;-0.5;2.830165;1;Adaptation;15;1;;;;;
3.24;-0.5;-0.5;4.396074;1;Adaptation;15;1;;;;;
3.26;-0.5;-0.5;2.68057;1;Adaptation;15;1;;;;;
3.28;0;-0.125;5.769785;1;Adaptation;15;1;;;;;
3.3;-0.5;-0.5;5.880426;1;Adaptation;15;1;;;;;
3.32;-0.5;-0.5;4.501164;1;Adaptation;15;1;;;;;
3.34;0;0;2.09801;1;Adaptation;15;1;;;;;
3.36;-2;-0.125;2.364415;1;Adaptation;15;1;;;;;
3.38;-0.5;-0.5;2.555147;1;Adaptation;15;1;;;;;
3.4;0;0;3.043239;1;Adaptation;15;1;;;;;
3.42;0;-0.125;3.138729;1;Adaptation;15;1;;;;;
3.44;-0.5;-0.5;3.964145;1;Adaptation;15;1;;;;;
3.46;0;0;4.839842;1;Adaptation;15;1;;;;;
3.48;-0.5;-0.5;5.36215;1;Adaptation;15;1;;;;;
3.5;-0.5;-0.5;3.685934;1;Adaptation;15;1;;;;;
3.52;-0.5;-0.5;4.661707;1;Adaptation;15;1;;;;;
3.54;-0.5;-0.5;3.586143;1;Adaptation;15;1;;;;;
3.56;-0.5;-0.5;4.936195;1;Adaptation;15;1;;;;;
3.58;-0.5;-0.5;2.835655;1;Adaptation;15;1;;;;;
3.6;0;0;3.293158;1;Adaptation;15;1;;;;;
3.62;0;0;2.086021;1;Adaptation;15;1;;;;;
3.64;-0.5;-0.5;2.450371;1;Adaptation;15;1;;;;;
3.66;-0.5;-0.5;2.123502;1;Adaptation;15;1;;;;;
3.68;-0.5;-0.5;2.456414;1;Adaptation;15;1;;;;;
3.7;0;0.125;5.695054;1;Adaptation;15;1;;;;;
3.72;-0.5;-0.5;4.30208;1;Adaptation;15;1;;;;;
3.74;-0.5;-0.5;4.560333;1;Adaptation;15;1;;;;;
3.76;-0.5;-0.5;5.724903;1;Adaptation;15;1;;;;;
3.78;-0.5;-0.5;3.086715;1;Adaptation;15;1;;;;;
3.8;0;-0.125;4.218762;1;Adaptation;15;1;;;;;
3.82;-0.5;-0.5;5.140942;1;Adaptation;15;1;;;;;
3.84;-0.5;-0.5;4.963442;1;Adaptation;15;1;;;;;
3.86;-0.5;-0.5;3.400487;1;Adaptation;15;1;;;;;
3.88;2;0.25;3.783675;1;Adaptation;15;1;;;;;
3.9;0;-0.375;3.501542;1;Adaptation;15;1;;;;;
3.92;-0.5;-0.5;4.403514;1;Adaptation;15;1;;;;;
3.94;-0.5;-0.5;2.533042;1;Adaptation;15;1;;;;;
3.96;2;-0.375;5.677464;1;Adaptation;15;1;;;;;
3.98;0;0;3.909394;1;Adaptation;15;1;;;;;
4;-0.5;-0.5;5.011475;1;Adaptation;15;1;;;;;
4.02;2;0;2.712555;1;Adaptation;15;1;;;;;
4.04;-0.5;-0.5;4.022797;1;Adaptation;15;1;;;;;
4.06;-0.5;-0.5;2.038846;1;Adaptation;15;1;;;;;
4.08;2;-0.125;5.210034;1;Adaptation;15;1;;;;;
4.1;-0.5;-0.5;3.19944;1;Adaptation;15;1;;;;;
;;;;;;;;;;;;
