time;pos_x_right;pos_y_right;dil_right;pos_x_left;pos_y_left;dil_left;brightness;state;fov;trial;;
0;0;-0.125;3.827283;1;Adaptation;15;1;;;;;
0.02;0;-0.125;4.568302;1;Adaptation;15;1;;;;;
0.04;-0.5;-0.5;4.987184;1;Adaptation;15;1;;;;;
0.06;-0.5;-0.5;4.637736;1;Adaptation;15;1;;;;;
0.08;-0.5;-0.5;2.080939;1;Adaptation;15;1;;;;;
0.09999999;-0.5;-0.5;4.3887;1;Adaptation;15;1;;;;;
0.12;-0.5;-0.5;3.205867;1;Adaptation;15;1;;;;;
0.14;-0.5;-0.5;4.073448;1;Adaptation;15;1;;;;;
0.16;-0.5;-0.5;2.827703;1;Adaptation;15;1;;;;;
0.18;-0.5;-0.5;4.075424;1;Adaptation;15;1;;;;;
0.2;-0.5;-0.5;3.57695;1;Adaptation;15;1;;;;;
0.22;-0.5;-0.5;3.546395;1;Adaptation;15;1;;;;;
0.24;-0.5;-0.5;3.086033;1;Adaptation;15;1;;;;;
0.26;-0.5;-0.5;2.991812;1;Adaptation;15;1;;;;;
0.28;-0.5;-0.5;2.496419;1;Adaptation;15;1;;;;;
0.3;-0.5;-0.5;2.411348;1;Adaptation;15;1;;;;;
0.32;-0.5;-0.5;2.06611;1;Adaptation;15;1;;;;;
0.34;-0.5;-0.5;3.234469;1;Adaptation;15;1;;;;;
0.36;0;0.125;5.986276;1;Adaptation;15;1;;;;;
0.38;0;0.125;2.411383;1;Adaptation;15;1;;;;;
0.4;-0.5;-0.5;2.211555;1;Adaptation;15;1;;;;;
0.42;-0.5;-0.5;3.210237;1;Adaptation;15;1;;;;;
0.44;-0.5;-0.5;4.319486;1;Adaptation;15;1;;;;;
0.46;-0.5;-0.5;5.235827;1;Adaptation;15;1;;;;;
0.48;0;0;4.519837;1;Adaptation;15;1;;;;;
0.5;0;0.1875;4.791191;1;Adaptation;15;1;;;;;
0.52;0;0.0625;5.795555;1;Adaptation;15;1;;;;;
0.54;-2;0.0625;5.583093;1;Adaptation;15;1;;;;;
0.56;-0.5;-0.5;4.030351;1;Adaptation;15;1;;;;;
0.58;-2;-0.125;4.272936;1;Adaptation;15;1;;;;;
0.6;-0.5;-0.5;4.694875;1;Adaptation;15;1;;;;;
0.62;0;0.125;4.403949;1;Adaptation;15;1;;;;;
0.64;0;0;2.594005;1;Adaptation;15;1;;;;;
0.66;-2;-0.1875;4.903264;1;Adaptation;15;1;;;;;
0.68;-0.5;-0.5;4.983805;1;Adaptation;15;1;;;;;
0.7;-0.5;-0.5;5.598958;1;Adaptation;15;1;;;;;
0.72;-0.5;-0.5;5.923167;1;Adaptation;15;1;;;;;
0.74;-0.5;-0.5;2.928641;1;Adaptation;15;1;;;;;
0.76;-0.5;-0.5;4.847263;1;Adaptation;15;1;;;;;
0.78;-0.5;-0.5;5.956635;1;Adaptation;15;1;;;;;
0.8;-0.5;-0.5;3.608176;1;Adaptation;15;1;;;;;
0.82;0;0;2.691595;1;Adaptation;15;1;;;;;
0.84;-0.5;-0.5;4.040217;1;Adaptation;15;1;;;;;
0.86;-0.5;-0.5;5.590535;1;Adaptation;15;1;;;;;
0.88;-0.5;-0.5;2.99332;1;Adaptation;15;1;;;;;
0.9;2;-0.125;5.904213;1;Adaptation;15;1;;;;;
0.92;-0.5;-0.5;5.524082;1;Adaptation;15;1;;;;;
0.94;2;-0.125;3.433355;1;Adaptation;15;1;;;;;
0.96;-0.5;-0.5;3.900602;1;Adaptation;15;1;;;;;
0.98;-0.5;-0.5;2.135504;1;Adaptation;15;1;;;;;
1;-0.5;-0.5;4.81221;1;Adaptation;15;1;;;;;
1.02;-0.5;-0.5;4.589749;1;Adaptation;15;1;;;;;
1.04;2;0.25;2.611855;1;Adaptation;15;1;;;;;
1.06;-0.5;-0.5;3.90298;1;Adaptation;15;1;;;;;
1.08;-0.5;-0.5;4.902696;1;Adaptation;15;1;;;;;
1.1;-0.5;-0.5;5.028277;1;Adaptation;15;1;;;;;
1.12;-0.5;-0.5;5.052387;1;Adaptation;15;1;;;;;
1.14;-0.5;-0.5;4.138014;1;Adaptation;15;1;;;;;
1.16;-2;0;2.451741;1;Adaptation;15;1;;;;;
1.18;-0.5;-0.5;4.947445;1;Adaptation;15;1;;;;;
1.2;0;0.1875;2.493922;1;Adaptation;15;1;;;;;
1.22;-0.5;-0.5;2.096202;1;Adaptation;15;1;;;;;
1.24;-0.5;-0.5;4.745293;1;Adaptation;15;1;;;;;
1.26;0;0.1875;2.921876;1;Adaptation;15;1;;;;;
1.28;-0.5;-0.5;4.794672;1;Adaptation;15;1;;;;;
1.3;0;0.125;2.737516;1;Adaptation;15;1;;;;;
1.32;-0.5;-0.5;4.212928;1;Adaptation;15;1;;;;;
1.34;0;-0.25;4.021648;1;Adaptation;15;1;;;;;
1.36;-0.5;-0.5;5.700808;1;Adaptation;15;1;;;;;
1.38;-0.5;-0.5;2.169001;1;Adaptation;15;1;;;;;
1.4;-0.5;-0.5;4.771891;1;Adaptation;15;1;;;;;
1.42;-0.5;-0.5;5.106769;1;Adaptation;15;1;;;;;
1.44;-0.5;-0.5;2.905814;1;Adaptation;15;1;;;;;
1.46;2;0.1875;2.763733;1;Adaptation;15;1;;;;;
1.48;-0.5;-0.5;4.384428;1;Adaptation;15;1;;;;;
1.5;-0.5;-0.5;3.588503;1;Adaptation;15;1;;;;;
1.52;-0.5;-0.5;4.469538;1;Adaptation;15;1;;;;;
1.54;-0.5;-0.5;3.825624;1;Adaptation;15;1;;;;;
1.56;-0.5;-0.5;2.41902;1;Adaptation;15;1;;;;;
1.58;-0.5;-0.5;2.888627;1;Adaptation;15;1;;;;;
1.6;0;0.0625;5.806104;1;Adaptation;15;1;;;;;
1.62;-0.5;-0.5;4.355448;1;Adaptation;15;1;;;;;
1.64;-0.5;-0.5;3.8665;1;Adaptation;15;1;;;;;
1.66;-0.5;-0.5;5.670653;1;Adaptation;15;1;;;;;
1.68;-0.5;-0.5;5.691944;1;Adaptation;15;1;;;;;
1.7;2;-0.0625;3.5547;1;Adaptation;15;1;;;;;
1.72;-0.5;-0.5;3.542196;1;Adaptation;15;1;;;;;
1.74;-2;-0.0625;2.431569;1;Adaptation;15;1;;;;;
1.76;0;0;5.666918;1;Adaptation;15;1;;;;;
1.78;-0.5;-0.5;5.75022;1;Adaptation;15;1;;;;;
1.8;-0.5;-0.5;5.125842;1;Adaptation;15;1;;;;;
1.82;-0.5;-0.5;4.795544;1;Adaptation;15;1;;;;;
1.84;0;0;2.071257;1;Adaptation;15;1;;;;;
1.86;0;0.1875;4.332379;1;Adaptation;15;1;;;;;
1.88;0;-0.1875;5.340571;1;Adaptation;15;1;;;;;
1.9;-0.5;-0.5;3.147541;1;Adaptation;15;1;;;;;
1.92;-0.5;-0.5;2.208476;1;Adaptation;15;1;;;;;
1.94;-0.5;-0.5;2.853623;1;Adaptation;15;1;;;;;
1.96;-0.5;-0.5;4.955976;1;Adaptation;15;1;;;;;
1.98;2;0.3125;2.822378;1;Adaptation;15;1;;;;;
2;-0.5;-0.5;4.823627;1;Adaptation;15;1;;;;;
2.02;-0.5;-0.5;5.866971;1;Adaptation;15;1;;;;;
2.04;0;0;2.618551;1;Adaptation;15;1;;;;;
2.06;-0.5;-0.5;4.381717;1;Adaptation;15;1;;;;;
2.08;-0.5;-0.5;3.615507;1;Adaptation;15;1;;;;;
2.1;-0.5;-0.5;5.159502;1;Adaptation;15;1;;;;;
2.12;-0.5;-0.5;5.468353;1;Adaptation;15;1;;;;;
2.14;-0.5;-0.5;4.610133;1;Adaptation;15;1;;;;;
2.16;-0.5;-0.5;4.691352;1;Adaptation;15;1;;;;;
2.18;-0.5;-0.5;3.564386;1;Adaptation;15;1;;;;;
2.2;-0.5;-0.5;4.300939;1;Adaptation;15;1;;;;;
2.22;-0.5;-0.5;4.970543;1;Adaptation;15;1;;;;;
2.24;-0.5;-0.5;2.21699;1;Adaptation;15;1;;;;;
2.26;-2;0.1875;5.016445;1;Adaptation;15;1;;;;;
2.28;-0.5;-0.5;4.070464;1;Adaptation;15;1;;;;;
2.3;0;0;3.749417;1;Adaptation;15;1;;;;;
2.32;-0.5;-0.5;3.217908;1;Adaptation;15;1;;;;;
2.34;-2;-0.125;3.683676;1;Adaptation;15;1;;;;;
2.36;-0.5;-0.5;5.608306;1;Adaptation;15;1;;;;;
2.38;-0.5;-0.5;4.333994;1;Adaptation;15;1;;;;;
2.4;-0.5;-0.5;2.332113;1;Adaptation;15;1;;;;;
2.42;-0.5;-0.5;3.163449;1;Adaptation;15;1;;;;;
2.44;-0.5;-0.5;3.669286;1;Adaptation;15;1;;;;;
2.46;-0.5;-0.5;5.740939;1;Adaptation;15;1;;;;;
2.48;-0.5;-0.5;2.714993;1;Adaptation;15;1;;;;;
2.5;-0.5;-0.5;2.586284;1;Adaptation;15;1;;;;;
2.52;2;0;4.564334;1;Adaptation;15;1;;;;;
2.54;-0.5;-0.5;3.688496;1;Adaptation;15;1;;;;;
2.56;0;0;2.425193;1;Adaptation;15;1;;;;;
2.58;0;-0.1875;2.664185;1;Adaptation;15;1;;;;;
2.6;-0.5;-0.5;4.990281;1;Adaptation;15;1;;;;;
2.62;-0.5;-0.5;4.461745;1;Adaptation;15;1;;;;;
2.64;-0.5;-0.5;2.162829;1;Adaptation;15;1;;;;;
2.66;0;-0.0625;3.720134;1;Adaptation;15;1;;;;;
2.68;-0.5;-0.5;4.129277;1;Adaptation;15;1;;;;;
2.7;-2;0.1875;2.312765;1;Adaptation;15;1;;;;;
2.72;-0.5;-0.5;3.845065;1;Adaptation;15;1;;;;;
2.74;2;0.1875;5.10421;1;Adaptation;15;1;;;;;
2.76;-0.5;-0.5;2.57619;1;Adaptation;15;1;;;;;
2.78;-0.5;-0.5;4.006778;1;Adaptation;15;1;;;;;
2.8;-0.5;-0.5;5.286877;1;Adaptation;15;1;;;;;
2.82;-0.5;-0.5;4.572972;1;Adaptation;15;1;;;;;
2.84;-0.5;-0.5;5.432207;1;Adaptation;15;1;;;;;
2.86;-0.5;-0.5;4.73636;1;Adaptation;15;1;;;;;
2.88;0;0;4.143675;1;Adaptation;15;1;;;;;
2.9;-0.5;-0.5;2.131097;1;Adaptation;15;1;;;;;
2.92;-0.5;-0.5;2.372598;1;Adaptation;15;1;;;;;
2.94;-0.5;-0.5;5.330175;1;Adaptation;15;1;;;;;
2.96;-0.5;-0.5;2.671123;1;Adaptation;15;1;;;;;
2.98;0;0;4.108777;1;Adaptation;15;1;;;;;
3;-0.5;-0.5;2.018119;1;Adaptation;15;1;;;;;
3.02;-0.5;-0.5;2.371173;1;Adaptation;15;1;;;;;
3.04;0;-0.125;5.193718;1;Adaptation;15;1;;;;;
3.06;-0.5;-0.5;5.098924;1;Adaptation;15;1;;;;;
3.08;-0.5;-0.5;2.671978;1;Adaptation;15;1;;;;;
3.1;-0.5;-0.5;2.481601;1;Adaptation;15;1;;;;;
3.12;-0.5;-0.5;3.659363;1;Adaptation;15;1;;;;;
3.14;-0.5;-0.5;3.26419;1;Adaptation;15;1;;;;;
3.16;-0.5;-0.5;2.140157;1;Adaptation;15;1;;;;;
3.18;-0.5;-0.5;5.751164;1;Adaptation;15;1;;;;;
3.2;-0.5;-0.5;4.871538;1;Adaptation;15;1;;;;;
3.22;0;0;4.957522;1;Adaptation;15;1;;;;;
3.24;0;-0.0625;4.567539;1;Adaptation;15;1;;;;;
3.26;-0.5;-0.5;3.634769;1;Adaptation;15;1;;;;;
3.28;-0.5;-0.5;3.889019;1;Adaptation;15;1;;;;;
3.3;-0.5;-0.5;5.780197;1;Adaptation;15;1;;;;;
3.32;-0.5;-0.5;3.563519;1;Adaptation;15;1;;;;;
3.34;0;0;2.02889;1;Adaptation;15;1;;;;;
3.36;-0.5;-0.5;5.554459;1;Adaptation;15;1;;;;;
3.38;-0.5;-0.5;3.835579;1;Adaptation;15;1;;;;;
3.4;0;0;2.14518;1;Adaptation;15;1;;;;;
3.42;-0.5;-0.5;4.24623;1;Adaptation;15;1;;;;;
3.44;-0.5;-0.5;4.578061;1;Adaptation;15;1;;;;;
3.46;-0.5;-0.5;5.914703;1;Adaptation;15;1;;;;;
3.48;-0.5;-0.5;5.977481;1;Adaptation;15;1;;;;;
3.5;-2;0.1875;5.641098;1;Adaptation;15;1;;;;;
3.52;0;0;4.477537;1;Adaptation;15;1;;;;;
3.54;-0.5;-0.5;5.707278;1;Adaptation;15;1;;;;;
3.56;-0.5;-0.5;5.835236;1;Adaptation;15;1;;;;;
3.58;-0.5;-0.5;5.193559;1;Adaptation;15;1;;;;;
3.6;-0.5;-0.5;4.596988;1;Adaptation;15;1;;;;;
3.62;-0.5;-0.5;3.809142;1;Adaptation;15;1;;;;;
3.64;0;-0.1875;2.374618;1;Adaptation;15;1;;;;;
3.66;-2;0.0625;4.899321;1;Adaptation;15;1;;;;;
3.68;-0.5;-0.5;3.205986;1;Adaptation;15;1;;;;;
3.7;-0.5;-0.5;2.117516;1;Adaptation;15;1;;;;;
3.72;0;0.0625;5.819172;1;Adaptation;15;1;;;;;
3.74;-0.5;-0.5;4.444021;1;Adaptation;15;1;;;;;
3.76;-0.5;-0.5;4.169354;1;Adaptation;15;1;;;;;
3.78;-0.5;-0.5;5.258615;1;Adaptation;15;1;;;;;
3.8;-0.5;-0.5;2.823632;1;Adaptation;15;1;;;;;
3.82;0;0;4.053858;1;Adaptation;15;1;;;;;
3.84;0;0.125;3.419852;1;Adaptation;15;1;;;;;
3.86;-0.5;-0.5;3.123311;1;Adaptation;15;1;;;;;
3.88;-2;-0.375;5.641089;1;Adaptation;15;1;;;;;
3.9;-0.5;-0.5;3.832675;1;Adaptation;15;1;;;;;
3.92;-0.5;-0.5;3.657931;1;Adaptation;15;1;;;;;
3.94;-0.5;-0.5;5.110632;1;Adaptation;15;1;;;;;
3.96;-0.5;-0.5;2.008547;1;Adaptation;15;1;;;;;
3.98;-0.5;-0.5;4.274174;1;Adaptation;15;1;;;;;
4;-0.5;-0.5;5.141161;1;Adaptation;15;1;;;;;
4.02;0;0.125;4.913678;1;Adaptation;15;1;;;;;
4.04;-0.5;-0.5;2.780739;1;Adaptation;15;1;;;;;
4.06;2;-0.1875;5.078578;1;Adaptation;15;1;;;;;
4.08;-0.5;-0.5;4.700173;1;Adaptation;15;1;;;;;
4.1;-0.5;-0.5;2.244916;1;Adaptation;15;1;;;;;
4.12;4;0.25;4.571314;1;Adaptation;15;1;;;;;
4.14;2;-0.0625;2.539834;1;Adaptation;15;1;;;;;
4.16;0;0.0625;5.264174;1;Adaptation;15;1;;;;;
4.18;-0.5;-0.5;4.079657;1;Adaptation;15;1;;;;;
4.2;-0.5;-0.5;3.511941;1;Adaptation;15;1;;;;;
4.22;-0.5;-0.5;2.813268;1;Adaptation;15;1;;;;;
4.24;-2;0.125;5.172311;1;Adaptation;15;1;;;;;
4.26;-0.5;-0.5;4.826907;1;Adaptation;15;1;;;;;
4.28;-0.5;-0.5;3.042567;1;Adaptation;15;1;;;;;
4.3;-0.5;-0.5;4.844272;1;Adaptation;15;1;;;;;
4.32;-0.5;-0.5;3.038035;1;Adaptation;15;1;;;;;
4.34;-0.5;-0.5;4.753945;1;Adaptation;15;1;;;;;
4.36;-0.5;-0.5;4.843595;1;Adaptation;15;1;;;;;
4.38;0;0.25;4.224257;1;Adaptation;15;1;;;;;
4.4;-0.5;-0.5;3.740868;1;Adaptation;15;1;;;;;
4.42;-2;0.0625;5.787594;1;Adaptation;15;1;;;;;
4.44;-0.5;-0.5;5.007349;1;Adaptation;15;1;;;;;
4.46;-0.5;-0.5;4.279303;1;Adaptation;15;1;;;;;
4.48;-0.5;-0.5;4.140725;1;Adaptation;15;1;;;;;
4.5;-2;0.25;4.370565;1;Adaptation;15;1;;;;;
4.52;0;-0.1875;2.339794;1;Adaptation;15;1;;;;;
4.54;-0.5;-0.5;2.867069;1;Adaptation;15;1;;;;;
4.56;-0.5;-0.5;5.284007;1;Adaptation;15;1;;;;;
4.58;-2;0.125;4.99635;1;Adaptation;15;1;;;;;
4.6;-0.5;-0.5;5.085642;1;Adaptation;15;1;;;;;
4.62;-0.5;-0.5;2.171111;1;Adaptation;15;1;;;;;
4.64;-0.5;-0.5;3.244878;1;Adaptation;15;1;;;;;
4.66;-0.5;-0.5;5.162572;1;Adaptation;15;1;;;;;
4.68;0;-0.0625;4.520301;1;Adaptation;15;1;;;;;
4.7;-0.5;-0.5;3.135386;1;Adaptation;15;1;;;;;
4.72;0;0.0625;3.583568;1;Adaptation;15;1;;;;;
4.74;-0.5;-0.5;4.029227;1;Adaptation;15;1;;;;;
4.76;-0.5;-0.5;2.641963;1;Adaptation;15;1;;;;;
4.78;-0.5;-0.5;4.33885;1;Adaptation;15;1;;;;;
4.8;-0.5;-0.5;2.362481;1;Adaptation;15;1;;;;;
4.82;0;0.25;4.424441;1;Adaptation;15;1;;;;;
4.84;-0.5;-0.5;5.092138;1;Adaptation;15;1;;;;;
4.86;-0.5;-0.5;2.850438;1;Adaptation;15;1;;;;;
4.88;-0.5;-0.5;4.140129;1;Adaptation;15;1;;;;;
4.9;-0.5;-0.5;5.736113;1;Adaptation;15;1;;;;;
4.92;-0.5;-0.5;4.977343;1;Adaptation;15;1;;;;;
4.94;-2;0;2.832101;1;Adaptation;15;1;;;;;
4.96;-0.5;-0.5;2.530432;1;Adaptation;15;1;;;;;
4.98;-0.5;-0.5;2.953159;1;Adaptation;15;1;;;;;
5;-0.5;-0.5;3.404507;1;Adaptation;15;1;;;;;
5.02;-0.5;-0.5;4.68021;1;Adaptation;15;1;;;;;
5.04;-2;0;5.686479;1;Adaptation;15;1;;;;;
5.06;-2;0.125;5.73734;1;Adaptation;15;1;;;;;
5.08;-0.5;-0.5;5.262033;1;Adaptation;15;1;;;;;
5.1;-0.5;-0.5;2.475331;1;Adaptation;15;1;;;;;
5.12;-0.5;-0.5;5.906397;1;Adaptation;15;1;;;;;
5.14;-0.5;-0.5;5.45145;1;Adaptation;15;1;;;;;
5.16;-0.5;-0.5;4.769889;1;Adaptation;15;1;;;;;
5.18;-0.5;-0.5;5.642347;1;Adaptation;15;1;;;;;
5.2;-0.5;-0.5;4.929517;1;Adaptation;15;1;;;;;
5.22;-0.5;-0.5;4.085162;1;Adaptation;15;1;;;;;
5.24;-0.5;-0.5;2.405713;1;Adaptation;15;1;;;;;
5.26;-0.5;-0.5;5.337148;1;Adaptation;15;1;;;;;
5.28;-0.5;-0.5;5.894581;1;Adaptation;15;1;;;;;
5.3;-0.5;-0.5;3.72962;1;Adaptation;15;1;;;;;
5.32;-0.5;-0.5;4.971001;1;Adaptation;15;1;;;;;
5.34;-0.5;-0.5;2.638671;1;Adaptation;15;1;;;;;
5.36;-0.5;-0.5;4.6375;1;Adaptation;15;1;;;;;
5.38;-0.5;-0.5;4.461701;1;Adaptation;15;1;;;;;
5.4;0;-0.1875;3.29774;1;Adaptation;15;1;;;;;
5.42;-0.5;-0.5;5.165587;1;Adaptation;15;1;;;;;
5.44;0;-0.25;3.295389;1;Adaptation;15;1;;;;;
5.46;-0.5;-0.5;2.461801;1;Adaptation;15;1;;;;;
5.48;0;0.0625;3.929465;1;Adaptation;15;1;;;;;
5.5;2;0.125;2.696488;1;Adaptation;15;1;;;;;
5.52;0;0.125;5.531298;1;Adaptation;15;1;;;;;
5.54;-0.5;-0.5;3.179106;1;Adaptation;15;1;;;;;
5.56;-0.5;-0.5;2.105108;1;Adaptation;15;1;;;;;
5.58;0;0.125;3.120847;1;Adaptation;15;1;;;;;
5.6;-0.5;-0.5;2.038981;1;Adaptation;15;1;;;;;
5.62;-0.5;-0.5;4.437656;1;Adaptation;15;1;;;;;
5.64;-0.5;-0.5;3.125281;1;Adaptation;15;1;;;;;
5.66;0;0;5.937304;1;Adaptation;15;1;;;;;
5.68;-0.5;-0.5;2.391724;1;Adaptation;15;1;;;;;
5.7;-0.5;-0.5;5.747486;1;Adaptation;15;1;;;;;
5.72;-0.5;-0.5;2.891327;1;Adaptation;15;1;;;;;
5.74;-0.5;-0.5;2.706885;1;Adaptation;15;1;;;;;
5.76;-0.5;-0.5;5.062877;1;Adaptation;15;1;;;;;
5.78;-0.5;-0.5;2.540926;1;Adaptation;15;1;;;;;
5.8;-0.5;-0.5;3.638398;1;Adaptation;15;1;;;;;
5.82;-0.5;-0.5;2.566825;1;Adaptation;15;1;;;;;
5.84;-0.5;-0.5;4.505795;1;Adaptation;15;1;;;;;
5.86;-0.5;-0.5;3.60393;1;Adaptation;15;1;;;;;
5.88;-0.5;-0.5;2.716224;1;Adaptation;15;1;;;;;
5.9;-0.5;-0.5;4.255274;1;Adaptation;15;1;;;;;
5.92;-0.5;-0.5;2.769437;1;Adaptation;15;1;;;;;
5.94;-0.5;-0.5;2.96883;1;Adaptation;15;1;;;;;
5.96;-0.5;-0.5;2.048029;1;Adaptation;15;1;;;;;
5.98;-0.5;-0.5;3.225419;1;Adaptation;15;1;;;;;
6;-0.5;-0.5;3.108448;1;Adaptation;15;1;;;;;
6.02;-0.5;-0.5;4.625722;1;Adaptation;15;1;;;;;
6.04;-0.5;-0.5;2.366065;1;Adaptation;15;1;;;;;
6.06;-0.5;-0.5;4.600752;1;Adaptation;15;1;;;;;
6.08;-0.5;-0.5;2.879583;1;Adaptation;15;1;;;;;
6.1;-0.5;-0.5;2.390419;1;Adaptation;15;1;;;;;
6.12;-0.5;-0.5;3.158498;1;Adaptation;15;1;;;;;
6.14;-2;-0.0625;5.921845;1;Adaptation;15;1;;;;;
6.16;-0.5;-0.5;4.053666;1;Adaptation;15;1;;;;;
6.18;2;0;4.27478;1;Adaptation;15;1;;;;;
6.2;-0.5;-0.5;3.427664;1;Adaptation;15;1;;;;;
6.22;-0.5;-0.5;2.251264;1;Adaptation;15;1;;;;;
6.24;-0.5;-0.5;5.295442;1;Adaptation;15;1;;;;;
6.26;-0.5;-0.5;4.431662;1;Adaptation;15;1;;;;;
6.28;2;-0.375;4.682852;1;Adaptation;15;1;;;;;
6.3;2;-0.25;2.76002;1;Adaptation;15;1;;;;;
6.32;0;0.0625;2.284393;1;Adaptation;15;1;;;;;
6.34;-0.5;-0.5;4.986698;1;Adaptation;15;1;;;;;
6.36;-0.5;-0.5;4.829445;1;Adaptation;15;1;;;;;
6.38;-0.5;-0.5;3.371945;1;Adaptation;15;1;;;;;
6.4;-0.5;-0.5;4.639634;1;Adaptation;15;1;;;;;
6.42;-0.5;-0.5;5.175972;1;Adaptation;15;1;;;;;
6.44;-0.5;-0.5;2.941445;1;Adaptation;15;1;;;;;
6.46;-0.5;-0.5;2.458984;1;Adaptation;15;1;;;;;
6.48;0;0.1875;4.610449;1;Adaptation;15;1;;;;;
6.5;-0.5;-0.5;5.844494;1;Adaptation;15;1;;;;;
6.52;-0.5;-0.5;2.521838;1;Adaptation;15;1;;;;;
6.54;-0.5;-0.5;2.156736;1;Adaptation;15;1;;;;;
6.56;-2;0.0625;2.267221;1;Adaptation;15;1;;;;;
6.58;-0.5;-0.5;4.116446;1;Adaptation;15;1;;;;;
6.6;-0.5;-0.5;4.835224;1;Adaptation;15;1;;;;;
6.62;2;0.1875;2.268947;1;Adaptation;15;1;;;;;
6.64;-0.5;-0.5;5.772505;1;Adaptation;15;1;;;;;
6.66;-0.5;-0.5;5.997978;1;Adaptation;15;1;;;;;
6.68;-0.5;-0.5;4.279396;1;Adaptation;15;1;;;;;
6.7;-0.5;-0.5;2.023566;1;Adaptation;15;1;;;;;
6.72;0;-0.25;2.299303;1;Adaptation;15;1;;;;;
6.74;-0.5;-0.5;2.808539;1;Adaptation;15;1;;;;;
6.76;-0.5;-0.5;3.145716;1;Adaptation;15;1;;;;;
6.78;0;-0.125;3.907164;1;Adaptation;15;1;;;;;
6.8;-0.5;-0.5;3.172538;1;Adaptation;15;1;;;;;
6.82;-0.5;-0.5;2.611661;1;Adaptation;15;1;;;;;
6.84;-0.5;-0.5;2.224225;1;Adaptation;15;1;;;;;
6.86;2;-0.25;4.034075;1;Adaptation;15;1;;;;;
6.88;-0.5;-0.5;2.455015;1;Adaptation;15;1;;;;;
6.9;-0.5;-0.5;2.196088;1;Adaptation;15;1;;;;;
6.92;-2;-0.25;4.701792;1;Adaptation;15;1;;;;;
6.94;-0.5;-0.5;5.062552;1;Adaptation;15;1;;;;;
6.96;-0.5;-0.5;5.638315;1;Adaptation;15;1;;;;;
6.98;-0.5;-0.5;3.463901;1;Adaptation;15;1;;;;;
7;-0.5;-0.5;5.992573;1;Adaptation;15;1;;;;;
7.02;-0.5;-0.5;3.448966;1;Adaptation;15;1;;;;;
7.04;-2;-0.3125;3.770611;1;Adaptation;15;1;;;;;
7.06;-0.5;-0.5;4.367974;1;Adaptation;15;1;;;;;
7.08;-0.5;-0.5;3.416264;1;Adaptation;15;1;;;;;
7.1;-0.5;-0.5;3.393303;1;Adaptation;15;1;;;;;
7.12;-0.5;-0.5;4.87945;1;Adaptation;15;1;;;;;
7.14;-0.5;-0.5;5.426723;1;Adaptation;15;1;;;;;
7.16;-0.5;-0.5;5.001928;1;Adaptation;15;1;;;;;
7.18;-0.5;-0.5;2.40879;1;Adaptation;15;1;;;;;
7.2;-0.5;-0.5;5.974609;1;Adaptation;15;1;;;;;
7.22;-0.5;-0.5;2.479121;1;Adaptation;15;1;;;;;
7.24;-0.5;-0.5;5.527243;1;Adaptation;15;1;;;;;
7.26;-0.5;-0.5;5.404757;1;Adaptation;15;1;;;;;
7.28;-0.5;-0.5;5.839994;1;Adaptation;15;1;;;;;
7.3;-0.5;-0.5;3.111655;1;Adaptation;15;1;;;;;
7.32;-0.5;-0.5;5.232389;1;Adaptation;15;1;;;;;
7.34;0;0.0625;4.565442;1;Adaptation;15;1;;;;;
7.36;-0.5;-0.5;4.782616;1;Adaptation;15;1;;;;;
7.38;2;0;3.625726;1;Adaptation;15;1;;;;;
7.4;-0.5;-0.5;3.348393;1;Adaptation;15;1;;;;;
7.42;-0.5;-0.5;4.429811;1;Adaptation;15;1;;;;;
7.44;-0.5;-0.5;5.013542;1;Adaptation;15;1;;;;;
7.46;-0.5;-0.5;5.992253;1;Adaptation;15;1;;;;;
7.48;-0.5;-0.5;2.585552;1;Adaptation;15;1;;;;;
7.5;-0.5;-0.5;5.779778;1;Adaptation;15;1;;;;;
7.52;-0.5;-0.5;3.808456;1;Adaptation;15;1;;;;;
7.54;-0.5;-0.5;4.071626;1;Adaptation;15;1;;;;;
7.56;-0.5;-0.5;4.509452;1;Adaptation;15;1;;;;;
7.58;-0.5;-0.5;2.459837;1;Adaptation;15;1;;;;;
7.6;-2;0;4.673697;1;Adaptation;15;1;;;;;
7.62;2;0;3.815726;1;Adaptation;15;1;;;;;
7.64;-0.5;-0.5;2.400113;1;Adaptation;15;1;;;;;
7.66;-0.5;-0.5;5.476635;1;Adaptation;15;1;;;;;
7.68;0;-0.0625;5.789771;1;Adaptation;15;1;;;;;
7.7;-0.5;-0.5;3.130608;1;Adaptation;15;1;;;;;
7.72;2;0.25;5.297182;1;Adaptation;15;1;;;;;
7.74;-2;0.0625;5.581161;1;Adaptation;15;1;;;;;
7.76;-0.5;-0.5;4.823046;1;Adaptation;15;1;;;;;
7.78;4;-0.0625;2.680406;1;Adaptation;15;1;;;;;
7.8;-0.5;-0.5;5.785486;1;Adaptation;15;1;;;;;
7.82;-0.5;-0.5;2.903616;1;Adaptation;15;1;;;;;
7.84;-0.5;-0.5;5.591123;1;Adaptation;15;1;;;;;
7.86;0;0;5.891718;1;Adaptation;15;1;;;;;
7.88;0;0.0625;4.963737;1;Adaptation;15;1;;;;;
7.9;-0.5;-0.5;3.464526;1;Adaptation;15;1;;;;;
7.92;-0.5;-0.5;5.426363;1;Adaptation;15;1;;;;;
7.94;-0.5;-0.5;3.024299;1;Adaptation;15;1;;;;;
7.96;0;-0.0625;2.600534;1;Adaptation;15;1;;;;;
7.98;-0.5;-0.5;2.019762;1;Adaptation;15;1;;;;;
8;2;-0.125;4.510325;1;Adaptation;15;1;;;;;
8.02;-0.5;-0.5;2.418299;1;Adaptation;15;1;;;;;
8.04;-0.5;-0.5;5.393339;1;Adaptation;15;1;;;;;
8.059999;-0.5;-0.5;4.418955;1;Adaptation;15;1;;;;;
8.08;-0.5;-0.5;3.653098;1;Adaptation;15;1;;;;;
8.099999;-0.5;-0.5;3.664739;1;Adaptation;15;1;;;;;
8.12;-2;-0.1875;4.235857;1;Adaptation;15;1;;;;;
8.139999;-0.5;-0.5;4.037031;1;Adaptation;15;1;;;;;
8.16;-0.5;-0.5;3.054407;1;Adaptation;15;1;;;;;
8.179999;-2;-0.0625;5.545561;1;Adaptation;15;1;;;;;
8.2;-0.5;-0.5;3.140376;1;Adaptation;15;1;;;;;
8.22;2;0.125;4.309785;1;Adaptation;15;1;;;;;
8.24;-0.5;-0.5;3.705433;1;Adaptation;15;1;;;;;
8.26;0;-0.0625;5.351439;1;Adaptation;15;1;;;;;
8.28;-0.5;-0.5;2.441484;1;Adaptation;15;1;;;;;
8.3;-0.5;-0.5;5.15317;1;Adaptation;15;1;;;;;
8.32;-0.5;-0.5;3.846406;1;Adaptation;15;1;;;;;
8.34;-0.5;-0.5;5.412498;1;Adaptation;15;1;;;;;
8.36;-0.5;-0.5;3.663621;1;Adaptation;15;1;;;;;
8.38;-0.5;-0.5;2.079;1;Adaptation;15;1;;;;;
8.4;-0.5;-0.5;5.593734;1;Adaptation;15;1;;;;;
8.42;-0.5;-0.5;5.707157;1;Adaptation;15;1;;;;;
8.44;2;0;2.989729;1;Adaptation;15;1;;;;;
8.46;-0.5;-0.5;4.094197;1;Adaptation;15;1;;;;;
8.48;-0.5;-0.5;5.346218;1;Adaptation;15;1;;;;;
8.5;0;0.125;3.324484;1;Adaptation;15;1;;;;;
8.52;0;-0.0625;4.115268;1;Adaptation;15;1;;;;;
8.54;-0.5;-0.5;2.353014;1;Adaptation;15;1;;;;;
8.559999;-0.5;-0.5;3.199607;1;Adaptation;15;1;;;;;
8.58;-0.5;-0.5;2.230467;1;Adaptation;15;1;;;;;
8.599999;-0.5;-0.5;5.497423;1;Adaptation;15;1;;;;;
8.62;-0.5;-0.5;5.370428;1;Adaptation;15;1;;;;;
8.639999;-0.5;-0.5;5.673128;1;Adaptation;15;1;;;;;
8.66;-0.5;-0.5;2.08614;1;Adaptation;15;1;;;;;
8.679999;-0.5;-0.5;3.070236;1;Adaptation;15;1;;;;;
8.7;-0.5;-0.5;2.657628;1;Adaptation;15;1;;;;;
8.72;-0.5;-0.5;5.838871;1;Adaptation;15;1;;;;;
8.74;0;0.125;5.821772;1;Adaptation;15;1;;;;;
8.76;-0.5;-0.5;2.011282;1;Adaptation;15;1;;;;;
8.78;2;-0.0625;2.60524;1;Adaptation;15;1;;;;;
8.8;2;0;3.124038;1;Adaptation;15;1;;;;;
8.82;-0.5;-0.5;3.994842;1;Adaptation;15;1;;;;;
8.84;-0.5;-0.5;5.864851;1;Adaptation;15;1;;;;;
8.86;-2;-0.0625;3.299766;1;Adaptation;15;1;;;;;
8.88;-0.5;-0.5;3.394701;1;Adaptation;15;1;;;;;
8.9;-0.5;-0.5;2.829505;1;Adaptation;15;1;;;;;
8.92;2;-0.125;2.431996;1;Adaptation;15;1;;;;;
8.94;0;-0.0625;4.027584;1;Adaptation;15;1;;;;;
8.96;-0.5;-0.5;4.202872;1;Adaptation;15;1;;;;;
8.98;0;-0.125;4.03646;1;Adaptation;15;1;;;;;
9;-0.5;-0.5;3.713786;1;Adaptation;15;1;;;;;
9.02;-0.5;-0.5;5.843386;1;Adaptation;15;1;;;;;
9.04;0;0.0625;5.184894;1;Adaptation;15;1;;;;;
9.059999;-0.5;-0.5;2.656849;1;Adaptation;15;1;;;;;
9.08;-0.5;-0.5;4.823445;1;Adaptation;15;1;;;;;
9.099999;-0.5;-0.5;2.99419;1;Adaptation;15;1;;;;;
9.12;-0.5;-0.5;2.424122;1;Adaptation;15;1;;;;;
9.139999;-2;-0.0625;4.133263;1;Adaptation;15;1;;;;;
9.16;-0.5;-0.5;2.655447;1;Adaptation;15;1;;;;;
9.179999;0;0;5.798195;1;Adaptation;15;1;;;;;
9.2;-0.5;-0.5;4.129452;1;Adaptation;15;1;;;;;
9.22;-0.5;-0.5;5.241479;1;Adaptation;15;1;;;;;
9.24;-0.5;-0.5;3.798776;1;Adaptation;15;1;;;;;
9.26;-0.5;-0.5;2.040205;1;Adaptation;15;1;;;;;
9.28;-2;-0.125;5.545452;1;Adaptation;15;1;;;;;
9.3;-2;0.1875;4.915659;1;Adaptation;15;1;;;;;
9.32;-0.5;-0.5;3.788437;1;Adaptation;15;1;;;;;
9.34;-0.5;-0.5;5.159021;1;Adaptation;15;1;;;;;
9.36;0;0;3.132063;1;Adaptation;15;1;;;;;
9.38;-0.5;-0.5;4.033087;1;Adaptation;15;1;;;;;
9.4;-0.5;-0.5;2.705068;1;Adaptation;15;1;;;;;
9.42;-0.5;-0.5;5.494431;1;Adaptation;15;1;;;;;
9.44;-0.5;-0.5;4.653296;1;Adaptation;15;1;;;;;
9.46;-0.5;-0.5;5.520452;1;Adaptation;15;1;;;;;
9.48;0;-0.1875;4.863803;1;Adaptation;15;1;;;;;
9.5;-0.5;-0.5;2.447899;1;Adaptation;15;1;;;;;
9.52;-2;-0.0625;5.307366;1;Adaptation;15;1;;;;;
9.54;-0.5;-0.5;2.798705;1;Adaptation;15;1;;;;;
9.559999;0;0.1875;2.186067;1;Adaptation;15;1;;;;;
9.58;-0.5;-0.5;3.872371;1;Adaptation;15;1;;;;;
9.599999;-0.5;-0.5;3.929802;1;Adaptation;15;1;;;;;
9.62;-0.5;-0.5;2.85275;1;Adaptation;15;1;;;;;
9.639999;0;-0.1875;4.043711;1;Adaptation;15;1;;;;;
9.66;-0.5;-0.5;3.206541;1;Adaptation;15;1;;;;;
9.679999;2;0.125;3.947054;1;Adaptation;15;1;;;;;
9.7;0;-0.1875;2.351998;1;Adaptation;15;1;;;;;
9.719999;-2;0.125;5.572592;1;Adaptation;15;1;;;;;
9.74;-0.5;-0.5;4.775467;1;Adaptation;15;1;;;;;
9.76;-2;-0.0625;2.961688;1;Adaptation;15;1;;;;;
9.78;-0.5;-0.5;3.470789;1;Adaptation;15;1;;;;;
9.8;-0.5;-0.5;3.935046;1;Adaptation;15;1;;;;;
9.82;0;-0.1875;3.163033;1;Adaptation;15;1;;;;;
9.84;-0.5;-0.5;2.550449;1;Adaptation;15;1;;;;;
9.86;-0.5;-0.5;4.105818;1;Adaptation;15;1;;;;;
9.88;-0.5;-0.5;3.023868;1;Adaptation;15;1;;;;;
9.9;-0.5;-0.5;3.638376;1;Adaptation;15;1;;;;;
9.92;-0.5;-0.5;4.000352;1;Adaptation;15;1;;;;;
9.94;-0.5;-0.5;4.796908;1;Adaptation;15;1;;;;;
9.96;-0.5;-0.5;5.099987;1;Adaptation;15;1;;;;;
9.98;-0.5;-0.5;5.590571;1;Adaptation;15;1;;;;;
10;0;-0.3125;5.845385;1;Adaptation;15;1;;;;;
10.02;0;0;2.170024;1;Adaptation;15;1;;;;;
10.04;-0.5;-0.5;2.265345;1;Adaptation;15;1;;;;;
10.06;0;0.125;2.004489;1;Adaptation;15;1;;;;;
10.08;-0.5;-0.5;3.016158;1;Adaptation;15;1;;;;;
10.1;0;0.125;5.230447;1;Adaptation;15;1;;;;;
10.12;-0.5;-0.5;2.917878;1;Adaptation;15;1;;;;;
10.14;-0.5;-0.5;2.84499;1;Adaptation;15;1;;;;;
10.16;-0.5;-0.5;2.256544;1;Adaptation;15;1;;;;;
10.18;-0.5;-0.5;3.388453;1;Adaptation;15;1;;;;;
10.2;-0.5;-0.5;4.358944;1;Adaptation;15;1;;;;;
10.22;-0.5;-0.5;2.454973;1;Adaptation;15;1;;;;;
10.24;-0.5;-0.5;5.56527;1;Adaptation;15;1;;;;;
10.26;2;0;5.979704;1;Adaptation;15;1;;;;;
10.28;-0.5;-0.5;5.599782;1;Adaptation;15;1;;;;;
10.3;-0.5;-0.5;2.329446;1;Adaptation;15;1;;;;;
10.32;-0.5;-0.5;2.379599;1;Adaptation;15;1;;;;;
10.34;-0.5;-0.5;3.816796;1;Adaptation;15;1;;;;;
10.36;0;-0.0625;5.79808;1;Adaptation;15;1;;;;;
10.38;-0.5;-0.5;5.968304;1;Adaptation;15;1;;;;;
10.4;-0.5;-0.5;3.392824;1;Adaptation;15;1;;;;;
10.42;-2;0.1875;2.240696;1;Adaptation;15;1;;;;;
10.44;0;-0.0625;2.540956;1;Adaptation;15;1;;;;;
10.46;-0.5;-0.5;5.451475;1;Adaptation;15;1;;;;;
10.48;-0.5;-0.5;2.374054;1;Adaptation;15;1;;;;;
10.5;-0.5;-0.5;2.483067;1;Adaptation;15;1;;;;;
10.52;-0.5;-0.5;2.514195;1;Adaptation;15;1;;;;;
10.54;-0.5;-0.5;5.942163;1;Adaptation;15;1;;;;;
10.56;0;0;2.301063;1;Adaptation;15;1;;;;;
10.58;0;-0.125;4.792112;1;Adaptation;15;1;;;;;
10.6;-0.5;-0.5;3.307125;1;Adaptation;15;1;;;;;
10.62;0;0.1875;4.94827;1;Adaptation;15;1;;;;;
10.64;-0.5;-0.5;5.909436;1;Adaptation;15;1;;;;;
10.66;-0.5;-0.5;4.094947;1;Adaptation;15;1;;;;;
10.68;0;0.1875;5.234235;1;Adaptation;15;1;;;;;
10.7;-0.5;-0.5;4.26065;1;Adaptation;15;1;;;;;
10.72;-0.5;-0.5;3.925368;1;Adaptation;15;1;;;;;
10.74;-0.5;-0.5;4.098428;1;Adaptation;15;1;;;;;
10.76;-0.5;-0.5;4.894492;1;Adaptation;15;1;;;;;
10.78;-0.5;-0.5;2.22593;1;Adaptation;15;1;;;;;
10.8;-0.5;-0.5;4.301084;1;Adaptation;15;1;;;;;
10.82;-0.5;-0.5;4.086537;1;Adaptation;15;1;;;;;
10.84;-0.5;-0.5;2.556704;1;Adaptation;15;1;;;;;
10.86;-0.5;-0.5;5.537745;1;Adaptation;15;1;;;;;
10.88;2;0.0625;3.430562;1;Adaptation;15;1;;;;;
10.9;-0.5;-0.5;3.149995;1;Adaptation;15;1;;;;;
10.92;-0.5;-0.5;2.673977;1;Adaptation;15;1;;;;;
10.94;-0.5;-0.5;2.948646;1;Adaptation;15;1;;;;;
10.96;-0.5;-0.5;5.339841;1;Adaptation;15;1;;;;;
10.98;-0.5;-0.5;3.342779;1;Adaptation;15;1;;;;;
11;-0.5;-0.5;2.946144;1;Adaptation;15;1;;;;;
11.02;-0.5;-0.5;5.906917;1;Adaptation;15;1;;;;;
11.04;-0.5;-0.5;3.752918;1;Adaptation;15;1;;;;;
11.06;-0.5;-0.5;2.405365;1;Adaptation;15;1;;;;;
11.08;-0.5;-0.5;3.496151;1;Adaptation;15;1;;;;;
11.1;-0.5;-0.5;3.820851;1;Adaptation;15;1;;;;;
11.12;0;-0.0625;4.040225;1;Adaptation;15;1;;;;;
11.14;-0.5;-0.5;4.560228;1;Adaptation;15;1;;;;;
11.16;-0.5;-0.5;5.023784;1;Adaptation;15;1;;;;;
11.18;-0.5;-0.5;2.784419;1;Adaptation;15;1;;;;;
11.2;-0.5;-0.5;4.78124;1;Adaptation;15;1;;;;;
11.22;-0.5;-0.5;2.795302;1;Adaptation;15;1;;;;;
11.24;-0.5;-0.5;5.956477;1;Adaptation;15;1;;;;;
11.26;-0.5;-0.5;2.876022;1;Adaptation;15;1;;;;;
11.28;-0.5;-0.5;2.784602;1;Adaptation;15;1;;;;;
11.3;0;0.125;5.394563;1;Adaptation;15;1;;;;;
11.32;0;0.125;2.984608;1;Adaptation;15;1;;;;;
11.34;-0.5;-0.5;2.098343;1;Adaptation;15;1;;;;;
11.36;-0.5;-0.5;2.649329;1;Adaptation;15;1;;;;;
11.38;-0.5;-0.5;5.283278;1;Adaptation;15;1;;;;;
11.4;-0.5;-0.5;4.863025;1;Adaptation;15;1;;;;;
11.42;-0.5;-0.5;5.221469;1;Adaptation;15;1;;;;;
11.44;-0.5;-0.5;3.258911;1;Adaptation;15;1;;;;;
11.46;-0.5;-0.5;5.533881;1;Adaptation;15;1;;;;;
11.48;0;0.0625;5.138251;1;Adaptation;15;1;;;;;
11.5;0;0;5.250451;1;Adaptation;15;1;;;;;
11.52;-0.5;-0.5;3.209115;1;Adaptation;15;1;;;;;
11.54;-2;0.125;5.045884;1;Adaptation;15;1;;;;;
11.56;-0.5;-0.5;4.38123;1;Adaptation;15;1;;;;;
11.58;-0.5;-0.5;4.782436;1;Adaptation;15;1;;;;;
11.6;-0.5;-0.5;3.963012;1;Adaptation;15;1;;;;;
11.62;0;-0.125;5.86141;1;Adaptation;15;1;;;;;
11.64;-0.5;-0.5;3.060132;1;Adaptation;15;1;;;;;
11.66;-0.5;-0.5;3.52007;1;Adaptation;15;1;;;;;
11.68;-0.5;-0.5;4.087778;1;Adaptation;15;1;;;;;
11.7;-0.5;-0.5;3.610562;1;Adaptation;15;1;;;;;
11.72;-0.5;-0.5;5.772525;1;Adaptation;15;1;;;;;
11.74;0;-0.25;5.023681;1;Adaptation;15;1;;;;;
11.76;-0.5;-0.5;5.409164;1;Adaptation;15;1;;;;;
11.78;-0.5;-0.5;3.972531;1;Adaptation;15;1;;;;;
11.8;-0.5;-0.5;5.821231;1;Adaptation;15;1;;;;;
11.82;-0.5;-0.5;4.169156;1;Adaptation;15;1;;;;;
11.84;-0.5;-0.5;3.875497;1;Adaptation;15;1;;;;;
11.86;-0.5;-0.5;2.041949;1;Adaptation;15;1;;;;;
11.88;-0.5;-0.5;5.194924;1;Adaptation;15;1;;;;;
11.9;-0.5;-0.5;2.172993;1;Adaptation;15;1;;;;;
11.92;0;0;5.259562;1;Adaptation;15;1;;;;;
11.94;-0.5;-0.5;5.077416;1;Adaptation;15;1;;;;;
11.96;-0.5;-0.5;2.229504;1;Adaptation;15;1;;;;;
11.98;-0.5;-0.5;4.57555;1;Adaptation;15;1;;;;;
12;-0.5;-0.5;3.158626;1;Adaptation;15;1;;;;;
12.02;-0.5;-0.5;2.340934;1;Adaptation;15;1;;;;;
12.04;-0.5;-0.5;3.511485;1;Adaptation;15;1;;;;;
12.06;-0.5;-0.5;5.254483;1;Adaptation;15;1;;;;;
12.08;0;-0.1875;5.918487;1;Adaptation;15;1;;;;;
12.1;-0.5;-0.5;5.546297;1;Adaptation;15;1;;;;;
12.12;-0.5;-0.5;3.619238;1;Adaptation;15;1;;;;;
12.14;-0.5;-0.5;3.082154;1;Adaptation;15;1;;;;;
12.16;-0.5;-0.5;2.072938;1;Adaptation;15;1;;;;;
12.18;-0.5;-0.5;3.315476;1;Adaptation;15;1;;;;;
12.2;0;0.125;2.303691;1;Adaptation;15;1;;;;;
12.22;-0.5;-0.5;3.434928;1;Adaptation;15;1;;;;;
12.24;-0.5;-0.5;2.343826;1;Adaptation;15;1;;;;;
12.26;-0.5;-0.5;5.215767;1;Adaptation;15;1;;;;;
12.28;0;0;3.134452;1;Adaptation;15;1;;;;;
12.3;-0.5;-0.5;3.875776;1;Adaptation;15;1;;;;;
12.32;2;0.25;4.847554;1;Adaptation;15;1;;;;;
12.34;-0.5;-0.5;4.283677;1;Adaptation;15;1;;;;;
12.36;-0.5;-0.5;3.781988;1;Adaptation;15;1;;;;;
12.38;-0.5;-0.5;2.955538;1;Adaptation;15;1;;;;;
12.4;-0.5;-0.5;3.724066;1;Adaptation;15;1;;;;;
12.42;-0.5;-0.5;5.295762;1;Adaptation;15;1;;;;;
12.44;2;0;2.449075;1;Adaptation;15;1;;;;;
12.46;-0.5;-0.5;2.479289;1;Adaptation;15;1;;;;;
12.48;-0.5;-0.5;4.792391;1;Adaptation;15;1;;;;;
12.5;-0.5;-0.5;5.686942;1;Adaptation;15;1;;;;;
12.52;-0.5;-0.5;5.502488;1;Adaptation;15;1;;;;;
12.54;-0.5;-0.5;4.934916;1;Adaptation;15;1;;;;;
12.56;-0.5;-0.5;4.554947;1;Adaptation;15;1;;;;;
12.58;-2;-0.125;5.145404;1;Adaptation;15;1;;;;;
12.6;-0.5;-0.5;2.828333;1;Adaptation;15;1;;;;;
12.62;0;0.0625;5.001303;1;Adaptation;15;1;;;;;
12.64;-0.5;-0.5;2.064003;1;Adaptation;15;1;;;;;
12.66;-0.5;-0.5;5.732252;1;Adaptation;15;1;;;;;
12.68;-0.5;-0.5;5.849374;1;Adaptation;15;1;;;;;
12.7;-0.5;-0.5;3.870402;1;Adaptation;15;1;;;;;
12.72;-2;-0.0625;5.515059;1;Adaptation;15;1;;;;;
12.74;0;-0.0625;2.102509;1;Adaptation;15;1;;;;;
12.76;-0.5;-0.5;4.761469;1;Adaptation;15;1;;;;;
12.78;-2;-0.0625;4.641042;1;Adaptation;15;1;;;;;
12.8;0;0.125;4.152205;1;Adaptation;15;1;;;;;
12.82;-0.5;-0.5;5.325054;1;Adaptation;15;1;;;;;
12.84;-0.5;-0.5;4.612362;1;Adaptation;15;1;;;;;
12.86;-0.5;-0.5;4.225445;1;Adaptation;15;1;;;;;
12.88;0;-0.125;5.652382;1;Adaptation;15;1;;;;;
12.9;-0.5;-0.5;5.805243;1;Adaptation;15;1;;;;;
12.92;0;0.375;5.1709;1;Adaptation;15;1;;;;;
12.94;-0.5;-0.5;2.931759;1;Adaptation;15;1;;;;;
12.96;-2;-0.125;4.616605;1;Adaptation;15;1;;;;;
12.98;2;0;3.393775;1;Adaptation;15;1;;;;;
13;0;0.125;5.196949;1;Adaptation;15;1;;;;;
13.02;-0.5;-0.5;3.051641;1;Adaptation;15;1;;;;;
13.04;-2;0.0625;2.56397;1;Adaptation;15;1;;;;;
13.06;-0.5;-0.5;3.454496;1;Adaptation;15;1;;;;;
13.08;-0.5;-0.5;5.799684;1;Adaptation;15;1;;;;;
13.1;0;-0.0625;2.245407;1;Adaptation;15;1;;;;;
13.12;-0.5;-0.5;5.439868;1;Adaptation;15;1;;;;;
13.14;-2;0.1875;4.11736;1;Adaptation;15;1;;;;;
13.16;0;-0.0625;2.192802;1;Adaptation;15;1;;;;;
13.18;-0.5;-0.5;3.269142;1;Adaptation;15;1;;;;;
13.2;-0.5;-0.5;4.175554;1;Adaptation;15;1;;;;;
13.22;-0.5;-0.5;3.893212;1;Adaptation;15;1;;;;;
13.24;-0.5;-0.5;3.80185;1;Adaptation;15;1;;;;;
13.26;0;0.0625;2.489764;1;Adaptation;15;1;;;;;
13.28;-0.5;-0.5;4.108419;1;Adaptation;15;1;;;;;
13.3;-0.5;-0.5;2.332233;1;Adaptation;15;1;;;;;
13.32;-0.5;-0.5;2.538624;1;Adaptation;15;1;;;;;
13.34;-0.5;-0.5;4.408133;1;Adaptation;15;1;;;;;
13.36;-0.5;-0.5;4.0361;1;Adaptation;15;1;;;;;
13.38;-0.5;-0.5;2.844175;1;Adaptation;15;1;;;;;
13.4;-0.5;-0.5;4.837838;1;Adaptation;15;1;;;;;
13.42;-0.5;-0.5;2.183776;1;Adaptation;15;1;;;;;
13.44;-0.5;-0.5;4.778312;1;Adaptation;15;1;;;;;
13.46;-0.5;-0.5;2.308792;1;Adaptation;15;1;;;;;
13.48;-0.5;-0.5;4.335623;1;Adaptation;15;1;;;;;
13.5;-0.5;-0.5;3.41266;1;Adaptation;15;1;;;;;
13.52;-0.5;-0.5;3.325716;1;Adaptation;15;1;;;;;
13.54;-0.5;-0.5;5.429916;1;Adaptation;15;1;;;;;
13.56;-0.5;-0.5;3.587326;1;Adaptation;15;1;;;;;
13.58;-0.5;-0.5;2.003686;1;Adaptation;15;1;;;;;
13.6;-0.5;-0.5;4.090164;1;Adaptation;15;1;;;;;
13.62;-0.5;-0.5;5.105306;1;Adaptation;15;1;;;;;
13.64;-0.5;-0.5;2.025114;1;Adaptation;15;1;;;;;
13.66;-0.5;-0.5;3.052741;1;Adaptation;15;1;;;;;
13.68;-0.5;-0.5;5.583908;1;Adaptation;15;1;;;;;
13.7;-0.5;-0.5;5.596385;1;Adaptation;15;1;;;;;
13.72;-0.5;-0.5;5.725296;1;Adaptation;15;1;;;;;
13.74;-0.5;-0.5;2.655689;1;Adaptation;15;1;;;;;
13.76;2;0.25;2.542499;1;Adaptation;15;1;;;;;
13.78;-0.5;-0.5;5.521323;1;Adaptation;15;1;;;;;
13.8;-0.5;-0.5;3.11675;1;Adaptation;15;1;;;;;
13.82;0;0.0625;2.215008;1;Adaptation;15;1;;;;;
13.84;-0.5;-0.5;4.331045;1;Adaptation;15;1;;;;;
13.86;-0.5;-0.5;5.12997;1;Adaptation;15;1;;;;;
13.88;-0.5;-0.5;4.433028;1;Adaptation;15;1;;;;;
13.9;-0.5;-0.5;2.398199;1;Adaptation;15;1;;;;;
13.92;-0.5;-0.5;3.280975;1;Adaptation;15;1;;;;;
13.94;-0.5;-0.5;5.267203;1;Adaptation;15;1;;;;;
;;;;;;;;;;;;
