time;pos_x_right;pos_y_right;dil_right;pos_x_left;pos_y_left;dil_left;brightness;state;fov;trial;;
0;-0.5;-0.5;2.626754;1;Adaptation;15;1;;;;;
0.02;-0.5;-0.5;4.023381;1;Adaptation;15;1;;;;;
0.04;-0.5;-0.5;5.157812;1;Adaptation;15;1;;;;;
0.06;-0.5;-0.5;3.065035;1;Adaptation;15;1;;;;;
0.08;-0.5;-0.5;3.049858;1;Adaptation;15;1;;;;;
0.09999999;-0.5;-0.5;4.044523;1;Adaptation;15;1;;;;;
0.12;-0.5;-0.5;4.444669;1;Adaptation;15;1;;;;;
0.14;-0.5;-0.5;5.072163;1;Adaptation;15;1;;;;;
0.16;-0.5;-0.5;4.424298;1;Adaptation;15;1;;;;;
0.18;-0.5;-0.5;2.267957;1;Adaptation;15;1;;;;;
0.2;-0.5;-0.5;3.530482;1;Adaptation;15;1;;;;;
0.22;-0.5;-0.5;2.76447;1;Adaptation;15;1;;;;;
0.24;-0.5;-0.5;4.507328;1;Adaptation;15;1;;;;;
0.26;-0.5;-0.5;5.875312;1;Adaptation;15;1;;;;;
0.28;-0.5;-0.5;3.51826;1;Adaptation;15;1;;;;;
0.3;-0.5;-0.5;5.15504;1;Adaptation;15;1;;;;;
0.32;-0.5;-0.5;5.030637;1;Adaptation;15;1;;;;;
0.34;-0.5;-0.5;3.669284;1;Adaptation;15;1;;;;;
0.36;-0.5;-0.5;4.844198;1;Adaptation;15;1;;;;;
0.38;-0.5;-0.5;3.024682;1;Adaptation;15;1;;;;;
0.4;-0.5;-0.5;4.787296;1;Adaptation;15;1;;;;;
0.42;-0.5;-0.5;4.626409;1;Adaptation;15;1;;;;;
0.44;-0.5;-0.5;4.742238;1;Adaptation;15;1;;;;;
0.46;-0.5;-0.5;2.202508;1;Adaptation;15;1;;;;;
0.48;-0.5;-0.5;4.723196;1;Adaptation;15;1;;;;;
0.5;-2;0.1875;2.793852;1;Adaptation;15;1;;;;;
0.52;-0.5;-0.5;4.523345;1;Adaptation;15;1;;;;;
0.54;-0.5;-0.5;4.049977;1;Adaptation;15;1;;;;;
0.56;-0.5;-0.5;4.396789;1;Adaptation;15;1;;;;;
0.58;-0.5;-0.5;2.880548;1;Adaptation;15;1;;;;;
0.6;0;-0.0625;2.931563;1;Adaptation;15;1;;;;;
0.62;-0.5;-0.5;3.638808;1;Adaptation;15;1;;;;;
0.64;-0.5;-0.5;3.993577;1;Adaptation;15;1;;;;;
0.66;-0.5;-0.5;2.47079;1;Adaptation;15;1;;;;;
0.68;-0.5;-0.5;3.159351;1;Adaptation;15;1;;;;;
0.7;-0.5;-0.5;5.045936;1;Adaptation;15;1;;;;;
0.72;-0.5;-0.5;5.702969;1;Adaptation;15;1;;;;;
0.74;-0.5;-0.5;3.111567;1;Adaptation;15;1;;;;;
0.76;-0.5;-0.5;3.257651;1;Adaptation;15;1;;;;;
0.78;-0.5;-0.5;4.270307;1;Adaptation;15;1;;;;;
0.8;-0.5;-0.5;5.146911;1;Adaptation;15;1;;;;;
0.82;-0.5;-0.5;3.842264;1;Adaptation;15;1;;;;;
0.84;-2;-0.1875;3.074331;1;Adaptation;15;1;;;;;
0.86;-0.5;-0.5;3.09197;1;Adaptation;15;1;;;;;
0.88;-0.5;-0.5;2.607378;1;Adaptation;15;1;;;;;
0.9;-0.5;-0.5;4.276648;1;Adaptation;15;1;;;;;
0.92;-0.5;-0.5;5.514383;1;Adaptation;15;1;;;;;
0.94;-0.5;-0.5;4.111974;1;Adaptation;15;1;;;;;
0.96;-0.5;-0.5;2.968822;1;Adaptation;15;1;;;;;
0.98;-0.5;-0.5;5.592424;1;Adaptation;15;1;;;;;
1;-0.5;-0.5;3.461695;1;Adaptation;15;1;;;;;
1.02;-0.5;-0.5;4.314668;1;Adaptation;15;1;;;;;
1.04;0;0.125;4.531517;1;Adaptation;15;1;;;;;
1.06;0;0.1875;3.138683;1;Adaptation;15;1;;;;;
1.08;0;0.1875;3.018937;1;Adaptation;15;1;;;;;
1.1;0;-0.125;2.353435;1;Adaptation;15;1;;;;;
1.12;0;0;2.502176;1;Adaptation;15;1;;;;;
1.14;-0.5;-0.5;2.741533;1;Adaptation;15;1;;;;;
1.16;-0.5;-0.5;2.41913;1;Adaptation;15;1;;;;;
1.18;0;-0.0625;2.820383;1;Adaptation;15;1;;;;;
1.2;-0.5;-0.5;2.369724;1;Adaptation;15;1;;;;;
1.22;-0.5;-0.5;3.038806;1;Adaptation;15;1;;;;;
1.24;-0.5;-0.5;5.227167;1;Adaptation;15;1;;;;;
1.26;-0.5;-0.5;4.311671;1;Adaptation;15;1;;;;;
1.28;0;-0.125;5.645184;1;Adaptation;15;1;;;;;
1.3;-0.5;-0.5;3.146063;1;Adaptation;15;1;;;;;
1.32;-0.5;-0.5;3.338255;1;Adaptation;15;1;;;;;
1.34;-0.5;-0.5;3.096627;1;Adaptation;15;1;;;;;
1.36;-0.5;-0.5;3.791723;1;Adaptation;15;1;;;;;
1.38;-0.5;-0.5;5.594615;1;Adaptation;15;1;;;;;
1.4;0;-0.0625;3.119213;1;Adaptation;15;1;;;;;
1.42;-0.5;-0.5;3.56279;1;Adaptation;15;1;;;;;
1.44;-0.5;-0.5;2.463155;1;Adaptation;15;1;;;;;
1.46;-0.5;-0.5;2.087151;1;Adaptation;15;1;;;;;
1.48;2;-0.0625;4.306135;1;Adaptation;15;1;;;;;
1.5;-0.5;-0.5;3.03431;1;Adaptation;15;1;;;;;
1.52;-0.5;-0.5;3.847929;1;Adaptation;15;1;;;;;
1.54;-0.5;-0.5;3.941993;1;Adaptation;15;1;;;;;
1.56;2;-0.0625;5.134857;1;Adaptation;15;1;;;;;
1.58;-0.5;-0.5;4.533368;1;Adaptation;15;1;;;;;
1.6;-0.5;-0.5;4.174737;1;Adaptation;15;1;;;;;
1.62;-0.5;-0.5;3.863504;1;Adaptation;15;1;;;;;
1.64;-0.5;-0.5;3.784009;1;Adaptation;15;1;;;;;
1.66;-0.5;-0.5;3.580517;1;Adaptation;15;1;;;;;
1.68;-0.5;-0.5;4.36503;1;Adaptation;15;1;;;;;
1.7;-0.5;-0.5;3.454641;1;Adaptation;15;1;;;;;
1.72;-0.5;-0.5;2.899827;1;Adaptation;15;1;;;;;
1.74;0;0.125;3.98695;1;Adaptation;15;1;;;;;
1.76;-0.5;-0.5;3.219133;1;Adaptation;15;1;;;;;
1.78;-0.5;-0.5;3.234752;1;Adaptation;15;1;;;;;
1.8;-0.5;-0.5;2.922464;1;Adaptation;15;1;;;;;
1.82;-0.5;-0.5;4.646328;1;Adaptation;15;1;;;;;
1.84;-0.5;-0.5;4.175776;1;Adaptation;15;1;;;;;
1.86;-0.5;-0.5;2.448276;1;Adaptation;15;1;;;;;
1.88;-0.5;-0.5;4.215047;1;Adaptation;15;1;;;;;
1.9;-0.5;-0.5;2.428361;1;Adaptation;15;1;;;;;
1.92;-0.5;-0.5;3.360105;1;Adaptation;15;1;;;;;
1.94;-0.5;-0.5;5.759728;1;Adaptation;15;1;;;;;
1.96;-0.5;-0.5;5.816462;1;Adaptation;15;1;;;;;
1.98;-0.5;-0.5;4.898999;1;Adaptation;15;1;;;;;
2;0;-0.125;2.052827;1;Adaptation;15;1;;;;;
2.02;-0.5;-0.5;5.774618;1;Adaptation;15;1;;;;;
2.04;-0.5;-0.5;3.626764;1;Adaptation;15;1;;;;;
2.06;0;-0.125;5.163118;1;Adaptation;15;1;;;;;
2.08;0;0.0625;3.656715;1;Adaptation;15;1;;;;;
2.1;0;0.0625;2.384832;1;Adaptation;15;1;;;;;
2.12;-0.5;-0.5;3.650508;1;Adaptation;15;1;;;;;
2.14;-0.5;-0.5;5.452872;1;Adaptation;15;1;;;;;
2.16;-0.5;-0.5;5.245451;1;Adaptation;15;1;;;;;
2.18;-0.5;-0.5;2.934087;1;Adaptation;15;1;;;;;
2.2;-0.5;-0.5;3.5308;1;Adaptation;15;1;;;;;
2.22;-0.5;-0.5;2.406827;1;Adaptation;15;1;;;;;
2.24;-0.5;-0.5;3.269586;1;Adaptation;15;1;;;;;
2.26;-2;0.0625;4.288406;1;Adaptation;15;1;;;;;
2.28;-0.5;-0.5;2.76357;1;Adaptation;15;1;;;;;
2.3;-0.5;-0.5;3.795956;1;Adaptation;15;1;;;;;
2.32;-0.5;-0.5;4.970734;1;Adaptation;15;1;;;;;
2.34;0;-0.0625;3.756662;1;Adaptation;15;1;;;;;
2.36;0;-0.0625;5.709684;1;Adaptation;15;1;;;;;
2.38;-0.5;-0.5;5.175834;1;Adaptation;15;1;;;;;
2.4;-0.5;-0.5;2.367794;1;Adaptation;15;1;;;;;
2.42;-0.5;-0.5;5.322223;1;Adaptation;15;1;;;;;
2.44;-0.5;-0.5;5.737104;1;Adaptation;15;1;;;;;
2.46;-0.5;-0.5;2.675279;1;Adaptation;15;1;;;;;
2.48;-0.5;-0.5;3.62437;1;Adaptation;15;1;;;;;
2.5;-0.5;-0.5;3.840242;1;Adaptation;15;1;;;;;
2.52;-0.5;-0.5;3.914562;1;Adaptation;15;1;;;;;
2.54;-0.5;-0.5;4.307317;1;Adaptation;15;1;;;;;
2.56;4;-0.0625;2.338125;1;Adaptation;15;1;;;;;
2.58;-0.5;-0.5;2.404419;1;Adaptation;15;1;;;;;
2.6;-0.5;-0.5;4.144883;1;Adaptation;15;1;;;;;
2.62;-0.5;-0.5;2.351765;1;Adaptation;15;1;;;;;
2.64;-0.5;-0.5;2.80779;1;Adaptation;15;1;;;;;
2.66;-0.5;-0.5;2.077092;1;Adaptation;15;1;;;;;
2.68;-0.5;-0.5;3.289896;1;Adaptation;15;1;;;;;
2.7;-0.5;-0.5;4.393744;1;Adaptation;15;1;;;;;
2.72;-0.5;-0.5;4.393837;1;Adaptation;15;1;;;;;
2.74;-0.5;-0.5;5.885114;1;Adaptation;15;1;;;;;
2.76;-0.5;-0.5;3.328067;1;Adaptation;15;1;;;;;
2.78;-0.5;-0.5;4.680008;1;Adaptation;15;1;;;;;
2.8;-0.5;-0.5;5.748308;1;Adaptation;15;1;;;;;
2.82;-0.5;-0.5;3.608824;1;Adaptation;15;1;;;;;
2.84;-0.5;-0.5;3.579127;1;Adaptation;15;1;;;;;
2.86;-0.5;-0.5;2.359384;1;Adaptation;15;1;;;;;
2.88;-0.5;-0.5;2.927635;1;Adaptation;15;1;;;;;
2.9;-0.5;-0.5;2.643895;1;Adaptation;15;1;;;;;
2.92;2;0;2.272362;1;Adaptation;15;1;;;;;
2.94;-0.5;-0.5;5.158708;1;Adaptation;15;1;;;;;
2.96;-2;0.0625;5.163165;1;Adaptation;15;1;;;;;
2.98;-0.5;-0.5;5.797229;1;Adaptation;15;1;;;;;
3;-0.5;-0.5;3.426433;1;Adaptation;15;1;;;;;
3.02;-0.5;-0.5;2.429076;1;Adaptation;15;1;;;;;
3.04;2;0;4.664588;1;Adaptation;15;1;;;;;
3.06;-0.5;-0.5;4.691627;1;Adaptation;15;1;;;;;
3.08;-0.5;-0.5;4.32058;1;Adaptation;15;1;;;;;
3.1;-0.5;-0.5;5.303326;1;Adaptation;15;1;;;;;
3.12;-0.5;-0.5;3.447814;1;Adaptation;15;1;;;;;
3.14;-0.5;-0.5;2.433681;1;Adaptation;15;1;;;;;
3.16;-0.5;-0.5;5.91221;1;Adaptation;15;1;;;;;
3.18;0;-0.25;5.639382;1;Adaptation;15;1;;;;;
3.2;0;-0.0625;2.451238;1;Adaptation;15;1;;;;;
3.22;-0.5;-0.5;3.358526;1;Adaptation;15;1;;;;;
3.24;-0.5;-0.5;5.961175;1;Adaptation;15;1;;;;;
3.26;-0.5;-0.5;5.734303;1;Adaptation;15;1;;;;;
3.28;-0.5;-0.5;4.521188;1;Adaptation;15;1;;;;;
3.3;-0.5;-0.5;5.925757;1;Adaptation;15;1;;;;;
3.32;-0.5;-0.5;4.498448;1;Adaptation;15;1;;;;;
3.34;-0.5;-0.5;4.552874;1;Adaptation;15;1;;;;;
3.36;-0.5;-0.5;2.81436;1;Adaptation;15;1;;;;;
3.38;-0.5;-0.5;5.568145;1;Adaptation;15;1;;;;;
3.4;-0.5;-0.5;3.275713;1;Adaptation;15;1;;;;;
3.42;-0.5;-0.5;4.525131;1;Adaptation;15;1;;;;;
3.44;-0.5;-0.5;5.310936;1;Adaptation;15;1;;;;;
3.46;-0.5;-0.5;5.320618;1;Adaptation;15;1;;;;;
3.48;0;-0.375;5.27123;1;Adaptation;15;1;;;;;
3.5;-0.5;-0.5;5.648056;1;Adaptation;15;1;;;;;
3.52;-0.5;-0.5;3.507903;1;Adaptation;15;1;;;;;
3.54;-0.5;-0.5;3.321029;1;Adaptation;15;1;;;;;
3.56;0;-0.0625;2.337494;1;Adaptation;15;1;;;;;
3.58;-0.5;-0.5;2.436142;1;Adaptation;15;1;;;;;
3.6;-0.5;-0.5;3.221729;1;Adaptation;15;1;;;;;
3.62;-0.5;-0.5;4.299991;1;Adaptation;15;1;;;;;
3.64;-0.5;-0.5;5.889277;1;Adaptation;15;1;;;;;
3.66;-0.5;-0.5;3.04232;1;Adaptation;15;1;;;;;
3.68;-0.5;-0.5;4.54026;1;Adaptation;15;1;;;;;
3.7;-0.5;-0.5;4.092911;1;Adaptation;15;1;;;;;
3.72;-0.5;-0.5;4.096183;1;Adaptation;15;1;;;;;
3.74;0;-0.125;4.362739;1;Adaptation;15;1;;;;;
3.76;-0.5;-0.5;3.781378;1;Adaptation;15;1;;;;;
3.78;2;-0.125;4.91633;1;Adaptation;15;1;;;;;
3.8;0;-0.0625;3.927262;1;Adaptation;15;1;;;;;
3.82;0;0;5.607509;1;Adaptation;15;1;;;;;
3.84;-0.5;-0.5;4.154843;1;Adaptation;15;1;;;;;
3.86;-0.5;-0.5;2.088378;1;Adaptation;15;1;;;;;
3.88;-0.5;-0.5;5.7645;1;Adaptation;15;1;;;;;
3.9;-4;0.1875;3.104718;1;Adaptation;15;1;;;;;
3.92;-0.5;-0.5;2.843376;1;Adaptation;15;1;;;;;
3.94;-0.5;-0.5;3.575042;1;Adaptation;15;1;;;;;
3.96;-0.5;-0.5;4.921809;1;Adaptation;15;1;;;;;
3.98;-0.5;-0.5;5.208442;1;Adaptation;15;1;;;;;
4;-0.5;-0.5;4.5552;1;Adaptation;15;1;;;;;
4.02;-0.5;-0.5;5.609438;1;Adaptation;15;1;;;;;
4.04;-0.5;-0.5;5.595536;1;Adaptation;15;1;;;;;
4.06;0;0.125;2.572932;1;Adaptation;15;1;;;;;
4.08;-0.5;-0.5;3.988514;1;Adaptation;15;1;;;;;
4.1;0;-0.3125;2.810604;1;Adaptation;15;1;;;;;
4.12;-0.5;-0.5;3.567278;1;Adaptation;15;1;;;;;
4.14;-0.5;-0.5;4.813641;1;Adaptation;15;1;;;;;
4.16;-0.5;-0.5;2.71549;1;Adaptation;15;1;;;;;
4.18;-0.5;-0.5;2.890461;1;Adaptation;15;1;;;;;
4.2;-0.5;-0.5;3.393911;1;Adaptation;15;1;;;;;
4.22;0;-0.125;2.961518;1;Adaptation;15;1;;;;;
4.24;-0.5;-0.5;5.331462;1;Adaptation;15;1;;;;;
4.26;0;0.3125;2.660862;1;Adaptation;15;1;;;;;
4.28;-0.5;-0.5;2.602444;1;Adaptation;15;1;;;;;
4.3;-0.5;-0.5;2.848772;1;Adaptation;15;1;;;;;
4.32;4;0.0625;2.033997;1;Adaptation;15;1;;;;;
4.34;0;-0.0625;3.992443;1;Adaptation;15;1;;;;;
4.36;-0.5;-0.5;2.214886;1;Adaptation;15;1;;;;;
4.38;2;-0.1875;2.458477;1;Adaptation;15;1;;;;;
4.4;-0.5;-0.5;2.275458;1;Adaptation;15;1;;;;;
4.42;-0.5;-0.5;4.339415;1;Adaptation;15;1;;;;;
4.44;-0.5;-0.5;5.550661;1;Adaptation;15;1;;;;;
4.46;-2;0.1875;3.972261;1;Adaptation;15;1;;;;;
4.48;-0.5;-0.5;5.98315;1;Adaptation;15;1;;;;;
4.5;-0.5;-0.5;5.688582;1;Adaptation;15;1;;;;;
4.52;-0.5;-0.5;4.425811;1;Adaptation;15;1;;;;;
4.54;-0.5;-0.5;3.923265;1;Adaptation;15;1;;;;;
4.56;-0.5;-0.5;4.006209;1;Adaptation;15;1;;;;;
4.58;-0.5;-0.5;5.206516;1;Adaptation;15;1;;;;;
4.6;-0.5;-0.5;3.861513;1;Adaptation;15;1;;;;;
4.62;-0.5;-0.5;3.050282;1;Adaptation;15;1;;;;;
4.64;0;0;5.736562;1;Adaptation;15;1;;;;;
4.66;-0.5;-0.5;4.950504;1;Adaptation;15;1;;;;;
4.68;-0.5;-0.5;2.151365;1;Adaptation;15;1;;;;;
4.7;-0.5;-0.5;5.715856;1;Adaptation;15;1;;;;;
4.72;-0.5;-0.5;2.227111;1;Adaptation;15;1;;;;;
4.74;-2;0;3.809534;1;Adaptation;15;1;;;;;
4.76;0;-0.25;5.410949;1;Adaptation;15;1;;;;;
4.78;-0.5;-0.5;4.796703;1;Adaptation;15;1;;;;;
4.8;-0.5;-0.5;4.004246;1;Adaptation;15;1;;;;;
4.82;-0.5;-0.5;3.064598;1;Adaptation;15;1;;;;;
4.84;-0.5;-0.5;4.001771;1;Adaptation;15;1;;;;;
4.86;-0.5;-0.5;2.605249;1;Adaptation;15;1;;;;;
4.88;-0.5;-0.5;2.905741;1;Adaptation;15;1;;;;;
4.9;-0.5;-0.5;3.114821;1;Adaptation;15;1;;;;;
4.92;-1;-0.0625;4.316895;1;Adaptation;15;1;;;;;
4.94;-0.5;-0.5;3.820704;1;Adaptation;15;1;;;;;
4.96;-0.5;-0.5;3.164932;1;Adaptation;15;1;;;;;
4.98;-0.5;-0.5;5.139355;1;Adaptation;15;1;;;;;
5;-0.5;-0.5;5.021998;1;Adaptation;15;1;;;;;
5.02;-0.5;-0.5;2.542176;1;Adaptation;15;1;;;;;
5.04;0;-0.0625;5.526529;1;Adaptation;15;1;;;;;
5.06;-0.5;-0.5;4.970065;1;Adaptation;15;1;;;;;
5.08;-0.5;-0.5;3.604337;1;Adaptation;15;1;;;;;
5.1;1;-0.0625;3.663574;1;Adaptation;15;1;;;;;
5.12;-0.5;-0.5;2.325828;1;Adaptation;15;1;;;;;
5.14;-0.5;-0.5;5.918484;1;Adaptation;15;1;;;;;
5.16;-0.5;-0.5;5.016639;1;Adaptation;15;1;;;;;
5.18;-0.5;-0.5;3.898772;1;Adaptation;15;1;;;;;
5.2;-0.5;-0.5;2.036709;1;Adaptation;15;1;;;;;
5.22;-0.5;-0.5;3.128424;1;Adaptation;15;1;;;;;
5.24;-0.5;-0.5;2.091725;1;Adaptation;15;1;;;;;
5.26;-0.5;-0.5;4.429095;1;Adaptation;15;1;;;;;
5.28;-0.5;-0.5;3.712374;1;Adaptation;15;1;;;;;
5.3;-0.5;-0.5;2.628726;1;Adaptation;15;1;;;;;
5.32;-0.5;-0.5;5.451344;1;Adaptation;15;1;;;;;
5.34;-0.5;-0.5;5.602464;1;Adaptation;15;1;;;;;
5.36;0;0.03125;5.397796;1;Adaptation;15;1;;;;;
5.38;-0.5;-0.5;2.576239;1;Adaptation;15;1;;;;;
5.4;-0.5;-0.5;4.280913;1;Adaptation;15;1;;;;;
5.42;0;0.03125;3.928456;1;Adaptation;15;1;;;;;
5.44;-0.5;-0.5;3.551842;1;Adaptation;15;1;;;;;
5.46;-1;0.03125;2.990117;1;Adaptation;15;1;;;;;
5.48;-0.5;-0.5;2.655254;1;Adaptation;15;1;;;;;
5.5;-0.5;-0.5;2.407455;1;Adaptation;15;1;;;;;
5.52;-0.5;-0.5;5.006587;1;Adaptation;15;1;;;;;
5.54;0;0.03125;2.292033;1;Adaptation;15;1;;;;;
5.56;-0.5;-0.5;3.580308;1;Adaptation;15;1;;;;;
5.58;-0.5;-0.5;4.466679;1;Adaptation;15;1;;;;;
5.6;-0.5;-0.5;2.439153;1;Adaptation;15;1;;;;;
5.62;-0.5;-0.5;5.463756;1;Adaptation;15;1;;;;;
5.64;-0.5;-0.5;2.652026;1;Adaptation;15;1;;;;;
5.66;-0.5;-0.5;3.394789;1;Adaptation;15;1;;;;;
5.68;-0.5;-0.5;3.585756;1;Adaptation;15;1;;;;;
5.7;-0.5;-0.5;3.852395;1;Adaptation;15;1;;;;;
5.72;-0.5;-0.5;4.90337;1;Adaptation;15;1;;;;;
5.74;-0.5;-0.5;4.075637;1;Adaptation;15;1;;;;;
5.76;-0.5;-0.5;3.194457;1;Adaptation;15;1;;;;;
5.78;-0.5;-0.5;3.422398;1;Adaptation;15;1;;;;;
5.8;-0.5;-0.5;2.750601;1;Adaptation;15;1;;;;;
5.82;-0.5;-0.5;4.190088;1;Adaptation;15;1;;;;;
5.84;-0.5;-0.5;4.177931;1;Adaptation;15;1;;;;;
5.86;-0.5;-0.5;5.192368;1;Adaptation;15;1;;;;;
5.88;-0.5;-0.5;3.739632;1;Adaptation;15;1;;;;;
5.9;-0.5;-0.5;2.344435;1;Adaptation;15;1;;;;;
5.92;-0.5;-0.5;3.550394;1;Adaptation;15;1;;;;;
5.94;-0.5;-0.5;4.379768;1;Adaptation;15;1;;;;;
5.96;-0.5;-0.5;2.827922;1;Adaptation;15;1;;;;;
5.98;-0.5;-0.5;4.881656;1;Adaptation;15;1;;;;;
6;-0.5;-0.5;2.39007;1;Adaptation;15;1;;;;;
6.02;-0.5;-0.5;4.496854;1;Adaptation;15;1;;;;;
6.04;-0.5;-0.5;3.578938;1;Adaptation;15;1;;;;;
6.06;1;-0.03125;4.36463;1;Adaptation;15;1;;;;;
6.08;-0.5;-0.5;4.20715;1;Adaptation;15;1;;;;;
6.1;-0.5;-0.5;4.550949;1;Adaptation;15;1;;;;;
6.12;-0.5;-0.5;5.717422;1;Adaptation;15;1;;;;;
6.14;-0.5;-0.5;2.528471;1;Adaptation;15;1;;;;;
6.16;-0.5;-0.5;5.504519;1;Adaptation;15;1;;;;;
6.18;-0.5;-0.5;3.347904;1;Adaptation;15;1;;;;;
6.2;-0.5;-0.5;5.950599;1;Adaptation;15;1;;;;;
6.22;0;0.0625;5.115495;1;Adaptation;15;1;;;;;
6.24;-0.5;-0.5;3.446392;1;Adaptation;15;1;;;;;
6.26;-0.5;-0.5;3.793401;1;Adaptation;15;1;;;;;
6.28;-0.5;-0.5;5.725014;1;Adaptation;15;1;;;;;
6.3;-2;0;4.208258;1;Adaptation;15;1;;;;;
6.32;-0.5;-0.5;5.334539;1;Adaptation;15;1;;;;;
6.34;-0.5;-0.5;3.832854;1;Adaptation;15;1;;;;;
6.36;-0.5;-0.5;5.305455;1;Adaptation;15;1;;;;;
6.38;0;-0.0625;5.668567;1;Adaptation;15;1;;;;;
6.4;-0.5;-0.5;5.51783;1;Adaptation;15;1;;;;;
6.42;0;-0.0625;3.037755;1;Adaptation;15;1;;;;;
6.44;-0.5;-0.5;2.314956;1;Adaptation;15;1;;;;;
6.46;-0.5;-0.5;4.018117;1;Adaptation;15;1;;;;;
6.48;-0.5;-0.5;3.221058;1;Adaptation;15;1;;;;;
6.5;-0.5;-0.5;4.644464;1;Adaptation;15;1;;;;;
6.52;-0.5;-0.5;5.193776;1;Adaptation;15;1;;;;;
6.54;-0.5;-0.5;4.281157;1;Adaptation;15;1;;;;;
6.56;-0.5;-0.5;4.246964;1;Adaptation;15;1;;;;;
6.58;-0.5;-0.5;3.846124;1;Adaptation;15;1;;;;;
6.6;-0.5;-0.5;3.721296;1;Adaptation;15;1;;;;;
6.62;-0.5;-0.5;3.648217;1;Adaptation;15;1;;;;;
6.64;-0.5;-0.5;2.821881;1;Adaptation;15;1;;;;;
6.66;-0.5;-0.5;3.880782;1;Adaptation;15;1;;;;;
6.68;-0.5;-0.5;5.279905;1;Adaptation;15;1;;;;;
6.7;-0.5;-0.5;4.064675;1;Adaptation;15;1;;;;;
6.72;-1;0.09375;4.035971;1;Adaptation;15;1;;;;;
6.74;-0.5;-0.5;4.339442;1;Adaptation;15;1;;;;;
6.76;-0.5;-0.5;4.934772;1;Adaptation;15;1;;;;;
6.78;-0.5;-0.5;2.784396;1;Adaptation;15;1;;;;;
6.8;-0.5;-0.5;5.150934;1;Adaptation;15;1;;;;;
6.82;-0.5;-0.5;3.049831;1;Adaptation;15;1;;;;;
6.84;-0.5;-0.5;3.705318;1;Adaptation;15;1;;;;;
6.86;-0.5;-0.5;4.898446;1;Adaptation;15;1;;;;;
6.88;-0.5;-0.5;2.093544;1;Adaptation;15;1;;;;;
6.9;0;-0.09375;5.93796;1;Adaptation;15;1;;;;;
6.92;-0.5;-0.5;3.885099;1;Adaptation;15;1;;;;;
6.94;-0.5;-0.5;4.908162;1;Adaptation;15;1;;;;;
6.96;-0.5;-0.5;3.901016;1;Adaptation;15;1;;;;;
6.98;-0.5;-0.5;5.892727;1;Adaptation;15;1;;;;;
7;-0.5;-0.5;5.41957;1;Adaptation;15;1;;;;;
7.02;-0.5;-0.5;3.394279;1;Adaptation;15;1;;;;;
7.04;-0.5;-0.5;2.047249;1;Adaptation;15;1;;;;;
7.06;-0.5;-0.5;3.520071;1;Adaptation;15;1;;;;;
7.08;-0.5;-0.5;2.312907;1;Adaptation;15;1;;;;;
7.1;-0.5;-0.5;3.530048;1;Adaptation;15;1;;;;;
7.12;0;-0.03125;4.275578;1;Adaptation;15;1;;;;;
7.14;-0.5;-0.5;3.536003;1;Adaptation;15;1;;;;;
7.16;-0.5;-0.5;2.252593;1;Adaptation;15;1;;;;;
7.18;-0.5;-0.5;3.975794;1;Adaptation;15;1;;;;;
7.2;-0.5;-0.5;5.386702;1;Adaptation;15;1;;;;;
7.22;-0.5;-0.5;2.564037;1;Adaptation;15;1;;;;;
7.24;-0.5;-0.5;3.721204;1;Adaptation;15;1;;;;;
7.26;-0.5;-0.5;4.364217;1;Adaptation;15;1;;;;;
7.28;-0.5;-0.5;2.615045;1;Adaptation;15;1;;;;;
7.3;-0.5;-0.5;2.186419;1;Adaptation;15;1;;;;;
7.32;-0.5;-0.5;3.314085;1;Adaptation;15;1;;;;;
7.34;-0.5;-0.5;4.066684;1;Adaptation;15;1;;;;;
7.36;-0.5;-0.5;5.450432;1;Adaptation;15;1;;;;;
7.38;-0.5;-0.5;2.109862;1;Adaptation;15;1;;;;;
7.4;-0.5;-0.5;2.451478;1;Adaptation;15;1;;;;;
7.42;-0.5;-0.5;4.332783;1;Adaptation;15;1;;;;;
7.44;-0.5;-0.5;4.485605;1;Adaptation;15;1;;;;;
7.46;-0.5;-0.5;2.048119;1;Adaptation;15;1;;;;;
7.48;-0.5;-0.5;4.776175;1;Adaptation;15;1;;;;;
7.5;0;0.09375;2.918652;1;Adaptation;15;1;;;;;
7.52;-0.5;-0.5;3.060191;1;Adaptation;15;1;;;;;
7.54;-0.5;-0.5;4.028694;1;Adaptation;15;1;;;;;
7.56;-0.5;-0.5;2.926381;1;Adaptation;15;1;;;;;
7.58;-0.5;-0.5;5.673482;1;Adaptation;15;1;;;;;
7.6;-0.5;-0.5;5.512427;1;Adaptation;15;1;;;;;
7.62;0;0.09375;2.016303;1;Adaptation;15;1;;;;;
7.64;-0.5;-0.5;2.162589;1;Adaptation;15;1;;;;;
7.66;-0.5;-0.5;3.052011;1;Adaptation;15;1;;;;;
7.68;0;0.03125;4.86452;1;Adaptation;15;1;;;;;
7.7;-0.5;-0.5;2.477438;1;Adaptation;15;1;;;;;
7.72;-0.5;-0.5;3.194474;1;Adaptation;15;1;;;;;
7.74;-0.5;-0.5;4.719926;1;Adaptation;15;1;;;;;
7.76;0;-0.0625;4.611103;1;Adaptation;15;1;;;;;
7.78;-0.5;-0.5;4.645982;1;Adaptation;15;1;;;;;
7.8;2;-0.1875;3.894194;1;Adaptation;15;1;;;;;
7.82;-0.5;-0.5;3.490368;1;Adaptation;15;1;;;;;
7.84;-0.5;-0.5;5.381591;1;Adaptation;15;1;;;;;
7.86;-0.5;-0.5;4.422604;1;Adaptation;15;1;;;;;
7.88;4;0.125;5.814276;1;Adaptation;15;1;;;;;
7.9;-0.5;-0.5;5.444292;1;Adaptation;15;1;;;;;
7.92;-0.5;-0.5;2.228745;1;Adaptation;15;1;;;;;
7.94;-0.5;-0.5;2.172019;1;Adaptation;15;1;;;;;
7.96;-0.5;-0.5;4.892298;1;Adaptation;15;1;;;;;
7.98;-0.5;-0.5;5.787668;1;Adaptation;15;1;;;;;
8;-0.5;-0.5;3.221198;1;Adaptation;15;1;;;;;
8.02;-0.5;-0.5;3.980143;1;Adaptation;15;1;;;;;
8.04;-0.5;-0.5;3.953312;1;Adaptation;15;1;;;;;
8.059999;-0.5;-0.5;3.8416;1;Adaptation;15;1;;;;;
8.08;-0.5;-0.5;4.174983;1;Adaptation;15;1;;;;;
8.099999;-2;-0.375;4.637521;1;Adaptation;15;1;;;;;
8.12;-2;-0.375;2.453032;1;Adaptation;15;1;;;;;
8.139999;-0.5;-0.5;3.116361;1;Adaptation;15;1;;;;;
8.16;-0.5;-0.5;4.674664;1;Adaptation;15;1;;;;;
8.179999;-0.5;-0.5;4.258101;1;Adaptation;15;1;;;;;
8.2;-0.5;-0.5;3.535247;1;Adaptation;15;1;;;;;
8.22;-0.5;-0.5;4.464452;1;Adaptation;15;1;;;;;
8.24;-2;-0.0625;5.828617;1;Adaptation;15;1;;;;;
8.26;-0.5;-0.5;5.256352;1;Adaptation;15;1;;;;;
8.28;-0.5;-0.5;5.340512;1;Adaptation;15;1;;;;;
8.3;-0.5;-0.5;3.465106;1;Adaptation;15;1;;;;;
8.32;0;0.125;3.571388;1;Adaptation;15;1;;;;;
8.34;-0.5;-0.5;4.910074;1;Adaptation;15;1;;;;;
8.36;0;-0.125;2.76323;1;Adaptation;15;1;;;;;
8.38;-0.5;-0.5;4.177731;1;Adaptation;15;1;;;;;
8.4;-0.5;-0.5;5.284928;1;Adaptation;15;1;;;;;
8.42;-0.5;-0.5;3.640083;1;Adaptation;15;1;;;;;
8.44;-0.5;-0.5;5.639855;1;Adaptation;15;1;;;;;
8.46;-0.5;-0.5;4.27616;1;Adaptation;15;1;;;;;
8.48;-0.5;-0.5;5.617385;1;Adaptation;15;1;;;;;
8.5;0;0.0625;3.09774;1;Adaptation;15;1;;;;;
8.52;-0.5;-0.5;3.711826;1;Adaptation;15;1;;;;;
8.54;-0.5;-0.5;3.619267;1;Adaptation;15;1;;;;;
8.559999;2;-0.0625;4.019039;1;Adaptation;15;1;;;;;
8.58;-0.5;-0.5;4.144061;1;Adaptation;15;1;;;;;
8.599999;-0.5;-0.5;4.465452;1;Adaptation;15;1;;;;;
8.62;-0.5;-0.5;4.069566;1;Adaptation;15;1;;;;;
8.639999;-0.5;-0.5;3.000753;1;Adaptation;15;1;;;;;
8.66;-0.5;-0.5;5.031917;1;Adaptation;15;1;;;;;
8.679999;-0.5;-0.5;2.616158;1;Adaptation;15;1;;;;;
8.7;0;0.125;5.067756;1;Adaptation;15;1;;;;;
8.72;-0.5;-0.5;4.620471;1;Adaptation;15;1;;;;;
8.74;-0.5;-0.5;4.314983;1;Adaptation;15;1;;;;;
8.76;-0.5;-0.5;5.650569;1;Adaptation;15;1;;;;;
8.78;-0.5;-0.5;3.258196;1;Adaptation;15;1;;;;;
8.8;-0.5;-0.5;4.486948;1;Adaptation;15;1;;;;;
8.82;-0.5;-0.5;3.409561;1;Adaptation;15;1;;;;;
8.84;-0.5;-0.5;5.638457;1;Adaptation;15;1;;;;;
8.86;-0.5;-0.5;2.19807;1;Adaptation;15;1;;;;;
8.88;-0.5;-0.5;4.958893;1;Adaptation;15;1;;;;;
8.9;-0.5;-0.5;2.787211;1;Adaptation;15;1;;;;;
8.92;0;-0.0625;3.551516;1;Adaptation;15;1;;;;;
8.94;-0.5;-0.5;5.05319;1;Adaptation;15;1;;;;;
8.96;-0.5;-0.5;3.642132;1;Adaptation;15;1;;;;;
8.98;-0.5;-0.5;2.899456;1;Adaptation;15;1;;;;;
9;0;-0.0625;5.363875;1;Adaptation;15;1;;;;;
9.02;-0.5;-0.5;4.331237;1;Adaptation;15;1;;;;;
9.04;-0.5;-0.5;4.26747;1;Adaptation;15;1;;;;;
9.059999;0;0;2.522892;1;Adaptation;15;1;;;;;
9.08;-0.5;-0.5;3.344379;1;Adaptation;15;1;;;;;
9.099999;0;-0.0625;5.320936;1;Adaptation;15;1;;;;;
9.12;-0.5;-0.5;2.967224;1;Adaptation;15;1;;;;;
9.139999;-0.5;-0.5;5.430418;1;Adaptation;15;1;;;;;
9.16;-0.5;-0.5;3.846248;1;Adaptation;15;1;;;;;
9.179999;-0.5;-0.5;2.952617;1;Adaptation;15;1;;;;;
9.2;0;0.125;4.877701;1;Adaptation;15;1;;;;;
9.22;-0.5;-0.5;3.221281;1;Adaptation;15;1;;;;;
9.24;-0.5;-0.5;4.940769;1;Adaptation;15;1;;;;;
9.26;-0.5;-0.5;4.224843;1;Adaptation;15;1;;;;;
9.28;-0.5;-0.5;4.371926;1;Adaptation;15;1;;;;;
9.3;-2;0.0625;4.272814;1;Adaptation;15;1;;;;;
9.32;-0.5;-0.5;2.816594;1;Adaptation;15;1;;;;;
9.34;-0.5;-0.5;5.65376;1;Adaptation;15;1;;;;;
9.36;0;-0.0625;2.588284;1;Adaptation;15;1;;;;;
9.38;-0.5;-0.5;3.960385;1;Adaptation;15;1;;;;;
9.4;-2;0.0625;4.629053;1;Adaptation;15;1;;;;;
9.42;-0.5;-0.5;2.51436;1;Adaptation;15;1;;;;;
9.44;-0.5;-0.5;2.258364;1;Adaptation;15;1;;;;;
9.46;-2;0;2.458442;1;Adaptation;15;1;;;;;
9.48;-0.5;-0.5;3.086708;1;Adaptation;15;1;;;;;
9.5;0;0.125;3.947754;1;Adaptation;15;1;;;;;
9.52;-0.5;-0.5;5.387181;1;Adaptation;15;1;;;;;
9.54;-0.5;-0.5;3.628991;1;Adaptation;15;1;;;;;
9.559999;-0.5;-0.5;5.209757;1;Adaptation;15;1;;;;;
9.58;-0.5;-0.5;4.179884;1;Adaptation;15;1;;;;;
9.599999;-0.5;-0.5;4.348655;1;Adaptation;15;1;;;;;
9.62;-0.5;-0.5;2.264269;1;Adaptation;15;1;;;;;
9.639999;0;0.1875;4.311245;1;Adaptation;15;1;;;;;
9.66;-0.5;-0.5;2.488565;1;Adaptation;15;1;;;;;
9.679999;-2;0;5.116747;1;Adaptation;15;1;;;;;
9.7;-0.5;-0.5;3.642939;1;Adaptation;15;1;;;;;
9.719999;0;0.125;2.789397;1;Adaptation;15;1;;;;;
9.74;-0.5;-0.5;3.970965;1;Adaptation;15;1;;;;;
9.76;-0.5;-0.5;2.04142;1;Adaptation;15;1;;;;;
9.78;-0.5;-0.5;4.616968;1;Adaptation;15;1;;;;;
9.8;-0.5;-0.5;2.146065;1;Adaptation;15;1;;;;;
9.82;-0.5;-0.5;3.876207;1;Adaptation;15;1;;;;;
9.84;-0.5;-0.5;3.059499;1;Adaptation;15;1;;;;;
9.86;-0.5;-0.5;2.946914;1;Adaptation;15;1;;;;;
9.88;-0.5;-0.5;4.228048;1;Adaptation;15;1;;;;;
9.9;-0.5;-0.5;3.02511;1;Adaptation;15;1;;;;;
9.92;-0.5;-0.5;3.602496;1;Adaptation;15;1;;;;;
9.94;-0.5;-0.5;5.228061;1;Adaptation;15;1;;;;;
9.96;2;0.0625;4.135397;1;Adaptation;15;1;;;;;
9.98;2;0.0625;5.714759;1;Adaptation;15;1;;;;;
10;-0.5;-0.5;3.215166;1;Adaptation;15;1;;;;;
10.02;0;0.1875;5.660433;1;Adaptation;15;1;;;;;
10.04;-0.5;-0.5;3.324393;1;Adaptation;15;1;;;;;
10.06;0;0;4.319558;1;Adaptation;15;1;;;;;
10.08;-0.5;-0.5;5.071529;1;Adaptation;15;1;;;;;
10.1;-0.5;-0.5;5.74325;1;Adaptation;15;1;;;;;
10.12;0;-0.125;5.75515;1;Adaptation;15;1;;;;;
10.14;0;-0.125;2.579922;1;Adaptation;15;1;;;;;
10.16;0;0.1875;2.976459;1;Adaptation;15;1;;;;;
10.18;-0.5;-0.5;5.622282;1;Adaptation;15;1;;;;;
10.2;-0.5;-0.5;4.435478;1;Adaptation;15;1;;;;;
10.22;-0.5;-0.5;2.417859;1;Adaptation;15;1;;;;;
10.24;0;0;5.651851;1;Adaptation;15;1;;;;;
10.26;-0.5;-0.5;4.253823;1;Adaptation;15;1;;;;;
10.28;-0.5;-0.5;5.943855;1;Adaptation;15;1;;;;;
10.3;-0.5;-0.5;2.037607;1;Adaptation;15;1;;;;;
10.32;0;0.0625;4.061437;1;Adaptation;15;1;;;;;
10.34;0;-0.1875;4.323271;1;Adaptation;15;1;;;;;
10.36;2;-0.0625;4.854568;1;Adaptation;15;1;;;;;
10.38;-0.5;-0.5;4.298275;1;Adaptation;15;1;;;;;
10.4;-0.5;-0.5;2.538489;1;Adaptation;15;1;;;;;
10.42;-0.5;-0.5;4.201543;1;Adaptation;15;1;;;;;
10.44;-0.5;-0.5;5.992053;1;Adaptation;15;1;;;;;
10.46;-0.5;-0.5;3.980805;1;Adaptation;15;1;;;;;
10.48;-0.5;-0.5;3.783068;1;Adaptation;15;1;;;;;
10.5;-0.5;-0.5;5.780984;1;Adaptation;15;1;;;;;
10.52;-0.5;-0.5;5.011845;1;Adaptation;15;1;;;;;
10.54;-0.5;-0.5;3.544799;1;Adaptation;15;1;;;;;
10.56;-0.5;-0.5;4.165112;1;Adaptation;15;1;;;;;
10.58;-0.5;-0.5;3.590601;1;Adaptation;15;1;;;;;
10.6;-0.5;-0.5;3.850743;1;Adaptation;15;1;;;;;
10.62;-0.5;-0.5;2.779544;1;Adaptation;15;1;;;;;
10.64;-0.5;-0.5;2.361968;1;Adaptation;15;1;;;;;
10.66;-0.5;-0.5;4.966058;1;Adaptation;15;1;;;;;
10.68;-0.5;-0.5;5.605186;1;Adaptation;15;1;;;;;
10.7;-0.5;-0.5;3.998667;1;Adaptation;15;1;;;;;
10.72;-0.5;-0.5;2.979562;1;Adaptation;15;1;;;;;
10.74;0;-0.25;4.654253;1;Adaptation;15;1;;;;;
10.76;-0.5;-0.5;2.614076;1;Adaptation;15;1;;;;;
10.78;-0.5;-0.5;2.077556;1;Adaptation;15;1;;;;;
10.8;-0.5;-0.5;3.437128;1;Adaptation;15;1;;;;;
10.82;-0.5;-0.5;3.694254;1;Adaptation;15;1;;;;;
10.84;-0.5;-0.5;3.197525;1;Adaptation;15;1;;;;;
10.86;-0.5;-0.5;2.561327;1;Adaptation;15;1;;;;;
10.88;2;0.0625;5.348391;1;Adaptation;15;1;;;;;
10.9;-0.5;-0.5;2.011963;1;Adaptation;15;1;;;;;
10.92;-0.5;-0.5;3.192146;1;Adaptation;15;1;;;;;
10.94;-0.5;-0.5;2.854109;1;Adaptation;15;1;;;;;
10.96;-0.5;-0.5;5.750896;1;Adaptation;15;1;;;;;
10.98;0;-0.1875;2.900359;1;Adaptation;15;1;;;;;
11;-0.5;-0.5;3.322597;1;Adaptation;15;1;;;;;
11.02;-0.5;-0.5;2.2347;1;Adaptation;15;1;;;;;
11.04;-0.5;-0.5;4.211849;1;Adaptation;15;1;;;;;
11.06;-0.5;-0.5;2.662156;1;Adaptation;15;1;;;;;
11.08;-0.5;-0.5;4.301069;1;Adaptation;15;1;;;;;
11.1;-0.5;-0.5;4.495483;1;Adaptation;15;1;;;;;
11.12;-0.5;-0.5;3.801792;1;Adaptation;15;1;;;;;
11.14;-2;-0.0625;2.289687;1;Adaptation;15;1;;;;;
11.16;0;0;5.224912;1;Adaptation;15;1;;;;;
11.18;-0.5;-0.5;3.438106;1;Adaptation;15;1;;;;;
11.2;-0.5;-0.5;4.793262;1;Adaptation;15;1;;;;;
11.22;-0.5;-0.5;3.846954;1;Adaptation;15;1;;;;;
11.24;-0.5;-0.5;3.779626;1;Adaptation;15;1;;;;;
11.26;0;0.125;5.198407;1;Adaptation;15;1;;;;;
11.28;-0.5;-0.5;2.279912;1;Adaptation;15;1;;;;;
11.3;-0.5;-0.5;2.448508;1;Adaptation;15;1;;;;;
11.32;-0.5;-0.5;3.019513;1;Adaptation;15;1;;;;;
11.34;-0.5;-0.5;2.237774;1;Adaptation;15;1;;;;;
11.36;-0.5;-0.5;2.552896;1;Adaptation;15;1;;;;;
11.38;-0.5;-0.5;4.454417;1;Adaptation;15;1;;;;;
11.4;-0.5;-0.5;3.621222;1;Adaptation;15;1;;;;;
11.42;-0.5;-0.5;4.930574;1;Adaptation;15;1;;;;;
11.44;0;-0.0625;3.969746;1;Adaptation;15;1;;;;;
11.46;-0.5;-0.5;2.827424;1;Adaptation;15;1;;;;;
11.48;-0.5;-0.5;3.401971;1;Adaptation;15;1;;;;;
11.5;-0.5;-0.5;2.832427;1;Adaptation;15;1;;;;;
11.52;2;-0.125;5.307449;1;Adaptation;15;1;;;;;
11.54;2;-0.1875;2.3481;1;Adaptation;15;1;;;;;
11.56;-0.5;-0.5;4.814251;1;Adaptation;15;1;;;;;
11.58;-0.5;-0.5;4.949385;1;Adaptation;15;1;;;;;
11.6;-2;0;3.167191;1;Adaptation;15;1;;;;;
11.62;0;-0.25;5.855036;1;Adaptation;15;1;;;;;
11.64;-0.5;-0.5;5.67026;1;Adaptation;15;1;;;;;
11.66;-0.5;-0.5;3.351796;1;Adaptation;15;1;;;;;
11.68;-2;0.125;5.858517;1;Adaptation;15;1;;;;;
11.7;0;0.125;4.88849;1;Adaptation;15;1;;;;;
11.72;-0.5;-0.5;3.468312;1;Adaptation;15;1;;;;;
11.74;-0.5;-0.5;2.381412;1;Adaptation;15;1;;;;;
11.76;0;0.1875;2.293686;1;Adaptation;15;1;;;;;
11.78;-0.5;-0.5;2.182786;1;Adaptation;15;1;;;;;
11.8;0;0.0625;3.625282;1;Adaptation;15;1;;;;;
11.82;-0.5;-0.5;4.512467;1;Adaptation;15;1;;;;;
11.84;-0.5;-0.5;5.292696;1;Adaptation;15;1;;;;;
11.86;-0.5;-0.5;5.824783;1;Adaptation;15;1;;;;;
11.88;-0.5;-0.5;3.868019;1;Adaptation;15;1;;;;;
11.9;0;0.0625;3.444858;1;Adaptation;15;1;;;;;
11.92;-0.5;-0.5;2.003657;1;Adaptation;15;1;;;;;
11.94;-0.5;-0.5;3.44454;1;Adaptation;15;1;;;;;
11.96;-0.5;-0.5;2.03807;1;Adaptation;15;1;;;;;
11.98;-0.5;-0.5;2.055556;1;Adaptation;15;1;;;;;
12;-0.5;-0.5;5.638133;1;Adaptation;15;1;;;;;
12.02;-0.5;-0.5;5.40962;1;Adaptation;15;1;;;;;
12.04;-0.5;-0.5;5.549089;1;Adaptation;15;1;;;;;
12.06;-0.5;-0.5;4.735708;1;Adaptation;15;1;;;;;
12.08;0;0.125;4.716359;1;Adaptation;15;1;;;;;
12.1;-0.5;-0.5;2.624794;1;Adaptation;15;1;;;;;
12.12;-0.5;-0.5;5.935494;1;Adaptation;15;1;;;;;
12.14;-0.5;-0.5;3.923193;1;Adaptation;15;1;;;;;
12.16;-0.5;-0.5;3.363476;1;Adaptation;15;1;;;;;
12.18;-0.5;-0.5;4.684411;1;Adaptation;15;1;;;;;
12.2;-0.5;-0.5;5.358678;1;Adaptation;15;1;;;;;
12.22;-0.5;-0.5;5.084492;1;Adaptation;15;1;;;;;
12.24;-0.5;-0.5;2.39994;1;Adaptation;15;1;;;;;
12.26;-0.5;-0.5;2.101881;1;Adaptation;15;1;;;;;
12.28;-2;0.125;4.555921;1;Adaptation;15;1;;;;;
12.3;-0.5;-0.5;5.769667;1;Adaptation;15;1;;;;;
12.32;-0.5;-0.5;4.679403;1;Adaptation;15;1;;;;;
12.34;-0.5;-0.5;2.295876;1;Adaptation;15;1;;;;;
12.36;-0.5;-0.5;3.81857;1;Adaptation;15;1;;;;;
12.38;0;0.25;3.907033;1;Adaptation;15;1;;;;;
12.4;-0.5;-0.5;4.685284;1;Adaptation;15;1;;;;;
12.42;-0.5;-0.5;2.267101;1;Adaptation;15;1;;;;;
12.44;0;-0.125;3.974479;1;Adaptation;15;1;;;;;
12.46;-0.5;-0.5;4.587886;1;Adaptation;15;1;;;;;
12.48;0;0.0625;3.833415;1;Adaptation;15;1;;;;;
12.5;-0.5;-0.5;2.99298;1;Adaptation;15;1;;;;;
12.52;-0.5;-0.5;2.427971;1;Adaptation;15;1;;;;;
12.54;-0.5;-0.5;5.525441;1;Adaptation;15;1;;;;;
12.56;-0.5;-0.5;5.258524;1;Adaptation;15;1;;;;;
12.58;-0.5;-0.5;4.812567;1;Adaptation;15;1;;;;;
12.6;-0.5;-0.5;5.571436;1;Adaptation;15;1;;;;;
12.62;-0.5;-0.5;5.497184;1;Adaptation;15;1;;;;;
12.64;0;0.25;3.969579;1;Adaptation;15;1;;;;;
12.66;-0.5;-0.5;4.014611;1;Adaptation;15;1;;;;;
12.68;2;0.125;5.755951;1;Adaptation;15;1;;;;;
12.7;-0.5;-0.5;4.723931;1;Adaptation;15;1;;;;;
12.72;-0.5;-0.5;3.927908;1;Adaptation;15;1;;;;;
12.74;0;0;2.259352;1;Adaptation;15;1;;;;;
12.76;-0.5;-0.5;2.488312;1;Adaptation;15;1;;;;;
12.78;0;-0.125;3.085024;1;Adaptation;15;1;;;;;
12.8;-0.5;-0.5;2.914976;1;Adaptation;15;1;;;;;
12.82;-0.5;-0.5;3.402056;1;Adaptation;15;1;;;;;
12.84;-0.5;-0.5;4.558797;1;Adaptation;15;1;;;;;
12.86;0;0.0625;3.342084;1;Adaptation;15;1;;;;;
12.88;-0.5;-0.5;2.019208;1;Adaptation;15;1;;;;;
12.9;-0.5;-0.5;5.434042;1;Adaptation;15;1;;;;;
12.92;2;0;3.954911;1;Adaptation;15;1;;;;;
12.94;-0.5;-0.5;3.751787;1;Adaptation;15;1;;;;;
12.96;-0.5;-0.5;5.568058;1;Adaptation;15;1;;;;;
12.98;-0.5;-0.5;4.525887;1;Adaptation;15;1;;;;;
13;-0.5;-0.5;5.242934;1;Adaptation;15;1;;;;;
13.02;0;0.1875;3.157012;1;Adaptation;15;1;;;;;
13.04;-0.5;-0.5;4.818109;1;Adaptation;15;1;;;;;
13.06;-0.5;-0.5;3.051453;1;Adaptation;15;1;;;;;
13.08;-0.5;-0.5;4.450529;1;Adaptation;15;1;;;;;
13.1;-0.5;-0.5;2.930156;1;Adaptation;15;1;;;;;
13.12;0;0;5.872793;1;Adaptation;15;1;;;;;
13.14;-0.5;-0.5;4.045728;1;Adaptation;15;1;;;;;
13.16;-0.5;-0.5;4.155861;1;Adaptation;15;1;;;;;
13.18;-0.5;-0.5;2.563856;1;Adaptation;15;1;;;;;
13.2;-0.5;-0.5;2.198161;1;Adaptation;15;1;;;;;
13.22;-0.5;-0.5;3.152101;1;Adaptation;15;1;;;;;
13.24;-0.5;-0.5;2.630502;1;Adaptation;15;1;;;;;
13.26;-0.5;-0.5;2.403588;1;Adaptation;15;1;;;;;
13.28;-0.5;-0.5;5.793069;1;Adaptation;15;1;;;;;
13.3;-0.5;-0.5;3.030557;1;Adaptation;15;1;;;;;
13.32;-0.5;-0.5;4.750772;1;Adaptation;15;1;;;;;
13.34;-0.5;-0.5;3.64751;1;Adaptation;15;1;;;;;
13.36;-0.5;-0.5;5.790967;1;Adaptation;15;1;;;;;
13.38;-0.5;-0.5;2.136048;1;Adaptation;15;1;;;;;
13.4;-0.5;-0.5;3.300759;1;Adaptation;15;1;;;;;
13.42;-0.5;-0.5;4.759261;1;Adaptation;15;1;;;;;
13.44;-0.5;-0.5;4.88466;1;Adaptation;15;1;;;;;
13.46;-0.5;-0.5;4.183054;1;Adaptation;15;1;;;;;
13.48;-0.5;-0.5;4.481079;1;Adaptation;15;1;;;;;
13.5;-0.5;-0.5;5.014546;1;Adaptation;15;1;;;;;
13.52;-0.5;-0.5;5.521305;1;Adaptation;15;1;;;;;
13.54;-0.5;-0.5;3.909128;1;Adaptation;15;1;;;;;
13.56;-0.5;-0.5;5.466286;1;Adaptation;15;1;;;;;
13.58;-0.5;-0.5;3.144239;1;Adaptation;15;1;;;;;
13.6;0;-0.03125;4.825235;1;Adaptation;15;1;;;;;
13.62;-0.5;-0.5;3.153765;1;Adaptation;15;1;;;;;
13.64;-0.5;-0.5;5.545581;1;Adaptation;15;1;;;;;
13.66;-0.5;-0.5;5.50724;1;Adaptation;15;1;;;;;
13.68;-0.5;-0.5;2.632934;1;Adaptation;15;1;;;;;
13.7;-0.5;-0.5;3.292204;1;Adaptation;15;1;;;;;
13.72;-0.5;-0.5;2.366932;1;Adaptation;15;1;;;;;
13.74;-0.5;-0.5;4.575215;1;Adaptation;15;1;;;;;
13.76;-0.5;-0.5;4.077128;1;Adaptation;15;1;;;;;
13.78;0;-0.03125;5.791872;1;Adaptation;15;1;;;;;
13.8;-0.5;-0.5;3.632008;1;Adaptation;15;1;;;;;
13.82;-0.5;-0.5;5.029699;1;Adaptation;15;1;;;;;
13.84;-0.5;-0.5;5.500108;1;Adaptation;15;1;;;;;
13.86;0;0.09375;5.21388;1;Adaptation;15;1;;;;;
13.88;-0.5;-0.5;4.108507;1;Adaptation;15;1;;;;;
13.9;-0.5;-0.5;4.177329;1;Adaptation;15;1;;;;;
13.92;-0.5;-0.5;4.67879;1;Adaptation;15;1;;;;;
13.94;-0.5;-0.5;5.004163;1;Adaptation;15;1;;;;;
13.96;-0.5;-0.5;2.874184;1;Adaptation;15;1;;;;;
13.98;-0.5;-0.5;3.809125;1;Adaptation;15;1;;;;;
14;-0.5;-0.5;2.237057;1;Adaptation;15;1;;;;;
14.02;-0.5;-0.5;4.432634;1;Adaptation;15;1;;;;;
14.04;0;0;2.456432;1;Adaptation;15;1;;;;;
14.06;-0.5;-0.5;3.30521;1;Adaptation;15;1;;;;;
14.08;-0.5;-0.5;4.783739;1;Adaptation;15;1;;;;;
14.1;-0.5;-0.5;5.502902;1;Adaptation;15;1;;;;;
14.12;-0.5;-0.5;5.240816;1;Adaptation;15;1;;;;;
14.14;-0.5;-0.5;2.181977;1;Adaptation;15;1;;;;;
14.16;-0.5;-0.5;2.508;1;Adaptation;15;1;;;;;
14.18;-0.5;-0.5;3.437329;1;Adaptation;15;1;;;;;
14.2;-0.5;-0.5;5.905905;1;Adaptation;15;1;;;;;
14.22;-0.5;-0.5;2.500576;1;Adaptation;15;1;;;;;
14.24;-0.5;-0.5;3.545628;1;Adaptation;15;1;;;;;
14.26;-0.5;-0.5;3.441517;1;Adaptation;15;1;;;;;
14.28;-0.5;-0.5;3.661028;1;Adaptation;15;1;;;;;
14.3;-0.5;-0.5;4.458669;1;Adaptation;15;1;;;;;
14.32;-0.5;-0.5;4.933239;1;Adaptation;15;1;;;;;
14.34;-0.5;-0.5;3.655152;1;Adaptation;15;1;;;;;
14.36;-0.5;-0.5;4.12696;1;Adaptation;15;1;;;;;
14.38;-0.5;-0.5;3.773415;1;Adaptation;15;1;;;;;
14.4;-0.5;-0.5;4.973667;1;Adaptation;15;1;;;;;
14.42;-0.5;-0.5;4.12579;1;Adaptation;15;1;;;;;
14.44;-0.5;-0.5;3.850817;1;Adaptation;15;1;;;;;
14.46;-0.5;-0.5;4.88613;1;Adaptation;15;1;;;;;
14.48;-0.5;-0.5;5.773633;1;Adaptation;15;1;;;;;
14.5;-0.5;-0.5;3.568797;1;Adaptation;15;1;;;;;
14.52;-0.5;-0.5;3.010239;1;Adaptation;15;1;;;;;
14.54;-0.5;-0.5;3.010368;1;Adaptation;15;1;;;;;
14.56;-0.5;-0.5;4.550038;1;Adaptation;15;1;;;;;
14.58;-0.5;-0.5;3.803847;1;Adaptation;15;1;;;;;
14.6;-0.5;-0.5;3.953145;1;Adaptation;15;1;;;;;
14.62;-1;-0.03125;3.403114;1;Adaptation;15;1;;;;;
14.64;-0.5;-0.5;5.093126;1;Adaptation;15;1;;;;;
14.66;-0.5;-0.5;2.754708;1;Adaptation;15;1;;;;;
14.68;-0.5;-0.5;5.525987;1;Adaptation;15;1;;;;;
14.7;-0.5;-0.5;2.456339;1;Adaptation;15;1;;;;;
14.72;0;-0.03125;2.883037;1;Adaptation;15;1;;;;;
14.74;-1;0.03125;4.990193;1;Adaptation;15;1;;;;;
14.76;-0.5;-0.5;5.749381;1;Adaptation;15;1;;;;;
14.78;-0.5;-0.5;5.569622;1;Adaptation;15;1;;;;;
14.8;-0.5;-0.5;5.019627;1;Adaptation;15;1;;;;;
14.82;-0.5;-0.5;3.543832;1;Adaptation;15;1;;;;;
14.84;-0.5;-0.5;4.98203;1;Adaptation;15;1;;;;;
14.86;-0.5;-0.5;4.213945;1;Adaptation;15;1;;;;;
14.88;-0.5;-0.5;4.102321;1;Adaptation;15;1;;;;;
14.9;-0.5;-0.5;5.540943;1;Adaptation;15;1;;;;;
14.92;1;0.03125;5.460943;1;Adaptation;15;1;;;;;
14.94;-0.5;-0.5;5.517585;1;Adaptation;15;1;;;;;
14.96;-0.5;-0.5;5.899913;1;Adaptation;15;1;;;;;
14.98;-0.5;-0.5;4.48242;1;Adaptation;15;1;;;;;
15;-0.5;-0.5;5.111899;1;Adaptation;15;1;;;;;
15.02;-0.5;-0.5;5.963722;1;Adaptation;15;1;;;;;
15.04;-0.5;-0.5;3.153225;1;Adaptation;15;1;;;;;
15.06;-0.5;-0.5;4.141199;1;Adaptation;15;1;;;;;
15.08;-0.5;-0.5;3.921322;1;Adaptation;15;1;;;;;
15.1;-0.5;-0.5;4.766775;1;Adaptation;15;1;;;;;
15.12;-0.5;-0.5;2.683537;1;Adaptation;15;1;;;;;
15.14;-0.5;-0.5;4.327654;1;Adaptation;15;1;;;;;
15.16;-0.5;-0.5;3.343764;1;Adaptation;15;1;;;;;
15.18;0;-0.09375;5.580874;1;Adaptation;15;1;;;;;
15.2;-0.5;-0.5;2.704619;1;Adaptation;15;1;;;;;
15.22;-0.5;-0.5;2.829825;1;Adaptation;15;1;;;;;
15.24;-0.5;-0.5;5.724837;1;Adaptation;15;1;;;;;
15.26;-0.5;-0.5;3.426444;1;Adaptation;15;1;;;;;
15.28;-0.5;-0.5;2.168788;1;Adaptation;15;1;;;;;
15.3;-0.5;-0.5;4.960567;1;Adaptation;15;1;;;;;
15.32;-0.5;-0.5;5.315415;1;Adaptation;15;1;;;;;
15.34;-0.5;-0.5;5.275729;1;Adaptation;15;1;;;;;
15.36;-0.5;-0.5;4.243597;1;Adaptation;15;1;;;;;
15.38;-0.5;-0.5;5.67177;1;Adaptation;15;1;;;;;
15.4;-0.5;-0.5;4.521173;1;Adaptation;15;1;;;;;
15.42;-0.5;-0.5;2.594557;1;Adaptation;15;1;;;;;
15.44;-0.5;-0.5;3.813467;1;Adaptation;15;1;;;;;
15.46;-0.5;-0.5;3.582732;1;Adaptation;15;1;;;;;
15.48;-0.5;-0.5;3.959696;1;Adaptation;15;1;;;;;
15.5;-0.5;-0.5;2.522801;1;Adaptation;15;1;;;;;
15.52;-0.5;-0.5;5.641599;1;Adaptation;15;1;;;;;
15.54;-0.5;-0.5;3.372729;1;Adaptation;15;1;;;;;
15.56;-0.5;-0.5;3.944803;1;Adaptation;15;1;;;;;
15.58;-0.5;-0.5;4.15581;1;Adaptation;15;1;;;;;
15.6;2;0;4.162336;1;Adaptation;15;1;;;;;
15.62;-0.5;-0.5;3.158206;1;Adaptation;15;1;;;;;
15.64;-0.5;-0.5;4.253631;1;Adaptation;15;1;;;;;
15.66;-0.5;-0.5;5.869096;1;Adaptation;15;1;;;;;
15.68;-0.5;-0.5;3.487536;1;Adaptation;15;1;;;;;
15.7;-0.5;-0.5;3.96624;1;Adaptation;15;1;;;;;
15.72;2;0;4.11448;1;Adaptation;15;1;;;;;
15.74;-2;0.1875;4.560281;1;Adaptation;15;1;;;;;
15.76;-0.5;-0.5;5.056901;1;Adaptation;15;1;;;;;
15.78;-0.5;-0.5;5.022853;1;Adaptation;15;1;;;;;
15.8;-0.5;-0.5;4.656219;1;Adaptation;15;1;;;;;
15.82;-0.5;-0.5;5.99693;1;Adaptation;15;1;;;;;
15.84;-0.5;-0.5;2.820027;1;Adaptation;15;1;;;;;
15.86;-0.5;-0.5;2.57293;1;Adaptation;15;1;;;;;
15.88;0;0.125;3.928246;1;Adaptation;15;1;;;;;
15.9;-0.5;-0.5;5.747642;1;Adaptation;15;1;;;;;
15.92;-0.5;-0.5;5.061683;1;Adaptation;15;1;;;;;
15.94;-0.5;-0.5;3.588121;1;Adaptation;15;1;;;;;
15.96;-0.5;-0.5;5.442976;1;Adaptation;15;1;;;;;
15.98;-0.5;-0.5;5.279913;1;Adaptation;15;1;;;;;
16;-0.5;-0.5;3.198971;1;Adaptation;15;1;;;;;
16.02;0;0.0625;3.441493;1;Adaptation;15;1;;;;;
16.04;0;0.125;5.386065;1;Adaptation;15;1;;;;;
16.06;0;0.125;4.662782;1;Adaptation;15;1;;;;;
16.08;-0.5;-0.5;2.372185;1;Adaptation;15;1;;;;;
16.1;-0.5;-0.5;3.935874;1;Adaptation;15;1;;;;;
16.12;0;-0.0625;4.295127;1;Adaptation;15;1;;;;;
16.14;-0.5;-0.5;2.424632;1;Adaptation;15;1;;;;;
16.16;-0.5;-0.5;3.759795;1;Adaptation;15;1;;;;;
16.18;-0.5;-0.5;4.537268;1;Adaptation;15;1;;;;;
16.2;-0.5;-0.5;3.179473;1;Adaptation;15;1;;;;;
16.22;0;-0.1875;2.167925;1;Adaptation;15;1;;;;;
16.24;-0.5;-0.5;5.166186;1;Adaptation;15;1;;;;;
16.26;-0.5;-0.5;5.591399;1;Adaptation;15;1;;;;;
16.28;-0.5;-0.5;5.325638;1;Adaptation;15;1;;;;;
16.3;2;-0.1875;4.117645;1;Adaptation;15;1;;;;;
16.32;2;-0.0625;3.74136;1;Adaptation;15;1;;;;;
16.34;-0.5;-0.5;2.90701;1;Adaptation;15;1;;;;;
16.36;-0.5;-0.5;2.370463;1;Adaptation;15;1;;;;;
16.38;0;0.0625;3.634367;1;Adaptation;15;1;;;;;
16.4;2;0.125;2.195808;1;Adaptation;15;1;;;;;
16.42;-0.5;-0.5;4.427042;1;Adaptation;15;1;;;;;
16.44;-2;-0.0625;3.608066;1;Adaptation;15;1;;;;;
16.46;-0.5;-0.5;2.339225;1;Adaptation;15;1;;;;;
16.48;-0.5;-0.5;4.326257;1;Adaptation;15;1;;;;;
16.5;-0.5;-0.5;4.477809;1;Adaptation;15;1;;;;;
16.52;-0.5;-0.5;4.868754;1;Adaptation;15;1;;;;;
16.54;-0.5;-0.5;5.033755;1;Adaptation;15;1;;;;;
16.56;-0.5;-0.5;3.43152;1;Adaptation;15;1;;;;;
16.58;-0.5;-0.5;3.303199;1;Adaptation;15;1;;;;;
16.6;-0.5;-0.5;5.647266;1;Adaptation;15;1;;;;;
16.62;-0.5;-0.5;2.953775;1;Adaptation;15;1;;;;;
16.64;-2;0.0625;2.589161;1;Adaptation;15;1;;;;;
16.66;-0.5;-0.5;5.699181;1;Adaptation;15;1;;;;;
16.68;-0.5;-0.5;2.016415;1;Adaptation;15;1;;;;;
16.7;-0.5;-0.5;2.482795;1;Adaptation;15;1;;;;;
16.72;-0.5;-0.5;3.44767;1;Adaptation;15;1;;;;;
16.74;-0.5;-0.5;4.803546;1;Adaptation;15;1;;;;;
16.76;-0.5;-0.5;3.159787;1;Adaptation;15;1;;;;;
16.78;0;0.0625;5.904844;1;Adaptation;15;1;;;;;
16.8;0;-0.0625;5.622858;1;Adaptation;15;1;;;;;
16.82;-0.5;-0.5;2.057084;1;Adaptation;15;1;;;;;
16.84;-0.5;-0.5;4.475833;1;Adaptation;15;1;;;;;
16.86;-0.5;-0.5;4.098811;1;Adaptation;15;1;;;;;
16.88;-0.5;-0.5;3.324626;1;Adaptation;15;1;;;;;
16.9;-0.5;-0.5;4.813289;1;Adaptation;15;1;;;;;
16.92;-0.5;-0.5;4.185849;1;Adaptation;15;1;;;;;
16.94;-0.5;-0.5;2.946058;1;Adaptation;15;1;;;;;
16.96;-0.5;-0.5;2.024035;1;Adaptation;15;1;;;;;
16.98;-0.5;-0.5;3.320423;1;Adaptation;15;1;;;;;
17;-0.5;-0.5;2.532425;1;Adaptation;15;1;;;;;
17.02;-0.5;-0.5;3.266065;1;Adaptation;15;1;;;;;
17.04;-0.5;-0.5;3.556588;1;Adaptation;15;1;;;;;
17.06;-0.5;-0.5;2.178295;1;Adaptation;15;1;;;;;
17.08;-0.5;-0.5;2.842571;1;Adaptation;15;1;;;;;
17.1;-0.5;-0.5;2.96821;1;Adaptation;15;1;;;;;
17.12;-0.5;-0.5;5.429778;1;Adaptation;15;1;;;;;
17.14;2;0;2.127602;1;Adaptation;15;1;;;;;
17.16;0;0;2.143491;1;Adaptation;15;1;;;;;
17.18;-0.5;-0.5;2.342928;1;Adaptation;15;1;;;;;
17.2;0;0.125;2.896279;1;Adaptation;15;1;;;;;
17.22;-0.5;-0.5;2.060688;1;Adaptation;15;1;;;;;
17.24;-0.5;-0.5;4.109677;1;Adaptation;15;1;;;;;
17.26;-0.5;-0.5;2.203754;1;Adaptation;15;1;;;;;
17.28;-0.5;-0.5;3.923241;1;Adaptation;15;1;;;;;
17.3;2;-0.0625;5.044472;1;Adaptation;15;1;;;;;
17.32;-0.5;-0.5;3.245186;1;Adaptation;15;1;;;;;
17.34;0;-0.0625;4.093621;1;Adaptation;15;1;;;;;
17.36;-0.5;-0.5;4.236893;1;Adaptation;15;1;;;;;
17.38;-0.5;-0.5;5.007164;1;Adaptation;15;1;;;;;
17.4;-0.5;-0.5;5.878602;1;Adaptation;15;1;;;;;
17.42;-0.5;-0.5;3.2368;1;Adaptation;15;1;;;;;
17.44;-0.5;-0.5;5.213485;1;Adaptation;15;1;;;;;
17.46;0;-0.0625;4.001263;1;Adaptation;15;1;;;;;
17.48;-0.5;-0.5;5.160247;1;Adaptation;15;1;;;;;
17.5;-0.5;-0.5;5.922253;1;Adaptation;15;1;;;;;
17.52;-0.5;-0.5;2.831676;1;Adaptation;15;1;;;;;
17.54;-2;-0.0625;4.15856;1;Adaptation;15;1;;;;;
17.56;-0.5;-0.5;4.331778;1;Adaptation;15;1;;;;;
17.58;-0.5;-0.5;3.130839;1;Adaptation;15;1;;;;;
17.6;0;0.1875;5.960477;1;Adaptation;15;1;;;;;
17.62;-0.5;-0.5;3.810262;1;Adaptation;15;1;;;;;
17.64;-0.5;-0.5;5.446546;1;Adaptation;15;1;;;;;
17.66;-0.5;-0.5;4.854619;1;Adaptation;15;1;;;;;
17.68;-0.5;-0.5;2.690334;1;Adaptation;15;1;;;;;
17.7;-0.5;-0.5;4.698722;1;Adaptation;15;1;;;;;
17.72;-0.5;-0.5;2.28734;1;Adaptation;15;1;;;;;
17.74;0;0.0625;5.604603;1;Adaptation;15;1;;;;;
17.76;-0.5;-0.5;5.176277;1;Adaptation;15;1;;;;;
17.78;-0.5;-0.5;5.876505;1;Adaptation;15;1;;;;;
17.8;0;-0.25;3.106029;1;Adaptation;15;1;;;;;
17.82;-0.5;-0.5;5.46229;1;Adaptation;15;1;;;;;
17.84;-0.5;-0.5;5.46473;1;Adaptation;15;1;;;;;
17.86;-0.5;-0.5;2.696237;1;Adaptation;15;1;;;;;
17.88;-2;0.1875;4.869866;1;Adaptation;15;1;;;;;
17.9;-0.5;-0.5;5.772533;1;Adaptation;15;1;;;;;
17.92;2;0;4.610934;1;Adaptation;15;1;;;;;
17.94;0;-0.0625;4.116965;1;Adaptation;15;1;;;;;
17.96;-0.5;-0.5;5.670842;1;Adaptation;15;1;;;;;
17.98;-0.5;-0.5;3.399829;1;Adaptation;15;1;;;;;
18;-0.5;-0.5;4.522191;1;Adaptation;15;1;;;;;
18.02;-0.5;-0.5;3.284103;1;Adaptation;15;1;;;;;
18.04;-0.5;-0.5;2.662769;1;Adaptation;15;1;;;;;
18.06;-0.5;-0.5;2.617795;1;Adaptation;15;1;;;;;
18.08;-0.5;-0.5;2.258467;1;Adaptation;15;1;;;;;
18.1;-0.5;-0.5;2.655343;1;Adaptation;15;1;;;;;
18.12;-0.5;-0.5;4.738949;1;Adaptation;15;1;;;;;
18.14;0;0.125;3.761657;1;Adaptation;15;1;;;;;
18.16;-2;0.0625;3.889401;1;Adaptation;15;1;;;;;
18.18;-0.5;-0.5;2.734689;1;Adaptation;15;1;;;;;
18.2;-0.5;-0.5;5.193617;1;Adaptation;15;1;;;;;
18.22;-2;0.25;5.370966;1;Adaptation;15;1;;;;;
18.24;-0.5;-0.5;5.972774;1;Adaptation;15;1;;;;;
18.26;-0.5;-0.5;3.23392;1;Adaptation;15;1;;;;;
18.28;-0.5;-0.5;2.939191;1;Adaptation;15;1;;;;;
18.3;-0.5;-0.5;2.427115;1;Adaptation;15;1;;;;;
18.32;-0.5;-0.5;5.320847;1;Adaptation;15;1;;;;;
18.34;0;0.0625;5.763237;1;Adaptation;15;1;;;;;
18.36;-0.5;-0.5;5.605429;1;Adaptation;15;1;;;;;
18.38;-0.5;-0.5;4.465631;1;Adaptation;15;1;;;;;
18.4;-2;-0.3125;3.038477;1;Adaptation;15;1;;;;;
18.42;-0.5;-0.5;2.784988;1;Adaptation;15;1;;;;;
18.44;-0.5;-0.5;2.898203;1;Adaptation;15;1;;;;;
18.46;-0.5;-0.5;3.298158;1;Adaptation;15;1;;;;;
18.48;-0.5;-0.5;4.089042;1;Adaptation;15;1;;;;;
18.5;-0.5;-0.5;4.60706;1;Adaptation;15;1;;;;;
18.52;-0.5;-0.5;5.55021;1;Adaptation;15;1;;;;;
18.54;0;0.125;5.725161;1;Adaptation;15;1;;;;;
18.56;2;-0.125;3.757279;1;Adaptation;15;1;;;;;
18.58;-2;0.25;2.49253;1;Adaptation;15;1;;;;;
18.6;-0.5;-0.5;3.295112;1;Adaptation;15;1;;;;;
18.62;0;-0.0625;4.19438;1;Adaptation;15;1;;;;;
18.64;-0.5;-0.5;3.194916;1;Adaptation;15;1;;;;;
18.66;-0.5;-0.5;3.250318;1;Adaptation;15;1;;;;;
18.68;-0.5;-0.5;4.375617;1;Adaptation;15;1;;;;;
18.7;0;0.125;5.40959;1;Adaptation;15;1;;;;;
18.72;-0.5;-0.5;3.316168;1;Adaptation;15;1;;;;;
18.74;-0.5;-0.5;5.283166;1;Adaptation;15;1;;;;;
18.76;-0.5;-0.5;4.180422;1;Adaptation;15;1;;;;;
18.78;-0.5;-0.5;4.710077;1;Adaptation;15;1;;;;;
18.8;0;-0.1875;2.827462;1;Adaptation;15;1;;;;;
18.82;-0.5;-0.5;2.337543;1;Adaptation;15;1;;;;;
18.84;-0.5;-0.5;5.321736;1;Adaptation;15;1;;;;;
18.86;-0.5;-0.5;5.513754;1;Adaptation;15;1;;;;;
18.88;-0.5;-0.5;5.760613;1;Adaptation;15;1;;;;;
18.9;0;0.125;3.482251;1;Adaptation;15;1;;;;;
18.92;-2;0.0625;4.106184;1;Adaptation;15;1;;;;;
18.94;-0.5;-0.5;2.490087;1;Adaptation;15;1;;;;;
18.96;2;0.0625;4.417261;1;Adaptation;15;1;;;;;
18.98;-0.5;-0.5;3.976537;1;Adaptation;15;1;;;;;
19;-0.5;-0.5;4.852345;1;Adaptation;15;1;;;;;
19.02;-0.5;-0.5;4.307197;1;Adaptation;15;1;;;;;
19.04;-0.5;-0.5;5.960396;1;Adaptation;15;1;;;;;
19.06;-0.5;-0.5;4.863716;1;Adaptation;15;1;;;;;
19.08;-0.5;-0.5;5.879164;1;Adaptation;15;1;;;;;
19.1;-0.5;-0.5;2.442276;1;Adaptation;15;1;;;;;
19.12;-0.5;-0.5;4.331437;1;Adaptation;15;1;;;;;
19.14;0;0.25;2.869047;1;Adaptation;15;1;;;;;
19.16;-2;0.1875;4.307301;1;Adaptation;15;1;;;;;
19.18;2;0.125;3.84318;1;Adaptation;15;1;;;;;
19.2;-2;-0.0625;4.856119;1;Adaptation;15;1;;;;;
19.22;0;-0.0625;2.148216;1;Adaptation;15;1;;;;;
19.24;0;-0.1875;3.245492;1;Adaptation;15;1;;;;;
19.26;-0.5;-0.5;4.833549;1;Adaptation;15;1;;;;;
19.28;0;-0.1875;5.663165;1;Adaptation;15;1;;;;;
19.3;-0.5;-0.5;2.880959;1;Adaptation;15;1;;;;;
19.32;-2;0.1875;2.841907;1;Adaptation;15;1;;;;;
19.34;-0.5;-0.5;4.264883;1;Adaptation;15;1;;;;;
19.36;0;0;5.297794;1;Adaptation;15;1;;;;;
19.38;-2;-0.1875;3.788102;1;Adaptation;15;1;;;;;
19.4;-0.5;-0.5;5.263748;1;Adaptation;15;1;;;;;
19.42;-0.5;-0.5;2.486318;1;Adaptation;15;1;;;;;
19.44;-0.5;-0.5;4.541673;1;Adaptation;15;1;;;;;
19.46;-0.5;-0.5;2.320886;1;Adaptation;15;1;;;;;
19.48;0;0;5.291834;1;Adaptation;15;1;;;;;
19.5;-0.5;-0.5;3.288527;1;Adaptation;15;1;;;;;
19.52;-0.5;-0.5;3.392286;1;Adaptation;15;1;;;;;
19.54;-0.5;-0.5;5.803363;1;Adaptation;15;1;;;;;
19.56;-0.5;-0.5;4.091458;1;Adaptation;15;1;;;;;
19.58;-2;-0.0625;5.84567;1;Adaptation;15;1;;;;;
19.6;-2;0;2.925567;1;Adaptation;15;1;;;;;
19.62;-0.5;-0.5;2.232001;1;Adaptation;15;1;;;;;
19.64;-0.5;-0.5;2.339716;1;Adaptation;15;1;;;;;
19.66;-0.5;-0.5;5.716577;1;Adaptation;15;1;;;;;
19.68;0;-0.0625;3.619879;1;Adaptation;15;1;;;;;
19.7;-0.5;-0.5;5.793715;1;Adaptation;15;1;;;;;
19.72;-0.5;-0.5;2.385668;1;Adaptation;15;1;;;;;
19.74;0;0;3.891271;1;Adaptation;15;1;;;;;
19.76;-0.5;-0.5;5.657757;1;Adaptation;15;1;;;;;
19.78;-0.5;-0.5;2.632763;1;Adaptation;15;1;;;;;
19.8;-0.5;-0.5;5.9607;1;Adaptation;15;1;;;;;
19.82;-0.5;-0.5;2.882597;1;Adaptation;15;1;;;;;
19.84;-2;0.375;3.988677;1;Adaptation;15;1;;;;;
19.86;-0.5;-0.5;4.246295;1;Adaptation;15;1;;;;;
19.88;2;0.0625;4.60072;1;Adaptation;15;1;;;;;
19.9;0;-0.125;4.842639;1;Adaptation;15;1;;;;;
19.92;-0.5;-0.5;3.293175;1;Adaptation;15;1;;;;;
19.94;-0.5;-0.5;2.508811;1;Adaptation;15;1;;;;;
19.96;0;0.0625;3.097603;1;Adaptation;15;1;;;;;
19.98;0;0;2.672125;1;Adaptation;15;1;;;;;
20;-0.5;-0.5;5.92647;1;Adaptation;15;1;;;;;
20.02;-0.5;-0.5;4.435554;1;Adaptation;15;1;;;;;
20.04;-0.5;-0.5;2.248189;1;Adaptation;15;1;;;;;
20.06;-0.5;-0.5;4.334251;1;Adaptation;15;1;;;;;
20.08;-0.5;-0.5;5.93523;1;Adaptation;15;1;;;;;
20.1;0;0;3.014908;1;Adaptation;15;1;;;;;
20.12;-0.5;-0.5;3.951739;1;Adaptation;15;1;;;;;
20.14;-0.5;-0.5;2.513566;1;Adaptation;15;1;;;;;
20.16;-0.5;-0.5;3.529303;1;Adaptation;15;1;;;;;
20.18;-0.5;-0.5;5.388097;1;Adaptation;15;1;;;;;
20.2;-0.5;-0.5;5.408287;1;Adaptation;15;1;;;;;
20.22;-2;0.125;2.721298;1;Adaptation;15;1;;;;;
20.24;-0.5;-0.5;4.203989;1;Adaptation;15;1;;;;;
20.26;-0.5;-0.5;2.953494;1;Adaptation;15;1;;;;;
20.28;-0.5;-0.5;2.098458;1;Adaptation;15;1;;;;;
20.3;-0.5;-0.5;2.385658;1;Adaptation;15;1;;;;;
20.32;-0.5;-0.5;4.95267;1;Adaptation;15;1;;;;;
20.34;-0.5;-0.5;4.254196;1;Adaptation;15;1;;;;;
20.36;0;0;2.403104;1;Adaptation;15;1;;;;;
20.38;-0.5;-0.5;2.326715;1;Adaptation;15;1;;;;;
20.4;-0.5;-0.5;5.256752;1;Adaptation;15;1;;;;;
20.42;-0.5;-0.5;5.439255;1;Adaptation;15;1;;;;;
20.44;-0.5;-0.5;3.626165;1;Adaptation;15;1;;;;;
20.46;-2;0.1875;2.286434;1;Adaptation;15;1;;;;;
20.48;-0.5;-0.5;5.342033;1;Adaptation;15;1;;;;;
20.5;-0.5;-0.5;3.855887;1;Adaptation;15;1;;;;;
20.52;-0.5;-0.5;2.470398;1;Adaptation;15;1;;;;;
20.54;-0.5;-0.5;4.680177;1;Adaptation;15;1;;;;;
20.56;-2;0.1875;3.772608;1;Adaptation;15;1;;;;;
20.58;-0.5;-0.5;2.415687;1;Adaptation;15;1;;;;;
20.6;-0.5;-0.5;3.292671;1;Adaptation;15;1;;;;;
20.62;-0.5;-0.5;4.695694;1;Adaptation;15;1;;;;;
20.64;-0.5;-0.5;4.182709;1;Adaptation;15;1;;;;;
20.66;-0.5;-0.5;2.713816;1;Adaptation;15;1;;;;;
20.68;-0.5;-0.5;4.585267;1;Adaptation;15;1;;;;;
20.7;0;-0.0625;2.553718;1;Adaptation;15;1;;;;;
20.72;-0.5;-0.5;3.934331;1;Adaptation;15;1;;;;;
20.74;-0.5;-0.5;2.212653;1;Adaptation;15;1;;;;;
20.76;-0.5;-0.5;5.745224;1;Adaptation;15;1;;;;;
20.78;0;-0.125;5.446062;1;Adaptation;15;1;;;;;
20.8;-0.5;-0.5;2.687134;1;Adaptation;15;1;;;;;
20.82;-0.5;-0.5;2.265821;1;Adaptation;15;1;;;;;
20.84;-0.5;-0.5;3.955557;1;Adaptation;15;1;;;;;
20.86;0;0;5.165359;1;Adaptation;15;1;;;;;
20.88;-0.5;-0.5;2.121119;1;Adaptation;15;1;;;;;
20.9;0;-0.125;4.936105;1;Adaptation;15;1;;;;;
20.92;-0.5;-0.5;2.486515;1;Adaptation;15;1;;;;;
20.94;-0.5;-0.5;2.582305;1;Adaptation;15;1;;;;;
20.96;2;0.0625;2.319093;1;Adaptation;15;1;;;;;
20.98;-0.5;-0.5;5.560577;1;Adaptation;15;1;;;;;
21;-0.5;-0.5;2.121611;1;Adaptation;15;1;;;;;
21.02;-0.5;-0.5;4.993166;1;Adaptation;15;1;;;;;
21.04;2;-0.3125;3.253848;1;Adaptation;15;1;;;;;
21.06;-0.5;-0.5;3.483751;1;Adaptation;15;1;;;;;
21.08;-0.5;-0.5;2.478152;1;Adaptation;15;1;;;;;
21.1;-0.5;-0.5;2.866939;1;Adaptation;15;1;;;;;
21.12;-0.5;-0.5;5.136067;1;Adaptation;15;1;;;;;
21.14;-0.5;-0.5;4.601489;1;Adaptation;15;1;;;;;
21.16;-2;-0.0625;5.710611;1;Adaptation;15;1;;;;;
21.18;-0.5;-0.5;3.324644;1;Adaptation;15;1;;;;;
21.2;-0.5;-0.5;4.339828;1;Adaptation;15;1;;;;;
21.22;-0.5;-0.5;2.138778;1;Adaptation;15;1;;;;;
21.24;-0.5;-0.5;5.686529;1;Adaptation;15;1;;;;;
21.26;-0.5;-0.5;5.159891;1;Adaptation;15;1;;;;;
21.28;-0.5;-0.5;4.741354;1;Adaptation;15;1;;;;;
21.3;-0.5;-0.5;5.072582;1;Adaptation;15;1;;;;;
21.32;-0.5;-0.5;2.342185;1;Adaptation;15;1;;;;;
21.34;-0.5;-0.5;5.887325;1;Adaptation;15;1;;;;;
21.36;-0.5;-0.5;5.283201;1;Adaptation;15;1;;;;;
21.38;-0.5;-0.5;5.317086;1;Adaptation;15;1;;;;;
21.4;-2;-0.125;4.383592;1;Adaptation;15;1;;;;;
21.42;-0.5;-0.5;2.509882;1;Adaptation;15;1;;;;;
21.44;-0.5;-0.5;3.752508;1;Adaptation;15;1;;;;;
21.46;-0.5;-0.5;3.8232;1;Adaptation;15;1;;;;;
21.48;-0.5;-0.5;4.416578;1;Adaptation;15;1;;;;;
21.5;-0.5;-0.5;2.259988;1;Adaptation;15;1;;;;;
21.52;0;-0.3125;5.442811;1;Adaptation;15;1;;;;;
21.54;-0.5;-0.5;3.679089;1;Adaptation;15;1;;;;;
21.56;-0.5;-0.5;3.011099;1;Adaptation;15;1;;;;;
21.58;-0.5;-0.5;4.193723;1;Adaptation;15;1;;;;;
21.6;-0.5;-0.5;3.357774;1;Adaptation;15;1;;;;;
21.62;0;-0.125;4.043242;1;Adaptation;15;1;;;;;
21.64;-0.5;-0.5;5.549974;1;Adaptation;15;1;;;;;
21.66;-0.5;-0.5;2.14749;1;Adaptation;15;1;;;;;
21.68;-0.5;-0.5;2.903358;1;Adaptation;15;1;;;;;
21.7;-0.5;-0.5;5.762212;1;Adaptation;15;1;;;;;
21.72;-0.5;-0.5;4.664436;1;Adaptation;15;1;;;;;
21.74;-0.5;-0.5;3.95852;1;Adaptation;15;1;;;;;
21.76;0;0.125;4.731068;1;Adaptation;15;1;;;;;
21.78;-0.5;-0.5;3.20254;1;Adaptation;15;1;;;;;
21.8;-0.5;-0.5;4.882985;1;Adaptation;15;1;;;;;
21.82;-0.5;-0.5;2.479149;1;Adaptation;15;1;;;;;
21.84;-0.5;-0.5;2.695374;1;Adaptation;15;1;;;;;
21.86;-0.5;-0.5;5.291273;1;Adaptation;15;1;;;;;
21.88;0;0.0625;5.87885;1;Adaptation;15;1;;;;;
21.9;-0.5;-0.5;5.243534;1;Adaptation;15;1;;;;;
21.92;-0.5;-0.5;5.754611;1;Adaptation;15;1;;;;;
21.94;2;0.0625;5.068933;1;Adaptation;15;1;;;;;
21.96;2;0.0625;3.746809;1;Adaptation;15;1;;;;;
21.98;-0.5;-0.5;3.34257;1;Adaptation;15;1;;;;;
22;-0.5;-0.5;3.560763;1;Adaptation;15;1;;;;;
22.02;-0.5;-0.5;4.460298;1;Adaptation;15;1;;;;;
22.04;-0.5;-0.5;2.287149;1;Adaptation;15;1;;;;;
22.06;-0.5;-0.5;3.226293;1;Adaptation;15;1;;;;;
22.08;-0.5;-0.5;3.44473;1;Adaptation;15;1;;;;;
22.1;-2;0.0625;2.629795;1;Adaptation;15;1;;;;;
22.12;-0.5;-0.5;5.537198;1;Adaptation;15;1;;;;;
22.14;2;0;5.902136;1;Adaptation;15;1;;;;;
22.16;0;-0.125;2.068823;1;Adaptation;15;1;;;;;
22.18;-0.5;-0.5;2.786839;1;Adaptation;15;1;;;;;
22.2;-0.5;-0.5;5.432263;1;Adaptation;15;1;;;;;
22.22;-0.5;-0.5;3.021114;1;Adaptation;15;1;;;;;
22.24;-0.5;-0.5;4.198766;1;Adaptation;15;1;;;;;
22.26;-2;0.125;5.142306;1;Adaptation;15;1;;;;;
22.28;-0.5;-0.5;3.695997;1;Adaptation;15;1;;;;;
22.3;-0.5;-0.5;3.214691;1;Adaptation;15;1;;;;;
22.32;0;-0.125;4.765122;1;Adaptation;15;1;;;;;
22.34;-0.5;-0.5;4.322955;1;Adaptation;15;1;;;;;
22.36;-0.5;-0.5;5.078704;1;Adaptation;15;1;;;;;
22.38;-0.5;-0.5;3.065798;1;Adaptation;15;1;;;;;
22.4;-0.5;-0.5;3.957291;1;Adaptation;15;1;;;;;
22.42;-0.5;-0.5;5.769979;1;Adaptation;15;1;;;;;
22.44;0;-0.1875;2.609767;1;Adaptation;15;1;;;;;
22.46;-0.5;-0.5;4.086922;1;Adaptation;15;1;;;;;
22.48;-0.5;-0.5;2.260523;1;Adaptation;15;1;;;;;
22.5;-2;0.125;3.171541;1;Adaptation;15;1;;;;;
22.52;-0.5;-0.5;3.692712;1;Adaptation;15;1;;;;;
;;;;;;;;;;;;
