time;pos_x_right;pos_y_right;dil_right;pos_x_left;pos_y_left;dil_left;brightness;state;fov;trial;;
0;-0.5;-0.5;5.482096;1;Adaptation;15;1;;;;;
0.02;-0.5;-0.5;3.639426;1;Adaptation;15;1;;;;;
0.04;-0.5;-0.5;3.477637;1;Adaptation;15;1;;;;;
0.06;-0.5;-0.5;5.905873;1;Adaptation;15;1;;;;;
0.08;-0.5;-0.5;2.333096;1;Adaptation;15;1;;;;;
0.09999999;-0.5;-0.5;5.369787;1;Adaptation;15;1;;;;;
0.12;-0.5;-0.5;5.307258;1;Adaptation;15;1;;;;;
0.14;-0.5;-0.5;5.056555;1;Adaptation;15;1;;;;;
0.16;-0.5;-0.5;4.818825;1;Adaptation;15;1;;;;;
0.18;-0.5;-0.5;3.448189;1;Adaptation;15;1;;;;;
0.2;-0.5;-0.5;4.876835;1;Adaptation;15;1;;;;;
0.22;-0.5;-0.5;4.513675;1;Adaptation;15;1;;;;;
0.24;-0.5;-0.5;4.370894;1;Adaptation;15;1;;;;;
0.26;-0.5;-0.5;5.089621;1;Adaptation;15;1;;;;;
0.28;-0.5;-0.5;5.590894;1;Adaptation;15;1;;;;;
0.3;-0.5;-0.5;4.954072;1;Adaptation;15;1;;;;;
0.32;-0.5;-0.5;4.809158;1;Adaptation;15;1;;;;;
0.34;-0.5;-0.5;5.3873;1;Adaptation;15;1;;;;;
0.36;-0.5;-0.5;4.635377;1;Adaptation;15;1;;;;;
0.38;-0.5;-0.5;4.711324;1;Adaptation;15;1;;;;;
0.4;-0.5;-0.5;3.816028;1;Adaptation;15;1;;;;;
0.42;-0.5;-0.5;4.970837;1;Adaptation;15;1;;;;;
0.44;-0.5;-0.5;5.854699;1;Adaptation;15;1;;;;;
0.46;-0.5;-0.5;2.944027;1;Adaptation;15;1;;;;;
0.48;0;-0.25;3.680049;1;Adaptation;15;1;;;;;
0.5;-0.5;-0.5;2.032385;1;Adaptation;15;1;;;;;
0.52;-0.5;-0.5;2.304534;1;Adaptation;15;1;;;;;
0.54;-0.5;-0.5;4.752229;1;Adaptation;15;1;;;;;
0.56;-0.5;-0.5;2.034644;1;Adaptation;15;1;;;;;
0.58;-0.5;-0.5;2.479648;1;Adaptation;15;1;;;;;
0.6;-0.5;-0.5;3.570618;1;Adaptation;15;1;;;;;
0.62;-0.5;-0.5;3.953554;1;Adaptation;15;1;;;;;
0.64;0;0.25;4.18176;1;Adaptation;15;1;;;;;
0.66;-0.5;-0.5;2.705128;1;Adaptation;15;1;;;;;
0.68;-0.5;-0.5;5.363816;1;Adaptation;15;1;;;;;
0.7;-0.5;-0.5;3.368703;1;Adaptation;15;1;;;;;
0.72;-0.5;-0.5;3.275202;1;Adaptation;15;1;;;;;
0.74;-0.5;-0.5;2.480031;1;Adaptation;15;1;;;;;
0.76;-0.5;-0.5;4.903856;1;Adaptation;15;1;;;;;
0.78;-0.5;-0.5;2.663799;1;Adaptation;15;1;;;;;
0.8;-0.5;-0.5;2.048428;1;Adaptation;15;1;;;;;
0.82;-0.5;-0.5;3.59076;1;Adaptation;15;1;;;;;
0.84;-2;0.25;2.02168;1;Adaptation;15;1;;;;;
0.86;-0.5;-0.5;3.81442;1;Adaptation;15;1;;;;;
0.88;-2;-0.125;3.960561;1;Adaptation;15;1;;;;;
0.9;-0.5;-0.5;2.076998;1;Adaptation;15;1;;;;;
0.92;-0.5;-0.5;4.959647;1;Adaptation;15;1;;;;;
0.94;-0.5;-0.5;3.573337;1;Adaptation;15;1;;;;;
0.96;-0.5;-0.5;2.092815;1;Adaptation;15;1;;;;;
0.98;-2;0.125;2.048557;1;Adaptation;15;1;;;;;
1;0;0;2.552124;1;Adaptation;15;1;;;;;
1.02;-0.5;-0.5;4.144868;1;Adaptation;15;1;;;;;
1.04;-0.5;-0.5;3.339676;1;Adaptation;15;1;;;;;
1.06;-0.5;-0.5;4.783188;1;Adaptation;15;1;;;;;
1.08;-0.5;-0.5;3.569314;1;Adaptation;15;1;;;;;
1.1;-0.5;-0.5;4.432299;1;Adaptation;15;1;;;;;
1.12;0;-0.125;5.871768;1;Adaptation;15;1;;;;;
1.14;0;0;3.383013;1;Adaptation;15;1;;;;;
1.16;-0.5;-0.5;3.50739;1;Adaptation;15;1;;;;;
1.18;-0.5;-0.5;5.223056;1;Adaptation;15;1;;;;;
1.2;-0.5;-0.5;2.871939;1;Adaptation;15;1;;;;;
1.22;0;0.375;2.941236;1;Adaptation;15;1;;;;;
1.24;-0.5;-0.5;2.370837;1;Adaptation;15;1;;;;;
1.26;-0.5;-0.5;2.605577;1;Adaptation;15;1;;;;;
1.28;-0.5;-0.5;5.068687;1;Adaptation;15;1;;;;;
1.3;-0.5;-0.5;4.700747;1;Adaptation;15;1;;;;;
1.32;-0.5;-0.5;3.125474;1;Adaptation;15;1;;;;;
1.34;0;-0.25;2.060217;1;Adaptation;15;1;;;;;
1.36;-0.5;-0.5;3.916522;1;Adaptation;15;1;;;;;
1.38;-0.5;-0.5;5.489189;1;Adaptation;15;1;;;;;
1.4;-0.5;-0.5;4.046557;1;Adaptation;15;1;;;;;
1.42;-0.5;-0.5;2.004298;1;Adaptation;15;1;;;;;
1.44;2;0.25;3.162862;1;Adaptation;15;1;;;;;
1.46;-0.5;-0.5;4.236223;1;Adaptation;15;1;;;;;
1.48;-0.5;-0.5;3.400226;1;Adaptation;15;1;;;;;
1.5;-0.5;-0.5;3.615759;1;Adaptation;15;1;;;;;
1.52;-0.5;-0.5;4.416074;1;Adaptation;15;1;;;;;
1.54;-0.5;-0.5;3.44115;1;Adaptation;15;1;;;;;
1.56;-0.5;-0.5;5.634312;1;Adaptation;15;1;;;;;
1.58;-0.5;-0.5;3.176104;1;Adaptation;15;1;;;;;
1.6;0;0;2.81676;1;Adaptation;15;1;;;;;
1.62;0;0;4.034176;1;Adaptation;15;1;;;;;
1.64;-0.5;-0.5;4.131378;1;Adaptation;15;1;;;;;
1.66;-0.5;-0.5;2.6993;1;Adaptation;15;1;;;;;
1.68;-0.5;-0.5;4.148629;1;Adaptation;15;1;;;;;
1.7;-0.5;-0.5;3.206653;1;Adaptation;15;1;;;;;
1.72;0;-0.125;2.590004;1;Adaptation;15;1;;;;;
1.74;-0.5;-0.5;3.877789;1;Adaptation;15;1;;;;;
1.76;-2;0;5.133399;1;Adaptation;15;1;;;;;
1.78;-0.5;-0.5;2.984082;1;Adaptation;15;1;;;;;
1.8;0;0.125;5.066471;1;Adaptation;15;1;;;;;
1.82;0;0;2.691063;1;Adaptation;15;1;;;;;
1.84;-0.5;-0.5;2.955822;1;Adaptation;15;1;;;;;
1.86;-0.5;-0.5;2.442699;1;Adaptation;15;1;;;;;
1.88;-0.5;-0.5;5.264317;1;Adaptation;15;1;;;;;
1.9;-0.5;-0.5;3.820608;1;Adaptation;15;1;;;;;
1.92;-0.5;-0.5;5.931995;1;Adaptation;15;1;;;;;
1.94;-0.5;-0.5;2.826937;1;Adaptation;15;1;;;;;
1.96;-0.5;-0.5;3.928667;1;Adaptation;15;1;;;;;
1.98;-0.5;-0.5;3.684348;1;Adaptation;15;1;;;;;
2;-0.5;-0.5;3.280391;1;Adaptation;15;1;;;;;
2.02;-0.5;-0.5;2.298195;1;Adaptation;15;1;;;;;
2.04;0;-0.125;3.83055;1;Adaptation;15;1;;;;;
2.06;-0.5;-0.5;4.06712;1;Adaptation;15;1;;;;;
2.08;-0.5;-0.5;3.673991;1;Adaptation;15;1;;;;;
2.1;-0.5;-0.5;4.443605;1;Adaptation;15;1;;;;;
2.12;-0.5;-0.5;5.817898;1;Adaptation;15;1;;;;;
2.14;-0.5;-0.5;3.976553;1;Adaptation;15;1;;;;;
2.16;-0.5;-0.5;3.36752;1;Adaptation;15;1;;;;;
2.18;-0.5;-0.5;2.500148;1;Adaptation;15;1;;;;;
2.2;-0.5;-0.5;5.541014;1;Adaptation;15;1;;;;;
2.22;-0.5;-0.5;3.440722;1;Adaptation;15;1;;;;;
2.24;-2;0;5.061363;1;Adaptation;15;1;;;;;
2.26;-0.5;-0.5;4.20157;1;Adaptation;15;1;;;;;
2.28;-0.5;-0.5;2.409938;1;Adaptation;15;1;;;;;
2.3;-0.5;-0.5;5.926473;1;Adaptation;15;1;;;;;
2.32;-0.5;-0.5;5.359284;1;Adaptation;15;1;;;;;
2.34;-0.5;-0.5;3.417594;1;Adaptation;15;1;;;;;
2.36;-2;-0.125;3.804636;1;Adaptation;15;1;;;;;
2.38;-0.5;-0.5;4.619209;1;Adaptation;15;1;;;;;
2.4;-0.5;-0.5;3.455648;1;Adaptation;15;1;;;;;
2.42;-0.5;-0.5;5.533176;1;Adaptation;15;1;;;;;
2.44;-0.5;-0.5;5.567189;1;Adaptation;15;1;;;;;
2.46;-0.5;-0.5;2.509918;1;Adaptation;15;1;;;;;
2.48;0;-0.125;3.860104;1;Adaptation;15;1;;;;;
2.5;-0.5;-0.5;3.836301;1;Adaptation;15;1;;;;;
2.52;0;-0.125;3.989693;1;Adaptation;15;1;;;;;
2.54;0;0.125;4.678068;1;Adaptation;15;1;;;;;
2.56;-0.5;-0.5;4.343944;1;Adaptation;15;1;;;;;
2.58;-0.5;-0.5;5.373552;1;Adaptation;15;1;;;;;
2.6;2;0.125;4.129396;1;Adaptation;15;1;;;;;
2.62;-0.5;-0.5;4.206851;1;Adaptation;15;1;;;;;
2.64;-0.5;-0.5;2.031289;1;Adaptation;15;1;;;;;
2.66;-0.5;-0.5;3.80389;1;Adaptation;15;1;;;;;
2.68;-0.5;-0.5;4.665013;1;Adaptation;15;1;;;;;
2.7;-0.5;-0.5;4.866134;1;Adaptation;15;1;;;;;
2.72;0;0;2.395351;1;Adaptation;15;1;;;;;
2.74;-0.5;-0.5;4.289062;1;Adaptation;15;1;;;;;
2.76;-0.5;-0.5;5.08109;1;Adaptation;15;1;;;;;
2.78;-0.5;-0.5;3.756425;1;Adaptation;15;1;;;;;
2.8;-0.5;-0.5;2.095678;1;Adaptation;15;1;;;;;
2.82;-2;0;3.947181;1;Adaptation;15;1;;;;;
2.84;0;0;5.816404;1;Adaptation;15;1;;;;;
2.86;2;0.125;4.632029;1;Adaptation;15;1;;;;;
2.88;-0.5;-0.5;5.857361;1;Adaptation;15;1;;;;;
2.9;-2;-0.25;5.075656;1;Adaptation;15;1;;;;;
2.92;-0.5;-0.5;4.071798;1;Adaptation;15;1;;;;;
2.94;-0.5;-0.5;2.377586;1;Adaptation;15;1;;;;;
2.96;-2;-0.125;3.697191;1;Adaptation;15;1;;;;;
2.98;-0.5;-0.5;5.969718;1;Adaptation;15;1;;;;;
3;-0.5;-0.5;5.82536;1;Adaptation;15;1;;;;;
3.02;-0.5;-0.5;2.629258;1;Adaptation;15;1;;;;;
3.04;-0.5;-0.5;4.522204;1;Adaptation;15;1;;;;;
3.06;2;0.125;4.168801;1;Adaptation;15;1;;;;;
3.08;-0.5;-0.5;5.037403;1;Adaptation;15;1;;;;;
3.1;-0.5;-0.5;2.48365;1;Adaptation;15;1;;;;;
3.12;-0.5;-0.5;3.55593;1;Adaptation;15;1;;;;;
3.14;0;0;3.616553;1;Adaptation;15;1;;;;;
3.16;-0.5;-0.5;5.280401;1;Adaptation;15;1;;;;;
3.18;0;-0.125;2.920568;1;Adaptation;15;1;;;;;
3.2;0;0.125;4.963154;1;Adaptation;15;1;;;;;
3.22;-2;0.125;2.137078;1;Adaptation;15;1;;;;;
3.24;-0.5;-0.5;5.986722;1;Adaptation;15;1;;;;;
3.26;-0.5;-0.5;3.792157;1;Adaptation;15;1;;;;;
3.28;-2;0;5.275778;1;Adaptation;15;1;;;;;
3.3;0;0.125;2.027247;1;Adaptation;15;1;;;;;
3.32;-0.5;-0.5;2.205749;1;Adaptation;15;1;;;;;
3.34;-0.5;-0.5;3.635656;1;Adaptation;15;1;;;;;
3.36;-0.5;-0.5;5.444395;1;Adaptation;15;1;;;;;
3.38;0;0.25;2.006352;1;Adaptation;15;1;;;;;
3.4;-0.5;-0.5;2.294267;1;Adaptation;15;1;;;;;
3.42;0;-0.125;5.258602;1;Adaptation;15;1;;;;;
3.44;-0.5;-0.5;2.749846;1;Adaptation;15;1;;;;;
3.46;0;0;5.302505;1;Adaptation;15;1;;;;;
3.48;-2;0.125;4.910657;1;Adaptation;15;1;;;;;
3.5;2;0;3.136612;1;Adaptation;15;1;;;;;
3.52;-0.5;-0.5;2.966315;1;Adaptation;15;1;;;;;
;;;;;;;;;;;;
