time;pos_x_right;pos_y_right;dil_right;pos_x_left;pos_y_left;dil_left;brightness;state;fov;trial;;
0;-0.5;-0.5;5.765766;1;Adaptation;15;1;;;;;
0.02;-0.5;-0.5;3.825929;1;Adaptation;15;1;;;;;
0.04;-0.5;-0.5;3.179045;1;Adaptation;15;1;;;;;
0.06;-0.5;-0.5;2.547055;1;Adaptation;15;1;;;;;
0.08;-0.5;-0.5;4.095906;1;Adaptation;15;1;;;;;
0.09999999;-0.5;-0.5;3.801113;1;Adaptation;15;1;;;;;
0.12;-0.5;-0.5;4.833649;1;Adaptation;15;1;;;;;
0.14;-0.5;-0.5;4.603884;1;Adaptation;15;1;;;;;
0.16;-0.5;-0.5;2.679664;1;Adaptation;15;1;;;;;
0.18;-0.5;-0.5;4.121756;1;Adaptation;15;1;;;;;
0.2;-0.5;-0.5;4.099102;1;Adaptation;15;1;;;;;
0.22;-0.5;-0.5;4.185622;1;Adaptation;15;1;;;;;
0.24;-0.5;-0.5;3.237393;1;Adaptation;15;1;;;;;
0.26;-0.5;-0.5;2.646931;1;Adaptation;15;1;;;;;
0.28;-0.5;-0.5;4.124773;1;Adaptation;15;1;;;;;
0.3;-0.5;-0.5;5.16808;1;Adaptation;15;1;;;;;
0.32;-0.5;-0.5;4.091359;1;Adaptation;15;1;;;;;
0.34;-0.5;-0.5;5.522498;1;Adaptation;15;1;;;;;
0.36;-0.5;-0.5;5.289955;1;Adaptation;15;1;;;;;
0.38;-0.5;-0.5;5.013167;1;Adaptation;15;1;;;;;
0.4;-0.5;-0.5;5.1094;1;Adaptation;15;1;;;;;
0.42;-0.5;-0.5;3.737278;1;Adaptation;15;1;;;;;
0.44;2;-0.25;2.987358;1;Adaptation;15;1;;;;;
0.46;-0.5;-0.5;5.239333;1;Adaptation;15;1;;;;;
0.48;-0.5;-0.5;5.249901;1;Adaptation;15;1;;;;;
0.5;-0.5;-0.5;3.007135;1;Adaptation;15;1;;;;;
0.52;-0.5;-0.5;4.021134;1;Adaptation;15;1;;;;;
0.54;2;-0.25;5.065666;1;Adaptation;15;1;;;;;
0.56;-0.5;-0.5;3.204094;1;Adaptation;15;1;;;;;
0.58;-0.5;-0.5;3.932081;1;Adaptation;15;1;;;;;
0.6;-0.5;-0.5;5.084384;1;Adaptation;15;1;;;;;
0.62;-0.5;-0.5;3.116549;1;Adaptation;15;1;;;;;
0.64;-0.5;-0.5;5.361101;1;Adaptation;15;1;;;;;
0.66;-0.5;-0.5;4.208787;1;Adaptation;15;1;;;;;
0.68;-0.5;-0.5;3.237471;1;Adaptation;15;1;;;;;
0.7;-0.5;-0.5;2.941265;1;Adaptation;15;1;;;;;
0.72;-0.5;-0.5;4.815636;1;Adaptation;15;1;;;;;
0.74;-2;0;5.582506;1;Adaptation;15;1;;;;;
0.76;-0.5;-0.5;3.557893;1;Adaptation;15;1;;;;;
0.78;-0.5;-0.5;3.958633;1;Adaptation;15;1;;;;;
0.8;0;0;4.135077;1;Adaptation;15;1;;;;;
0.82;-0.5;-0.5;5.436916;1;Adaptation;15;1;;;;;
0.84;-0.5;-0.5;5.263584;1;Adaptation;15;1;;;;;
0.86;-0.5;-0.5;5.547284;1;Adaptation;15;1;;;;;
0.88;0;0;4.884077;1;Adaptation;15;1;;;;;
0.9;-0.5;-0.5;2.14604;1;Adaptation;15;1;;;;;
0.92;2;0.125;4.660247;1;Adaptation;15;1;;;;;
0.94;-0.5;-0.5;4.308135;1;Adaptation;15;1;;;;;
0.96;0;-0.125;5.292712;1;Adaptation;15;1;;;;;
0.98;-0.5;-0.5;2.497785;1;Adaptation;15;1;;;;;
1;0;0.25;5.942074;1;Adaptation;15;1;;;;;
1.02;-0.5;-0.5;2.764088;1;Adaptation;15;1;;;;;
1.04;0;-0.125;3.772229;1;Adaptation;15;1;;;;;
1.06;-0.5;-0.5;3.21362;1;Adaptation;15;1;;;;;
1.08;-0.5;-0.5;4.997133;1;Adaptation;15;1;;;;;
1.1;-0.5;-0.5;4.639368;1;Adaptation;15;1;;;;;
1.12;0;0.125;5.69789;1;Adaptation;15;1;;;;;
1.14;-2;0;2.09587;1;Adaptation;15;1;;;;;
1.16;-0.5;-0.5;3.28142;1;Adaptation;15;1;;;;;
1.18;-0.5;-0.5;5.135763;1;Adaptation;15;1;;;;;
1.2;-0.5;-0.5;2.638953;1;Adaptation;15;1;;;;;
1.22;-2;0;2.312743;1;Adaptation;15;1;;;;;
1.24;0;0.125;5.424236;1;Adaptation;15;1;;;;;
1.26;-0.5;-0.5;2.292582;1;Adaptation;15;1;;;;;
1.28;-0.5;-0.5;2.64462;1;Adaptation;15;1;;;;;
1.3;-0.5;-0.5;3.182751;1;Adaptation;15;1;;;;;
1.32;0;0;4.581074;1;Adaptation;15;1;;;;;
1.34;-0.5;-0.5;2.876199;1;Adaptation;15;1;;;;;
1.36;-0.5;-0.5;4.207441;1;Adaptation;15;1;;;;;
1.38;-0.5;-0.5;5.260694;1;Adaptation;15;1;;;;;
1.4;-0.5;-0.5;4.277588;1;Adaptation;15;1;;;;;
1.42;-0.5;-0.5;5.944981;1;Adaptation;15;1;;;;;
1.44;-0.5;-0.5;5.416504;1;Adaptation;15;1;;;;;
1.46;2;-0.125;4.301237;1;Adaptation;15;1;;;;;
1.48;-0.5;-0.5;4.762483;1;Adaptation;15;1;;;;;
1.5;0;-0.25;3.808285;1;Adaptation;15;1;;;;;
1.52;-0.5;-0.5;2.955928;1;Adaptation;15;1;;;;;
1.54;-0.5;-0.5;3.435234;1;Adaptation;15;1;;;;;
1.56;-0.5;-0.5;3.393964;1;Adaptation;15;1;;;;;
1.58;0;0;5.122517;1;Adaptation;15;1;;;;;
1.6;0;0;5.186846;1;Adaptation;15;1;;;;;
1.62;0;0.25;2.123724;1;Adaptation;15;1;;;;;
1.64;-0.5;-0.5;3.146886;1;Adaptation;15;1;;;;;
1.66;-0.5;-0.5;5.560844;1;Adaptation;15;1;;;;;
1.68;-0.5;-0.5;3.879681;1;Adaptation;15;1;;;;;
1.7;-0.5;-0.5;3.335816;1;Adaptation;15;1;;;;;
1.72;-0.5;-0.5;3.537515;1;Adaptation;15;1;;;;;
1.74;-0.5;-0.5;2.025386;1;Adaptation;15;1;;;;;
1.76;-0.5;-0.5;5.286886;1;Adaptation;15;1;;;;;
1.78;0;0.125;3.136275;1;Adaptation;15;1;;;;;
1.8;0;0;3.518489;1;Adaptation;15;1;;;;;
1.82;-0.5;-0.5;3.643049;1;Adaptation;15;1;;;;;
1.84;0;0;2.43922;1;Adaptation;15;1;;;;;
1.86;2;-0.125;4.175241;1;Adaptation;15;1;;;;;
1.88;-0.5;-0.5;5.930415;1;Adaptation;15;1;;;;;
1.9;-0.5;-0.5;2.755783;1;Adaptation;15;1;;;;;
1.92;-0.5;-0.5;3.212871;1;Adaptation;15;1;;;;;
1.94;-0.5;-0.5;2.336195;1;Adaptation;15;1;;;;;
1.96;-0.5;-0.5;5.984036;1;Adaptation;15;1;;;;;
1.98;-0.5;-0.5;2.417186;1;Adaptation;15;1;;;;;
2;-0.5;-0.5;2.688046;1;Adaptation;15;1;;;;;
2.02;-0.5;-0.5;3.546041;1;Adaptation;15;1;;;;;
2.04;-0.5;-0.5;3.858206;1;Adaptation;15;1;;;;;
2.06;-0.5;-0.5;5.316522;1;Adaptation;15;1;;;;;
2.08;-0.5;-0.5;5.081135;1;Adaptation;15;1;;;;;
2.1;0;-0.125;5.725919;1;Adaptation;15;1;;;;;
2.12;-0.5;-0.5;5.190553;1;Adaptation;15;1;;;;;
2.14;-0.5;-0.5;2.412496;1;Adaptation;15;1;;;;;
2.16;-0.5;-0.5;4.200289;1;Adaptation;15;1;;;;;
2.18;-0.5;-0.5;2.873641;1;Adaptation;15;1;;;;;
2.2;2;0;3.863784;1;Adaptation;15;1;;;;;
2.22;-0.5;-0.5;4.917915;1;Adaptation;15;1;;;;;
2.24;-0.5;-0.5;5.874465;1;Adaptation;15;1;;;;;
2.26;-0.5;-0.5;4.921108;1;Adaptation;15;1;;;;;
2.28;-0.5;-0.5;3.579905;1;Adaptation;15;1;;;;;
2.3;-0.5;-0.5;4.401689;1;Adaptation;15;1;;;;;
2.32;-0.5;-0.5;5.644321;1;Adaptation;15;1;;;;;
2.34;-0.5;-0.5;3.432835;1;Adaptation;15;1;;;;;
2.36;-0.5;-0.5;5.090796;1;Adaptation;15;1;;;;;
2.38;-0.5;-0.5;2.022081;1;Adaptation;15;1;;;;;
2.4;-0.5;-0.5;5.634735;1;Adaptation;15;1;;;;;
2.42;-0.5;-0.5;4.774783;1;Adaptation;15;1;;;;;
2.44;-0.5;-0.5;4.436946;1;Adaptation;15;1;;;;;
2.46;-0.5;-0.5;2.312109;1;Adaptation;15;1;;;;;
2.48;-0.5;-0.5;3.071947;1;Adaptation;15;1;;;;;
2.5;0;0;3.574603;1;Adaptation;15;1;;;;;
2.52;-0.5;-0.5;2.683188;1;Adaptation;15;1;;;;;
2.54;-0.5;-0.5;3.210357;1;Adaptation;15;1;;;;;
2.56;-0.5;-0.5;5.630432;1;Adaptation;15;1;;;;;
2.58;-0.5;-0.5;2.689502;1;Adaptation;15;1;;;;;
2.6;-0.5;-0.5;5.069503;1;Adaptation;15;1;;;;;
2.62;-0.5;-0.5;4.569658;1;Adaptation;15;1;;;;;
2.64;-0.5;-0.5;2.667608;1;Adaptation;15;1;;;;;
2.66;-0.5;-0.5;5.413507;1;Adaptation;15;1;;;;;
2.68;-0.5;-0.5;4.857395;1;Adaptation;15;1;;;;;
2.7;-0.5;-0.5;3.99874;1;Adaptation;15;1;;;;;
2.72;-0.5;-0.5;3.412312;1;Adaptation;15;1;;;;;
2.74;-0.5;-0.5;3.759574;1;Adaptation;15;1;;;;;
2.76;-0.5;-0.5;4.441034;1;Adaptation;15;1;;;;;
2.78;-0.5;-0.5;4.028159;1;Adaptation;15;1;;;;;
2.8;-0.5;-0.5;5.779577;1;Adaptation;15;1;;;;;
2.82;-0.5;-0.5;2.756685;1;Adaptation;15;1;;;;;
2.84;-0.5;-0.5;5.136315;1;Adaptation;15;1;;;;;
2.86;-0.5;-0.5;3.21738;1;Adaptation;15;1;;;;;
2.88;-0.5;-0.5;5.077536;1;Adaptation;15;1;;;;;
2.9;-0.5;-0.5;2.206831;1;Adaptation;15;1;;;;;
2.92;-0.5;-0.5;5.898798;1;Adaptation;15;1;;;;;
2.94;-0.5;-0.5;2.252394;1;Adaptation;15;1;;;;;
2.96;-0.5;-0.5;3.87235;1;Adaptation;15;1;;;;;
2.98;0;0;4.052934;1;Adaptation;15;1;;;;;
3;-0.5;-0.5;3.240314;1;Adaptation;15;1;;;;;
3.02;-0.5;-0.5;2.385275;1;Adaptation;15;1;;;;;
3.04;-0.5;-0.5;3.799767;1;Adaptation;15;1;;;;;
3.06;-0.5;-0.5;4.869683;1;Adaptation;15;1;;;;;
3.08;-0.5;-0.5;3.324371;1;Adaptation;15;1;;;;;
3.1;-0.5;-0.5;4.078794;1;Adaptation;15;1;;;;;
3.12;-0.5;-0.5;5.187054;1;Adaptation;15;1;;;;;
3.14;-0.5;-0.5;4.335038;1;Adaptation;15;1;;;;;
3.16;-0.5;-0.5;4.172717;1;Adaptation;15;1;;;;;
3.18;-0.5;-0.5;4.13647;1;Adaptation;15;1;;;;;
3.2;-0.5;-0.5;2.989393;1;Adaptation;15;1;;;;;
3.22;-0.5;-0.5;3.706912;1;Adaptation;15;1;;;;;
3.24;-0.5;-0.5;2.484643;1;Adaptation;15;1;;;;;
3.26;-0.5;-0.5;3.79622;1;Adaptation;15;1;;;;;
3.28;2;0;3.647732;1;Adaptation;15;1;;;;;
3.3;-0.5;-0.5;2.188865;1;Adaptation;15;1;;;;;
3.32;-0.5;-0.5;2.02514;1;Adaptation;15;1;;;;;
3.34;-0.5;-0.5;4.002601;1;Adaptation;15;1;;;;;
3.36;-0.5;-0.5;4.499221;1;Adaptation;15;1;;;;;
3.38;-0.5;-0.5;2.828281;1;Adaptation;15;1;;;;;
3.4;-0.5;-0.5;3.000595;1;Adaptation;15;1;;;;;
3.42;-0.5;-0.5;3.118283;1;Adaptation;15;1;;;;;
3.44;-0.5;-0.5;2.898757;1;Adaptation;15;1;;;;;
3.46;-0.5;-0.5;4.403981;1;Adaptation;15;1;;;;;
3.48;-0.5;-0.5;4.392149;1;Adaptation;15;1;;;;;
3.5;-0.5;-0.5;4.336551;1;Adaptation;15;1;;;;;
3.52;2;-0.25;2.192954;1;Adaptation;15;1;;;;;
3.54;-0.5;-0.5;2.512475;1;Adaptation;15;1;;;;;
3.56;0;0;4.350188;1;Adaptation;15;1;;;;;
3.58;-2;0.125;3.893518;1;Adaptation;15;1;;;;;
3.6;-0.5;-0.5;4.955837;1;Adaptation;15;1;;;;;
3.62;-0.5;-0.5;3.434886;1;Adaptation;15;1;;;;;
3.64;0;0.125;4.571257;1;Adaptation;15;1;;;;;
3.66;2;-0.125;3.605859;1;Adaptation;15;1;;;;;
3.68;-0.5;-0.5;5.884232;1;Adaptation;15;1;;;;;
3.7;2;0.375;4.204645;1;Adaptation;15;1;;;;;
3.72;-0.5;-0.5;5.606831;1;Adaptation;15;1;;;;;
3.74;-0.5;-0.5;4.795498;1;Adaptation;15;1;;;;;
3.76;-0.5;-0.5;3.871789;1;Adaptation;15;1;;;;;
3.78;0;-0.25;5.303761;1;Adaptation;15;1;;;;;
3.8;-0.5;-0.5;5.156028;1;Adaptation;15;1;;;;;
3.82;-2;0.125;3.457671;1;Adaptation;15;1;;;;;
3.84;-0.5;-0.5;5.99831;1;Adaptation;15;1;;;;;
3.86;-0.5;-0.5;5.725919;1;Adaptation;15;1;;;;;
3.88;-0.5;-0.5;4.010606;1;Adaptation;15;1;;;;;
3.9;-0.5;-0.5;5.757511;1;Adaptation;15;1;;;;;
3.92;-0.5;-0.5;4.12772;1;Adaptation;15;1;;;;;
3.94;-0.5;-0.5;2.497638;1;Adaptation;15;1;;;;;
3.96;0;0;5.367322;1;Adaptation;15;1;;;;;
3.98;-0.5;-0.5;4.558884;1;Adaptation;15;1;;;;;
4;2;0.125;2.695097;1;Adaptation;15;1;;;;;
4.02;-2;0.125;5.928073;1;Adaptation;15;1;;;;;
4.04;-0.5;-0.5;3.468821;1;Adaptation;15;1;;;;;
4.06;-0.5;-0.5;3.130444;1;Adaptation;15;1;;;;;
4.08;-0.5;-0.5;2.549773;1;Adaptation;15;1;;;;;
4.1;-0.5;-0.5;4.867963;1;Adaptation;15;1;;;;;
4.12;-0.5;-0.5;4.788617;1;Adaptation;15;1;;;;;
4.14;-0.5;-0.5;5.861313;1;Adaptation;15;1;;;;;
4.16;-2;0;2.946877;1;Adaptation;15;1;;;;;
4.18;-0.5;-0.5;4.252145;1;Adaptation;15;1;;;;;
4.2;-0.5;-0.5;3.600269;1;Adaptation;15;1;;;;;
4.22;-0.5;-0.5;3.604749;1;Adaptation;15;1;;;;;
4.24;-0.5;-0.5;4.375418;1;Adaptation;15;1;;;;;
4.26;-0.5;-0.5;2.275139;1;Adaptation;15;1;;;;;
4.28;-0.5;-0.5;3.828702;1;Adaptation;15;1;;;;;
4.3;0;-0.25;4.462806;1;Adaptation;15;1;;;;;
4.32;0;-0.125;2.340718;1;Adaptation;15;1;;;;;
4.34;-0.5;-0.5;2.744136;1;Adaptation;15;1;;;;;
4.36;-0.5;-0.5;3.934168;1;Adaptation;15;1;;;;;
4.38;-0.5;-0.5;4.366009;1;Adaptation;15;1;;;;;
4.4;-0.5;-0.5;5.510632;1;Adaptation;15;1;;;;;
4.42;-0.5;-0.5;3.461876;1;Adaptation;15;1;;;;;
4.44;-0.5;-0.5;4.418156;1;Adaptation;15;1;;;;;
4.46;-0.5;-0.5;4.221004;1;Adaptation;15;1;;;;;
4.48;-0.5;-0.5;3.196507;1;Adaptation;15;1;;;;;
4.5;-0.5;-0.5;3.610904;1;Adaptation;15;1;;;;;
4.52;2;0;5.24557;1;Adaptation;15;1;;;;;
4.54;2;0.125;2.631617;1;Adaptation;15;1;;;;;
4.56;-0.5;-0.5;3.33736;1;Adaptation;15;1;;;;;
4.58;-0.5;-0.5;4.631781;1;Adaptation;15;1;;;;;
4.6;0;0.125;4.409745;1;Adaptation;15;1;;;;;
4.62;-0.5;-0.5;3.718857;1;Adaptation;15;1;;;;;
4.64;-0.5;-0.5;4.397725;1;Adaptation;15;1;;;;;
4.66;-0.5;-0.5;5.162897;1;Adaptation;15;1;;;;;
4.68;0;-0.125;5.250506;1;Adaptation;15;1;;;;;
4.7;0;-0.25;2.8655;1;Adaptation;15;1;;;;;
4.72;-0.5;-0.5;4.76481;1;Adaptation;15;1;;;;;
4.74;-0.5;-0.5;2.380501;1;Adaptation;15;1;;;;;
4.76;-0.5;-0.5;2.0214;1;Adaptation;15;1;;;;;
4.78;-0.5;-0.5;5.268397;1;Adaptation;15;1;;;;;
4.8;-0.5;-0.5;2.051352;1;Adaptation;15;1;;;;;
4.82;-0.5;-0.5;3.98193;1;Adaptation;15;1;;;;;
4.84;-0.5;-0.5;4.783857;1;Adaptation;15;1;;;;;
4.86;-0.5;-0.5;4.815248;1;Adaptation;15;1;;;;;
4.88;-0.5;-0.5;4.150522;1;Adaptation;15;1;;;;;
4.9;-2;-0.125;2.946208;1;Adaptation;15;1;;;;;
4.92;-0.5;-0.5;2.242497;1;Adaptation;15;1;;;;;
4.94;-0.5;-0.5;3.818893;1;Adaptation;15;1;;;;;
4.96;-0.5;-0.5;2.621857;1;Adaptation;15;1;;;;;
4.98;-0.5;-0.5;3.430232;1;Adaptation;15;1;;;;;
5;-0.5;-0.5;3.297134;1;Adaptation;15;1;;;;;
5.02;-2;-0.125;5.842913;1;Adaptation;15;1;;;;;
5.04;-0.5;-0.5;4.859415;1;Adaptation;15;1;;;;;
5.06;0;0;4.820611;1;Adaptation;15;1;;;;;
5.08;-0.5;-0.5;5.973664;1;Adaptation;15;1;;;;;
5.1;-0.5;-0.5;3.863646;1;Adaptation;15;1;;;;;
5.12;-2;-0.125;4.979333;1;Adaptation;15;1;;;;;
5.14;0;0.125;2.889842;1;Adaptation;15;1;;;;;
5.16;-0.5;-0.5;3.98337;1;Adaptation;15;1;;;;;
5.18;-0.5;-0.5;4.254188;1;Adaptation;15;1;;;;;
5.2;-0.5;-0.5;3.314651;1;Adaptation;15;1;;;;;
5.22;-0.5;-0.5;2.88098;1;Adaptation;15;1;;;;;
5.24;-0.5;-0.5;4.989461;1;Adaptation;15;1;;;;;
5.26;-0.5;-0.5;5.133217;1;Adaptation;15;1;;;;;
5.28;-0.5;-0.5;4.514647;1;Adaptation;15;1;;;;;
5.3;0;0;3.740079;1;Adaptation;15;1;;;;;
5.32;-0.5;-0.5;5.964415;1;Adaptation;15;1;;;;;
5.34;-0.5;-0.5;5.636269;1;Adaptation;15;1;;;;;
5.36;-0.5;-0.5;4.398459;1;Adaptation;15;1;;;;;
5.38;-0.5;-0.5;3.571822;1;Adaptation;15;1;;;;;
5.4;-0.5;-0.5;4.614534;1;Adaptation;15;1;;;;;
5.42;-0.5;-0.5;5.969327;1;Adaptation;15;1;;;;;
5.44;-0.5;-0.5;5.385927;1;Adaptation;15;1;;;;;
5.46;0;0;5.767254;1;Adaptation;15;1;;;;;
5.48;0;0;2.975207;1;Adaptation;15;1;;;;;
5.5;-0.5;-0.5;5.387208;1;Adaptation;15;1;;;;;
5.52;0;-0.125;3.993912;1;Adaptation;15;1;;;;;
5.54;-0.5;-0.5;3.707167;1;Adaptation;15;1;;;;;
5.56;0;0.125;4.069226;1;Adaptation;15;1;;;;;
5.58;0;0.125;2.316687;1;Adaptation;15;1;;;;;
5.6;-0.5;-0.5;5.667443;1;Adaptation;15;1;;;;;
5.62;-0.5;-0.5;3.014333;1;Adaptation;15;1;;;;;
5.64;0;0;3.253927;1;Adaptation;15;1;;;;;
5.66;-0.5;-0.5;3.322222;1;Adaptation;15;1;;;;;
5.68;0;0;5.840802;1;Adaptation;15;1;;;;;
5.7;0;0.125;3.727005;1;Adaptation;15;1;;;;;
5.72;-0.5;-0.5;5.472519;1;Adaptation;15;1;;;;;
5.74;-0.5;-0.5;4.726732;1;Adaptation;15;1;;;;;
5.76;0;0.125;3.549581;1;Adaptation;15;1;;;;;
5.78;-0.5;-0.5;2.035177;1;Adaptation;15;1;;;;;
5.8;-0.5;-0.5;5.448247;1;Adaptation;15;1;;;;;
5.82;-0.5;-0.5;4.284543;1;Adaptation;15;1;;;;;
5.84;-0.5;-0.5;3.565381;1;Adaptation;15;1;;;;;
5.86;-2;-0.125;4.251584;1;Adaptation;15;1;;;;;
5.88;-0.5;-0.5;4.45851;1;Adaptation;15;1;;;;;
5.9;-0.5;-0.5;5.253318;1;Adaptation;15;1;;;;;
5.92;-0.5;-0.5;4.134151;1;Adaptation;15;1;;;;;
5.94;-0.5;-0.5;4.573594;1;Adaptation;15;1;;;;;
5.96;-0.5;-0.5;5.753133;1;Adaptation;15;1;;;;;
5.98;-2;-0.125;3.801646;1;Adaptation;15;1;;;;;
6;0;-0.25;2.674138;1;Adaptation;15;1;;;;;
6.02;-0.5;-0.5;4.93894;1;Adaptation;15;1;;;;;
6.04;-0.5;-0.5;5.686551;1;Adaptation;15;1;;;;;
6.06;-0.5;-0.5;4.374088;1;Adaptation;15;1;;;;;
6.08;-0.5;-0.5;3.394683;1;Adaptation;15;1;;;;;
6.1;-0.5;-0.5;5.722667;1;Adaptation;15;1;;;;;
6.12;-0.5;-0.5;5.457866;1;Adaptation;15;1;;;;;
6.14;-0.5;-0.5;5.628144;1;Adaptation;15;1;;;;;
6.16;-2;-0.125;5.342025;1;Adaptation;15;1;;;;;
6.18;-0.5;-0.5;4.370697;1;Adaptation;15;1;;;;;
6.2;2;0.125;5.736181;1;Adaptation;15;1;;;;;
6.22;-0.5;-0.5;2.37691;1;Adaptation;15;1;;;;;
6.24;-0.5;-0.5;4.57142;1;Adaptation;15;1;;;;;
6.26;-0.5;-0.5;2.668185;1;Adaptation;15;1;;;;;
6.28;-0.5;-0.5;3.207304;1;Adaptation;15;1;;;;;
6.3;-0.5;-0.5;2.617703;1;Adaptation;15;1;;;;;
6.32;-0.5;-0.5;3.635374;1;Adaptation;15;1;;;;;
6.34;-0.5;-0.5;2.586031;1;Adaptation;15;1;;;;;
6.36;-0.5;-0.5;5.19535;1;Adaptation;15;1;;;;;
6.38;-0.5;-0.5;5.096113;1;Adaptation;15;1;;;;;
6.4;-0.5;-0.5;3.201931;1;Adaptation;15;1;;;;;
6.42;0;-0.125;4.000641;1;Adaptation;15;1;;;;;
6.44;-0.5;-0.5;4.776854;1;Adaptation;15;1;;;;;
6.46;-0.5;-0.5;5.413373;1;Adaptation;15;1;;;;;
6.48;-0.5;-0.5;4.719012;1;Adaptation;15;1;;;;;
6.5;-0.5;-0.5;4.204519;1;Adaptation;15;1;;;;;
6.52;-2;0.125;3.958488;1;Adaptation;15;1;;;;;
6.54;2;-0.25;2.293931;1;Adaptation;15;1;;;;;
6.56;-0.5;-0.5;3.735125;1;Adaptation;15;1;;;;;
6.58;-0.5;-0.5;2.319611;1;Adaptation;15;1;;;;;
6.6;-0.5;-0.5;2.090968;1;Adaptation;15;1;;;;;
6.62;-0.5;-0.5;3.913618;1;Adaptation;15;1;;;;;
6.64;-0.5;-0.5;2.399337;1;Adaptation;15;1;;;;;
6.66;-0.5;-0.5;3.7198;1;Adaptation;15;1;;;;;
6.68;0;0;3.772178;1;Adaptation;15;1;;;;;
6.7;-0.5;-0.5;3.00666;1;Adaptation;15;1;;;;;
6.72;-0.5;-0.5;4.126068;1;Adaptation;15;1;;;;;
6.74;-0.5;-0.5;4.298728;1;Adaptation;15;1;;;;;
6.76;-0.5;-0.5;5.302608;1;Adaptation;15;1;;;;;
6.78;2;0.375;3.888757;1;Adaptation;15;1;;;;;
6.8;-0.5;-0.5;3.170056;1;Adaptation;15;1;;;;;
6.82;-0.5;-0.5;4.633474;1;Adaptation;15;1;;;;;
6.84;-2;0.125;5.905837;1;Adaptation;15;1;;;;;
6.86;-0.5;-0.5;2.891369;1;Adaptation;15;1;;;;;
6.88;2;-0.125;5.290642;1;Adaptation;15;1;;;;;
6.9;0;0;4.440854;1;Adaptation;15;1;;;;;
6.92;0;0.125;5.910777;1;Adaptation;15;1;;;;;
6.94;-0.5;-0.5;4.518579;1;Adaptation;15;1;;;;;
6.96;2;0.25;3.797644;1;Adaptation;15;1;;;;;
6.98;-0.5;-0.5;2.050441;1;Adaptation;15;1;;;;;
7;-0.5;-0.5;4.489937;1;Adaptation;15;1;;;;;
7.02;0;0.125;5.059496;1;Adaptation;15;1;;;;;
7.04;-2;-0.25;3.231477;1;Adaptation;15;1;;;;;
7.06;-0.5;-0.5;4.398407;1;Adaptation;15;1;;;;;
7.08;-0.5;-0.5;3.627767;1;Adaptation;15;1;;;;;
7.1;0;0;5.308717;1;Adaptation;15;1;;;;;
7.12;-0.5;-0.5;3.818698;1;Adaptation;15;1;;;;;
7.14;-0.5;-0.5;5.748053;1;Adaptation;15;1;;;;;
7.16;-0.5;-0.5;3.640284;1;Adaptation;15;1;;;;;
7.18;-0.5;-0.5;5.244815;1;Adaptation;15;1;;;;;
7.2;-0.5;-0.5;3.114646;1;Adaptation;15;1;;;;;
7.22;0;0.125;3.460709;1;Adaptation;15;1;;;;;
7.24;-0.5;-0.5;3.045878;1;Adaptation;15;1;;;;;
7.26;-0.5;-0.5;4.306983;1;Adaptation;15;1;;;;;
7.28;2;0.25;4.308146;1;Adaptation;15;1;;;;;
7.3;-0.5;-0.5;2.507532;1;Adaptation;15;1;;;;;
7.32;0;-0.25;4.631224;1;Adaptation;15;1;;;;;
7.34;-0.5;-0.5;5.316637;1;Adaptation;15;1;;;;;
7.36;-0.5;-0.5;2.710913;1;Adaptation;15;1;;;;;
7.38;0;-0.125;3.637404;1;Adaptation;15;1;;;;;
7.4;-0.5;-0.5;2.848735;1;Adaptation;15;1;;;;;
7.42;-2;0.125;2.351714;1;Adaptation;15;1;;;;;
7.44;-0.5;-0.5;3.240587;1;Adaptation;15;1;;;;;
7.46;-0.5;-0.5;4.269502;1;Adaptation;15;1;;;;;
7.48;0;0.125;5.749643;1;Adaptation;15;1;;;;;
7.5;0;0;4.876604;1;Adaptation;15;1;;;;;
7.52;-0.5;-0.5;2.88716;1;Adaptation;15;1;;;;;
7.54;-0.5;-0.5;2.553327;1;Adaptation;15;1;;;;;
7.56;-0.5;-0.5;3.829742;1;Adaptation;15;1;;;;;
7.58;-0.5;-0.5;5.9517;1;Adaptation;15;1;;;;;
7.6;-0.5;-0.5;2.669056;1;Adaptation;15;1;;;;;
7.62;-0.5;-0.5;2.543186;1;Adaptation;15;1;;;;;
7.64;-0.5;-0.5;5.549937;1;Adaptation;15;1;;;;;
7.66;2;0;5.898475;1;Adaptation;15;1;;;;;
7.68;0;0.125;5.404415;1;Adaptation;15;1;;;;;
7.7;-0.5;-0.5;5.07269;1;Adaptation;15;1;;;;;
7.72;-0.5;-0.5;3.818095;1;Adaptation;15;1;;;;;
;;;;;;;;;;;;
