time;pos_x_right;pos_y_right;dil_right;pos_x_left;pos_y_left;dil_left;brightness;state;fov;trial;;
0;-0.5;-0.5;5.749079;1;Adaptation;15;1;;;;;
0.02;-0.5;-0.5;3.418233;1;Adaptation;15;1;;;;;
0.04;-0.5;-0.5;5.125172;1;Adaptation;15;1;;;;;
0.06;-0.5;-0.5;3.98469;1;Adaptation;15;1;;;;;
0.08;-0.5;-0.5;5.289524;1;Adaptation;15;1;;;;;
0.09999999;-0.5;-0.5;2.743701;1;Adaptation;15;1;;;;;
0.12;-0.5;-0.5;4.440286;1;Adaptation;15;1;;;;;
0.14;-0.5;-0.5;2.457633;1;Adaptation;15;1;;;;;
0.16;-0.5;-0.5;4.675788;1;Adaptation;15;1;;;;;
0.18;-0.5;-0.5;4.125988;1;Adaptation;15;1;;;;;
0.2;-0.5;-0.5;5.564817;1;Adaptation;15;1;;;;;
0.22;-0.5;-0.5;3.069383;1;Adaptation;15;1;;;;;
0.24;-0.5;-0.5;4.533334;1;Adaptation;15;1;;;;;
0.26;-0.5;-0.5;3.538699;1;Adaptation;15;1;;;;;
0.28;-0.5;-0.5;3.019287;1;Adaptation;15;1;;;;;
0.3;-0.5;-0.5;2.426449;1;Adaptation;15;1;;;;;
0.32;-0.5;-0.5;4.525301;1;Adaptation;15;1;;;;;
0.34;-0.5;-0.5;5.785408;1;Adaptation;15;1;;;;;
0.36;0;0;4.631634;1;Adaptation;15;1;;;;;
0.38;-0.5;-0.5;4.964132;1;Adaptation;15;1;;;;;
0.4;2;0;2.756203;1;Adaptation;15;1;;;;;
0.42;-0.5;-0.5;3.904603;1;Adaptation;15;1;;;;;
0.44;-2;0.375;3.432169;1;Adaptation;15;1;;;;;
0.46;-0.5;-0.5;4.814115;1;Adaptation;15;1;;;;;
0.48;-0.5;-0.5;5.208353;1;Adaptation;15;1;;;;;
0.5;-0.5;-0.5;4.492496;1;Adaptation;15;1;;;;;
0.52;-0.5;-0.5;2.87323;1;Adaptation;15;1;;;;;
0.54;-0.5;-0.5;3.701547;1;Adaptation;15;1;;;;;
0.56;-0.5;-0.5;5.473191;1;Adaptation;15;1;;;;;
0.58;-0.5;-0.5;3.265868;1;Adaptation;15;1;;;;;
0.6;-0.5;-0.5;5.762303;1;Adaptation;15;1;;;;;
0.62;-0.5;-0.5;2.962191;1;Adaptation;15;1;;;;;
0.64;-0.5;-0.5;2.594406;1;Adaptation;15;1;;;;;
0.66;-0.5;-0.5;4.109334;1;Adaptation;15;1;;;;;
0.68;-0.5;-0.5;4.962886;1;Adaptation;15;1;;;;;
0.7;-2;0;5.912237;1;Adaptation;15;1;;;;;
0.72;0;0.125;3.222694;1;Adaptation;15;1;;;;;
0.74;-0.5;-0.5;4.788407;1;Adaptation;15;1;;;;;
0.76;-0.5;-0.5;3.181479;1;Adaptation;15;1;;;;;
0.78;-0.5;-0.5;5.906945;1;Adaptation;15;1;;;;;
0.8;-0.5;-0.5;4.882401;1;Adaptation;15;1;;;;;
0.82;-0.5;-0.5;4.559528;1;Adaptation;15;1;;;;;
0.84;0;0;4.813907;1;Adaptation;15;1;;;;;
0.86;-0.5;-0.5;2.758871;1;Adaptation;15;1;;;;;
0.88;2;0.25;3.246339;1;Adaptation;15;1;;;;;
0.9;-0.5;-0.5;5.37854;1;Adaptation;15;1;;;;;
0.92;-0.5;-0.5;2.484653;1;Adaptation;15;1;;;;;
0.94;0;0.125;3.981951;1;Adaptation;15;1;;;;;
0.96;-0.5;-0.5;4.275952;1;Adaptation;15;1;;;;;
0.98;0;0;3.229876;1;Adaptation;15;1;;;;;
1;-0.5;-0.5;5.693933;1;Adaptation;15;1;;;;;
1.02;-0.5;-0.5;4.848554;1;Adaptation;15;1;;;;;
1.04;-0.5;-0.5;3.850032;1;Adaptation;15;1;;;;;
1.06;-0.5;-0.5;5.721482;1;Adaptation;15;1;;;;;
1.08;-0.5;-0.5;4.149155;1;Adaptation;15;1;;;;;
1.1;-0.5;-0.5;2.462787;1;Adaptation;15;1;;;;;
1.12;-0.5;-0.5;5.046327;1;Adaptation;15;1;;;;;
1.14;-0.5;-0.5;2.880513;1;Adaptation;15;1;;;;;
1.16;-0.5;-0.5;4.349896;1;Adaptation;15;1;;;;;
1.18;-0.5;-0.5;5.273724;1;Adaptation;15;1;;;;;
1.2;-0.5;-0.5;2.191948;1;Adaptation;15;1;;;;;
1.22;0;0.125;2.145736;1;Adaptation;15;1;;;;;
1.24;0;-0.125;4.335598;1;Adaptation;15;1;;;;;
1.26;-0.5;-0.5;5.805167;1;Adaptation;15;1;;;;;
1.28;-0.5;-0.5;4.244965;1;Adaptation;15;1;;;;;
1.3;-2;0;3.762936;1;Adaptation;15;1;;;;;
1.32;0;0;5.197801;1;Adaptation;15;1;;;;;
1.34;2;0;4.845793;1;Adaptation;15;1;;;;;
1.36;-0.5;-0.5;3.679846;1;Adaptation;15;1;;;;;
1.38;-0.5;-0.5;3.333598;1;Adaptation;15;1;;;;;
1.4;-0.5;-0.5;4.583634;1;Adaptation;15;1;;;;;
1.42;-0.5;-0.5;4.910546;1;Adaptation;15;1;;;;;
1.44;-0.5;-0.5;5.887896;1;Adaptation;15;1;;;;;
1.46;-0.5;-0.5;4.208751;1;Adaptation;15;1;;;;;
1.48;-0.5;-0.5;2.286468;1;Adaptation;15;1;;;;;
1.5;-0.5;-0.5;5.158121;1;Adaptation;15;1;;;;;
1.52;-0.5;-0.5;3.626181;1;Adaptation;15;1;;;;;
1.54;-0.5;-0.5;3.870925;1;Adaptation;15;1;;;;;
1.56;-0.5;-0.5;5.054782;1;Adaptation;15;1;;;;;
1.58;-0.5;-0.5;2.54464;1;Adaptation;15;1;;;;;
1.6;-0.5;-0.5;2.880188;1;Adaptation;15;1;;;;;
1.62;-0.5;-0.5;3.702641;1;Adaptation;15;1;;;;;
1.64;0;0.125;3.782226;1;Adaptation;15;1;;;;;
1.66;-0.5;-0.5;2.590078;1;Adaptation;15;1;;;;;
1.68;-0.5;-0.5;2.331401;1;Adaptation;15;1;;;;;
1.7;-0.5;-0.5;4.647341;1;Adaptation;15;1;;;;;
1.72;-0.5;-0.5;2.641737;1;Adaptation;15;1;;;;;
1.74;-0.5;-0.5;5.401229;1;Adaptation;15;1;;;;;
1.76;0;0.125;2.16111;1;Adaptation;15;1;;;;;
1.78;-0.5;-0.5;5.617593;1;Adaptation;15;1;;;;;
1.8;-0.5;-0.5;3.912273;1;Adaptation;15;1;;;;;
1.82;-0.5;-0.5;2.781404;1;Adaptation;15;1;;;;;
1.84;-0.5;-0.5;2.896306;1;Adaptation;15;1;;;;;
1.86;2;-0.125;2.973382;1;Adaptation;15;1;;;;;
1.88;-0.5;-0.5;5.396408;1;Adaptation;15;1;;;;;
1.9;0;0;2.660968;1;Adaptation;15;1;;;;;
1.92;0;-0.125;3.736998;1;Adaptation;15;1;;;;;
1.94;0;-0.125;4.932128;1;Adaptation;15;1;;;;;
1.96;-0.5;-0.5;5.296989;1;Adaptation;15;1;;;;;
1.98;-0.5;-0.5;5.736092;1;Adaptation;15;1;;;;;
2;-0.5;-0.5;2.048215;1;Adaptation;15;1;;;;;
2.02;-2;-0.125;2.587269;1;Adaptation;15;1;;;;;
2.04;0;-0.125;4.698944;1;Adaptation;15;1;;;;;
2.06;0;0.25;2.897794;1;Adaptation;15;1;;;;;
2.08;-0.5;-0.5;2.22595;1;Adaptation;15;1;;;;;
2.1;2;0.25;5.074176;1;Adaptation;15;1;;;;;
2.12;-0.5;-0.5;4.906601;1;Adaptation;15;1;;;;;
2.14;-2;0.125;5.329195;1;Adaptation;15;1;;;;;
2.16;-0.5;-0.5;5.037645;1;Adaptation;15;1;;;;;
2.18;-0.5;-0.5;3.629366;1;Adaptation;15;1;;;;;
2.2;-0.5;-0.5;4.702142;1;Adaptation;15;1;;;;;
2.22;-0.5;-0.5;5.035801;1;Adaptation;15;1;;;;;
2.24;-0.5;-0.5;2.227753;1;Adaptation;15;1;;;;;
2.26;-0.5;-0.5;2.70287;1;Adaptation;15;1;;;;;
2.28;0;0.25;2.715216;1;Adaptation;15;1;;;;;
2.3;-0.5;-0.5;3.573227;1;Adaptation;15;1;;;;;
2.32;-0.5;-0.5;5.965074;1;Adaptation;15;1;;;;;
2.34;-0.5;-0.5;4.688959;1;Adaptation;15;1;;;;;
2.36;-0.5;-0.5;2.958706;1;Adaptation;15;1;;;;;
2.38;-0.5;-0.5;5.794017;1;Adaptation;15;1;;;;;
2.4;0;-0.125;3.263312;1;Adaptation;15;1;;;;;
2.42;-0.5;-0.5;4.740067;1;Adaptation;15;1;;;;;
2.44;-0.5;-0.5;2.449172;1;Adaptation;15;1;;;;;
2.46;-0.5;-0.5;5.116363;1;Adaptation;15;1;;;;;
2.48;-0.5;-0.5;4.146494;1;Adaptation;15;1;;;;;
2.5;0;0.125;2.477092;1;Adaptation;15;1;;;;;
;;;;;;;;;;;;
