time;pos_x_right;pos_y_right;dil_right;pos_x_left;pos_y_left;dil_left;brightness;state;fov;trial;;
0;-0.5;-0.5;3.546098;1;Adaptation;15;1;;;;;
0.02;-0.5;-0.5;4.556718;1;Adaptation;15;1;;;;;
0.04;-0.5;-0.5;2.016225;1;Adaptation;15;1;;;;;
0.06;-0.5;-0.5;3.477942;1;Adaptation;15;1;;;;;
0.08;-0.5;-0.5;5.34763;1;Adaptation;15;1;;;;;
0.09999999;-0.5;-0.5;3.996462;1;Adaptation;15;1;;;;;
0.12;-0.5;-0.5;3.553406;1;Adaptation;15;1;;;;;
0.14;-0.5;-0.5;5.090184;1;Adaptation;15;1;;;;;
0.16;-0.5;-0.5;3.581682;1;Adaptation;15;1;;;;;
0.18;-0.5;-0.5;4.22986;1;Adaptation;15;1;;;;;
0.2;-0.5;-0.5;5.051507;1;Adaptation;15;1;;;;;
0.22;-0.5;-0.5;2.055213;1;Adaptation;15;1;;;;;
0.24;-0.5;-0.5;2.893291;1;Adaptation;15;1;;;;;
0.26;-0.5;-0.5;2.780867;1;Adaptation;15;1;;;;;
0.28;-0.5;-0.5;3.536734;1;Adaptation;15;1;;;;;
0.3;-0.5;-0.5;5.833158;1;Adaptation;15;1;;;;;
0.32;-0.5;-0.5;3.606472;1;Adaptation;15;1;;;;;
0.34;-0.5;-0.5;4.199598;1;Adaptation;15;1;;;;;
0.36;-0.5;-0.5;5.630769;1;Adaptation;15;1;;;;;
0.38;-0.5;-0.5;2.964016;1;Adaptation;15;1;;;;;
0.4;-0.5;-0.5;4.158425;1;Adaptation;15;1;;;;;
0.42;-0.5;-0.5;4.891126;1;Adaptation;15;1;;;;;
0.44;-0.5;-0.5;4.895407;1;Adaptation;15;1;;;;;
0.46;-2;0;5.088485;1;Adaptation;15;1;;;;;
0.48;-2;-0.375;5.451796;1;Adaptation;15;1;;;;;
0.5;-0.5;-0.5;2.81858;1;Adaptation;15;1;;;;;
0.52;-0.5;-0.5;3.442008;1;Adaptation;15;1;;;;;
0.54;-0.5;-0.5;4.59107;1;Adaptation;15;1;;;;;
0.56;-0.5;-0.5;3.914894;1;Adaptation;15;1;;;;;
0.58;-0.5;-0.5;2.512955;1;Adaptation;15;1;;;;;
0.6;-0.5;-0.5;2.687802;1;Adaptation;15;1;;;;;
0.62;-0.5;-0.5;4.921357;1;Adaptation;15;1;;;;;
0.64;-0.5;-0.5;4.022186;1;Adaptation;15;1;;;;;
0.66;-0.5;-0.5;2.11838;1;Adaptation;15;1;;;;;
0.68;-0.5;-0.5;4.5443;1;Adaptation;15;1;;;;;
0.7;-0.5;-0.5;2.250524;1;Adaptation;15;1;;;;;
0.72;0;0.125;4.67509;1;Adaptation;15;1;;;;;
0.74;2;-0.125;4.629263;1;Adaptation;15;1;;;;;
0.76;-0.5;-0.5;5.687382;1;Adaptation;15;1;;;;;
0.78;-0.5;-0.5;2.679697;1;Adaptation;15;1;;;;;
0.8;-0.5;-0.5;5.022407;1;Adaptation;15;1;;;;;
0.82;-0.5;-0.5;3.931622;1;Adaptation;15;1;;;;;
0.84;-0.5;-0.5;5.046014;1;Adaptation;15;1;;;;;
0.86;-0.5;-0.5;3.199916;1;Adaptation;15;1;;;;;
0.88;-0.5;-0.5;2.630829;1;Adaptation;15;1;;;;;
0.9;-0.5;-0.5;4.771646;1;Adaptation;15;1;;;;;
0.92;-0.5;-0.5;2.292983;1;Adaptation;15;1;;;;;
0.94;-0.5;-0.5;4.432361;1;Adaptation;15;1;;;;;
0.96;-2;0.125;3.243986;1;Adaptation;15;1;;;;;
0.98;-0.5;-0.5;3.831659;1;Adaptation;15;1;;;;;
1;0;0;2.261985;1;Adaptation;15;1;;;;;
1.02;-0.5;-0.5;5.02283;1;Adaptation;15;1;;;;;
1.04;-0.5;-0.5;5.933002;1;Adaptation;15;1;;;;;
1.06;-0.5;-0.5;4.152498;1;Adaptation;15;1;;;;;
1.08;-0.5;-0.5;4.199516;1;Adaptation;15;1;;;;;
1.1;-0.5;-0.5;4.07797;1;Adaptation;15;1;;;;;
1.12;-0.5;-0.5;5.576815;1;Adaptation;15;1;;;;;
1.14;0;0.125;3.491365;1;Adaptation;15;1;;;;;
1.16;2;0.125;5.169032;1;Adaptation;15;1;;;;;
1.18;-0.5;-0.5;3.929703;1;Adaptation;15;1;;;;;
1.2;-0.5;-0.5;4.658375;1;Adaptation;15;1;;;;;
1.22;-0.5;-0.5;4.611661;1;Adaptation;15;1;;;;;
1.24;-0.5;-0.5;4.23031;1;Adaptation;15;1;;;;;
1.26;-0.5;-0.5;5.246608;1;Adaptation;15;1;;;;;
1.28;-0.5;-0.5;3.091068;1;Adaptation;15;1;;;;;
1.3;-0.5;-0.5;2.707403;1;Adaptation;15;1;;;;;
1.32;0;0;5.473814;1;Adaptation;15;1;;;;;
1.34;-0.5;-0.5;5.090029;1;Adaptation;15;1;;;;;
1.36;-0.5;-0.5;5.511884;1;Adaptation;15;1;;;;;
1.38;-0.5;-0.5;4.717978;1;Adaptation;15;1;;;;;
1.4;0;0.125;4.028822;1;Adaptation;15;1;;;;;
1.42;-0.5;-0.5;4.664542;1;Adaptation;15;1;;;;;
1.44;-0.5;-0.5;4.406279;1;Adaptation;15;1;;;;;
1.46;-0.5;-0.5;5.404636;1;Adaptation;15;1;;;;;
1.48;-0.5;-0.5;3.743167;1;Adaptation;15;1;;;;;
1.5;0;-0.125;3.613557;1;Adaptation;15;1;;;;;
1.52;-0.5;-0.5;5.092685;1;Adaptation;15;1;;;;;
1.54;0;0.125;5.813566;1;Adaptation;15;1;;;;;
1.56;-0.5;-0.5;2.763834;1;Adaptation;15;1;;;;;
1.58;-0.5;-0.5;5.583959;1;Adaptation;15;1;;;;;
1.6;-0.5;-0.5;3.462289;1;Adaptation;15;1;;;;;
1.62;-0.5;-0.5;4.908477;1;Adaptation;15;1;;;;;
1.64;-0.5;-0.5;4.465155;1;Adaptation;15;1;;;;;
1.66;-0.5;-0.5;5.288093;1;Adaptation;15;1;;;;;
1.68;0;-0.125;4.709377;1;Adaptation;15;1;;;;;
1.7;-0.5;-0.5;3.514313;1;Adaptation;15;1;;;;;
1.72;-0.5;-0.5;4.620884;1;Adaptation;15;1;;;;;
1.74;-0.5;-0.5;5.569026;1;Adaptation;15;1;;;;;
1.76;-0.5;-0.5;5.174351;1;Adaptation;15;1;;;;;
1.78;-0.5;-0.5;3.027185;1;Adaptation;15;1;;;;;
1.8;-0.5;-0.5;5.595041;1;Adaptation;15;1;;;;;
1.82;-0.5;-0.5;4.713148;1;Adaptation;15;1;;;;;
1.84;-0.5;-0.5;3.711735;1;Adaptation;15;1;;;;;
1.86;0;0.125;5.032065;1;Adaptation;15;1;;;;;
1.88;-0.5;-0.5;3.855723;1;Adaptation;15;1;;;;;
1.9;-0.5;-0.5;3.384653;1;Adaptation;15;1;;;;;
1.92;-0.5;-0.5;2.91948;1;Adaptation;15;1;;;;;
1.94;-0.5;-0.5;5.47802;1;Adaptation;15;1;;;;;
1.96;-0.5;-0.5;2.88292;1;Adaptation;15;1;;;;;
1.98;0;0.125;4.401698;1;Adaptation;15;1;;;;;
2;-0.5;-0.5;3.86973;1;Adaptation;15;1;;;;;
2.02;-0.5;-0.5;2.902862;1;Adaptation;15;1;;;;;
2.04;0;-0.125;5.674531;1;Adaptation;15;1;;;;;
2.06;0;-0.125;2.699026;1;Adaptation;15;1;;;;;
2.08;-0.5;-0.5;2.974446;1;Adaptation;15;1;;;;;
2.1;0;-0.25;2.996573;1;Adaptation;15;1;;;;;
2.12;-0.5;-0.5;4.40962;1;Adaptation;15;1;;;;;
2.14;2;-0.25;4.800511;1;Adaptation;15;1;;;;;
2.16;-0.5;-0.5;3.30864;1;Adaptation;15;1;;;;;
2.18;-0.5;-0.5;3.95315;1;Adaptation;15;1;;;;;
2.2;-0.5;-0.5;4.41887;1;Adaptation;15;1;;;;;
2.22;-0.5;-0.5;2.157435;1;Adaptation;15;1;;;;;
2.24;-2;0.25;4.65824;1;Adaptation;15;1;;;;;
2.26;-0.5;-0.5;3.162725;1;Adaptation;15;1;;;;;
2.28;2;-0.125;5.859646;1;Adaptation;15;1;;;;;
2.3;-2;0;3.329609;1;Adaptation;15;1;;;;;
2.32;-0.5;-0.5;5.654233;1;Adaptation;15;1;;;;;
2.34;-0.5;-0.5;4.795219;1;Adaptation;15;1;;;;;
2.36;-0.5;-0.5;3.550686;1;Adaptation;15;1;;;;;
2.38;-0.5;-0.5;5.084722;1;Adaptation;15;1;;;;;
2.4;-0.5;-0.5;3.508319;1;Adaptation;15;1;;;;;
2.42;-0.5;-0.5;5.52054;1;Adaptation;15;1;;;;;
2.44;-0.5;-0.5;3.237929;1;Adaptation;15;1;;;;;
2.46;-0.5;-0.5;4.402459;1;Adaptation;15;1;;;;;
2.48;-0.5;-0.5;5.033086;1;Adaptation;15;1;;;;;
2.5;-0.5;-0.5;4.393701;1;Adaptation;15;1;;;;;
2.52;-0.5;-0.5;2.065754;1;Adaptation;15;1;;;;;
2.54;-0.5;-0.5;5.414275;1;Adaptation;15;1;;;;;
2.56;-0.5;-0.5;3.726894;1;Adaptation;15;1;;;;;
2.58;-0.5;-0.5;4.98443;1;Adaptation;15;1;;;;;
2.6;-0.5;-0.5;4.829286;1;Adaptation;15;1;;;;;
2.62;-0.5;-0.5;5.070236;1;Adaptation;15;1;;;;;
2.64;0;-0.25;4.136309;1;Adaptation;15;1;;;;;
2.66;-0.5;-0.5;3.413775;1;Adaptation;15;1;;;;;
2.68;0;-0.125;3.386942;1;Adaptation;15;1;;;;;
2.7;-0.5;-0.5;3.995664;1;Adaptation;15;1;;;;;
2.72;-0.5;-0.5;2.64011;1;Adaptation;15;1;;;;;
2.74;0;-0.125;2.160299;1;Adaptation;15;1;;;;;
2.76;-0.5;-0.5;4.930204;1;Adaptation;15;1;;;;;
2.78;-0.5;-0.5;3.060298;1;Adaptation;15;1;;;;;
2.8;0;0;4.307137;1;Adaptation;15;1;;;;;
2.82;-0.5;-0.5;3.670425;1;Adaptation;15;1;;;;;
2.84;-0.5;-0.5;4.839499;1;Adaptation;15;1;;;;;
2.86;0;0;2.16578;1;Adaptation;15;1;;;;;
2.88;-0.5;-0.5;3.986678;1;Adaptation;15;1;;;;;
2.9;-0.5;-0.5;3.512713;1;Adaptation;15;1;;;;;
2.92;0;0.125;3.191579;1;Adaptation;15;1;;;;;
2.94;-0.5;-0.5;2.634676;1;Adaptation;15;1;;;;;
2.96;-0.5;-0.5;4.234456;1;Adaptation;15;1;;;;;
2.98;-0.5;-0.5;4.023883;1;Adaptation;15;1;;;;;
3;-0.5;-0.5;5.054324;1;Adaptation;15;1;;;;;
3.02;2;-0.125;3.164229;1;Adaptation;15;1;;;;;
3.04;0;0.125;2.126324;1;Adaptation;15;1;;;;;
3.06;-0.5;-0.5;2.4031;1;Adaptation;15;1;;;;;
3.08;-2;0;2.988338;1;Adaptation;15;1;;;;;
3.1;-0.5;-0.5;4.44276;1;Adaptation;15;1;;;;;
3.12;-0.5;-0.5;4.028532;1;Adaptation;15;1;;;;;
3.14;-0.5;-0.5;5.610277;1;Adaptation;15;1;;;;;
3.16;-0.5;-0.5;5.922235;1;Adaptation;15;1;;;;;
3.18;-0.5;-0.5;3.011854;1;Adaptation;15;1;;;;;
3.2;-0.5;-0.5;4.281146;1;Adaptation;15;1;;;;;
3.22;0;0;5.1578;1;Adaptation;15;1;;;;;
3.24;-0.5;-0.5;5.308385;1;Adaptation;15;1;;;;;
3.26;-0.5;-0.5;5.891999;1;Adaptation;15;1;;;;;
3.28;-0.5;-0.5;2.925358;1;Adaptation;15;1;;;;;
3.3;-0.5;-0.5;5.68043;1;Adaptation;15;1;;;;;
3.32;-2;-0.125;3.270973;1;Adaptation;15;1;;;;;
3.34;-0.5;-0.5;5.034405;1;Adaptation;15;1;;;;;
3.36;-0.5;-0.5;3.325074;1;Adaptation;15;1;;;;;
3.38;-0.5;-0.5;5.393549;1;Adaptation;15;1;;;;;
3.4;-0.5;-0.5;4.303237;1;Adaptation;15;1;;;;;
3.42;-0.5;-0.5;3.86402;1;Adaptation;15;1;;;;;
3.44;-0.5;-0.5;2.922125;1;Adaptation;15;1;;;;;
3.46;-0.5;-0.5;4.174942;1;Adaptation;15;1;;;;;
3.48;-0.5;-0.5;2.048423;1;Adaptation;15;1;;;;;
3.5;-0.5;-0.5;3.721424;1;Adaptation;15;1;;;;;
3.52;-2;0;2.716757;1;Adaptation;15;1;;;;;
3.54;-0.5;-0.5;5.354081;1;Adaptation;15;1;;;;;
3.56;-0.5;-0.5;5.70521;1;Adaptation;15;1;;;;;
3.58;-0.5;-0.5;3.24665;1;Adaptation;15;1;;;;;
3.6;-0.5;-0.5;5.60329;1;Adaptation;15;1;;;;;
3.62;-4;0;4.827524;1;Adaptation;15;1;;;;;
3.64;-0.5;-0.5;5.471773;1;Adaptation;15;1;;;;;
3.66;-0.5;-0.5;4.779585;1;Adaptation;15;1;;;;;
3.68;-0.5;-0.5;4.702976;1;Adaptation;15;1;;;;;
3.7;-0.5;-0.5;2.924958;1;Adaptation;15;1;;;;;
3.72;-0.5;-0.5;2.5682;1;Adaptation;15;1;;;;;
3.74;-0.5;-0.5;2.203648;1;Adaptation;15;1;;;;;
3.76;-0.5;-0.5;4.035356;1;Adaptation;15;1;;;;;
3.78;-0.5;-0.5;3.875354;1;Adaptation;15;1;;;;;
3.8;-2;0.125;2.152101;1;Adaptation;15;1;;;;;
3.82;2;-0.375;5.37156;1;Adaptation;15;1;;;;;
3.84;-0.5;-0.5;2.340004;1;Adaptation;15;1;;;;;
3.86;-0.5;-0.5;3.181514;1;Adaptation;15;1;;;;;
3.88;2;0.125;2.242492;1;Adaptation;15;1;;;;;
3.9;-0.5;-0.5;5.216389;1;Adaptation;15;1;;;;;
3.92;0;0.125;3.75257;1;Adaptation;15;1;;;;;
3.94;-0.5;-0.5;3.638116;1;Adaptation;15;1;;;;;
3.96;-0.5;-0.5;5.404684;1;Adaptation;15;1;;;;;
3.98;0;0;5.324844;1;Adaptation;15;1;;;;;
4;-0.5;-0.5;3.109468;1;Adaptation;15;1;;;;;
4.02;-0.5;-0.5;2.041868;1;Adaptation;15;1;;;;;
4.04;-2;0.25;5.078659;1;Adaptation;15;1;;;;;
4.06;-0.5;-0.5;4.22299;1;Adaptation;15;1;;;;;
4.08;-0.5;-0.5;3.168743;1;Adaptation;15;1;;;;;
4.1;-0.5;-0.5;3.359349;1;Adaptation;15;1;;;;;
4.12;-0.5;-0.5;2.332003;1;Adaptation;15;1;;;;;
4.14;0;0;5.687978;1;Adaptation;15;1;;;;;
4.16;-0.5;-0.5;2.63472;1;Adaptation;15;1;;;;;
4.18;-0.5;-0.5;2.594658;1;Adaptation;15;1;;;;;
4.2;2;0;5.822698;1;Adaptation;15;1;;;;;
4.22;0;-0.25;2.335541;1;Adaptation;15;1;;;;;
4.24;-0.5;-0.5;5.588637;1;Adaptation;15;1;;;;;
4.26;-0.5;-0.5;3.391171;1;Adaptation;15;1;;;;;
4.28;-0.5;-0.5;4.483223;1;Adaptation;15;1;;;;;
4.3;-0.5;-0.5;3.698786;1;Adaptation;15;1;;;;;
4.32;0;-0.125;5.685403;1;Adaptation;15;1;;;;;
4.34;-0.5;-0.5;4.829165;1;Adaptation;15;1;;;;;
4.36;-0.5;-0.5;4.007933;1;Adaptation;15;1;;;;;
4.38;-0.5;-0.5;2.124393;1;Adaptation;15;1;;;;;
4.4;-0.5;-0.5;2.294983;1;Adaptation;15;1;;;;;
4.42;-0.5;-0.5;2.894439;1;Adaptation;15;1;;;;;
4.44;-0.5;-0.5;3.900149;1;Adaptation;15;1;;;;;
4.46;-0.5;-0.5;4.42948;1;Adaptation;15;1;;;;;
4.48;0;0;4.9852;1;Adaptation;15;1;;;;;
4.5;-0.5;-0.5;3.11934;1;Adaptation;15;1;;;;;
4.52;-0.5;-0.5;5.100606;1;Adaptation;15;1;;;;;
4.54;0;-0.125;3.133239;1;Adaptation;15;1;;;;;
4.56;-0.5;-0.5;4.231497;1;Adaptation;15;1;;;;;
4.58;2;0.25;4.506094;1;Adaptation;15;1;;;;;
4.6;-0.5;-0.5;3.3465;1;Adaptation;15;1;;;;;
4.62;-0.5;-0.5;5.870724;1;Adaptation;15;1;;;;;
4.64;-0.5;-0.5;5.283747;1;Adaptation;15;1;;;;;
4.66;0;0;2.191115;1;Adaptation;15;1;;;;;
4.68;0;0;4.208685;1;Adaptation;15;1;;;;;
4.7;0;0.125;4.047065;1;Adaptation;15;1;;;;;
4.72;-0.5;-0.5;2.934729;1;Adaptation;15;1;;;;;
4.74;-0.5;-0.5;2.747037;1;Adaptation;15;1;;;;;
4.76;-0.5;-0.5;5.076225;1;Adaptation;15;1;;;;;
4.78;-0.5;-0.5;2.254949;1;Adaptation;15;1;;;;;
4.8;-0.5;-0.5;5.693113;1;Adaptation;15;1;;;;;
4.82;0;-0.375;3.815975;1;Adaptation;15;1;;;;;
4.84;-0.5;-0.5;2.687439;1;Adaptation;15;1;;;;;
4.86;-0.5;-0.5;3.770233;1;Adaptation;15;1;;;;;
4.88;-0.5;-0.5;2.504678;1;Adaptation;15;1;;;;;
4.9;-0.5;-0.5;4.346395;1;Adaptation;15;1;;;;;
4.92;-0.5;-0.5;3.392691;1;Adaptation;15;1;;;;;
4.94;-0.5;-0.5;5.873409;1;Adaptation;15;1;;;;;
4.96;-0.5;-0.5;2.979963;1;Adaptation;15;1;;;;;
4.98;-2;0;5.696423;1;Adaptation;15;1;;;;;
5;-0.5;-0.5;4.310657;1;Adaptation;15;1;;;;;
5.02;-0.5;-0.5;3.532511;1;Adaptation;15;1;;;;;
5.04;-0.5;-0.5;4.167915;1;Adaptation;15;1;;;;;
5.06;-0.5;-0.5;5.154855;1;Adaptation;15;1;;;;;
5.08;-0.5;-0.5;5.56962;1;Adaptation;15;1;;;;;
5.1;-0.5;-0.5;3.229565;1;Adaptation;15;1;;;;;
5.12;-0.5;-0.5;5.363793;1;Adaptation;15;1;;;;;
5.14;-0.5;-0.5;4.718312;1;Adaptation;15;1;;;;;
5.16;2;0;2.275686;1;Adaptation;15;1;;;;;
5.18;0;-0.25;4.417247;1;Adaptation;15;1;;;;;
5.2;2;0.125;2.81171;1;Adaptation;15;1;;;;;
5.22;-2;0.125;3.139875;1;Adaptation;15;1;;;;;
5.24;-0.5;-0.5;3.317389;1;Adaptation;15;1;;;;;
5.26;-0.5;-0.5;5.922087;1;Adaptation;15;1;;;;;
5.28;-0.5;-0.5;2.120207;1;Adaptation;15;1;;;;;
5.3;-0.5;-0.5;3.787388;1;Adaptation;15;1;;;;;
5.32;-0.5;-0.5;2.264637;1;Adaptation;15;1;;;;;
5.34;-0.5;-0.5;3.125952;1;Adaptation;15;1;;;;;
5.36;0;0;4.160094;1;Adaptation;15;1;;;;;
5.38;-0.5;-0.5;4.38158;1;Adaptation;15;1;;;;;
5.4;-0.5;-0.5;2.950694;1;Adaptation;15;1;;;;;
5.42;-0.5;-0.5;5.888958;1;Adaptation;15;1;;;;;
5.44;-0.5;-0.5;3.912948;1;Adaptation;15;1;;;;;
5.46;-0.5;-0.5;2.528275;1;Adaptation;15;1;;;;;
5.48;-0.5;-0.5;2.285115;1;Adaptation;15;1;;;;;
5.5;-0.5;-0.5;3.410967;1;Adaptation;15;1;;;;;
5.52;-0.5;-0.5;2.22345;1;Adaptation;15;1;;;;;
5.54;-0.5;-0.5;4.342892;1;Adaptation;15;1;;;;;
5.56;-2;-0.25;5.014266;1;Adaptation;15;1;;;;;
5.58;-0.5;-0.5;4.617321;1;Adaptation;15;1;;;;;
5.6;0;0.125;5.238664;1;Adaptation;15;1;;;;;
5.62;-0.5;-0.5;4.30022;1;Adaptation;15;1;;;;;
5.64;-0.5;-0.5;5.860584;1;Adaptation;15;1;;;;;
5.66;-0.5;-0.5;3.157096;1;Adaptation;15;1;;;;;
5.68;-0.5;-0.5;2.820019;1;Adaptation;15;1;;;;;
5.7;0;-0.125;5.675327;1;Adaptation;15;1;;;;;
5.72;2;-0.125;4.07783;1;Adaptation;15;1;;;;;
5.74;-0.5;-0.5;5.354128;1;Adaptation;15;1;;;;;
5.76;-0.5;-0.5;5.603531;1;Adaptation;15;1;;;;;
5.78;-0.5;-0.5;5.65331;1;Adaptation;15;1;;;;;
5.8;0;0;5.314358;1;Adaptation;15;1;;;;;
5.82;0;0;3.311352;1;Adaptation;15;1;;;;;
5.84;-0.5;-0.5;3.640599;1;Adaptation;15;1;;;;;
5.86;-2;0;2.658259;1;Adaptation;15;1;;;;;
5.88;-0.5;-0.5;2.778135;1;Adaptation;15;1;;;;;
5.9;0;0;4.532357;1;Adaptation;15;1;;;;;
5.92;-2;0;3.274555;1;Adaptation;15;1;;;;;
5.94;-0.5;-0.5;5.915405;1;Adaptation;15;1;;;;;
5.96;-0.5;-0.5;5.391637;1;Adaptation;15;1;;;;;
5.98;-2;0;2.909587;1;Adaptation;15;1;;;;;
6;-0.5;-0.5;4.734323;1;Adaptation;15;1;;;;;
6.02;0;-0.125;5.757375;1;Adaptation;15;1;;;;;
6.04;2;0.125;3.793668;1;Adaptation;15;1;;;;;
6.06;-0.5;-0.5;2.133685;1;Adaptation;15;1;;;;;
6.08;-2;0;4.231233;1;Adaptation;15;1;;;;;
6.1;-0.5;-0.5;5.436077;1;Adaptation;15;1;;;;;
6.12;-0.5;-0.5;3.879476;1;Adaptation;15;1;;;;;
6.14;0;0.25;4.648435;1;Adaptation;15;1;;;;;
6.16;-0.5;-0.5;5.244068;1;Adaptation;15;1;;;;;
6.18;-0.5;-0.5;4.173535;1;Adaptation;15;1;;;;;
6.2;-0.5;-0.5;2.448848;1;Adaptation;15;1;;;;;
6.22;2;-0.125;2.658716;1;Adaptation;15;1;;;;;
6.24;0;0;2.859046;1;Adaptation;15;1;;;;;
6.26;-0.5;-0.5;5.570898;1;Adaptation;15;1;;;;;
6.28;-0.5;-0.5;5.254237;1;Adaptation;15;1;;;;;
6.3;-0.5;-0.5;2.811573;1;Adaptation;15;1;;;;;
6.32;-0.5;-0.5;3.256268;1;Adaptation;15;1;;;;;
6.34;0;0;5.571527;1;Adaptation;15;1;;;;;
6.36;-0.5;-0.5;4.421627;1;Adaptation;15;1;;;;;
6.38;-0.5;-0.5;2.177712;1;Adaptation;15;1;;;;;
6.4;-0.5;-0.5;4.718415;1;Adaptation;15;1;;;;;
6.42;-0.5;-0.5;4.078481;1;Adaptation;15;1;;;;;
6.44;-0.5;-0.5;4.457753;1;Adaptation;15;1;;;;;
6.46;-0.5;-0.5;2.842554;1;Adaptation;15;1;;;;;
6.48;-0.5;-0.5;4.656579;1;Adaptation;15;1;;;;;
6.5;-0.5;-0.5;5.313841;1;Adaptation;15;1;;;;;
6.52;-0.5;-0.5;3.714537;1;Adaptation;15;1;;;;;
6.54;-0.5;-0.5;3.774486;1;Adaptation;15;1;;;;;
6.56;-2;0;4.514695;1;Adaptation;15;1;;;;;
6.58;-0.5;-0.5;2.325552;1;Adaptation;15;1;;;;;
6.6;-2;-0.25;2.067745;1;Adaptation;15;1;;;;;
6.62;-0.5;-0.5;5.230439;1;Adaptation;15;1;;;;;
6.64;0;0.125;3.715075;1;Adaptation;15;1;;;;;
6.66;-0.5;-0.5;5.824898;1;Adaptation;15;1;;;;;
6.68;-0.5;-0.5;2.141574;1;Adaptation;15;1;;;;;
6.7;-0.5;-0.5;5.956253;1;Adaptation;15;1;;;;;
6.72;2;0.125;4.103237;1;Adaptation;15;1;;;;;
6.74;0;0.25;4.28594;1;Adaptation;15;1;;;;;
6.76;-0.5;-0.5;4.468642;1;Adaptation;15;1;;;;;
6.78;-0.5;-0.5;3.212087;1;Adaptation;15;1;;;;;
6.8;2;0;3.044291;1;Adaptation;15;1;;;;;
6.82;-0.5;-0.5;2.616734;1;Adaptation;15;1;;;;;
6.84;-0.5;-0.5;5.041093;1;Adaptation;15;1;;;;;
6.86;2;-0.125;2.292553;1;Adaptation;15;1;;;;;
6.88;-0.5;-0.5;3.689853;1;Adaptation;15;1;;;;;
6.9;-0.5;-0.5;2.891717;1;Adaptation;15;1;;;;;
6.92;-0.5;-0.5;5.497194;1;Adaptation;15;1;;;;;
6.94;-0.5;-0.5;4.400827;1;Adaptation;15;1;;;;;
6.96;-0.5;-0.5;4.01685;1;Adaptation;15;1;;;;;
6.98;-0.5;-0.5;5.640792;1;Adaptation;15;1;;;;;
7;0;-0.125;2.287619;1;Adaptation;15;1;;;;;
7.02;-0.5;-0.5;4.573289;1;Adaptation;15;1;;;;;
7.04;0;-0.125;2.180733;1;Adaptation;15;1;;;;;
7.06;0;0;5.944358;1;Adaptation;15;1;;;;;
7.08;-0.5;-0.5;4.355335;1;Adaptation;15;1;;;;;
7.1;-0.5;-0.5;3.199909;1;Adaptation;15;1;;;;;
7.12;-0.5;-0.5;4.009622;1;Adaptation;15;1;;;;;
7.14;-0.5;-0.5;3.53079;1;Adaptation;15;1;;;;;
7.16;-2;-0.125;5.194999;1;Adaptation;15;1;;;;;
7.18;-0.5;-0.5;5.539127;1;Adaptation;15;1;;;;;
7.2;-0.5;-0.5;5.865896;1;Adaptation;15;1;;;;;
7.22;-0.5;-0.5;4.925039;1;Adaptation;15;1;;;;;
7.24;-0.5;-0.5;5.464987;1;Adaptation;15;1;;;;;
7.26;-2;0.125;2.183955;1;Adaptation;15;1;;;;;
7.28;-0.5;-0.5;2.307125;1;Adaptation;15;1;;;;;
7.3;-0.5;-0.5;5.340106;1;Adaptation;15;1;;;;;
7.32;-0.5;-0.5;5.24393;1;Adaptation;15;1;;;;;
7.34;-0.5;-0.5;2.414123;1;Adaptation;15;1;;;;;
7.36;0;0.375;5.525843;1;Adaptation;15;1;;;;;
7.38;-0.5;-0.5;3.30742;1;Adaptation;15;1;;;;;
7.4;-0.5;-0.5;3.278356;1;Adaptation;15;1;;;;;
7.42;-0.5;-0.5;2.338338;1;Adaptation;15;1;;;;;
7.44;-2;-0.125;5.546086;1;Adaptation;15;1;;;;;
7.46;-0.5;-0.5;2.223848;1;Adaptation;15;1;;;;;
7.48;-0.5;-0.5;3.30808;1;Adaptation;15;1;;;;;
7.5;-0.5;-0.5;2.727623;1;Adaptation;15;1;;;;;
7.52;0;0.25;4.38761;1;Adaptation;15;1;;;;;
7.54;-0.5;-0.5;2.68252;1;Adaptation;15;1;;;;;
7.56;-0.5;-0.5;4.495577;1;Adaptation;15;1;;;;;
7.58;-0.5;-0.5;3.297004;1;Adaptation;15;1;;;;;
7.6;0;0.125;2.779967;1;Adaptation;15;1;;;;;
7.62;-0.5;-0.5;3.431917;1;Adaptation;15;1;;;;;
7.64;-0.5;-0.5;4.299096;1;Adaptation;15;1;;;;;
7.66;-0.5;-0.5;3.946542;1;Adaptation;15;1;;;;;
7.68;-0.5;-0.5;3.749162;1;Adaptation;15;1;;;;;
7.7;-0.5;-0.5;4.16714;1;Adaptation;15;1;;;;;
7.72;-0.5;-0.5;5.215055;1;Adaptation;15;1;;;;;
7.74;-0.5;-0.5;3.319734;1;Adaptation;15;1;;;;;
7.76;-0.5;-0.5;2.354961;1;Adaptation;15;1;;;;;
7.78;-0.5;-0.5;4.75861;1;Adaptation;15;1;;;;;
7.8;-2;0.125;5.620294;1;Adaptation;15;1;;;;;
7.82;-0.5;-0.5;3.743529;1;Adaptation;15;1;;;;;
7.84;-0.5;-0.5;4.62173;1;Adaptation;15;1;;;;;
7.86;-0.5;-0.5;4.17513;1;Adaptation;15;1;;;;;
7.88;-0.5;-0.5;3.995851;1;Adaptation;15;1;;;;;
7.9;-0.5;-0.5;5.380932;1;Adaptation;15;1;;;;;
7.92;0;0;3.536767;1;Adaptation;15;1;;;;;
7.94;-0.5;-0.5;3.389615;1;Adaptation;15;1;;;;;
7.96;0;-0.25;2.945726;1;Adaptation;15;1;;;;;
7.98;-0.5;-0.5;2.906811;1;Adaptation;15;1;;;;;
8;-0.5;-0.5;4.332389;1;Adaptation;15;1;;;;;
8.02;-0.5;-0.5;4.211815;1;Adaptation;15;1;;;;;
8.04;0;-0.125;4.008384;1;Adaptation;15;1;;;;;
8.059999;0;0.125;2.13622;1;Adaptation;15;1;;;;;
8.08;-2;-0.125;5.154123;1;Adaptation;15;1;;;;;
8.099999;-2;-0.125;3.516025;1;Adaptation;15;1;;;;;
8.12;0;0;4.120387;1;Adaptation;15;1;;;;;
8.139999;-0.5;-0.5;3.781947;1;Adaptation;15;1;;;;;
8.16;-0.5;-0.5;5.087273;1;Adaptation;15;1;;;;;
8.179999;-0.5;-0.5;5.583212;1;Adaptation;15;1;;;;;
8.2;-0.5;-0.5;4.380513;1;Adaptation;15;1;;;;;
8.22;-0.5;-0.5;2.289548;1;Adaptation;15;1;;;;;
8.24;-0.5;-0.5;2.741365;1;Adaptation;15;1;;;;;
8.26;-0.5;-0.5;3.047614;1;Adaptation;15;1;;;;;
8.28;-0.5;-0.5;5.769153;1;Adaptation;15;1;;;;;
8.3;-0.5;-0.5;4.414375;1;Adaptation;15;1;;;;;
8.32;-0.5;-0.5;3.512384;1;Adaptation;15;1;;;;;
8.34;-0.5;-0.5;2.44896;1;Adaptation;15;1;;;;;
8.36;0;-0.125;5.26902;1;Adaptation;15;1;;;;;
8.38;-0.5;-0.5;5.004884;1;Adaptation;15;1;;;;;
8.4;-0.5;-0.5;5.343263;1;Adaptation;15;1;;;;;
8.42;-0.5;-0.5;2.505722;1;Adaptation;15;1;;;;;
8.44;-0.5;-0.5;4.448025;1;Adaptation;15;1;;;;;
8.46;-0.5;-0.5;4.709104;1;Adaptation;15;1;;;;;
8.48;-2;0.125;5.146459;1;Adaptation;15;1;;;;;
8.5;-0.5;-0.5;2.054338;1;Adaptation;15;1;;;;;
8.52;-0.5;-0.5;5.703053;1;Adaptation;15;1;;;;;
8.54;-0.5;-0.5;4.148926;1;Adaptation;15;1;;;;;
8.559999;-0.5;-0.5;2.22898;1;Adaptation;15;1;;;;;
8.58;-2;0.125;5.705913;1;Adaptation;15;1;;;;;
8.599999;-0.5;-0.5;2.217909;1;Adaptation;15;1;;;;;
8.62;0;0.125;4.47705;1;Adaptation;15;1;;;;;
8.639999;0;0;4.395748;1;Adaptation;15;1;;;;;
8.66;-0.5;-0.5;4.485906;1;Adaptation;15;1;;;;;
8.679999;-0.5;-0.5;4.437631;1;Adaptation;15;1;;;;;
8.7;-0.5;-0.5;5.545917;1;Adaptation;15;1;;;;;
8.72;-0.5;-0.5;5.949342;1;Adaptation;15;1;;;;;
8.74;-0.5;-0.5;5.205378;1;Adaptation;15;1;;;;;
8.76;0;-0.125;5.524717;1;Adaptation;15;1;;;;;
8.78;-0.5;-0.5;5.670711;1;Adaptation;15;1;;;;;
8.8;2;0;4.065845;1;Adaptation;15;1;;;;;
8.82;-0.5;-0.5;2.23582;1;Adaptation;15;1;;;;;
8.84;-0.5;-0.5;5.100153;1;Adaptation;15;1;;;;;
8.86;-0.5;-0.5;5.766254;1;Adaptation;15;1;;;;;
8.88;-0.5;-0.5;2.842993;1;Adaptation;15;1;;;;;
8.9;-0.5;-0.5;2.451834;1;Adaptation;15;1;;;;;
8.92;-0.5;-0.5;2.683293;1;Adaptation;15;1;;;;;
8.94;-0.5;-0.5;2.861434;1;Adaptation;15;1;;;;;
8.96;-0.5;-0.5;3.91169;1;Adaptation;15;1;;;;;
8.98;-0.5;-0.5;4.413817;1;Adaptation;15;1;;;;;
9;-0.5;-0.5;3.189139;1;Adaptation;15;1;;;;;
9.02;2;0;2.27422;1;Adaptation;15;1;;;;;
9.04;-0.5;-0.5;2.73967;1;Adaptation;15;1;;;;;
9.059999;0;0;3.636345;1;Adaptation;15;1;;;;;
9.08;-0.5;-0.5;2.215322;1;Adaptation;15;1;;;;;
9.099999;-2;0;3.653162;1;Adaptation;15;1;;;;;
9.12;-0.5;-0.5;3.657367;1;Adaptation;15;1;;;;;
9.139999;-0.5;-0.5;3.049839;1;Adaptation;15;1;;;;;
9.16;-0.5;-0.5;3.894336;1;Adaptation;15;1;;;;;
9.179999;-0.5;-0.5;3.065992;1;Adaptation;15;1;;;;;
9.2;0;0.125;3.334303;1;Adaptation;15;1;;;;;
9.22;-0.5;-0.5;4.915319;1;Adaptation;15;1;;;;;
9.24;-0.5;-0.5;4.679593;1;Adaptation;15;1;;;;;
9.26;2;0.25;5.155879;1;Adaptation;15;1;;;;;
9.28;-0.5;-0.5;5.316753;1;Adaptation;15;1;;;;;
9.3;-0.5;-0.5;2.686543;1;Adaptation;15;1;;;;;
9.32;-0.5;-0.5;5.417088;1;Adaptation;15;1;;;;;
9.34;-0.5;-0.5;5.828031;1;Adaptation;15;1;;;;;
9.36;-0.5;-0.5;5.140514;1;Adaptation;15;1;;;;;
9.38;-0.5;-0.5;4.735656;1;Adaptation;15;1;;;;;
9.4;-0.5;-0.5;5.796112;1;Adaptation;15;1;;;;;
9.42;2;-0.125;4.510489;1;Adaptation;15;1;;;;;
9.44;-0.5;-0.5;2.384648;1;Adaptation;15;1;;;;;
9.46;-0.5;-0.5;4.160265;1;Adaptation;15;1;;;;;
9.48;-0.5;-0.5;2.508615;1;Adaptation;15;1;;;;;
9.5;-0.5;-0.5;4.230062;1;Adaptation;15;1;;;;;
9.52;-0.5;-0.5;4.54285;1;Adaptation;15;1;;;;;
9.54;-0.5;-0.5;2.319849;1;Adaptation;15;1;;;;;
9.559999;0;0.125;5.524071;1;Adaptation;15;1;;;;;
9.58;-0.5;-0.5;5.280297;1;Adaptation;15;1;;;;;
9.599999;-0.5;-0.5;3.668082;1;Adaptation;15;1;;;;;
9.62;2;0.125;2.999977;1;Adaptation;15;1;;;;;
9.639999;-0.5;-0.5;2.903857;1;Adaptation;15;1;;;;;
9.66;-2;-0.125;5.035015;1;Adaptation;15;1;;;;;
9.679999;-0.5;-0.5;5.875324;1;Adaptation;15;1;;;;;
9.7;-0.5;-0.5;3.415803;1;Adaptation;15;1;;;;;
9.719999;-0.5;-0.5;2.498041;1;Adaptation;15;1;;;;;
9.74;-0.5;-0.5;5.084466;1;Adaptation;15;1;;;;;
9.76;-0.5;-0.5;5.168799;1;Adaptation;15;1;;;;;
9.78;-0.5;-0.5;4.509844;1;Adaptation;15;1;;;;;
9.8;-0.5;-0.5;3.094156;1;Adaptation;15;1;;;;;
9.82;-0.5;-0.5;5.005415;1;Adaptation;15;1;;;;;
9.84;-0.5;-0.5;3.603301;1;Adaptation;15;1;;;;;
9.86;-0.5;-0.5;4.247561;1;Adaptation;15;1;;;;;
9.88;-0.5;-0.5;2.176943;1;Adaptation;15;1;;;;;
9.9;0;-0.125;2.110014;1;Adaptation;15;1;;;;;
9.92;-0.5;-0.5;3.496008;1;Adaptation;15;1;;;;;
9.94;-0.5;-0.5;2.253927;1;Adaptation;15;1;;;;;
9.96;-0.5;-0.5;5.195657;1;Adaptation;15;1;;;;;
9.98;-0.5;-0.5;5.291758;1;Adaptation;15;1;;;;;
10;-0.5;-0.5;4.040381;1;Adaptation;15;1;;;;;
10.02;-0.5;-0.5;4.758096;1;Adaptation;15;1;;;;;
10.04;-0.5;-0.5;4.502618;1;Adaptation;15;1;;;;;
10.06;-0.5;-0.5;2.328615;1;Adaptation;15;1;;;;;
10.08;0;-0.25;5.187244;1;Adaptation;15;1;;;;;
10.1;-0.5;-0.5;2.240581;1;Adaptation;15;1;;;;;
10.12;-0.5;-0.5;3.337315;1;Adaptation;15;1;;;;;
10.14;0;0.25;5.764925;1;Adaptation;15;1;;;;;
10.16;0;-0.125;2.047938;1;Adaptation;15;1;;;;;
10.18;-0.5;-0.5;4.300616;1;Adaptation;15;1;;;;;
10.2;-0.5;-0.5;2.052382;1;Adaptation;15;1;;;;;
10.22;-0.5;-0.5;4.327933;1;Adaptation;15;1;;;;;
10.24;-0.5;-0.5;2.252594;1;Adaptation;15;1;;;;;
10.26;-0.5;-0.5;3.268401;1;Adaptation;15;1;;;;;
10.28;-0.5;-0.5;2.050673;1;Adaptation;15;1;;;;;
10.3;-0.5;-0.5;2.930377;1;Adaptation;15;1;;;;;
10.32;-0.5;-0.5;5.176085;1;Adaptation;15;1;;;;;
10.34;-0.5;-0.5;3.018544;1;Adaptation;15;1;;;;;
10.36;-0.5;-0.5;3.315549;1;Adaptation;15;1;;;;;
10.38;-0.5;-0.5;2.356603;1;Adaptation;15;1;;;;;
10.4;-0.5;-0.5;2.057991;1;Adaptation;15;1;;;;;
10.42;-0.5;-0.5;3.974633;1;Adaptation;15;1;;;;;
10.44;-0.5;-0.5;4.490993;1;Adaptation;15;1;;;;;
10.46;-0.5;-0.5;3.633261;1;Adaptation;15;1;;;;;
10.48;-0.5;-0.5;5.051348;1;Adaptation;15;1;;;;;
10.5;-0.5;-0.5;5.75916;1;Adaptation;15;1;;;;;
10.52;-0.5;-0.5;4.567666;1;Adaptation;15;1;;;;;
10.54;-0.5;-0.5;3.509512;1;Adaptation;15;1;;;;;
10.56;-2;-0.125;2.69045;1;Adaptation;15;1;;;;;
10.58;2;-0.25;2.370718;1;Adaptation;15;1;;;;;
10.6;-0.5;-0.5;5.80927;1;Adaptation;15;1;;;;;
10.62;-0.5;-0.5;2.784524;1;Adaptation;15;1;;;;;
10.64;-0.5;-0.5;5.720198;1;Adaptation;15;1;;;;;
10.66;0;0;4.682549;1;Adaptation;15;1;;;;;
10.68;-0.5;-0.5;5.633139;1;Adaptation;15;1;;;;;
10.7;0;0;2.984943;1;Adaptation;15;1;;;;;
10.72;-0.5;-0.5;5.761307;1;Adaptation;15;1;;;;;
10.74;-0.5;-0.5;3.428585;1;Adaptation;15;1;;;;;
10.76;-0.5;-0.5;2.050639;1;Adaptation;15;1;;;;;
10.78;-2;-0.25;4.275547;1;Adaptation;15;1;;;;;
10.8;-0.5;-0.5;5.826217;1;Adaptation;15;1;;;;;
10.82;0;0;2.512125;1;Adaptation;15;1;;;;;
10.84;-0.5;-0.5;5.709971;1;Adaptation;15;1;;;;;
10.86;-0.5;-0.5;3.907484;1;Adaptation;15;1;;;;;
10.88;0;0;5.735919;1;Adaptation;15;1;;;;;
10.9;-0.5;-0.5;4.854888;1;Adaptation;15;1;;;;;
10.92;-0.5;-0.5;3.07083;1;Adaptation;15;1;;;;;
10.94;0;-0.125;5.654254;1;Adaptation;15;1;;;;;
10.96;-0.5;-0.5;3.278002;1;Adaptation;15;1;;;;;
10.98;-0.5;-0.5;5.612181;1;Adaptation;15;1;;;;;
11;-0.5;-0.5;2.75933;1;Adaptation;15;1;;;;;
11.02;-0.5;-0.5;5.433441;1;Adaptation;15;1;;;;;
11.04;-0.5;-0.5;4.908284;1;Adaptation;15;1;;;;;
11.06;-0.5;-0.5;4.657418;1;Adaptation;15;1;;;;;
11.08;-0.5;-0.5;2.966596;1;Adaptation;15;1;;;;;
11.1;-0.5;-0.5;2.321214;1;Adaptation;15;1;;;;;
11.12;-0.5;-0.5;2.928699;1;Adaptation;15;1;;;;;
11.14;-0.5;-0.5;3.876201;1;Adaptation;15;1;;;;;
11.16;-0.5;-0.5;3.904317;1;Adaptation;15;1;;;;;
11.18;-0.5;-0.5;5.962697;1;Adaptation;15;1;;;;;
11.2;2;0.125;5.544285;1;Adaptation;15;1;;;;;
11.22;-2;-0.125;2.576452;1;Adaptation;15;1;;;;;
11.24;0;0.125;4.181735;1;Adaptation;15;1;;;;;
11.26;-0.5;-0.5;2.288317;1;Adaptation;15;1;;;;;
11.28;0;0.125;5.604946;1;Adaptation;15;1;;;;;
11.3;-0.5;-0.5;4.905033;1;Adaptation;15;1;;;;;
11.32;-0.5;-0.5;5.670692;1;Adaptation;15;1;;;;;
11.34;0;0;4.429679;1;Adaptation;15;1;;;;;
11.36;0;0;5.712007;1;Adaptation;15;1;;;;;
11.38;-0.5;-0.5;4.256034;1;Adaptation;15;1;;;;;
11.4;-0.5;-0.5;2.426093;1;Adaptation;15;1;;;;;
11.42;0;0.125;4.476971;1;Adaptation;15;1;;;;;
11.44;-0.5;-0.5;4.062752;1;Adaptation;15;1;;;;;
11.46;-0.5;-0.5;4.163965;1;Adaptation;15;1;;;;;
11.48;-0.5;-0.5;2.768623;1;Adaptation;15;1;;;;;
11.5;-0.5;-0.5;3.824858;1;Adaptation;15;1;;;;;
11.52;0;-0.125;5.571728;1;Adaptation;15;1;;;;;
11.54;-0.5;-0.5;3.372443;1;Adaptation;15;1;;;;;
11.56;-0.5;-0.5;4.457146;1;Adaptation;15;1;;;;;
11.58;-0.5;-0.5;3.98634;1;Adaptation;15;1;;;;;
11.6;-0.5;-0.5;2.646596;1;Adaptation;15;1;;;;;
11.62;-0.5;-0.5;4.773279;1;Adaptation;15;1;;;;;
11.64;-0.5;-0.5;4.785567;1;Adaptation;15;1;;;;;
11.66;0;0;2.961431;1;Adaptation;15;1;;;;;
11.68;-0.5;-0.5;4.285461;1;Adaptation;15;1;;;;;
11.7;-0.5;-0.5;3.271356;1;Adaptation;15;1;;;;;
11.72;2;0.125;3.254241;1;Adaptation;15;1;;;;;
11.74;-0.5;-0.5;2.416169;1;Adaptation;15;1;;;;;
11.76;-0.5;-0.5;5.02248;1;Adaptation;15;1;;;;;
11.78;-2;-0.125;4.833966;1;Adaptation;15;1;;;;;
11.8;-0.5;-0.5;2.976461;1;Adaptation;15;1;;;;;
11.82;0;-0.125;5.326086;1;Adaptation;15;1;;;;;
11.84;-0.5;-0.5;3.044936;1;Adaptation;15;1;;;;;
11.86;-0.5;-0.5;5.866992;1;Adaptation;15;1;;;;;
11.88;2;0.375;5.78017;1;Adaptation;15;1;;;;;
11.9;-2;0;4.779593;1;Adaptation;15;1;;;;;
11.92;-0.5;-0.5;5.089831;1;Adaptation;15;1;;;;;
11.94;-0.5;-0.5;5.408205;1;Adaptation;15;1;;;;;
11.96;-0.5;-0.5;2.122571;1;Adaptation;15;1;;;;;
11.98;-2;0.25;5.540352;1;Adaptation;15;1;;;;;
12;0;0;5.677568;1;Adaptation;15;1;;;;;
12.02;-0.5;-0.5;4.125291;1;Adaptation;15;1;;;;;
12.04;-0.5;-0.5;5.376287;1;Adaptation;15;1;;;;;
12.06;-0.5;-0.5;4.482278;1;Adaptation;15;1;;;;;
12.08;-2;0;2.459275;1;Adaptation;15;1;;;;;
12.1;-0.5;-0.5;4.208129;1;Adaptation;15;1;;;;;
12.12;-0.5;-0.5;5.477212;1;Adaptation;15;1;;;;;
12.14;-0.5;-0.5;4.539412;1;Adaptation;15;1;;;;;
12.16;-0.5;-0.5;5.31743;1;Adaptation;15;1;;;;;
12.18;0;0.25;5.046331;1;Adaptation;15;1;;;;;
12.2;-0.5;-0.5;3.637477;1;Adaptation;15;1;;;;;
12.22;-0.5;-0.5;4.794227;1;Adaptation;15;1;;;;;
12.24;-2;-0.125;5.556046;1;Adaptation;15;1;;;;;
12.26;-0.5;-0.5;2.043756;1;Adaptation;15;1;;;;;
12.28;-0.5;-0.5;5.339327;1;Adaptation;15;1;;;;;
12.3;-0.5;-0.5;2.607998;1;Adaptation;15;1;;;;;
12.32;-0.5;-0.5;5.673247;1;Adaptation;15;1;;;;;
12.34;2;-0.125;3.498325;1;Adaptation;15;1;;;;;
12.36;-0.5;-0.5;2.923522;1;Adaptation;15;1;;;;;
12.38;-0.5;-0.5;2.641056;1;Adaptation;15;1;;;;;
12.4;-0.5;-0.5;4.164098;1;Adaptation;15;1;;;;;
12.42;0;-0.125;5.469577;1;Adaptation;15;1;;;;;
12.44;-0.5;-0.5;3.086111;1;Adaptation;15;1;;;;;
12.46;-0.5;-0.5;4.837583;1;Adaptation;15;1;;;;;
12.48;-0.5;-0.5;5.050669;1;Adaptation;15;1;;;;;
12.5;0;0.125;3.722126;1;Adaptation;15;1;;;;;
12.52;-2;-0.125;4.846089;1;Adaptation;15;1;;;;;
12.54;-2;-0.125;3.546817;1;Adaptation;15;1;;;;;
12.56;-2;-0.125;2.524196;1;Adaptation;15;1;;;;;
12.58;-0.5;-0.5;5.570433;1;Adaptation;15;1;;;;;
12.6;-0.5;-0.5;4.759995;1;Adaptation;15;1;;;;;
12.62;0;0.25;4.503505;1;Adaptation;15;1;;;;;
12.64;-0.5;-0.5;4.501224;1;Adaptation;15;1;;;;;
12.66;-0.5;-0.5;4.845602;1;Adaptation;15;1;;;;;
12.68;-0.5;-0.5;5.003104;1;Adaptation;15;1;;;;;
12.7;0;-0.125;3.64649;1;Adaptation;15;1;;;;;
12.72;-0.5;-0.5;4.711601;1;Adaptation;15;1;;;;;
12.74;2;-0.125;5.877151;1;Adaptation;15;1;;;;;
12.76;-0.5;-0.5;5.841048;1;Adaptation;15;1;;;;;
12.78;0;0.125;5.01741;1;Adaptation;15;1;;;;;
12.8;-0.5;-0.5;3.262012;1;Adaptation;15;1;;;;;
12.82;-0.5;-0.5;4.028335;1;Adaptation;15;1;;;;;
12.84;0;0.125;5.768268;1;Adaptation;15;1;;;;;
12.86;-0.5;-0.5;3.332376;1;Adaptation;15;1;;;;;
12.88;-0.5;-0.5;5.754247;1;Adaptation;15;1;;;;;
12.9;0;0.125;4.823248;1;Adaptation;15;1;;;;;
12.92;2;0.125;3.598953;1;Adaptation;15;1;;;;;
12.94;-0.5;-0.5;4.514513;1;Adaptation;15;1;;;;;
12.96;-0.5;-0.5;4.985141;1;Adaptation;15;1;;;;;
12.98;-0.5;-0.5;4.636865;1;Adaptation;15;1;;;;;
13;0;-0.125;2.780196;1;Adaptation;15;1;;;;;
13.02;0;-0.125;5.433663;1;Adaptation;15;1;;;;;
13.04;-0.5;-0.5;3.30148;1;Adaptation;15;1;;;;;
13.06;0;-0.125;2.384287;1;Adaptation;15;1;;;;;
13.08;-0.5;-0.5;4.734594;1;Adaptation;15;1;;;;;
13.1;0;0;2.424946;1;Adaptation;15;1;;;;;
13.12;-0.5;-0.5;3.392738;1;Adaptation;15;1;;;;;
13.14;-0.5;-0.5;4.393253;1;Adaptation;15;1;;;;;
13.16;0;0.25;3.09778;1;Adaptation;15;1;;;;;
13.18;-0.5;-0.5;5.945345;1;Adaptation;15;1;;;;;
13.2;-0.5;-0.5;4.422657;1;Adaptation;15;1;;;;;
13.22;0;0.125;3.981075;1;Adaptation;15;1;;;;;
13.24;-0.5;-0.5;5.376115;1;Adaptation;15;1;;;;;
13.26;0;0;2.651316;1;Adaptation;15;1;;;;;
13.28;-0.5;-0.5;3.379645;1;Adaptation;15;1;;;;;
13.3;-0.5;-0.5;4.68916;1;Adaptation;15;1;;;;;
13.32;-0.5;-0.5;2.985612;1;Adaptation;15;1;;;;;
13.34;-0.5;-0.5;5.000938;1;Adaptation;15;1;;;;;
13.36;-2;-0.125;2.049704;1;Adaptation;15;1;;;;;
13.38;-0.5;-0.5;5.289774;1;Adaptation;15;1;;;;;
13.4;-2;0;5.356843;1;Adaptation;15;1;;;;;
13.42;0;-0.125;2.286307;1;Adaptation;15;1;;;;;
13.44;-0.5;-0.5;3.590593;1;Adaptation;15;1;;;;;
13.46;-0.5;-0.5;3.860654;1;Adaptation;15;1;;;;;
13.48;-0.5;-0.5;3.855437;1;Adaptation;15;1;;;;;
13.5;0;-0.125;2.528313;1;Adaptation;15;1;;;;;
13.52;-0.5;-0.5;2.351419;1;Adaptation;15;1;;;;;
13.54;-0.5;-0.5;3.651698;1;Adaptation;15;1;;;;;
13.56;-0.5;-0.5;4.057559;1;Adaptation;15;1;;;;;
13.58;-0.5;-0.5;4.231734;1;Adaptation;15;1;;;;;
13.6;-0.5;-0.5;2.826293;1;Adaptation;15;1;;;;;
13.62;-0.5;-0.5;4.547416;1;Adaptation;15;1;;;;;
13.64;-0.5;-0.5;4.949782;1;Adaptation;15;1;;;;;
13.66;-0.5;-0.5;4.366567;1;Adaptation;15;1;;;;;
13.68;-0.5;-0.5;4.731483;1;Adaptation;15;1;;;;;
13.7;-0.5;-0.5;5.950305;1;Adaptation;15;1;;;;;
13.72;-0.5;-0.5;2.720942;1;Adaptation;15;1;;;;;
13.74;-0.5;-0.5;4.598719;1;Adaptation;15;1;;;;;
13.76;-0.5;-0.5;2.619233;1;Adaptation;15;1;;;;;
13.78;-0.5;-0.5;2.549585;1;Adaptation;15;1;;;;;
13.8;-0.5;-0.5;5.347206;1;Adaptation;15;1;;;;;
13.82;-0.5;-0.5;5.618137;1;Adaptation;15;1;;;;;
13.84;0;-0.25;2.768848;1;Adaptation;15;1;;;;;
13.86;0;0;5.788507;1;Adaptation;15;1;;;;;
13.88;-0.5;-0.5;4.026285;1;Adaptation;15;1;;;;;
13.9;-0.5;-0.5;5.87923;1;Adaptation;15;1;;;;;
13.92;-0.5;-0.5;5.324247;1;Adaptation;15;1;;;;;
13.94;0;0;3.749395;1;Adaptation;15;1;;;;;
13.96;0;-0.125;5.696506;1;Adaptation;15;1;;;;;
13.98;-0.5;-0.5;5.895401;1;Adaptation;15;1;;;;;
14;-0.5;-0.5;5.999896;1;Adaptation;15;1;;;;;
14.02;2;-0.125;4.836555;1;Adaptation;15;1;;;;;
14.04;-0.5;-0.5;5.519557;1;Adaptation;15;1;;;;;
14.06;-0.5;-0.5;3.27552;1;Adaptation;15;1;;;;;
14.08;0;0.125;5.448815;1;Adaptation;15;1;;;;;
14.1;-2;0.125;2.687961;1;Adaptation;15;1;;;;;
14.12;2;-0.125;5.813364;1;Adaptation;15;1;;;;;
14.14;-0.5;-0.5;2.980452;1;Adaptation;15;1;;;;;
14.16;-0.5;-0.5;5.5487;1;Adaptation;15;1;;;;;
14.18;-0.5;-0.5;5.749222;1;Adaptation;15;1;;;;;
14.2;-0.5;-0.5;5.233193;1;Adaptation;15;1;;;;;
14.22;-0.5;-0.5;4.171773;1;Adaptation;15;1;;;;;
14.24;0;0;4.943106;1;Adaptation;15;1;;;;;
14.26;-0.5;-0.5;5.516713;1;Adaptation;15;1;;;;;
14.28;-0.5;-0.5;2.635692;1;Adaptation;15;1;;;;;
14.3;-2;-0.25;5.276434;1;Adaptation;15;1;;;;;
14.32;-2;0.125;4.157115;1;Adaptation;15;1;;;;;
14.34;-0.5;-0.5;5.771573;1;Adaptation;15;1;;;;;
14.36;-0.5;-0.5;2.075444;1;Adaptation;15;1;;;;;
14.38;0;0;4.033037;1;Adaptation;15;1;;;;;
14.4;-0.5;-0.5;4.834036;1;Adaptation;15;1;;;;;
14.42;0;0.125;4.812084;1;Adaptation;15;1;;;;;
14.44;-0.5;-0.5;2.542809;1;Adaptation;15;1;;;;;
14.46;0;0;5.313707;1;Adaptation;15;1;;;;;
14.48;0;0;4.352755;1;Adaptation;15;1;;;;;
14.5;-0.5;-0.5;5.964007;1;Adaptation;15;1;;;;;
14.52;-0.5;-0.5;4.162137;1;Adaptation;15;1;;;;;
14.54;-0.5;-0.5;3.164025;1;Adaptation;15;1;;;;;
14.56;2;-0.125;2.563633;1;Adaptation;15;1;;;;;
14.58;-0.5;-0.5;4.200211;1;Adaptation;15;1;;;;;
14.6;-0.5;-0.5;5.479047;1;Adaptation;15;1;;;;;
14.62;-0.5;-0.5;5.616191;1;Adaptation;15;1;;;;;
14.64;0;0.125;4.271123;1;Adaptation;15;1;;;;;
14.66;-0.5;-0.5;5.390579;1;Adaptation;15;1;;;;;
14.68;-0.5;-0.5;4.347155;1;Adaptation;15;1;;;;;
14.7;-2;0;2.22569;1;Adaptation;15;1;;;;;
14.72;-0.5;-0.5;5.07415;1;Adaptation;15;1;;;;;
14.74;-0.5;-0.5;4.015687;1;Adaptation;15;1;;;;;
14.76;-0.5;-0.5;5.733417;1;Adaptation;15;1;;;;;
14.78;-0.5;-0.5;2.603481;1;Adaptation;15;1;;;;;
14.8;-0.5;-0.5;3.3684;1;Adaptation;15;1;;;;;
14.82;-0.5;-0.5;2.729289;1;Adaptation;15;1;;;;;
14.84;0;0;2.782143;1;Adaptation;15;1;;;;;
14.86;2;-0.25;4.952171;1;Adaptation;15;1;;;;;
14.88;0;0.25;2.569314;1;Adaptation;15;1;;;;;
14.9;-2;0;5.507776;1;Adaptation;15;1;;;;;
14.92;-0.5;-0.5;5.511942;1;Adaptation;15;1;;;;;
14.94;-0.5;-0.5;5.352675;1;Adaptation;15;1;;;;;
14.96;-0.5;-0.5;3.475733;1;Adaptation;15;1;;;;;
14.98;-0.5;-0.5;3.484978;1;Adaptation;15;1;;;;;
15;-2;0.125;3.083814;1;Adaptation;15;1;;;;;
15.02;-0.5;-0.5;4.145905;1;Adaptation;15;1;;;;;
15.04;-0.5;-0.5;5.673098;1;Adaptation;15;1;;;;;
15.06;-0.5;-0.5;3.803536;1;Adaptation;15;1;;;;;
15.08;-0.5;-0.5;4.695275;1;Adaptation;15;1;;;;;
15.1;-0.5;-0.5;3.373498;1;Adaptation;15;1;;;;;
15.12;0;-0.375;2.427761;1;Adaptation;15;1;;;;;
15.14;-0.5;-0.5;4.817047;1;Adaptation;15;1;;;;;
15.16;-0.5;-0.5;2.018763;1;Adaptation;15;1;;;;;
15.18;-0.5;-0.5;5.68516;1;Adaptation;15;1;;;;;
15.2;-0.5;-0.5;2.348791;1;Adaptation;15;1;;;;;
15.22;-2;0.25;4.305455;1;Adaptation;15;1;;;;;
15.24;-0.5;-0.5;4.462133;1;Adaptation;15;1;;;;;
15.26;-0.5;-0.5;5.765193;1;Adaptation;15;1;;;;;
15.28;-0.5;-0.5;4.466914;1;Adaptation;15;1;;;;;
15.3;-0.5;-0.5;5.750126;1;Adaptation;15;1;;;;;
15.32;-0.5;-0.5;2.71419;1;Adaptation;15;1;;;;;
15.34;-0.5;-0.5;3.544759;1;Adaptation;15;1;;;;;
15.36;-0.5;-0.5;5.579597;1;Adaptation;15;1;;;;;
15.38;-0.5;-0.5;5.742927;1;Adaptation;15;1;;;;;
15.4;-0.5;-0.5;3.205776;1;Adaptation;15;1;;;;;
15.42;0;0.125;2.598995;1;Adaptation;15;1;;;;;
15.44;-0.5;-0.5;5.374669;1;Adaptation;15;1;;;;;
15.46;0;-0.125;5.778592;1;Adaptation;15;1;;;;;
15.48;-0.5;-0.5;3.80731;1;Adaptation;15;1;;;;;
15.5;-0.5;-0.5;4.806095;1;Adaptation;15;1;;;;;
15.52;-0.5;-0.5;3.952332;1;Adaptation;15;1;;;;;
15.54;-0.5;-0.5;3.962189;1;Adaptation;15;1;;;;;
15.56;-0.5;-0.5;5.930965;1;Adaptation;15;1;;;;;
15.58;-0.5;-0.5;3.419145;1;Adaptation;15;1;;;;;
15.6;0;-0.25;4.356877;1;Adaptation;15;1;;;;;
15.62;-0.5;-0.5;2.323419;1;Adaptation;15;1;;;;;
15.64;-0.5;-0.5;4.090204;1;Adaptation;15;1;;;;;
15.66;-0.5;-0.5;2.559929;1;Adaptation;15;1;;;;;
15.68;-0.5;-0.5;4.537443;1;Adaptation;15;1;;;;;
15.7;-0.5;-0.5;4.704642;1;Adaptation;15;1;;;;;
15.72;-0.5;-0.5;3.852646;1;Adaptation;15;1;;;;;
15.74;-0.5;-0.5;3.431061;1;Adaptation;15;1;;;;;
15.76;0;0;2.855032;1;Adaptation;15;1;;;;;
15.78;0;0.25;2.247021;1;Adaptation;15;1;;;;;
15.8;0;0.125;2.634857;1;Adaptation;15;1;;;;;
15.82;-0.5;-0.5;4.606669;1;Adaptation;15;1;;;;;
15.84;-0.5;-0.5;3.300445;1;Adaptation;15;1;;;;;
15.86;-0.5;-0.5;2.114128;1;Adaptation;15;1;;;;;
15.88;-0.5;-0.5;2.457259;1;Adaptation;15;1;;;;;
15.9;-0.5;-0.5;3.166944;1;Adaptation;15;1;;;;;
15.92;-0.5;-0.5;5.754526;1;Adaptation;15;1;;;;;
15.94;-0.5;-0.5;2.749662;1;Adaptation;15;1;;;;;
15.96;-0.5;-0.5;3.393062;1;Adaptation;15;1;;;;;
15.98;-0.5;-0.5;2.861137;1;Adaptation;15;1;;;;;
16;-0.5;-0.5;5.640314;1;Adaptation;15;1;;;;;
16.02;0;0.125;2.177306;1;Adaptation;15;1;;;;;
16.04;2;0;2.827518;1;Adaptation;15;1;;;;;
16.06;-0.5;-0.5;4.196149;1;Adaptation;15;1;;;;;
16.08;0;-0.125;5.130806;1;Adaptation;15;1;;;;;
16.1;0;0.25;5.055587;1;Adaptation;15;1;;;;;
16.12;-0.5;-0.5;4.394442;1;Adaptation;15;1;;;;;
16.14;-0.5;-0.5;4.079468;1;Adaptation;15;1;;;;;
16.16;0;-0.125;3.822127;1;Adaptation;15;1;;;;;
16.18;0;-0.25;3.678735;1;Adaptation;15;1;;;;;
16.2;2;0.125;2.339025;1;Adaptation;15;1;;;;;
16.22;-0.5;-0.5;4.1408;1;Adaptation;15;1;;;;;
16.24;-0.5;-0.5;3.820065;1;Adaptation;15;1;;;;;
16.26;-0.5;-0.5;5.162028;1;Adaptation;15;1;;;;;
16.28;-0.5;-0.5;5.278204;1;Adaptation;15;1;;;;;
16.3;-0.5;-0.5;2.33274;1;Adaptation;15;1;;;;;
16.32;0;0;4.433554;1;Adaptation;15;1;;;;;
16.34;-2;-0.125;4.292239;1;Adaptation;15;1;;;;;
16.36;-0.5;-0.5;5.682081;1;Adaptation;15;1;;;;;
16.38;-0.5;-0.5;3.418791;1;Adaptation;15;1;;;;;
16.4;-2;-0.125;4.118243;1;Adaptation;15;1;;;;;
16.42;-0.5;-0.5;3.044444;1;Adaptation;15;1;;;;;
16.44;-0.5;-0.5;4.0951;1;Adaptation;15;1;;;;;
16.46;-0.5;-0.5;5.445332;1;Adaptation;15;1;;;;;
16.48;-0.5;-0.5;3.172795;1;Adaptation;15;1;;;;;
16.5;-0.5;-0.5;4.9823;1;Adaptation;15;1;;;;;
16.52;-0.5;-0.5;5.811857;1;Adaptation;15;1;;;;;
16.54;-2;0;5.91793;1;Adaptation;15;1;;;;;
16.56;2;0;5.762609;1;Adaptation;15;1;;;;;
16.58;-0.5;-0.5;3.250192;1;Adaptation;15;1;;;;;
16.6;-0.5;-0.5;2.388164;1;Adaptation;15;1;;;;;
16.62;-0.5;-0.5;2.939569;1;Adaptation;15;1;;;;;
16.64;-0.5;-0.5;5.811401;1;Adaptation;15;1;;;;;
16.66;-0.5;-0.5;5.700719;1;Adaptation;15;1;;;;;
16.68;-0.5;-0.5;2.406832;1;Adaptation;15;1;;;;;
16.7;-0.5;-0.5;5.552422;1;Adaptation;15;1;;;;;
16.72;-0.5;-0.5;4.836429;1;Adaptation;15;1;;;;;
16.74;-2;0.125;3.925831;1;Adaptation;15;1;;;;;
16.76;0;0;2.850255;1;Adaptation;15;1;;;;;
16.78;-0.5;-0.5;2.87801;1;Adaptation;15;1;;;;;
16.8;-0.5;-0.5;2.044763;1;Adaptation;15;1;;;;;
16.82;0;0;5.57182;1;Adaptation;15;1;;;;;
16.84;0;0.125;5.829352;1;Adaptation;15;1;;;;;
16.86;-0.5;-0.5;4.634415;1;Adaptation;15;1;;;;;
16.88;0;0;5.241755;1;Adaptation;15;1;;;;;
16.9;-0.5;-0.5;4.182823;1;Adaptation;15;1;;;;;
16.92;2;-0.25;5.705889;1;Adaptation;15;1;;;;;
16.94;-0.5;-0.5;5.65048;1;Adaptation;15;1;;;;;
16.96;2;-0.25;2.264825;1;Adaptation;15;1;;;;;
16.98;-0.5;-0.5;4.284534;1;Adaptation;15;1;;;;;
17;0;0;4.562332;1;Adaptation;15;1;;;;;
17.02;-0.5;-0.5;4.566284;1;Adaptation;15;1;;;;;
17.04;-0.5;-0.5;3.874039;1;Adaptation;15;1;;;;;
17.06;-0.5;-0.5;4.240151;1;Adaptation;15;1;;;;;
17.08;-0.5;-0.5;4.908511;1;Adaptation;15;1;;;;;
17.1;2;0;4.677215;1;Adaptation;15;1;;;;;
17.12;-0.5;-0.5;5.959036;1;Adaptation;15;1;;;;;
17.14;-0.5;-0.5;3.692851;1;Adaptation;15;1;;;;;
17.16;2;0.125;3.333997;1;Adaptation;15;1;;;;;
17.18;-0.5;-0.5;2.029582;1;Adaptation;15;1;;;;;
17.2;-2;0.125;5.404115;1;Adaptation;15;1;;;;;
17.22;-0.5;-0.5;4.549727;1;Adaptation;15;1;;;;;
17.24;-0.5;-0.5;2.191814;1;Adaptation;15;1;;;;;
17.26;0;-0.25;4.358223;1;Adaptation;15;1;;;;;
17.28;-0.5;-0.5;4.779221;1;Adaptation;15;1;;;;;
17.3;-0.5;-0.5;3.154911;1;Adaptation;15;1;;;;;
17.32;-0.5;-0.5;5.011826;1;Adaptation;15;1;;;;;
17.34;-0.5;-0.5;2.792851;1;Adaptation;15;1;;;;;
17.36;-2;-0.25;3.178281;1;Adaptation;15;1;;;;;
17.38;-0.5;-0.5;3.327254;1;Adaptation;15;1;;;;;
17.4;-0.5;-0.5;3.825185;1;Adaptation;15;1;;;;;
17.42;-0.5;-0.5;5.150692;1;Adaptation;15;1;;;;;
17.44;-0.5;-0.5;2.401973;1;Adaptation;15;1;;;;;
17.46;-0.5;-0.5;2.234831;1;Adaptation;15;1;;;;;
17.48;-0.5;-0.5;2.173579;1;Adaptation;15;1;;;;;
17.5;-0.5;-0.5;2.162683;1;Adaptation;15;1;;;;;
17.52;-0.5;-0.5;4.169696;1;Adaptation;15;1;;;;;
17.54;-0.5;-0.5;5.813609;1;Adaptation;15;1;;;;;
17.56;-0.5;-0.5;4.815903;1;Adaptation;15;1;;;;;
17.58;-0.5;-0.5;2.807281;1;Adaptation;15;1;;;;;
17.6;-0.5;-0.5;4.834887;1;Adaptation;15;1;;;;;
17.62;-2;0;3.236057;1;Adaptation;15;1;;;;;
17.64;-0.5;-0.5;3.663962;1;Adaptation;15;1;;;;;
17.66;0;0;5.662203;1;Adaptation;15;1;;;;;
17.68;-0.5;-0.5;2.057925;1;Adaptation;15;1;;;;;
17.7;-0.5;-0.5;3.652086;1;Adaptation;15;1;;;;;
17.72;-0.5;-0.5;3.954213;1;Adaptation;15;1;;;;;
17.74;-0.5;-0.5;5.756022;1;Adaptation;15;1;;;;;
17.76;-0.5;-0.5;5.579293;1;Adaptation;15;1;;;;;
17.78;-0.5;-0.5;3.861935;1;Adaptation;15;1;;;;;
17.8;-0.5;-0.5;2.362118;1;Adaptation;15;1;;;;;
17.82;-0.5;-0.5;2.768558;1;Adaptation;15;1;;;;;
17.84;-0.5;-0.5;3.837634;1;Adaptation;15;1;;;;;
17.86;-0.5;-0.5;3.458131;1;Adaptation;15;1;;;;;
17.88;0;0;2.694996;1;Adaptation;15;1;;;;;
17.9;-0.5;-0.5;3.50439;1;Adaptation;15;1;;;;;
17.92;-0.5;-0.5;4.170341;1;Adaptation;15;1;;;;;
17.94;-0.5;-0.5;3.460549;1;Adaptation;15;1;;;;;
17.96;-0.5;-0.5;2.758946;1;Adaptation;15;1;;;;;
17.98;-2;0.125;3.105427;1;Adaptation;15;1;;;;;
18;-0.5;-0.5;3.251418;1;Adaptation;15;1;;;;;
18.02;2;0;4.156515;1;Adaptation;15;1;;;;;
18.04;0;0;2.006789;1;Adaptation;15;1;;;;;
18.06;-0.5;-0.5;3.131629;1;Adaptation;15;1;;;;;
18.08;-0.5;-0.5;3.599374;1;Adaptation;15;1;;;;;
18.1;-0.5;-0.5;4.558221;1;Adaptation;15;1;;;;;
18.12;-0.5;-0.5;5.452906;1;Adaptation;15;1;;;;;
18.14;-0.5;-0.5;5.511204;1;Adaptation;15;1;;;;;
18.16;2;0;2.785017;1;Adaptation;15;1;;;;;
18.18;-2;0;5.59159;1;Adaptation;15;1;;;;;
18.2;0;0;3.95073;1;Adaptation;15;1;;;;;
18.22;0;0;3.656836;1;Adaptation;15;1;;;;;
18.24;-0.5;-0.5;3.818074;1;Adaptation;15;1;;;;;
18.26;-0.5;-0.5;4.466699;1;Adaptation;15;1;;;;;
18.28;-0.5;-0.5;2.701074;1;Adaptation;15;1;;;;;
18.3;0;0;3.642115;1;Adaptation;15;1;;;;;
18.32;0;0;5.142869;1;Adaptation;15;1;;;;;
18.34;-0.5;-0.5;3.475038;1;Adaptation;15;1;;;;;
18.36;2;0;2.424728;1;Adaptation;15;1;;;;;
18.38;-0.5;-0.5;5.365947;1;Adaptation;15;1;;;;;
18.4;-0.5;-0.5;4.873294;1;Adaptation;15;1;;;;;
18.42;-2;0.125;3.712479;1;Adaptation;15;1;;;;;
18.44;0;0.125;5.475875;1;Adaptation;15;1;;;;;
18.46;2;-0.125;4.193442;1;Adaptation;15;1;;;;;
18.48;-0.5;-0.5;3.177072;1;Adaptation;15;1;;;;;
18.5;-2;-0.125;3.852521;1;Adaptation;15;1;;;;;
18.52;-2;-0.125;4.176931;1;Adaptation;15;1;;;;;
18.54;2;0;5.139981;1;Adaptation;15;1;;;;;
18.56;0;0.125;2.236804;1;Adaptation;15;1;;;;;
18.58;2;0.125;5.590238;1;Adaptation;15;1;;;;;
18.6;-0.5;-0.5;4.763625;1;Adaptation;15;1;;;;;
18.62;-0.5;-0.5;3.545376;1;Adaptation;15;1;;;;;
18.64;-2;-0.125;4.346714;1;Adaptation;15;1;;;;;
18.66;-0.5;-0.5;3.172224;1;Adaptation;15;1;;;;;
18.68;-0.5;-0.5;3.198321;1;Adaptation;15;1;;;;;
18.7;-0.5;-0.5;4.956428;1;Adaptation;15;1;;;;;
18.72;0;-0.25;2.238451;1;Adaptation;15;1;;;;;
18.74;-0.5;-0.5;2.512074;1;Adaptation;15;1;;;;;
18.76;-0.5;-0.5;4.635373;1;Adaptation;15;1;;;;;
18.78;-0.5;-0.5;4.200985;1;Adaptation;15;1;;;;;
18.8;0;-0.125;4.107274;1;Adaptation;15;1;;;;;
18.82;-0.5;-0.5;5.26405;1;Adaptation;15;1;;;;;
18.84;-0.5;-0.5;4.135107;1;Adaptation;15;1;;;;;
18.86;-0.5;-0.5;4.036941;1;Adaptation;15;1;;;;;
18.88;-0.5;-0.5;4.483062;1;Adaptation;15;1;;;;;
18.9;-0.5;-0.5;5.57027;1;Adaptation;15;1;;;;;
18.92;-0.5;-0.5;5.540031;1;Adaptation;15;1;;;;;
18.94;0;0;5.489785;1;Adaptation;15;1;;;;;
18.96;-0.5;-0.5;3.310189;1;Adaptation;15;1;;;;;
18.98;-0.5;-0.5;3.065019;1;Adaptation;15;1;;;;;
19;-2;0.125;5.690755;1;Adaptation;15;1;;;;;
19.02;-4;0;2.588839;1;Adaptation;15;1;;;;;
19.04;-0.5;-0.5;3.289659;1;Adaptation;15;1;;;;;
19.06;-0.5;-0.5;4.325228;1;Adaptation;15;1;;;;;
19.08;-0.5;-0.5;5.349087;1;Adaptation;15;1;;;;;
19.1;-0.5;-0.5;2.216232;1;Adaptation;15;1;;;;;
19.12;0;0;2.296521;1;Adaptation;15;1;;;;;
19.14;-0.5;-0.5;4.260241;1;Adaptation;15;1;;;;;
19.16;-2;-0.125;3.865465;1;Adaptation;15;1;;;;;
19.18;0;0;4.871979;1;Adaptation;15;1;;;;;
19.2;-0.5;-0.5;2.675343;1;Adaptation;15;1;;;;;
19.22;-0.5;-0.5;5.483582;1;Adaptation;15;1;;;;;
19.24;-0.5;-0.5;5.619404;1;Adaptation;15;1;;;;;
19.26;-0.5;-0.5;2.020262;1;Adaptation;15;1;;;;;
19.28;-2;0;3.248754;1;Adaptation;15;1;;;;;
19.3;-0.5;-0.5;2.100665;1;Adaptation;15;1;;;;;
19.32;-0.5;-0.5;2.021766;1;Adaptation;15;1;;;;;
19.34;0;-0.125;5.968659;1;Adaptation;15;1;;;;;
19.36;-0.5;-0.5;2.180811;1;Adaptation;15;1;;;;;
19.38;2;-0.125;4.676501;1;Adaptation;15;1;;;;;
19.4;-0.5;-0.5;2.843294;1;Adaptation;15;1;;;;;
19.42;-0.5;-0.5;3.833251;1;Adaptation;15;1;;;;;
19.44;-0.5;-0.5;5.696806;1;Adaptation;15;1;;;;;
19.46;-0.5;-0.5;2.000193;1;Adaptation;15;1;;;;;
19.48;-0.5;-0.5;3.403725;1;Adaptation;15;1;;;;;
19.5;2;0.25;2.516962;1;Adaptation;15;1;;;;;
19.52;-0.5;-0.5;5.135985;1;Adaptation;15;1;;;;;
19.54;-0.5;-0.5;4.723372;1;Adaptation;15;1;;;;;
19.56;-0.5;-0.5;3.545976;1;Adaptation;15;1;;;;;
19.58;0;0;2.684201;1;Adaptation;15;1;;;;;
19.6;-4;0.125;3.716545;1;Adaptation;15;1;;;;;
19.62;-0.5;-0.5;2.064766;1;Adaptation;15;1;;;;;
19.64;-2;-0.25;2.634187;1;Adaptation;15;1;;;;;
19.66;-0.5;-0.5;4.591431;1;Adaptation;15;1;;;;;
19.68;0;-0.125;5.748217;1;Adaptation;15;1;;;;;
19.7;-0.5;-0.5;4.047826;1;Adaptation;15;1;;;;;
19.72;-0.5;-0.5;3.218937;1;Adaptation;15;1;;;;;
19.74;-0.5;-0.5;3.445744;1;Adaptation;15;1;;;;;
19.76;-0.5;-0.5;4.506928;1;Adaptation;15;1;;;;;
19.78;-0.5;-0.5;5.727912;1;Adaptation;15;1;;;;;
19.8;-0.5;-0.5;5.227849;1;Adaptation;15;1;;;;;
19.82;-0.5;-0.5;5.65376;1;Adaptation;15;1;;;;;
19.84;-0.5;-0.5;5.563336;1;Adaptation;15;1;;;;;
19.86;2;-0.125;3.391989;1;Adaptation;15;1;;;;;
19.88;-0.5;-0.5;5.264123;1;Adaptation;15;1;;;;;
19.9;-0.5;-0.5;5.893477;1;Adaptation;15;1;;;;;
19.92;-0.5;-0.5;2.714953;1;Adaptation;15;1;;;;;
19.94;-0.5;-0.5;2.093187;1;Adaptation;15;1;;;;;
19.96;-0.5;-0.5;5.79798;1;Adaptation;15;1;;;;;
19.98;0;-0.125;2.567178;1;Adaptation;15;1;;;;;
20;0;0;5.662596;1;Adaptation;15;1;;;;;
20.02;-0.5;-0.5;4.637939;1;Adaptation;15;1;;;;;
20.04;-0.5;-0.5;2.211018;1;Adaptation;15;1;;;;;
20.06;-2;0;3.442842;1;Adaptation;15;1;;;;;
20.08;-0.5;-0.5;5.144802;1;Adaptation;15;1;;;;;
20.1;-0.5;-0.5;5.528898;1;Adaptation;15;1;;;;;
20.12;0;0;2.361642;1;Adaptation;15;1;;;;;
20.14;-0.5;-0.5;4.491035;1;Adaptation;15;1;;;;;
20.16;-0.5;-0.5;4.456882;1;Adaptation;15;1;;;;;
20.18;-0.5;-0.5;5.644091;1;Adaptation;15;1;;;;;
20.2;0;0.125;5.29392;1;Adaptation;15;1;;;;;
20.22;-0.5;-0.5;5.337659;1;Adaptation;15;1;;;;;
20.24;-0.5;-0.5;4.982121;1;Adaptation;15;1;;;;;
20.26;-0.5;-0.5;3.727883;1;Adaptation;15;1;;;;;
20.28;-0.5;-0.5;3.839522;1;Adaptation;15;1;;;;;
20.3;-0.5;-0.5;3.73501;1;Adaptation;15;1;;;;;
20.32;0;0.25;4.087236;1;Adaptation;15;1;;;;;
20.34;-0.5;-0.5;2.662415;1;Adaptation;15;1;;;;;
20.36;-0.5;-0.5;4.911958;1;Adaptation;15;1;;;;;
20.38;-0.5;-0.5;5.162438;1;Adaptation;15;1;;;;;
20.4;-0.5;-0.5;5.682938;1;Adaptation;15;1;;;;;
20.42;-0.5;-0.5;4.812371;1;Adaptation;15;1;;;;;
20.44;-0.5;-0.5;3.556313;1;Adaptation;15;1;;;;;
20.46;-0.5;-0.5;5.308407;1;Adaptation;15;1;;;;;
20.48;-0.5;-0.5;4.673108;1;Adaptation;15;1;;;;;
20.5;-0.5;-0.5;5.78909;1;Adaptation;15;1;;;;;
20.52;-0.5;-0.5;4.648072;1;Adaptation;15;1;;;;;
20.54;0;0.125;4.632257;1;Adaptation;15;1;;;;;
20.56;2;0;2.389506;1;Adaptation;15;1;;;;;
20.58;-0.5;-0.5;5.093009;1;Adaptation;15;1;;;;;
20.6;-0.5;-0.5;4.151457;1;Adaptation;15;1;;;;;
20.62;2;-0.125;2.139273;1;Adaptation;15;1;;;;;
20.64;0;-0.25;3.343301;1;Adaptation;15;1;;;;;
20.66;-0.5;-0.5;5.900621;1;Adaptation;15;1;;;;;
20.68;-0.5;-0.5;5.419094;1;Adaptation;15;1;;;;;
20.7;2;-0.25;2.318399;1;Adaptation;15;1;;;;;
20.72;-0.5;-0.5;4.202001;1;Adaptation;15;1;;;;;
20.74;-0.5;-0.5;3.248548;1;Adaptation;15;1;;;;;
20.76;-0.5;-0.5;2.450944;1;Adaptation;15;1;;;;;
20.78;-0.5;-0.5;3.884062;1;Adaptation;15;1;;;;;
20.8;-0.5;-0.5;5.521779;1;Adaptation;15;1;;;;;
20.82;-0.5;-0.5;4.881831;1;Adaptation;15;1;;;;;
20.84;-0.5;-0.5;3.947922;1;Adaptation;15;1;;;;;
20.86;0;-0.125;4.895012;1;Adaptation;15;1;;;;;
20.88;-0.5;-0.5;2.74464;1;Adaptation;15;1;;;;;
20.9;-0.5;-0.5;2.906702;1;Adaptation;15;1;;;;;
20.92;0;0.125;2.08665;1;Adaptation;15;1;;;;;
20.94;-0.5;-0.5;4.749151;1;Adaptation;15;1;;;;;
20.96;-0.5;-0.5;2.258917;1;Adaptation;15;1;;;;;
20.98;-0.5;-0.5;3.298662;1;Adaptation;15;1;;;;;
21;-0.5;-0.5;2.64054;1;Adaptation;15;1;;;;;
21.02;0;-0.25;3.282363;1;Adaptation;15;1;;;;;
21.04;-0.5;-0.5;4.007415;1;Adaptation;15;1;;;;;
21.06;-0.5;-0.5;5.084697;1;Adaptation;15;1;;;;;
21.08;-0.5;-0.5;5.601463;1;Adaptation;15;1;;;;;
21.1;-0.5;-0.5;4.748091;1;Adaptation;15;1;;;;;
21.12;-0.5;-0.5;4.622814;1;Adaptation;15;1;;;;;
21.14;-0.5;-0.5;5.182328;1;Adaptation;15;1;;;;;
21.16;2;0.125;5.206596;1;Adaptation;15;1;;;;;
21.18;-2;0;4.244437;1;Adaptation;15;1;;;;;
21.2;0;-0.25;4.408073;1;Adaptation;15;1;;;;;
21.22;-0.5;-0.5;2.745742;1;Adaptation;15;1;;;;;
21.24;0;0.125;5.577827;1;Adaptation;15;1;;;;;
21.26;-0.5;-0.5;2.007135;1;Adaptation;15;1;;;;;
21.28;-0.5;-0.5;5.912506;1;Adaptation;15;1;;;;;
21.3;-0.5;-0.5;2.300386;1;Adaptation;15;1;;;;;
21.32;-0.5;-0.5;4.253869;1;Adaptation;15;1;;;;;
21.34;-0.5;-0.5;3.801492;1;Adaptation;15;1;;;;;
21.36;-0.5;-0.5;3.653332;1;Adaptation;15;1;;;;;
21.38;-0.5;-0.5;2.132831;1;Adaptation;15;1;;;;;
21.4;-0.5;-0.5;2.091899;1;Adaptation;15;1;;;;;
21.42;0;0;3.671084;1;Adaptation;15;1;;;;;
21.44;0;0;2.34919;1;Adaptation;15;1;;;;;
21.46;0;0.125;2.841392;1;Adaptation;15;1;;;;;
21.48;-0.5;-0.5;3.073565;1;Adaptation;15;1;;;;;
21.5;0;0;3.695716;1;Adaptation;15;1;;;;;
21.52;0;-0.25;5.240367;1;Adaptation;15;1;;;;;
21.54;-0.5;-0.5;5.774631;1;Adaptation;15;1;;;;;
21.56;0;0;4.832946;1;Adaptation;15;1;;;;;
21.58;-0.5;-0.5;2.701649;1;Adaptation;15;1;;;;;
21.6;-0.5;-0.5;5.089019;1;Adaptation;15;1;;;;;
21.62;-0.5;-0.5;3.073258;1;Adaptation;15;1;;;;;
21.64;-0.5;-0.5;4.862031;1;Adaptation;15;1;;;;;
21.66;2;0;2.056248;1;Adaptation;15;1;;;;;
21.68;-0.5;-0.5;3.617141;1;Adaptation;15;1;;;;;
21.7;-4;0;3.577809;1;Adaptation;15;1;;;;;
21.72;-0.5;-0.5;4.427335;1;Adaptation;15;1;;;;;
21.74;-0.5;-0.5;3.868929;1;Adaptation;15;1;;;;;
21.76;-0.5;-0.5;4.017721;1;Adaptation;15;1;;;;;
21.78;0;-0.125;4.141962;1;Adaptation;15;1;;;;;
21.8;-0.5;-0.5;3.120465;1;Adaptation;15;1;;;;;
21.82;-0.5;-0.5;2.159379;1;Adaptation;15;1;;;;;
21.84;-0.5;-0.5;2.871007;1;Adaptation;15;1;;;;;
21.86;-0.5;-0.5;3.859226;1;Adaptation;15;1;;;;;
21.88;-0.5;-0.5;3.452234;1;Adaptation;15;1;;;;;
21.9;0;-0.125;5.244281;1;Adaptation;15;1;;;;;
21.92;-0.5;-0.5;3.717411;1;Adaptation;15;1;;;;;
21.94;-0.5;-0.5;4.706076;1;Adaptation;15;1;;;;;
21.96;0;0.25;4.403138;1;Adaptation;15;1;;;;;
21.98;-0.5;-0.5;4.343842;1;Adaptation;15;1;;;;;
22;-0.5;-0.5;5.774741;1;Adaptation;15;1;;;;;
22.02;-0.5;-0.5;4.790273;1;Adaptation;15;1;;;;;
22.04;-0.5;-0.5;2.779298;1;Adaptation;15;1;;;;;
22.06;-0.5;-0.5;4.693862;1;Adaptation;15;1;;;;;
22.08;-0.5;-0.5;2.634935;1;Adaptation;15;1;;;;;
22.1;-0.5;-0.5;2.658458;1;Adaptation;15;1;;;;;
22.12;-0.5;-0.5;2.40623;1;Adaptation;15;1;;;;;
22.14;-0.5;-0.5;5.302659;1;Adaptation;15;1;;;;;
22.16;0;-0.125;4.174228;1;Adaptation;15;1;;;;;
22.18;-0.5;-0.5;3.827164;1;Adaptation;15;1;;;;;
22.2;-0.5;-0.5;2.082646;1;Adaptation;15;1;;;;;
22.22;-2;-0.125;4.058344;1;Adaptation;15;1;;;;;
22.24;0;0;3.945828;1;Adaptation;15;1;;;;;
22.26;0;-0.25;3.362042;1;Adaptation;15;1;;;;;
22.28;-0.5;-0.5;4.568956;1;Adaptation;15;1;;;;;
22.3;2;0;3.236869;1;Adaptation;15;1;;;;;
22.32;-0.5;-0.5;3.117397;1;Adaptation;15;1;;;;;
22.34;0;0.125;4.142609;1;Adaptation;15;1;;;;;
22.36;0;0.25;5.787807;1;Adaptation;15;1;;;;;
22.38;-0.5;-0.5;2.077704;1;Adaptation;15;1;;;;;
22.4;2;0;2.604678;1;Adaptation;15;1;;;;;
22.42;-0.5;-0.5;3.618176;1;Adaptation;15;1;;;;;
22.44;-0.5;-0.5;3.371827;1;Adaptation;15;1;;;;;
22.46;-0.5;-0.5;4.267776;1;Adaptation;15;1;;;;;
22.48;-0.5;-0.5;2.701552;1;Adaptation;15;1;;;;;
22.5;2;0;3.981074;1;Adaptation;15;1;;;;;
22.52;-2;0.125;4.863024;1;Adaptation;15;1;;;;;
22.54;-0.5;-0.5;3.683858;1;Adaptation;15;1;;;;;
22.56;-0.5;-0.5;5.434211;1;Adaptation;15;1;;;;;
22.58;-0.5;-0.5;4.562901;1;Adaptation;15;1;;;;;
22.6;-0.5;-0.5;2.908093;1;Adaptation;15;1;;;;;
22.62;-0.5;-0.5;2.035171;1;Adaptation;15;1;;;;;
22.64;-0.5;-0.5;2.959816;1;Adaptation;15;1;;;;;
22.66;-0.5;-0.5;3.32777;1;Adaptation;15;1;;;;;
22.68;0;-0.125;5.08412;1;Adaptation;15;1;;;;;
22.7;0;0;5.749551;1;Adaptation;15;1;;;;;
22.72;-0.5;-0.5;3.076916;1;Adaptation;15;1;;;;;
22.74;-0.5;-0.5;3.953635;1;Adaptation;15;1;;;;;
22.76;-0.5;-0.5;2.479721;1;Adaptation;15;1;;;;;
22.78;-0.5;-0.5;3.588274;1;Adaptation;15;1;;;;;
22.8;-0.5;-0.5;2.820975;1;Adaptation;15;1;;;;;
22.82;-0.5;-0.5;4.065171;1;Adaptation;15;1;;;;;
22.84;2;0.25;5.352857;1;Adaptation;15;1;;;;;
22.86;0;0.125;3.693115;1;Adaptation;15;1;;;;;
22.88;-0.5;-0.5;5.055446;1;Adaptation;15;1;;;;;
22.9;-0.5;-0.5;5.843371;1;Adaptation;15;1;;;;;
22.92;-2;0.125;4.801855;1;Adaptation;15;1;;;;;
22.94;-0.5;-0.5;4.311208;1;Adaptation;15;1;;;;;
22.96;-0.5;-0.5;3.712394;1;Adaptation;15;1;;;;;
22.98;-0.5;-0.5;4.570917;1;Adaptation;15;1;;;;;
23;-0.5;-0.5;3.15621;1;Adaptation;15;1;;;;;
23.02;-0.5;-0.5;2.04677;1;Adaptation;15;1;;;;;
23.04;-0.5;-0.5;4.178826;1;Adaptation;15;1;;;;;
23.06;-0.5;-0.5;3.708851;1;Adaptation;15;1;;;;;
23.08;-0.5;-0.5;3.17106;1;Adaptation;15;1;;;;;
23.1;-0.5;-0.5;4.117645;1;Adaptation;15;1;;;;;
23.12;-0.5;-0.5;2.672557;1;Adaptation;15;1;;;;;
23.14;-0.5;-0.5;5.857404;1;Adaptation;15;1;;;;;
23.16;-0.5;-0.5;5.534397;1;Adaptation;15;1;;;;;
23.18;-0.5;-0.5;4.134966;1;Adaptation;15;1;;;;;
23.2;-0.5;-0.5;3.124716;1;Adaptation;15;1;;;;;
23.22;-0.5;-0.5;2.383212;1;Adaptation;15;1;;;;;
23.24;-0.5;-0.5;2.934077;1;Adaptation;15;1;;;;;
23.26;-0.5;-0.5;3.122777;1;Adaptation;15;1;;;;;
23.28;-0.5;-0.5;4.758122;1;Adaptation;15;1;;;;;
23.3;-0.5;-0.5;3.42256;1;Adaptation;15;1;;;;;
23.32;-0.5;-0.5;5.595298;1;Adaptation;15;1;;;;;
23.34;-0.5;-0.5;3.96408;1;Adaptation;15;1;;;;;
23.36;-0.5;-0.5;5.130423;1;Adaptation;15;1;;;;;
23.38;-0.5;-0.5;2.622784;1;Adaptation;15;1;;;;;
23.4;-0.5;-0.5;5.916386;1;Adaptation;15;1;;;;;
23.42;-0.5;-0.5;4.508288;1;Adaptation;15;1;;;;;
23.44;-0.5;-0.5;4.349698;1;Adaptation;15;1;;;;;
23.46;0;0;2.359494;1;Adaptation;15;1;;;;;
23.48;-0.5;-0.5;3.376969;1;Adaptation;15;1;;;;;
23.5;-0.5;-0.5;5.893831;1;Adaptation;15;1;;;;;
23.52;-0.5;-0.5;3.664701;1;Adaptation;15;1;;;;;
23.54;-0.5;-0.5;5.168004;1;Adaptation;15;1;;;;;
23.56;-0.5;-0.5;5.457787;1;Adaptation;15;1;;;;;
23.58;-0.5;-0.5;2.016854;1;Adaptation;15;1;;;;;
23.6;0;0;2.285019;1;Adaptation;15;1;;;;;
23.62;-0.5;-0.5;3.373238;1;Adaptation;15;1;;;;;
23.64;-0.5;-0.5;5.986812;1;Adaptation;15;1;;;;;
23.66;-0.5;-0.5;3.074172;1;Adaptation;15;1;;;;;
23.68;2;0;5.404565;1;Adaptation;15;1;;;;;
23.7;-0.5;-0.5;2.856424;1;Adaptation;15;1;;;;;
23.72;-0.5;-0.5;5.874726;1;Adaptation;15;1;;;;;
23.74;-0.5;-0.5;2.431769;1;Adaptation;15;1;;;;;
23.76;-0.5;-0.5;3.371615;1;Adaptation;15;1;;;;;
23.78;-0.5;-0.5;4.135727;1;Adaptation;15;1;;;;;
23.8;-0.5;-0.5;3.323096;1;Adaptation;15;1;;;;;
23.82;-0.5;-0.5;5.608597;1;Adaptation;15;1;;;;;
23.84;0;0.25;5.779259;1;Adaptation;15;1;;;;;
23.86;-0.5;-0.5;2.484791;1;Adaptation;15;1;;;;;
23.88;-0.5;-0.5;2.096272;1;Adaptation;15;1;;;;;
23.9;2;0.25;4.418628;1;Adaptation;15;1;;;;;
23.92;-0.5;-0.5;3.580339;1;Adaptation;15;1;;;;;
23.94;-0.5;-0.5;5.182265;1;Adaptation;15;1;;;;;
23.96;-0.5;-0.5;4.407226;1;Adaptation;15;1;;;;;
23.98;-0.5;-0.5;4.833817;1;Adaptation;15;1;;;;;
24;-0.5;-0.5;2.127757;1;Adaptation;15;1;;;;;
24.02;-0.5;-0.5;5.690396;1;Adaptation;15;1;;;;;
24.04;-0.5;-0.5;2.519275;1;Adaptation;15;1;;;;;
24.06;-0.5;-0.5;4.389646;1;Adaptation;15;1;;;;;
24.08;0;-0.125;5.644787;1;Adaptation;15;1;;;;;
24.1;-0.5;-0.5;4.822592;1;Adaptation;15;1;;;;;
24.12;-0.5;-0.5;5.172727;1;Adaptation;15;1;;;;;
24.14;-0.5;-0.5;4.038406;1;Adaptation;15;1;;;;;
24.16;-0.5;-0.5;5.404594;1;Adaptation;15;1;;;;;
24.18;-0.5;-0.5;5.507455;1;Adaptation;15;1;;;;;
24.2;-0.5;-0.5;5.133121;1;Adaptation;15;1;;;;;
24.22;-0.5;-0.5;2.747105;1;Adaptation;15;1;;;;;
24.24;2;-0.125;3.463149;1;Adaptation;15;1;;;;;
24.26;-0.5;-0.5;5.749501;1;Adaptation;15;1;;;;;
24.28;-0.5;-0.5;3.724594;1;Adaptation;15;1;;;;;
24.3;-0.5;-0.5;2.207919;1;Adaptation;15;1;;;;;
24.32;0;0;3.08344;1;Adaptation;15;1;;;;;
24.34;-0.5;-0.5;3.146633;1;Adaptation;15;1;;;;;
24.36;-2;0;5.266083;1;Adaptation;15;1;;;;;
24.38;0;0;4.206914;1;Adaptation;15;1;;;;;
24.4;0;0.125;3.575378;1;Adaptation;15;1;;;;;
24.42;-0.5;-0.5;3.398704;1;Adaptation;15;1;;;;;
24.44;-0.5;-0.5;2.734988;1;Adaptation;15;1;;;;;
24.46;-0.5;-0.5;5.963897;1;Adaptation;15;1;;;;;
24.48;0;0;3.891471;1;Adaptation;15;1;;;;;
24.5;2;-0.125;5.884545;1;Adaptation;15;1;;;;;
24.52;-0.5;-0.5;5.628262;1;Adaptation;15;1;;;;;
24.54;-0.5;-0.5;4.63785;1;Adaptation;15;1;;;;;
24.56;-0.5;-0.5;5.563312;1;Adaptation;15;1;;;;;
24.58;-0.5;-0.5;5.455178;1;Adaptation;15;1;;;;;
24.6;0;0.125;5.122616;1;Adaptation;15;1;;;;;
24.62;-0.5;-0.5;5.514194;1;Adaptation;15;1;;;;;
24.64;-0.5;-0.5;3.049117;1;Adaptation;15;1;;;;;
24.66;0;0.125;5.083437;1;Adaptation;15;1;;;;;
24.68;-0.5;-0.5;4.879229;1;Adaptation;15;1;;;;;
24.7;-0.5;-0.5;2.150181;1;Adaptation;15;1;;;;;
24.72;-0.5;-0.5;4.653561;1;Adaptation;15;1;;;;;
24.74;-0.5;-0.5;3.64095;1;Adaptation;15;1;;;;;
24.76;-0.5;-0.5;2.723248;1;Adaptation;15;1;;;;;
24.78;-0.5;-0.5;5.269284;1;Adaptation;15;1;;;;;
24.8;-0.5;-0.5;3.679298;1;Adaptation;15;1;;;;;
24.82;-0.5;-0.5;4.067251;1;Adaptation;15;1;;;;;
24.84;-0.5;-0.5;3.122554;1;Adaptation;15;1;;;;;
24.86;-0.5;-0.5;4.97161;1;Adaptation;15;1;;;;;
24.88;-0.5;-0.5;3.255486;1;Adaptation;15;1;;;;;
24.9;-0.5;-0.5;3.407592;1;Adaptation;15;1;;;;;
24.92;-0.5;-0.5;3.474774;1;Adaptation;15;1;;;;;
24.94;-0.5;-0.5;2.887801;1;Adaptation;15;1;;;;;
24.96;0;0.125;4.289513;1;Adaptation;15;1;;;;;
24.98;-0.5;-0.5;4.583043;1;Adaptation;15;1;;;;;
25;-0.5;-0.5;3.149815;1;Adaptation;15;1;;;;;
25.02;0;0;4.099433;1;Adaptation;15;1;;;;;
25.04;-0.5;-0.5;5.166629;1;Adaptation;15;1;;;;;
25.06;-0.5;-0.5;5.980334;1;Adaptation;15;1;;;;;
25.08;-0.5;-0.5;2.647241;1;Adaptation;15;1;;;;;
25.1;-0.5;-0.5;2.3876;1;Adaptation;15;1;;;;;
25.12;-0.5;-0.5;4.483661;1;Adaptation;15;1;;;;;
25.14;-0.5;-0.5;4.727797;1;Adaptation;15;1;;;;;
25.16;-0.5;-0.5;4.074188;1;Adaptation;15;1;;;;;
25.18;-0.5;-0.5;3.572725;1;Adaptation;15;1;;;;;
25.2;-0.5;-0.5;2.840162;1;Adaptation;15;1;;;;;
25.22;-0.5;-0.5;3.433221;1;Adaptation;15;1;;;;;
25.24;0;0;5.86883;1;Adaptation;15;1;;;;;
25.26;-0.5;-0.5;4.597593;1;Adaptation;15;1;;;;;
25.28;-0.5;-0.5;2.564899;1;Adaptation;15;1;;;;;
25.3;-0.5;-0.5;2.093732;1;Adaptation;15;1;;;;;
25.32;-0.5;-0.5;4.094574;1;Adaptation;15;1;;;;;
25.34;-0.5;-0.5;5.449334;1;Adaptation;15;1;;;;;
25.36;-0.5;-0.5;3.722739;1;Adaptation;15;1;;;;;
25.38;-0.5;-0.5;2.378122;1;Adaptation;15;1;;;;;
25.4;-0.5;-0.5;5.949532;1;Adaptation;15;1;;;;;
25.42;-0.5;-0.5;3.502865;1;Adaptation;15;1;;;;;
25.44;-2;0;2.440917;1;Adaptation;15;1;;;;;
25.46;-0.5;-0.5;4.20054;1;Adaptation;15;1;;;;;
25.48;-0.5;-0.5;5.757779;1;Adaptation;15;1;;;;;
25.5;-0.5;-0.5;2.400219;1;Adaptation;15;1;;;;;
25.52;0;0.25;4.558369;1;Adaptation;15;1;;;;;
25.54;2;-0.25;5.286471;1;Adaptation;15;1;;;;;
25.56;-0.5;-0.5;5.219928;1;Adaptation;15;1;;;;;
25.58;-0.5;-0.5;4.389208;1;Adaptation;15;1;;;;;
25.6;-0.5;-0.5;5.448023;1;Adaptation;15;1;;;;;
25.62;2;0.125;2.631856;1;Adaptation;15;1;;;;;
25.64;-0.5;-0.5;4.479818;1;Adaptation;15;1;;;;;
25.66;-0.5;-0.5;4.061032;1;Adaptation;15;1;;;;;
25.68;-0.5;-0.5;4.435074;1;Adaptation;15;1;;;;;
25.7;-0.5;-0.5;5.827432;1;Adaptation;15;1;;;;;
25.72;-0.5;-0.5;5.479583;1;Adaptation;15;1;;;;;
25.74;-0.5;-0.5;4.099135;1;Adaptation;15;1;;;;;
25.76;0;0.125;4.503555;1;Adaptation;15;1;;;;;
25.78;-0.5;-0.5;4.994025;1;Adaptation;15;1;;;;;
25.8;-0.5;-0.5;4.710044;1;Adaptation;15;1;;;;;
25.82;-0.5;-0.5;5.531065;1;Adaptation;15;1;;;;;
25.84;-0.5;-0.5;5.762753;1;Adaptation;15;1;;;;;
25.86;0;0.125;4.527384;1;Adaptation;15;1;;;;;
25.88;2;0;3.585261;1;Adaptation;15;1;;;;;
25.9;-0.5;-0.5;2.031292;1;Adaptation;15;1;;;;;
25.92;-0.5;-0.5;3.532776;1;Adaptation;15;1;;;;;
25.94;-0.5;-0.5;4.305429;1;Adaptation;15;1;;;;;
;;;;;;;;;;;;
