time;pos_x_right;pos_y_right;dil_right;pos_x_left;pos_y_left;dil_left;brightness;state;fov;trial;;
0;-0.5;-0.5;5.399692;1;Adaptation;15;1;;;;;
0.02;-0.5;-0.5;2.548732;1;Adaptation;15;1;;;;;
0.04;-0.5;-0.5;3.018821;1;Adaptation;15;1;;;;;
0.06;-0.5;-0.5;4.041159;1;Adaptation;15;1;;;;;
0.08;-0.5;-0.5;2.519705;1;Adaptation;15;1;;;;;
0.09999999;-0.5;-0.5;3.295984;1;Adaptation;15;1;;;;;
0.12;-0.5;-0.5;2.383813;1;Adaptation;15;1;;;;;
0.14;-0.5;-0.5;5.068375;1;Adaptation;15;1;;;;;
0.16;-0.5;-0.5;4.098116;1;Adaptation;15;1;;;;;
0.18;-0.5;-0.5;5.088876;1;Adaptation;15;1;;;;;
0.2;-0.5;-0.5;4.126353;1;Adaptation;15;1;;;;;
0.22;-0.5;-0.5;4.78496;1;Adaptation;15;1;;;;;
0.24;-0.5;-0.5;4.087074;1;Adaptation;15;1;;;;;
0.26;-0.5;-0.5;3.304046;1;Adaptation;15;1;;;;;
0.28;-0.5;-0.5;5.609762;1;Adaptation;15;1;;;;;
0.3;-0.5;-0.5;5.670816;1;Adaptation;15;1;;;;;
0.32;-0.5;-0.5;5.200599;1;Adaptation;15;1;;;;;
0.34;-0.5;-0.5;5.200477;1;Adaptation;15;1;;;;;
0.36;0;0.0625;4.75693;1;Adaptation;15;1;;;;;
0.38;-0.5;-0.5;2.569594;1;Adaptation;15;1;;;;;
0.4;-0.5;-0.5;4.470922;1;Adaptation;15;1;;;;;
0.42;-2;0.0625;2.123895;1;Adaptation;15;1;;;;;
0.44;2;0.1875;5.377756;1;Adaptation;15;1;;;;;
0.46;-2;-0.125;4.969915;1;Adaptation;15;1;;;;;
0.48;-0.5;-0.5;4.646742;1;Adaptation;15;1;;;;;
0.5;-0.5;-0.5;5.843017;1;Adaptation;15;1;;;;;
0.52;-0.5;-0.5;4.047074;1;Adaptation;15;1;;;;;
0.54;0;0.0625;5.59704;1;Adaptation;15;1;;;;;
0.56;-0.5;-0.5;3.321439;1;Adaptation;15;1;;;;;
0.58;0;0.1875;5.847562;1;Adaptation;15;1;;;;;
0.6;-0.5;-0.5;4.286636;1;Adaptation;15;1;;;;;
0.62;-0.5;-0.5;5.81742;1;Adaptation;15;1;;;;;
0.64;-0.5;-0.5;3.863448;1;Adaptation;15;1;;;;;
0.66;-0.5;-0.5;2.405253;1;Adaptation;15;1;;;;;
0.68;-0.5;-0.5;4.068045;1;Adaptation;15;1;;;;;
0.7;-0.5;-0.5;4.692835;1;Adaptation;15;1;;;;;
0.72;-0.5;-0.5;4.681693;1;Adaptation;15;1;;;;;
0.74;-0.5;-0.5;3.815911;1;Adaptation;15;1;;;;;
0.76;-0.5;-0.5;4.390553;1;Adaptation;15;1;;;;;
0.78;2;0.3125;5.540873;1;Adaptation;15;1;;;;;
0.8;-0.5;-0.5;5.242726;1;Adaptation;15;1;;;;;
0.82;0;0.1875;2.308586;1;Adaptation;15;1;;;;;
0.84;0;-0.1875;3.437333;1;Adaptation;15;1;;;;;
0.86;-0.5;-0.5;4.666014;1;Adaptation;15;1;;;;;
0.88;-0.5;-0.5;5.331564;1;Adaptation;15;1;;;;;
0.9;-0.5;-0.5;3.680178;1;Adaptation;15;1;;;;;
0.92;-0.5;-0.5;3.911843;1;Adaptation;15;1;;;;;
0.94;-0.5;-0.5;4.313722;1;Adaptation;15;1;;;;;
0.96;0;0.0625;4.758621;1;Adaptation;15;1;;;;;
0.98;2;0.1875;5.792189;1;Adaptation;15;1;;;;;
1;-0.5;-0.5;2.974423;1;Adaptation;15;1;;;;;
1.02;-0.5;-0.5;3.65397;1;Adaptation;15;1;;;;;
1.04;-0.5;-0.5;2.548141;1;Adaptation;15;1;;;;;
1.06;0;-0.125;3.267171;1;Adaptation;15;1;;;;;
1.08;-0.5;-0.5;5.887289;1;Adaptation;15;1;;;;;
1.1;2;-0.125;5.901537;1;Adaptation;15;1;;;;;
1.12;-0.5;-0.5;4.076753;1;Adaptation;15;1;;;;;
1.14;-0.5;-0.5;4.527747;1;Adaptation;15;1;;;;;
1.16;-0.5;-0.5;5.872229;1;Adaptation;15;1;;;;;
1.18;-0.5;-0.5;2.95239;1;Adaptation;15;1;;;;;
1.2;-4;0;4.429544;1;Adaptation;15;1;;;;;
1.22;-0.5;-0.5;2.423836;1;Adaptation;15;1;;;;;
1.24;-0.5;-0.5;4.823053;1;Adaptation;15;1;;;;;
1.26;-0.5;-0.5;3.977504;1;Adaptation;15;1;;;;;
1.28;-0.5;-0.5;5.300795;1;Adaptation;15;1;;;;;
1.3;-0.5;-0.5;3.956094;1;Adaptation;15;1;;;;;
1.32;-0.5;-0.5;3.386876;1;Adaptation;15;1;;;;;
1.34;-0.5;-0.5;2.434695;1;Adaptation;15;1;;;;;
1.36;-0.5;-0.5;2.926027;1;Adaptation;15;1;;;;;
1.38;-2;-0.1875;2.16279;1;Adaptation;15;1;;;;;
1.4;-0.5;-0.5;2.980114;1;Adaptation;15;1;;;;;
1.42;-0.5;-0.5;4.499356;1;Adaptation;15;1;;;;;
1.44;-0.5;-0.5;3.86435;1;Adaptation;15;1;;;;;
1.46;0;0;5.184167;1;Adaptation;15;1;;;;;
1.48;-0.5;-0.5;3.294225;1;Adaptation;15;1;;;;;
1.5;-0.5;-0.5;5.988917;1;Adaptation;15;1;;;;;
1.52;-0.5;-0.5;2.815923;1;Adaptation;15;1;;;;;
1.54;0;0.125;4.296023;1;Adaptation;15;1;;;;;
1.56;-0.5;-0.5;3.905907;1;Adaptation;15;1;;;;;
1.58;-0.5;-0.5;4.561668;1;Adaptation;15;1;;;;;
1.6;-2;0.1875;4.649256;1;Adaptation;15;1;;;;;
1.62;-0.5;-0.5;5.472411;1;Adaptation;15;1;;;;;
1.64;-0.5;-0.5;5.502146;1;Adaptation;15;1;;;;;
1.66;-0.5;-0.5;5.98306;1;Adaptation;15;1;;;;;
1.68;-0.5;-0.5;4.737113;1;Adaptation;15;1;;;;;
1.7;-0.5;-0.5;2.558632;1;Adaptation;15;1;;;;;
1.72;0;-0.0625;2.806902;1;Adaptation;15;1;;;;;
1.74;-0.5;-0.5;3.00996;1;Adaptation;15;1;;;;;
1.76;-0.5;-0.5;3.676862;1;Adaptation;15;1;;;;;
1.78;0;0.125;2.151493;1;Adaptation;15;1;;;;;
1.8;-0.5;-0.5;5.698601;1;Adaptation;15;1;;;;;
1.82;0;-0.0625;5.659421;1;Adaptation;15;1;;;;;
1.84;-2;0.125;2.472881;1;Adaptation;15;1;;;;;
1.86;-0.5;-0.5;5.08673;1;Adaptation;15;1;;;;;
1.88;-0.5;-0.5;3.784905;1;Adaptation;15;1;;;;;
1.9;-0.5;-0.5;4.742524;1;Adaptation;15;1;;;;;
1.92;-0.5;-0.5;3.11673;1;Adaptation;15;1;;;;;
1.94;-0.5;-0.5;2.392709;1;Adaptation;15;1;;;;;
1.96;-0.5;-0.5;3.720954;1;Adaptation;15;1;;;;;
1.98;0;0.25;4.568588;1;Adaptation;15;1;;;;;
2;-0.5;-0.5;4.08949;1;Adaptation;15;1;;;;;
2.02;-0.5;-0.5;4.733873;1;Adaptation;15;1;;;;;
2.04;-0.5;-0.5;2.344563;1;Adaptation;15;1;;;;;
2.06;-0.5;-0.5;4.55062;1;Adaptation;15;1;;;;;
2.08;-2;-0.0625;5.241125;1;Adaptation;15;1;;;;;
2.1;-0.5;-0.5;5.741763;1;Adaptation;15;1;;;;;
2.12;2;0.0625;5.594391;1;Adaptation;15;1;;;;;
2.14;2;0.0625;2.062546;1;Adaptation;15;1;;;;;
2.16;-0.5;-0.5;4.195964;1;Adaptation;15;1;;;;;
2.18;0;0;2.436024;1;Adaptation;15;1;;;;;
2.2;2;0.125;3.661051;1;Adaptation;15;1;;;;;
2.22;0;-0.0625;5.747226;1;Adaptation;15;1;;;;;
2.24;2;0.1875;5.443314;1;Adaptation;15;1;;;;;
2.26;0;0.0625;2.092815;1;Adaptation;15;1;;;;;
2.28;-0.5;-0.5;2.853494;1;Adaptation;15;1;;;;;
2.3;-0.5;-0.5;2.657861;1;Adaptation;15;1;;;;;
2.32;0;-0.0625;5.998712;1;Adaptation;15;1;;;;;
2.34;-0.5;-0.5;5.995046;1;Adaptation;15;1;;;;;
2.36;0;0.125;2.237422;1;Adaptation;15;1;;;;;
2.38;0;0.125;2.555262;1;Adaptation;15;1;;;;;
2.4;-0.5;-0.5;5.245811;1;Adaptation;15;1;;;;;
2.42;-0.5;-0.5;4.793867;1;Adaptation;15;1;;;;;
2.44;-0.5;-0.5;3.270519;1;Adaptation;15;1;;;;;
2.46;-0.5;-0.5;2.680147;1;Adaptation;15;1;;;;;
2.48;-0.5;-0.5;4.511877;1;Adaptation;15;1;;;;;
2.5;-0.5;-0.5;2.865343;1;Adaptation;15;1;;;;;
2.52;2;0;2.013513;1;Adaptation;15;1;;;;;
2.54;-0.5;-0.5;2.797055;1;Adaptation;15;1;;;;;
2.56;0;-0.0625;5.728513;1;Adaptation;15;1;;;;;
2.58;-2;-0.0625;2.782466;1;Adaptation;15;1;;;;;
2.6;-0.5;-0.5;3.648489;1;Adaptation;15;1;;;;;
2.62;-0.5;-0.5;2.164058;1;Adaptation;15;1;;;;;
2.64;2;0.1875;3.943379;1;Adaptation;15;1;;;;;
2.66;2;0.1875;2.412142;1;Adaptation;15;1;;;;;
2.68;-0.5;-0.5;4.970853;1;Adaptation;15;1;;;;;
2.7;-2;0.1875;5.792295;1;Adaptation;15;1;;;;;
2.72;-0.5;-0.5;5.995484;1;Adaptation;15;1;;;;;
2.74;-0.5;-0.5;2.888939;1;Adaptation;15;1;;;;;
2.76;-2;0;4.09751;1;Adaptation;15;1;;;;;
2.78;0;-0.125;3.952725;1;Adaptation;15;1;;;;;
2.8;-2;-0.125;3.905149;1;Adaptation;15;1;;;;;
2.82;-0.5;-0.5;2.527116;1;Adaptation;15;1;;;;;
2.84;0;0.3125;4.65715;1;Adaptation;15;1;;;;;
2.86;-0.5;-0.5;3.354942;1;Adaptation;15;1;;;;;
2.88;-0.5;-0.5;4.623727;1;Adaptation;15;1;;;;;
2.9;-0.5;-0.5;3.236238;1;Adaptation;15;1;;;;;
2.92;-0.5;-0.5;2.777433;1;Adaptation;15;1;;;;;
2.94;-0.5;-0.5;3.768545;1;Adaptation;15;1;;;;;
2.96;-0.5;-0.5;2.107631;1;Adaptation;15;1;;;;;
2.98;-0.5;-0.5;5.768307;1;Adaptation;15;1;;;;;
3;-0.5;-0.5;5.955804;1;Adaptation;15;1;;;;;
3.02;-2;0.125;5.246722;1;Adaptation;15;1;;;;;
3.04;-2;-0.0625;5.723457;1;Adaptation;15;1;;;;;
3.06;-0.5;-0.5;2.865049;1;Adaptation;15;1;;;;;
3.08;-0.5;-0.5;2.3086;1;Adaptation;15;1;;;;;
3.1;-0.5;-0.5;4.600421;1;Adaptation;15;1;;;;;
3.12;-0.5;-0.5;5.021883;1;Adaptation;15;1;;;;;
3.14;-0.5;-0.5;3.519937;1;Adaptation;15;1;;;;;
3.16;-0.5;-0.5;4.482401;1;Adaptation;15;1;;;;;
3.18;-0.5;-0.5;3.607774;1;Adaptation;15;1;;;;;
3.2;-0.5;-0.5;5.425494;1;Adaptation;15;1;;;;;
3.22;-0.5;-0.5;3.027847;1;Adaptation;15;1;;;;;
3.24;-0.5;-0.5;3.235014;1;Adaptation;15;1;;;;;
3.26;-0.5;-0.5;4.83517;1;Adaptation;15;1;;;;;
3.28;-0.5;-0.5;2.45533;1;Adaptation;15;1;;;;;
3.3;-0.5;-0.5;5.873835;1;Adaptation;15;1;;;;;
3.32;0;0.25;5.137663;1;Adaptation;15;1;;;;;
3.34;-0.5;-0.5;4.379449;1;Adaptation;15;1;;;;;
3.36;0;-0.125;2.680886;1;Adaptation;15;1;;;;;
3.38;-0.5;-0.5;4.970279;1;Adaptation;15;1;;;;;
3.4;-0.5;-0.5;4.712331;1;Adaptation;15;1;;;;;
3.42;-0.5;-0.5;3.881653;1;Adaptation;15;1;;;;;
3.44;-0.5;-0.5;4.861811;1;Adaptation;15;1;;;;;
3.46;-0.5;-0.5;5.435069;1;Adaptation;15;1;;;;;
3.48;2;0.0625;5.836602;1;Adaptation;15;1;;;;;
3.5;-0.5;-0.5;5.963307;1;Adaptation;15;1;;;;;
3.52;-0.5;-0.5;4.41218;1;Adaptation;15;1;;;;;
3.54;-0.5;-0.5;2.889299;1;Adaptation;15;1;;;;;
3.56;2;0.125;5.703087;1;Adaptation;15;1;;;;;
3.58;-0.5;-0.5;3.680675;1;Adaptation;15;1;;;;;
3.6;-0.5;-0.5;2.458263;1;Adaptation;15;1;;;;;
3.62;2;-0.0625;4.649812;1;Adaptation;15;1;;;;;
3.64;-0.5;-0.5;3.342392;1;Adaptation;15;1;;;;;
3.66;-0.5;-0.5;4.902208;1;Adaptation;15;1;;;;;
3.68;-0.5;-0.5;2.292876;1;Adaptation;15;1;;;;;
3.7;-0.5;-0.5;2.657862;1;Adaptation;15;1;;;;;
3.72;-0.5;-0.5;4.445535;1;Adaptation;15;1;;;;;
3.74;-2;0.3125;4.570479;1;Adaptation;15;1;;;;;
3.76;-0.5;-0.5;2.279814;1;Adaptation;15;1;;;;;
3.78;0;-0.0625;3.487947;1;Adaptation;15;1;;;;;
3.8;-0.5;-0.5;3.671734;1;Adaptation;15;1;;;;;
3.82;-0.5;-0.5;3.980951;1;Adaptation;15;1;;;;;
3.84;-0.5;-0.5;5.72934;1;Adaptation;15;1;;;;;
3.86;-0.5;-0.5;5.392132;1;Adaptation;15;1;;;;;
3.88;-0.5;-0.5;4.470098;1;Adaptation;15;1;;;;;
3.9;-0.5;-0.5;4.996003;1;Adaptation;15;1;;;;;
3.92;2;-0.25;2.450329;1;Adaptation;15;1;;;;;
3.94;0;0.1875;3.717298;1;Adaptation;15;1;;;;;
3.96;-0.5;-0.5;4.883344;1;Adaptation;15;1;;;;;
3.98;-0.5;-0.5;3.293414;1;Adaptation;15;1;;;;;
4;-0.5;-0.5;3.059319;1;Adaptation;15;1;;;;;
4.02;-0.5;-0.5;5.197455;1;Adaptation;15;1;;;;;
4.04;-0.5;-0.5;3.498717;1;Adaptation;15;1;;;;;
4.06;-0.5;-0.5;5.48141;1;Adaptation;15;1;;;;;
4.08;0;-0.1875;3.399251;1;Adaptation;15;1;;;;;
4.1;0;0;5.343219;1;Adaptation;15;1;;;;;
4.12;2;0.1875;4.379912;1;Adaptation;15;1;;;;;
4.14;-0.5;-0.5;4.067015;1;Adaptation;15;1;;;;;
4.16;0;0;5.441617;1;Adaptation;15;1;;;;;
4.18;-0.5;-0.5;4.635642;1;Adaptation;15;1;;;;;
4.2;0;0.25;2.261496;1;Adaptation;15;1;;;;;
4.22;-2;0;2.895632;1;Adaptation;15;1;;;;;
4.24;-0.5;-0.5;2.556122;1;Adaptation;15;1;;;;;
4.26;-0.5;-0.5;4.934065;1;Adaptation;15;1;;;;;
4.28;-0.5;-0.5;5.549272;1;Adaptation;15;1;;;;;
4.3;-0.5;-0.5;5.398247;1;Adaptation;15;1;;;;;
4.32;-0.5;-0.5;4.790747;1;Adaptation;15;1;;;;;
4.34;-0.5;-0.5;2.86826;1;Adaptation;15;1;;;;;
4.36;0;-0.0625;4.233919;1;Adaptation;15;1;;;;;
4.38;0;-0.125;5.240863;1;Adaptation;15;1;;;;;
4.4;0;0.0625;2.707953;1;Adaptation;15;1;;;;;
4.42;-0.5;-0.5;2.854004;1;Adaptation;15;1;;;;;
4.44;2;0;4.55656;1;Adaptation;15;1;;;;;
4.46;-0.5;-0.5;2.165857;1;Adaptation;15;1;;;;;
4.48;0;0.0625;5.661716;1;Adaptation;15;1;;;;;
4.5;-0.5;-0.5;3.222964;1;Adaptation;15;1;;;;;
4.52;-0.5;-0.5;2.491182;1;Adaptation;15;1;;;;;
4.54;-0.5;-0.5;2.742134;1;Adaptation;15;1;;;;;
4.56;0;0.125;5.698012;1;Adaptation;15;1;;;;;
4.58;-0.5;-0.5;2.896658;1;Adaptation;15;1;;;;;
4.6;-0.5;-0.5;5.835484;1;Adaptation;15;1;;;;;
4.62;-2;-0.1875;2.419864;1;Adaptation;15;1;;;;;
4.64;-0.5;-0.5;3.192321;1;Adaptation;15;1;;;;;
4.66;-0.5;-0.5;4.093104;1;Adaptation;15;1;;;;;
4.68;-0.5;-0.5;3.050087;1;Adaptation;15;1;;;;;
4.7;-0.5;-0.5;2.679045;1;Adaptation;15;1;;;;;
4.72;-0.5;-0.5;5.178786;1;Adaptation;15;1;;;;;
4.74;-0.5;-0.5;4.898359;1;Adaptation;15;1;;;;;
4.76;-2;0;2.986116;1;Adaptation;15;1;;;;;
4.78;0;-0.25;2.550181;1;Adaptation;15;1;;;;;
4.8;-0.5;-0.5;2.298727;1;Adaptation;15;1;;;;;
4.82;-0.5;-0.5;4.01206;1;Adaptation;15;1;;;;;
4.84;-0.5;-0.5;4.512403;1;Adaptation;15;1;;;;;
4.86;-0.5;-0.5;4.481009;1;Adaptation;15;1;;;;;
4.88;0;-0.0625;3.120721;1;Adaptation;15;1;;;;;
4.9;-0.5;-0.5;2.99309;1;Adaptation;15;1;;;;;
4.92;-0.5;-0.5;2.70142;1;Adaptation;15;1;;;;;
4.94;-0.5;-0.5;5.700666;1;Adaptation;15;1;;;;;
4.96;0;-0.0625;5.609747;1;Adaptation;15;1;;;;;
4.98;2;-0.0625;2.955007;1;Adaptation;15;1;;;;;
5;-2;0.0625;4.200089;1;Adaptation;15;1;;;;;
5.02;-0.5;-0.5;2.825627;1;Adaptation;15;1;;;;;
5.04;-0.5;-0.5;2.851361;1;Adaptation;15;1;;;;;
5.06;-0.5;-0.5;2.800725;1;Adaptation;15;1;;;;;
5.08;-0.5;-0.5;4.665014;1;Adaptation;15;1;;;;;
5.1;0;0.1875;3.599658;1;Adaptation;15;1;;;;;
5.12;-0.5;-0.5;2.13434;1;Adaptation;15;1;;;;;
5.14;0;-0.0625;2.881358;1;Adaptation;15;1;;;;;
5.16;0;-0.0625;5.679735;1;Adaptation;15;1;;;;;
5.18;2;0.0625;4.095288;1;Adaptation;15;1;;;;;
5.2;-0.5;-0.5;3.230459;1;Adaptation;15;1;;;;;
5.22;0;-0.25;4.108527;1;Adaptation;15;1;;;;;
5.24;-0.5;-0.5;2.023139;1;Adaptation;15;1;;;;;
5.26;-0.5;-0.5;2.940687;1;Adaptation;15;1;;;;;
5.28;-0.5;-0.5;3.294299;1;Adaptation;15;1;;;;;
5.3;-0.5;-0.5;2.162977;1;Adaptation;15;1;;;;;
5.32;0;0;2.58253;1;Adaptation;15;1;;;;;
5.34;-0.5;-0.5;3.156541;1;Adaptation;15;1;;;;;
5.36;-0.5;-0.5;3.413907;1;Adaptation;15;1;;;;;
5.38;-0.5;-0.5;2.686999;1;Adaptation;15;1;;;;;
5.4;0;0;5.544627;1;Adaptation;15;1;;;;;
5.42;0;0.125;5.242939;1;Adaptation;15;1;;;;;
5.44;-2;0.25;3.807026;1;Adaptation;15;1;;;;;
5.46;-0.5;-0.5;5.383967;1;Adaptation;15;1;;;;;
5.48;-0.5;-0.5;4.680087;1;Adaptation;15;1;;;;;
5.5;-0.5;-0.5;5.422652;1;Adaptation;15;1;;;;;
5.52;2;0.1875;5.753583;1;Adaptation;15;1;;;;;
5.54;-0.5;-0.5;3.885451;1;Adaptation;15;1;;;;;
5.56;0;0.1875;5.495245;1;Adaptation;15;1;;;;;
5.58;-0.5;-0.5;3.392691;1;Adaptation;15;1;;;;;
5.6;-0.5;-0.5;2.892042;1;Adaptation;15;1;;;;;
5.62;-0.5;-0.5;5.482837;1;Adaptation;15;1;;;;;
5.64;2;0.125;3.086549;1;Adaptation;15;1;;;;;
5.66;-0.5;-0.5;4.974101;1;Adaptation;15;1;;;;;
5.68;0;0;4.619727;1;Adaptation;15;1;;;;;
5.7;-0.5;-0.5;4.353266;1;Adaptation;15;1;;;;;
5.72;-0.5;-0.5;4.501763;1;Adaptation;15;1;;;;;
5.74;-2;0.0625;4.908877;1;Adaptation;15;1;;;;;
5.76;-0.5;-0.5;3.128626;1;Adaptation;15;1;;;;;
5.78;-0.5;-0.5;4.155537;1;Adaptation;15;1;;;;;
5.8;0;-0.125;2.835932;1;Adaptation;15;1;;;;;
5.82;-0.5;-0.5;5.633621;1;Adaptation;15;1;;;;;
5.84;-0.5;-0.5;5.420005;1;Adaptation;15;1;;;;;
5.86;-0.5;-0.5;3.445858;1;Adaptation;15;1;;;;;
5.88;0;0;5.670338;1;Adaptation;15;1;;;;;
5.9;-0.5;-0.5;2.922757;1;Adaptation;15;1;;;;;
5.92;-0.5;-0.5;5.487846;1;Adaptation;15;1;;;;;
5.94;-0.5;-0.5;5.763986;1;Adaptation;15;1;;;;;
5.96;-0.5;-0.5;4.461849;1;Adaptation;15;1;;;;;
5.98;-0.5;-0.5;3.707945;1;Adaptation;15;1;;;;;
6;0;0;2.706116;1;Adaptation;15;1;;;;;
6.02;-0.5;-0.5;5.079232;1;Adaptation;15;1;;;;;
6.04;-0.5;-0.5;3.296535;1;Adaptation;15;1;;;;;
6.06;-0.5;-0.5;5.347644;1;Adaptation;15;1;;;;;
6.08;-0.5;-0.5;5.133938;1;Adaptation;15;1;;;;;
6.1;-0.5;-0.5;3.168487;1;Adaptation;15;1;;;;;
6.12;-0.5;-0.5;3.129185;1;Adaptation;15;1;;;;;
6.14;0;0.25;4.611475;1;Adaptation;15;1;;;;;
6.16;2;0.0625;4.969769;1;Adaptation;15;1;;;;;
6.18;-0.5;-0.5;2.748065;1;Adaptation;15;1;;;;;
6.2;-0.5;-0.5;2.499477;1;Adaptation;15;1;;;;;
6.22;0;-0.1875;4.205896;1;Adaptation;15;1;;;;;
6.24;-0.5;-0.5;4.551661;1;Adaptation;15;1;;;;;
6.26;-0.5;-0.5;4.014187;1;Adaptation;15;1;;;;;
6.28;-0.5;-0.5;2.551496;1;Adaptation;15;1;;;;;
6.3;-0.5;-0.5;5.499726;1;Adaptation;15;1;;;;;
6.32;-0.5;-0.5;2.024364;1;Adaptation;15;1;;;;;
6.34;-0.5;-0.5;3.651994;1;Adaptation;15;1;;;;;
6.36;-0.5;-0.5;3.70601;1;Adaptation;15;1;;;;;
6.38;-0.5;-0.5;4.202916;1;Adaptation;15;1;;;;;
6.4;-0.5;-0.5;3.479575;1;Adaptation;15;1;;;;;
6.42;0;-0.125;5.390627;1;Adaptation;15;1;;;;;
6.44;0;-0.125;4.420258;1;Adaptation;15;1;;;;;
6.46;-0.5;-0.5;5.923113;1;Adaptation;15;1;;;;;
6.48;-0.5;-0.5;3.627149;1;Adaptation;15;1;;;;;
6.5;-0.5;-0.5;3.916054;1;Adaptation;15;1;;;;;
6.52;-0.5;-0.5;2.060589;1;Adaptation;15;1;;;;;
6.54;-0.5;-0.5;2.418817;1;Adaptation;15;1;;;;;
6.56;-0.5;-0.5;2.180419;1;Adaptation;15;1;;;;;
6.58;-0.5;-0.5;5.907282;1;Adaptation;15;1;;;;;
6.6;-0.5;-0.5;4.805998;1;Adaptation;15;1;;;;;
6.62;2;0;3.300475;1;Adaptation;15;1;;;;;
6.64;-0.5;-0.5;3.055331;1;Adaptation;15;1;;;;;
6.66;-0.5;-0.5;2.572036;1;Adaptation;15;1;;;;;
6.68;-0.5;-0.5;2.792155;1;Adaptation;15;1;;;;;
6.7;-0.5;-0.5;4.384751;1;Adaptation;15;1;;;;;
6.72;-0.5;-0.5;4.132803;1;Adaptation;15;1;;;;;
6.74;-0.5;-0.5;2.41806;1;Adaptation;15;1;;;;;
6.76;2;0.125;4.288301;1;Adaptation;15;1;;;;;
6.78;-0.5;-0.5;4.269804;1;Adaptation;15;1;;;;;
6.8;2;-0.125;3.494213;1;Adaptation;15;1;;;;;
6.82;-0.5;-0.5;4.026387;1;Adaptation;15;1;;;;;
6.84;-0.5;-0.5;5.018384;1;Adaptation;15;1;;;;;
6.86;-0.5;-0.5;4.599864;1;Adaptation;15;1;;;;;
6.88;0;0.3125;3.82738;1;Adaptation;15;1;;;;;
6.9;-0.5;-0.5;5.043645;1;Adaptation;15;1;;;;;
6.92;-0.5;-0.5;3.597051;1;Adaptation;15;1;;;;;
6.94;-0.5;-0.5;2.897011;1;Adaptation;15;1;;;;;
6.96;-0.5;-0.5;5.888497;1;Adaptation;15;1;;;;;
6.98;-0.5;-0.5;4.605896;1;Adaptation;15;1;;;;;
7;-0.5;-0.5;3.724986;1;Adaptation;15;1;;;;;
7.02;-0.5;-0.5;5.921977;1;Adaptation;15;1;;;;;
7.04;-0.5;-0.5;4.091105;1;Adaptation;15;1;;;;;
7.06;-0.5;-0.5;2.405062;1;Adaptation;15;1;;;;;
7.08;-0.5;-0.5;4.901786;1;Adaptation;15;1;;;;;
7.1;-2;-0.1875;4.538218;1;Adaptation;15;1;;;;;
7.12;-2;-0.1875;3.390936;1;Adaptation;15;1;;;;;
7.14;0;-0.25;3.892231;1;Adaptation;15;1;;;;;
7.16;-0.5;-0.5;3.182056;1;Adaptation;15;1;;;;;
7.18;0;0.0625;5.459727;1;Adaptation;15;1;;;;;
7.2;-0.5;-0.5;3.648573;1;Adaptation;15;1;;;;;
7.22;-0.5;-0.5;3.959256;1;Adaptation;15;1;;;;;
7.24;-0.5;-0.5;4.238794;1;Adaptation;15;1;;;;;
7.26;-0.5;-0.5;5.114713;1;Adaptation;15;1;;;;;
7.28;0;0.0625;4.830631;1;Adaptation;15;1;;;;;
7.3;-0.5;-0.5;3.535416;1;Adaptation;15;1;;;;;
7.32;0;0.1875;3.72429;1;Adaptation;15;1;;;;;
7.34;-2;0.0625;3.857785;1;Adaptation;15;1;;;;;
7.36;0;-0.0625;4.291656;1;Adaptation;15;1;;;;;
7.38;-2;-0.1875;5.720486;1;Adaptation;15;1;;;;;
7.4;-2;0;5.692681;1;Adaptation;15;1;;;;;
7.42;-0.5;-0.5;2.650959;1;Adaptation;15;1;;;;;
7.44;-0.5;-0.5;3.391594;1;Adaptation;15;1;;;;;
7.46;-0.5;-0.5;5.63549;1;Adaptation;15;1;;;;;
7.48;0;-0.125;4.959814;1;Adaptation;15;1;;;;;
7.5;-0.5;-0.5;3.849319;1;Adaptation;15;1;;;;;
7.52;-0.5;-0.5;5.474793;1;Adaptation;15;1;;;;;
7.54;-0.5;-0.5;4.849113;1;Adaptation;15;1;;;;;
7.56;-0.5;-0.5;5.3043;1;Adaptation;15;1;;;;;
7.58;-0.5;-0.5;3.886362;1;Adaptation;15;1;;;;;
7.6;-0.5;-0.5;5.78823;1;Adaptation;15;1;;;;;
7.62;-0.5;-0.5;5.866979;1;Adaptation;15;1;;;;;
7.64;-0.5;-0.5;3.104715;1;Adaptation;15;1;;;;;
7.66;-0.5;-0.5;4.841494;1;Adaptation;15;1;;;;;
7.68;0;0.125;2.998371;1;Adaptation;15;1;;;;;
7.7;-0.5;-0.5;5.578899;1;Adaptation;15;1;;;;;
7.72;2;-0.1875;2.798457;1;Adaptation;15;1;;;;;
7.74;-0.5;-0.5;3.916269;1;Adaptation;15;1;;;;;
7.76;-0.5;-0.5;2.893402;1;Adaptation;15;1;;;;;
7.78;-0.5;-0.5;2.805097;1;Adaptation;15;1;;;;;
7.8;-0.5;-0.5;2.721213;1;Adaptation;15;1;;;;;
7.82;-0.5;-0.5;5.845729;1;Adaptation;15;1;;;;;
7.84;-0.5;-0.5;2.681041;1;Adaptation;15;1;;;;;
7.86;-0.5;-0.5;5.999173;1;Adaptation;15;1;;;;;
7.88;-0.5;-0.5;4.571816;1;Adaptation;15;1;;;;;
7.9;-0.5;-0.5;4.829926;1;Adaptation;15;1;;;;;
7.92;-0.5;-0.5;4.772173;1;Adaptation;15;1;;;;;
7.94;-0.5;-0.5;4.892351;1;Adaptation;15;1;;;;;
7.96;-0.5;-0.5;4.199361;1;Adaptation;15;1;;;;;
7.98;-2;0;5.724934;1;Adaptation;15;1;;;;;
8;0;0;5.288116;1;Adaptation;15;1;;;;;
8.02;-0.5;-0.5;5.768387;1;Adaptation;15;1;;;;;
8.04;0;-0.125;5.433887;1;Adaptation;15;1;;;;;
8.059999;-0.5;-0.5;2.643577;1;Adaptation;15;1;;;;;
8.08;-0.5;-0.5;2.882709;1;Adaptation;15;1;;;;;
8.099999;-0.5;-0.5;2.156399;1;Adaptation;15;1;;;;;
8.12;-0.5;-0.5;3.001836;1;Adaptation;15;1;;;;;
8.139999;-0.5;-0.5;3.486268;1;Adaptation;15;1;;;;;
8.16;-0.5;-0.5;2.047936;1;Adaptation;15;1;;;;;
8.179999;-0.5;-0.5;2.166702;1;Adaptation;15;1;;;;;
8.2;-0.5;-0.5;4.396001;1;Adaptation;15;1;;;;;
8.22;-0.5;-0.5;4.477696;1;Adaptation;15;1;;;;;
8.24;-0.5;-0.5;4.472004;1;Adaptation;15;1;;;;;
8.26;0;0.125;2.972311;1;Adaptation;15;1;;;;;
8.28;0;-0.1875;5.52068;1;Adaptation;15;1;;;;;
8.3;-0.5;-0.5;4.037358;1;Adaptation;15;1;;;;;
8.32;-0.5;-0.5;4.670828;1;Adaptation;15;1;;;;;
8.34;-0.5;-0.5;3.649545;1;Adaptation;15;1;;;;;
8.36;-0.5;-0.5;3.024221;1;Adaptation;15;1;;;;;
8.38;0;-0.125;5.278849;1;Adaptation;15;1;;;;;
8.4;-0.5;-0.5;4.660112;1;Adaptation;15;1;;;;;
8.42;2;0.1875;5.590638;1;Adaptation;15;1;;;;;
8.44;-0.5;-0.5;5.554771;1;Adaptation;15;1;;;;;
8.46;-0.5;-0.5;5.006749;1;Adaptation;15;1;;;;;
8.48;-0.5;-0.5;3.443992;1;Adaptation;15;1;;;;;
8.5;-0.5;-0.5;2.789055;1;Adaptation;15;1;;;;;
8.52;-0.5;-0.5;2.619663;1;Adaptation;15;1;;;;;
8.54;-0.5;-0.5;2.287979;1;Adaptation;15;1;;;;;
8.559999;-2;-0.0625;2.358888;1;Adaptation;15;1;;;;;
8.58;-0.5;-0.5;4.498479;1;Adaptation;15;1;;;;;
8.599999;-0.5;-0.5;5.597238;1;Adaptation;15;1;;;;;
8.62;-0.5;-0.5;3.012647;1;Adaptation;15;1;;;;;
8.639999;-0.5;-0.5;4.998836;1;Adaptation;15;1;;;;;
8.66;-0.5;-0.5;3.230698;1;Adaptation;15;1;;;;;
8.679999;-0.5;-0.5;3.396154;1;Adaptation;15;1;;;;;
8.7;-0.5;-0.5;4.231021;1;Adaptation;15;1;;;;;
8.72;-0.5;-0.5;3.564673;1;Adaptation;15;1;;;;;
8.74;-2;-0.125;5.449952;1;Adaptation;15;1;;;;;
8.76;-0.5;-0.5;3.78346;1;Adaptation;15;1;;;;;
8.78;-0.5;-0.5;5.487041;1;Adaptation;15;1;;;;;
8.8;-0.5;-0.5;5.4066;1;Adaptation;15;1;;;;;
8.82;-0.5;-0.5;4.223325;1;Adaptation;15;1;;;;;
8.84;-0.5;-0.5;4.234388;1;Adaptation;15;1;;;;;
8.86;-0.5;-0.5;5.724874;1;Adaptation;15;1;;;;;
8.88;0;0.125;3.385818;1;Adaptation;15;1;;;;;
8.9;-0.5;-0.5;3.999913;1;Adaptation;15;1;;;;;
8.92;-0.5;-0.5;2.587288;1;Adaptation;15;1;;;;;
8.94;0;0.0625;5.91528;1;Adaptation;15;1;;;;;
8.96;0;-0.25;5.649189;1;Adaptation;15;1;;;;;
8.98;-0.5;-0.5;2.710429;1;Adaptation;15;1;;;;;
9;-0.5;-0.5;3.327888;1;Adaptation;15;1;;;;;
9.02;-0.5;-0.5;5.837337;1;Adaptation;15;1;;;;;
9.04;-0.5;-0.5;3.459716;1;Adaptation;15;1;;;;;
9.059999;-0.5;-0.5;5.911405;1;Adaptation;15;1;;;;;
9.08;-0.5;-0.5;4.470968;1;Adaptation;15;1;;;;;
9.099999;-0.5;-0.5;4.178626;1;Adaptation;15;1;;;;;
9.12;-0.5;-0.5;4.722994;1;Adaptation;15;1;;;;;
9.139999;-0.5;-0.5;3.921178;1;Adaptation;15;1;;;;;
9.16;-0.5;-0.5;5.553153;1;Adaptation;15;1;;;;;
9.179999;-0.5;-0.5;5.173106;1;Adaptation;15;1;;;;;
9.2;-0.5;-0.5;3.570925;1;Adaptation;15;1;;;;;
9.22;-0.5;-0.5;4.640529;1;Adaptation;15;1;;;;;
9.24;0;-0.3125;2.804566;1;Adaptation;15;1;;;;;
9.26;-0.5;-0.5;4.824592;1;Adaptation;15;1;;;;;
9.28;-0.5;-0.5;5.135534;1;Adaptation;15;1;;;;;
9.3;-0.5;-0.5;4.218645;1;Adaptation;15;1;;;;;
9.32;-0.5;-0.5;2.695689;1;Adaptation;15;1;;;;;
9.34;-2;0.25;4.729467;1;Adaptation;15;1;;;;;
9.36;-0.5;-0.5;4.747059;1;Adaptation;15;1;;;;;
9.38;-0.5;-0.5;2.912521;1;Adaptation;15;1;;;;;
9.4;0;0;2.187438;1;Adaptation;15;1;;;;;
9.42;-0.5;-0.5;2.714306;1;Adaptation;15;1;;;;;
9.44;-0.5;-0.5;4.848269;1;Adaptation;15;1;;;;;
9.46;-0.5;-0.5;2.839823;1;Adaptation;15;1;;;;;
9.48;-0.5;-0.5;2.855596;1;Adaptation;15;1;;;;;
9.5;-0.5;-0.5;2.563413;1;Adaptation;15;1;;;;;
9.52;-0.5;-0.5;5.152234;1;Adaptation;15;1;;;;;
9.54;-0.5;-0.5;3.12524;1;Adaptation;15;1;;;;;
9.559999;0;-0.1875;2.267623;1;Adaptation;15;1;;;;;
9.58;-0.5;-0.5;5.549991;1;Adaptation;15;1;;;;;
9.599999;-0.5;-0.5;3.546452;1;Adaptation;15;1;;;;;
9.62;-0.5;-0.5;5.816761;1;Adaptation;15;1;;;;;
9.639999;-0.5;-0.5;4.946301;1;Adaptation;15;1;;;;;
9.66;-0.5;-0.5;5.166112;1;Adaptation;15;1;;;;;
9.679999;-2;-0.0625;5.111699;1;Adaptation;15;1;;;;;
9.7;0;0.0625;4.600757;1;Adaptation;15;1;;;;;
9.719999;-0.5;-0.5;4.950468;1;Adaptation;15;1;;;;;
9.74;-0.5;-0.5;5.328661;1;Adaptation;15;1;;;;;
9.76;-0.5;-0.5;4.086829;1;Adaptation;15;1;;;;;
9.78;-0.5;-0.5;4.90755;1;Adaptation;15;1;;;;;
9.8;-0.5;-0.5;5.892756;1;Adaptation;15;1;;;;;
9.82;-0.5;-0.5;4.176822;1;Adaptation;15;1;;;;;
9.84;-0.5;-0.5;4.170244;1;Adaptation;15;1;;;;;
9.86;-0.5;-0.5;3.718681;1;Adaptation;15;1;;;;;
9.88;0;-0.125;2.42415;1;Adaptation;15;1;;;;;
9.9;-0.5;-0.5;2.013174;1;Adaptation;15;1;;;;;
9.92;-0.5;-0.5;3.644791;1;Adaptation;15;1;;;;;
9.94;0;-0.125;4.825539;1;Adaptation;15;1;;;;;
9.96;-0.5;-0.5;5.527448;1;Adaptation;15;1;;;;;
9.98;0;0;5.788709;1;Adaptation;15;1;;;;;
10;2;0.25;5.194777;1;Adaptation;15;1;;;;;
10.02;-0.5;-0.5;4.180831;1;Adaptation;15;1;;;;;
10.04;-0.5;-0.5;5.309311;1;Adaptation;15;1;;;;;
10.06;-0.5;-0.5;4.628698;1;Adaptation;15;1;;;;;
10.08;-0.5;-0.5;5.435251;1;Adaptation;15;1;;;;;
10.1;2;-0.0625;2.435897;1;Adaptation;15;1;;;;;
10.12;-0.5;-0.5;5.284208;1;Adaptation;15;1;;;;;
10.14;-0.5;-0.5;5.554375;1;Adaptation;15;1;;;;;
10.16;-0.5;-0.5;5.965421;1;Adaptation;15;1;;;;;
10.18;-0.5;-0.5;4.530457;1;Adaptation;15;1;;;;;
10.2;0;-0.1875;4.330654;1;Adaptation;15;1;;;;;
10.22;-0.5;-0.5;5.659425;1;Adaptation;15;1;;;;;
10.24;-0.5;-0.5;4.326196;1;Adaptation;15;1;;;;;
10.26;2;0;3.740287;1;Adaptation;15;1;;;;;
10.28;-0.5;-0.5;3.095153;1;Adaptation;15;1;;;;;
10.3;-0.5;-0.5;5.895237;1;Adaptation;15;1;;;;;
10.32;-0.5;-0.5;2.3676;1;Adaptation;15;1;;;;;
10.34;-0.5;-0.5;3.452636;1;Adaptation;15;1;;;;;
10.36;-0.5;-0.5;2.547201;1;Adaptation;15;1;;;;;
10.38;-0.5;-0.5;2.585876;1;Adaptation;15;1;;;;;
10.4;-0.5;-0.5;5.707765;1;Adaptation;15;1;;;;;
10.42;-0.5;-0.5;3.451924;1;Adaptation;15;1;;;;;
10.44;-0.5;-0.5;3.822515;1;Adaptation;15;1;;;;;
10.46;-0.5;-0.5;4.604028;1;Adaptation;15;1;;;;;
10.48;-0.5;-0.5;5.546836;1;Adaptation;15;1;;;;;
10.5;-0.5;-0.5;4.132311;1;Adaptation;15;1;;;;;
10.52;-0.5;-0.5;5.019194;1;Adaptation;15;1;;;;;
10.54;-0.5;-0.5;4.845157;1;Adaptation;15;1;;;;;
10.56;-0.5;-0.5;2.384521;1;Adaptation;15;1;;;;;
10.58;-0.5;-0.5;5.428502;1;Adaptation;15;1;;;;;
10.6;-0.5;-0.5;3.91169;1;Adaptation;15;1;;;;;
10.62;0;0;2.854775;1;Adaptation;15;1;;;;;
10.64;-0.5;-0.5;4.33911;1;Adaptation;15;1;;;;;
10.66;-0.5;-0.5;5.902083;1;Adaptation;15;1;;;;;
10.68;0;0.0625;2.585427;1;Adaptation;15;1;;;;;
10.7;-0.5;-0.5;5.587368;1;Adaptation;15;1;;;;;
10.72;0;0;3.272501;1;Adaptation;15;1;;;;;
10.74;-0.5;-0.5;5.901194;1;Adaptation;15;1;;;;;
10.76;-0.5;-0.5;5.098344;1;Adaptation;15;1;;;;;
10.78;-0.5;-0.5;4.704124;1;Adaptation;15;1;;;;;
10.8;-0.5;-0.5;5.990505;1;Adaptation;15;1;;;;;
10.82;2;0.125;4.220815;1;Adaptation;15;1;;;;;
10.84;-0.5;-0.5;5.908968;1;Adaptation;15;1;;;;;
10.86;-0.5;-0.5;3.494587;1;Adaptation;15;1;;;;;
10.88;-0.5;-0.5;2.389044;1;Adaptation;15;1;;;;;
10.9;2;0.3125;4.052707;1;Adaptation;15;1;;;;;
10.92;-0.5;-0.5;3.116379;1;Adaptation;15;1;;;;;
10.94;-0.5;-0.5;2.136055;1;Adaptation;15;1;;;;;
10.96;-0.5;-0.5;3.650777;1;Adaptation;15;1;;;;;
10.98;-0.5;-0.5;4.106811;1;Adaptation;15;1;;;;;
11;-0.5;-0.5;4.502988;1;Adaptation;15;1;;;;;
11.02;-0.5;-0.5;3.181321;1;Adaptation;15;1;;;;;
11.04;-0.5;-0.5;3.301205;1;Adaptation;15;1;;;;;
11.06;-0.5;-0.5;2.697488;1;Adaptation;15;1;;;;;
11.08;-0.5;-0.5;2.147943;1;Adaptation;15;1;;;;;
11.1;-0.5;-0.5;3.319095;1;Adaptation;15;1;;;;;
11.12;-0.5;-0.5;2.920888;1;Adaptation;15;1;;;;;
11.14;-0.5;-0.5;3.190516;1;Adaptation;15;1;;;;;
11.16;-0.5;-0.5;5.120758;1;Adaptation;15;1;;;;;
11.18;-0.5;-0.5;3.086674;1;Adaptation;15;1;;;;;
11.2;-0.5;-0.5;3.704279;1;Adaptation;15;1;;;;;
11.22;-0.5;-0.5;2.319066;1;Adaptation;15;1;;;;;
11.24;-0.5;-0.5;4.961864;1;Adaptation;15;1;;;;;
11.26;-2;-0.0625;5.0914;1;Adaptation;15;1;;;;;
11.28;0;0;4.092957;1;Adaptation;15;1;;;;;
11.3;-0.5;-0.5;3.246792;1;Adaptation;15;1;;;;;
11.32;-0.5;-0.5;2.908708;1;Adaptation;15;1;;;;;
11.34;-0.5;-0.5;5.868857;1;Adaptation;15;1;;;;;
11.36;-0.5;-0.5;2.473832;1;Adaptation;15;1;;;;;
11.38;-0.5;-0.5;4.184855;1;Adaptation;15;1;;;;;
11.4;-0.5;-0.5;4.74424;1;Adaptation;15;1;;;;;
11.42;-0.5;-0.5;2.774105;1;Adaptation;15;1;;;;;
11.44;-0.5;-0.5;3.864666;1;Adaptation;15;1;;;;;
11.46;-0.5;-0.5;4.677024;1;Adaptation;15;1;;;;;
11.48;-0.5;-0.5;3.047285;1;Adaptation;15;1;;;;;
11.5;0;0.25;5.725312;1;Adaptation;15;1;;;;;
11.52;-2;-0.25;5.34104;1;Adaptation;15;1;;;;;
11.54;-0.5;-0.5;5.770293;1;Adaptation;15;1;;;;;
11.56;-0.5;-0.5;3.179059;1;Adaptation;15;1;;;;;
11.58;-0.5;-0.5;4.482012;1;Adaptation;15;1;;;;;
11.6;0;-0.1875;4.367642;1;Adaptation;15;1;;;;;
11.62;-0.5;-0.5;4.899519;1;Adaptation;15;1;;;;;
11.64;-0.5;-0.5;4.292789;1;Adaptation;15;1;;;;;
11.66;-0.5;-0.5;5.933809;1;Adaptation;15;1;;;;;
11.68;-0.5;-0.5;3.645833;1;Adaptation;15;1;;;;;
11.7;-0.5;-0.5;2.341604;1;Adaptation;15;1;;;;;
11.72;-0.5;-0.5;3.001911;1;Adaptation;15;1;;;;;
11.74;-2;-0.125;5.823363;1;Adaptation;15;1;;;;;
11.76;-0.5;-0.5;4.133145;1;Adaptation;15;1;;;;;
11.78;-0.5;-0.5;5.45157;1;Adaptation;15;1;;;;;
11.8;-0.5;-0.5;3.566025;1;Adaptation;15;1;;;;;
11.82;-0.5;-0.5;5.106357;1;Adaptation;15;1;;;;;
11.84;-0.5;-0.5;4.877497;1;Adaptation;15;1;;;;;
11.86;-0.5;-0.5;5.282951;1;Adaptation;15;1;;;;;
11.88;-0.5;-0.5;3.828042;1;Adaptation;15;1;;;;;
11.9;-0.5;-0.5;5.450225;1;Adaptation;15;1;;;;;
11.92;-0.5;-0.5;5.069345;1;Adaptation;15;1;;;;;
11.94;-0.5;-0.5;4.802068;1;Adaptation;15;1;;;;;
11.96;-0.5;-0.5;5.990175;1;Adaptation;15;1;;;;;
11.98;-0.5;-0.5;5.485016;1;Adaptation;15;1;;;;;
12;-0.5;-0.5;3.193084;1;Adaptation;15;1;;;;;
12.02;-0.5;-0.5;2.543646;1;Adaptation;15;1;;;;;
12.04;-0.5;-0.5;3.552107;1;Adaptation;15;1;;;;;
12.06;-0.5;-0.5;2.879739;1;Adaptation;15;1;;;;;
12.08;-4;0.125;2.79813;1;Adaptation;15;1;;;;;
12.1;-0.5;-0.5;3.394906;1;Adaptation;15;1;;;;;
12.12;0;-0.1875;5.879249;1;Adaptation;15;1;;;;;
12.14;0;0.0625;4.770919;1;Adaptation;15;1;;;;;
12.16;-0.5;-0.5;2.125205;1;Adaptation;15;1;;;;;
12.18;-0.5;-0.5;5.60417;1;Adaptation;15;1;;;;;
12.2;-0.5;-0.5;3.204213;1;Adaptation;15;1;;;;;
12.22;-0.5;-0.5;3.196402;1;Adaptation;15;1;;;;;
12.24;0;0.125;2.779034;1;Adaptation;15;1;;;;;
12.26;0;0.125;2.499768;1;Adaptation;15;1;;;;;
12.28;-0.5;-0.5;3.804069;1;Adaptation;15;1;;;;;
12.3;-0.5;-0.5;4.570781;1;Adaptation;15;1;;;;;
12.32;-0.5;-0.5;4.021809;1;Adaptation;15;1;;;;;
12.34;-0.5;-0.5;2.808566;1;Adaptation;15;1;;;;;
12.36;-0.5;-0.5;2.554615;1;Adaptation;15;1;;;;;
12.38;2;0.1875;4.403384;1;Adaptation;15;1;;;;;
12.4;-0.5;-0.5;4.466048;1;Adaptation;15;1;;;;;
12.42;-0.5;-0.5;5.548793;1;Adaptation;15;1;;;;;
12.44;-0.5;-0.5;5.162158;1;Adaptation;15;1;;;;;
12.46;-0.5;-0.5;3.110754;1;Adaptation;15;1;;;;;
12.48;-0.5;-0.5;5.365493;1;Adaptation;15;1;;;;;
12.5;-0.5;-0.5;3.097342;1;Adaptation;15;1;;;;;
12.52;-0.5;-0.5;3.315003;1;Adaptation;15;1;;;;;
12.54;2;0.0625;2.148025;1;Adaptation;15;1;;;;;
12.56;-0.5;-0.5;3.187843;1;Adaptation;15;1;;;;;
12.58;-0.5;-0.5;2.892689;1;Adaptation;15;1;;;;;
12.6;-0.5;-0.5;2.620869;1;Adaptation;15;1;;;;;
12.62;-0.5;-0.5;4.291598;1;Adaptation;15;1;;;;;
12.64;-0.5;-0.5;2.824436;1;Adaptation;15;1;;;;;
12.66;2;-0.1875;3.681257;1;Adaptation;15;1;;;;;
12.68;-0.5;-0.5;2.318531;1;Adaptation;15;1;;;;;
12.7;-2;0.0625;3.154119;1;Adaptation;15;1;;;;;
12.72;-0.5;-0.5;2.571085;1;Adaptation;15;1;;;;;
12.74;-0.5;-0.5;2.501545;1;Adaptation;15;1;;;;;
12.76;-0.5;-0.5;5.608775;1;Adaptation;15;1;;;;;
12.78;-0.5;-0.5;2.521211;1;Adaptation;15;1;;;;;
12.8;-0.5;-0.5;3.680845;1;Adaptation;15;1;;;;;
12.82;-0.5;-0.5;3.541193;1;Adaptation;15;1;;;;;
12.84;-0.5;-0.5;3.617829;1;Adaptation;15;1;;;;;
12.86;-0.5;-0.5;2.425117;1;Adaptation;15;1;;;;;
12.88;-0.5;-0.5;4.242531;1;Adaptation;15;1;;;;;
12.9;-0.5;-0.5;2.990271;1;Adaptation;15;1;;;;;
12.92;0;0.0625;5.5937;1;Adaptation;15;1;;;;;
12.94;-0.5;-0.5;2.378541;1;Adaptation;15;1;;;;;
12.96;-0.5;-0.5;5.041481;1;Adaptation;15;1;;;;;
12.98;0;-0.0625;4.802862;1;Adaptation;15;1;;;;;
13;-0.5;-0.5;2.050051;1;Adaptation;15;1;;;;;
13.02;-0.5;-0.5;5.837606;1;Adaptation;15;1;;;;;
13.04;-0.5;-0.5;3.330284;1;Adaptation;15;1;;;;;
13.06;-0.5;-0.5;2.525911;1;Adaptation;15;1;;;;;
13.08;-0.5;-0.5;4.725253;1;Adaptation;15;1;;;;;
13.1;-0.5;-0.5;2.040554;1;Adaptation;15;1;;;;;
13.12;-2;-0.0625;5.444291;1;Adaptation;15;1;;;;;
13.14;-0.5;-0.5;5.769503;1;Adaptation;15;1;;;;;
13.16;0;0.0625;2.475082;1;Adaptation;15;1;;;;;
13.18;-0.5;-0.5;5.523736;1;Adaptation;15;1;;;;;
13.2;-0.5;-0.5;2.154844;1;Adaptation;15;1;;;;;
13.22;-0.5;-0.5;4.394666;1;Adaptation;15;1;;;;;
13.24;0;0;2.591125;1;Adaptation;15;1;;;;;
13.26;-0.5;-0.5;4.809388;1;Adaptation;15;1;;;;;
13.28;-0.5;-0.5;3.837863;1;Adaptation;15;1;;;;;
13.3;-0.5;-0.5;4.933345;1;Adaptation;15;1;;;;;
13.32;2;-0.0625;3.938342;1;Adaptation;15;1;;;;;
13.34;-0.5;-0.5;4.744539;1;Adaptation;15;1;;;;;
13.36;-0.5;-0.5;2.41943;1;Adaptation;15;1;;;;;
13.38;-0.5;-0.5;2.246808;1;Adaptation;15;1;;;;;
13.4;-0.5;-0.5;2.143046;1;Adaptation;15;1;;;;;
13.42;-0.5;-0.5;5.164877;1;Adaptation;15;1;;;;;
13.44;-0.5;-0.5;3.537216;1;Adaptation;15;1;;;;;
13.46;-0.5;-0.5;3.692852;1;Adaptation;15;1;;;;;
13.48;0;0.0625;4.384493;1;Adaptation;15;1;;;;;
13.5;0;-0.1875;4.849627;1;Adaptation;15;1;;;;;
13.52;-0.5;-0.5;2.918277;1;Adaptation;15;1;;;;;
13.54;-0.5;-0.5;5.803023;1;Adaptation;15;1;;;;;
13.56;-0.5;-0.5;4.207192;1;Adaptation;15;1;;;;;
13.58;-0.5;-0.5;3.373298;1;Adaptation;15;1;;;;;
13.6;-0.5;-0.5;5.068647;1;Adaptation;15;1;;;;;
13.62;-0.5;-0.5;2.385663;1;Adaptation;15;1;;;;;
13.64;-0.5;-0.5;4.032641;1;Adaptation;15;1;;;;;
13.66;2;0;5.450118;1;Adaptation;15;1;;;;;
13.68;-2;0.1875;2.606637;1;Adaptation;15;1;;;;;
13.7;-0.5;-0.5;4.294946;1;Adaptation;15;1;;;;;
13.72;-0.5;-0.5;5.55303;1;Adaptation;15;1;;;;;
13.74;-0.5;-0.5;3.19489;1;Adaptation;15;1;;;;;
13.76;-0.5;-0.5;3.922561;1;Adaptation;15;1;;;;;
13.78;0;0;5.915903;1;Adaptation;15;1;;;;;
13.8;-0.5;-0.5;2.779673;1;Adaptation;15;1;;;;;
13.82;-0.5;-0.5;2.197181;1;Adaptation;15;1;;;;;
13.84;-0.5;-0.5;3.975551;1;Adaptation;15;1;;;;;
13.86;-0.5;-0.5;2.386248;1;Adaptation;15;1;;;;;
13.88;0;0.125;2.942139;1;Adaptation;15;1;;;;;
13.9;0;0.3125;3.889572;1;Adaptation;15;1;;;;;
13.92;-0.5;-0.5;3.781449;1;Adaptation;15;1;;;;;
13.94;-0.5;-0.5;4.288312;1;Adaptation;15;1;;;;;
13.96;-0.5;-0.5;3.265558;1;Adaptation;15;1;;;;;
13.98;-0.5;-0.5;3.693258;1;Adaptation;15;1;;;;;
14;-0.5;-0.5;4.38757;1;Adaptation;15;1;;;;;
14.02;-0.5;-0.5;5.686871;1;Adaptation;15;1;;;;;
14.04;2;0;5.779638;1;Adaptation;15;1;;;;;
14.06;-0.5;-0.5;3.824198;1;Adaptation;15;1;;;;;
14.08;-0.5;-0.5;5.991952;1;Adaptation;15;1;;;;;
14.1;-0.5;-0.5;4.623308;1;Adaptation;15;1;;;;;
14.12;-0.5;-0.5;5.9781;1;Adaptation;15;1;;;;;
14.14;0;0;3.075966;1;Adaptation;15;1;;;;;
14.16;-0.5;-0.5;5.34313;1;Adaptation;15;1;;;;;
14.18;-0.5;-0.5;4.279469;1;Adaptation;15;1;;;;;
14.2;-0.5;-0.5;2.879809;1;Adaptation;15;1;;;;;
14.22;-0.5;-0.5;4.408827;1;Adaptation;15;1;;;;;
14.24;-0.5;-0.5;4.198057;1;Adaptation;15;1;;;;;
14.26;-0.5;-0.5;3.062473;1;Adaptation;15;1;;;;;
14.28;-0.5;-0.5;4.641057;1;Adaptation;15;1;;;;;
14.3;-0.5;-0.5;2.51383;1;Adaptation;15;1;;;;;
14.32;-0.5;-0.5;2.541071;1;Adaptation;15;1;;;;;
14.34;-0.5;-0.5;2.010845;1;Adaptation;15;1;;;;;
14.36;-0.5;-0.5;3.656872;1;Adaptation;15;1;;;;;
14.38;-0.5;-0.5;5.847717;1;Adaptation;15;1;;;;;
14.4;0;0;3.324836;1;Adaptation;15;1;;;;;
14.42;-0.5;-0.5;4.414439;1;Adaptation;15;1;;;;;
14.44;-0.5;-0.5;5.13145;1;Adaptation;15;1;;;;;
14.46;-0.5;-0.5;4.463466;1;Adaptation;15;1;;;;;
14.48;-0.5;-0.5;5.745697;1;Adaptation;15;1;;;;;
14.5;-0.5;-0.5;3.21269;1;Adaptation;15;1;;;;;
14.52;0;0;2.320137;1;Adaptation;15;1;;;;;
14.54;-0.5;-0.5;4.495893;1;Adaptation;15;1;;;;;
14.56;0;-0.0625;3.585332;1;Adaptation;15;1;;;;;
14.58;-0.5;-0.5;5.476863;1;Adaptation;15;1;;;;;
14.6;-0.5;-0.5;5.182981;1;Adaptation;15;1;;;;;
14.62;-0.5;-0.5;3.821286;1;Adaptation;15;1;;;;;
14.64;-0.5;-0.5;3.64782;1;Adaptation;15;1;;;;;
14.66;-0.5;-0.5;5.035017;1;Adaptation;15;1;;;;;
14.68;-0.5;-0.5;3.108456;1;Adaptation;15;1;;;;;
14.7;-0.5;-0.5;5.179158;1;Adaptation;15;1;;;;;
14.72;-2;-0.1875;2.674228;1;Adaptation;15;1;;;;;
14.74;-0.5;-0.5;2.406651;1;Adaptation;15;1;;;;;
14.76;-0.5;-0.5;2.704566;1;Adaptation;15;1;;;;;
14.78;-0.5;-0.5;4.685835;1;Adaptation;15;1;;;;;
14.8;-0.5;-0.5;3.841956;1;Adaptation;15;1;;;;;
14.82;-0.5;-0.5;2.747447;1;Adaptation;15;1;;;;;
14.84;-0.5;-0.5;2.718075;1;Adaptation;15;1;;;;;
14.86;-0.5;-0.5;4.350108;1;Adaptation;15;1;;;;;
14.88;-0.5;-0.5;4.834888;1;Adaptation;15;1;;;;;
14.9;-0.5;-0.5;5.802406;1;Adaptation;15;1;;;;;
14.92;-0.5;-0.5;2.642916;1;Adaptation;15;1;;;;;
14.94;-0.5;-0.5;2.352344;1;Adaptation;15;1;;;;;
14.96;-0.5;-0.5;3.696552;1;Adaptation;15;1;;;;;
14.98;-0.5;-0.5;2.458771;1;Adaptation;15;1;;;;;
15;-0.5;-0.5;3.390121;1;Adaptation;15;1;;;;;
15.02;0;-0.125;4.201151;1;Adaptation;15;1;;;;;
15.04;-0.5;-0.5;3.052238;1;Adaptation;15;1;;;;;
15.06;2;0.125;5.017227;1;Adaptation;15;1;;;;;
15.08;0;0;5.884157;1;Adaptation;15;1;;;;;
15.1;-0.5;-0.5;2.888738;1;Adaptation;15;1;;;;;
15.12;-0.5;-0.5;2.943823;1;Adaptation;15;1;;;;;
15.14;-0.5;-0.5;5.057302;1;Adaptation;15;1;;;;;
15.16;-0.5;-0.5;4.056702;1;Adaptation;15;1;;;;;
15.18;-2;0.1875;3.795078;1;Adaptation;15;1;;;;;
15.2;-0.5;-0.5;5.998439;1;Adaptation;15;1;;;;;
15.22;0;0;5.46283;1;Adaptation;15;1;;;;;
15.24;-0.5;-0.5;5.74021;1;Adaptation;15;1;;;;;
15.26;0;-0.0625;5.322651;1;Adaptation;15;1;;;;;
15.28;-0.5;-0.5;2.794719;1;Adaptation;15;1;;;;;
15.3;-0.5;-0.5;3.021741;1;Adaptation;15;1;;;;;
15.32;-0.5;-0.5;5.975294;1;Adaptation;15;1;;;;;
15.34;-0.5;-0.5;5.533338;1;Adaptation;15;1;;;;;
15.36;-0.5;-0.5;3.466367;1;Adaptation;15;1;;;;;
15.38;-0.5;-0.5;3.479352;1;Adaptation;15;1;;;;;
15.4;-0.5;-0.5;3.944449;1;Adaptation;15;1;;;;;
15.42;-0.5;-0.5;2.884003;1;Adaptation;15;1;;;;;
15.44;-0.5;-0.5;2.85202;1;Adaptation;15;1;;;;;
15.46;-0.5;-0.5;5.248096;1;Adaptation;15;1;;;;;
15.48;0;0;2.684293;1;Adaptation;15;1;;;;;
15.5;-0.5;-0.5;3.399417;1;Adaptation;15;1;;;;;
15.52;0;0.0625;3.277206;1;Adaptation;15;1;;;;;
15.54;-0.5;-0.5;2.722561;1;Adaptation;15;1;;;;;
15.56;0;0.0625;5.913949;1;Adaptation;15;1;;;;;
15.58;-0.5;-0.5;4.741173;1;Adaptation;15;1;;;;;
15.6;-0.5;-0.5;4.924527;1;Adaptation;15;1;;;;;
15.62;-0.5;-0.5;2.003649;1;Adaptation;15;1;;;;;
15.64;-0.5;-0.5;5.159197;1;Adaptation;15;1;;;;;
15.66;0;0.125;4.358974;1;Adaptation;15;1;;;;;
15.68;-2;-0.0625;5.535052;1;Adaptation;15;1;;;;;
15.7;-0.5;-0.5;3.793699;1;Adaptation;15;1;;;;;
15.72;-0.5;-0.5;4.06455;1;Adaptation;15;1;;;;;
15.74;-0.5;-0.5;4.146111;1;Adaptation;15;1;;;;;
15.76;-0.5;-0.5;3.215399;1;Adaptation;15;1;;;;;
15.78;-0.5;-0.5;2.700363;1;Adaptation;15;1;;;;;
15.8;-0.5;-0.5;5.323873;1;Adaptation;15;1;;;;;
15.82;-0.5;-0.5;5.493266;1;Adaptation;15;1;;;;;
15.84;-2;-0.1875;5.122517;1;Adaptation;15;1;;;;;
15.86;-0.5;-0.5;4.164489;1;Adaptation;15;1;;;;;
15.88;2;0.1875;4.828226;1;Adaptation;15;1;;;;;
15.9;-0.5;-0.5;5.397418;1;Adaptation;15;1;;;;;
15.92;-0.5;-0.5;3.357555;1;Adaptation;15;1;;;;;
15.94;-0.5;-0.5;2.230315;1;Adaptation;15;1;;;;;
15.96;-0.5;-0.5;5.765068;1;Adaptation;15;1;;;;;
15.98;-0.5;-0.5;2.904977;1;Adaptation;15;1;;;;;
16;-0.5;-0.5;2.352765;1;Adaptation;15;1;;;;;
16.02;-0.5;-0.5;2.956656;1;Adaptation;15;1;;;;;
16.04;2;0;4.257389;1;Adaptation;15;1;;;;;
16.06;-0.5;-0.5;4.867152;1;Adaptation;15;1;;;;;
16.08;-0.5;-0.5;5.055741;1;Adaptation;15;1;;;;;
16.1;-0.5;-0.5;2.605338;1;Adaptation;15;1;;;;;
16.12;-2;-0.0625;5.131777;1;Adaptation;15;1;;;;;
16.14;-0.5;-0.5;2.379652;1;Adaptation;15;1;;;;;
16.16;-0.5;-0.5;4.999838;1;Adaptation;15;1;;;;;
16.18;-2;0;3.61467;1;Adaptation;15;1;;;;;
16.2;-2;-0.0625;2.86815;1;Adaptation;15;1;;;;;
16.22;-0.5;-0.5;5.129495;1;Adaptation;15;1;;;;;
16.24;-0.5;-0.5;2.445787;1;Adaptation;15;1;;;;;
16.26;-0.5;-0.5;5.347196;1;Adaptation;15;1;;;;;
16.28;0;0;3.47331;1;Adaptation;15;1;;;;;
16.3;0;-0.125;5.692142;1;Adaptation;15;1;;;;;
16.32;-0.5;-0.5;3.302509;1;Adaptation;15;1;;;;;
16.34;-0.5;-0.5;5.743704;1;Adaptation;15;1;;;;;
16.36;0;0;2.114242;1;Adaptation;15;1;;;;;
16.38;-0.5;-0.5;5.403704;1;Adaptation;15;1;;;;;
16.4;-0.5;-0.5;4.275504;1;Adaptation;15;1;;;;;
16.42;-0.5;-0.5;5.904979;1;Adaptation;15;1;;;;;
16.44;-0.5;-0.5;4.647646;1;Adaptation;15;1;;;;;
16.46;0;-0.3125;3.970636;1;Adaptation;15;1;;;;;
16.48;-0.5;-0.5;5.167381;1;Adaptation;15;1;;;;;
16.5;2;-0.125;3.140207;1;Adaptation;15;1;;;;;
16.52;-0.5;-0.5;5.845976;1;Adaptation;15;1;;;;;
16.54;0;0.125;2.43961;1;Adaptation;15;1;;;;;
16.56;-0.5;-0.5;3.823124;1;Adaptation;15;1;;;;;
16.58;-0.5;-0.5;2.994176;1;Adaptation;15;1;;;;;
16.6;0;0.125;4.766239;1;Adaptation;15;1;;;;;
16.62;0;-0.125;5.528279;1;Adaptation;15;1;;;;;
16.64;-0.5;-0.5;5.453286;1;Adaptation;15;1;;;;;
16.66;-0.5;-0.5;4.438356;1;Adaptation;15;1;;;;;
16.68;-0.5;-0.5;2.194421;1;Adaptation;15;1;;;;;
16.7;2;0;5.443892;1;Adaptation;15;1;;;;;
16.72;-0.5;-0.5;4.795105;1;Adaptation;15;1;;;;;
16.74;-2;0.0625;2.369247;1;Adaptation;15;1;;;;;
16.76;-0.5;-0.5;4.952019;1;Adaptation;15;1;;;;;
16.78;-0.5;-0.5;5.801012;1;Adaptation;15;1;;;;;
16.8;-0.5;-0.5;2.062099;1;Adaptation;15;1;;;;;
16.82;-0.5;-0.5;4.040072;1;Adaptation;15;1;;;;;
16.84;-0.5;-0.5;3.851808;1;Adaptation;15;1;;;;;
16.86;0;0;3.14523;1;Adaptation;15;1;;;;;
16.88;-0.5;-0.5;5.294862;1;Adaptation;15;1;;;;;
16.9;-0.5;-0.5;3.929411;1;Adaptation;15;1;;;;;
16.92;0;-0.1875;4.352364;1;Adaptation;15;1;;;;;
16.94;-0.5;-0.5;4.311271;1;Adaptation;15;1;;;;;
16.96;-0.5;-0.5;4.786762;1;Adaptation;15;1;;;;;
16.98;2;-0.0625;3.331678;1;Adaptation;15;1;;;;;
17;-0.5;-0.5;4.532135;1;Adaptation;15;1;;;;;
17.02;-0.5;-0.5;5.255282;1;Adaptation;15;1;;;;;
17.04;-0.5;-0.5;3.197949;1;Adaptation;15;1;;;;;
17.06;-0.5;-0.5;3.827337;1;Adaptation;15;1;;;;;
17.08;-0.5;-0.5;2.225092;1;Adaptation;15;1;;;;;
17.1;-0.5;-0.5;3.435574;1;Adaptation;15;1;;;;;
17.12;0;0.0625;5.805101;1;Adaptation;15;1;;;;;
17.14;-0.5;-0.5;5.42062;1;Adaptation;15;1;;;;;
17.16;-0.5;-0.5;5.911307;1;Adaptation;15;1;;;;;
17.18;-0.5;-0.5;3.403223;1;Adaptation;15;1;;;;;
17.2;0;-0.0625;3.994908;1;Adaptation;15;1;;;;;
17.22;0;-0.125;4.575749;1;Adaptation;15;1;;;;;
17.24;-0.5;-0.5;3.237097;1;Adaptation;15;1;;;;;
17.26;-0.5;-0.5;4.689294;1;Adaptation;15;1;;;;;
17.28;-0.5;-0.5;3.000263;1;Adaptation;15;1;;;;;
17.3;2;0.0625;2.902516;1;Adaptation;15;1;;;;;
17.32;2;0;5.37861;1;Adaptation;15;1;;;;;
17.34;-0.5;-0.5;5.368181;1;Adaptation;15;1;;;;;
17.36;-0.5;-0.5;3.268177;1;Adaptation;15;1;;;;;
17.38;0;0;2.360811;1;Adaptation;15;1;;;;;
17.4;0;0.0625;3.963503;1;Adaptation;15;1;;;;;
17.42;-0.5;-0.5;2.040583;1;Adaptation;15;1;;;;;
17.44;-0.5;-0.5;3.077697;1;Adaptation;15;1;;;;;
17.46;-0.5;-0.5;4.666101;1;Adaptation;15;1;;;;;
17.48;0;-0.0625;3.43578;1;Adaptation;15;1;;;;;
17.5;-0.5;-0.5;2.347348;1;Adaptation;15;1;;;;;
17.52;-0.5;-0.5;3.367859;1;Adaptation;15;1;;;;;
17.54;-0.5;-0.5;5.930716;1;Adaptation;15;1;;;;;
17.56;-0.5;-0.5;2.8455;1;Adaptation;15;1;;;;;
17.58;-0.5;-0.5;2.000737;1;Adaptation;15;1;;;;;
17.6;0;0.0625;5.105074;1;Adaptation;15;1;;;;;
17.62;-0.5;-0.5;3.82103;1;Adaptation;15;1;;;;;
17.64;-0.5;-0.5;2.274845;1;Adaptation;15;1;;;;;
17.66;-0.5;-0.5;4.758405;1;Adaptation;15;1;;;;;
17.68;-0.5;-0.5;3.981125;1;Adaptation;15;1;;;;;
17.7;-0.5;-0.5;4.437681;1;Adaptation;15;1;;;;;
17.72;-0.5;-0.5;2.290933;1;Adaptation;15;1;;;;;
17.74;-0.5;-0.5;2.545402;1;Adaptation;15;1;;;;;
17.76;-0.5;-0.5;2.968672;1;Adaptation;15;1;;;;;
17.78;-0.5;-0.5;4.20744;1;Adaptation;15;1;;;;;
17.8;0;0;4.060813;1;Adaptation;15;1;;;;;
17.82;-0.5;-0.5;2.929541;1;Adaptation;15;1;;;;;
17.84;2;-0.25;4.917318;1;Adaptation;15;1;;;;;
17.86;-0.5;-0.5;3.215372;1;Adaptation;15;1;;;;;
17.88;0;-0.125;3.89636;1;Adaptation;15;1;;;;;
17.9;2;-0.0625;5.116489;1;Adaptation;15;1;;;;;
17.92;-0.5;-0.5;4.801284;1;Adaptation;15;1;;;;;
17.94;-0.5;-0.5;5.868118;1;Adaptation;15;1;;;;;
17.96;-0.5;-0.5;3.221739;1;Adaptation;15;1;;;;;
17.98;-0.5;-0.5;2.668218;1;Adaptation;15;1;;;;;
18;-0.5;-0.5;2.466691;1;Adaptation;15;1;;;;;
18.02;-0.5;-0.5;4.693269;1;Adaptation;15;1;;;;;
18.04;-0.5;-0.5;4.607929;1;Adaptation;15;1;;;;;
18.06;-0.5;-0.5;2.921033;1;Adaptation;15;1;;;;;
18.08;0;0;2.419421;1;Adaptation;15;1;;;;;
18.1;-0.5;-0.5;5.363722;1;Adaptation;15;1;;;;;
18.12;-0.5;-0.5;2.206979;1;Adaptation;15;1;;;;;
18.14;-2;0.0625;3.003502;1;Adaptation;15;1;;;;;
18.16;-0.5;-0.5;5.988777;1;Adaptation;15;1;;;;;
18.18;-0.5;-0.5;4.606231;1;Adaptation;15;1;;;;;
18.2;2;0;5.447279;1;Adaptation;15;1;;;;;
18.22;-0.5;-0.5;3.681825;1;Adaptation;15;1;;;;;
18.24;-0.5;-0.5;2.974971;1;Adaptation;15;1;;;;;
18.26;-0.5;-0.5;3.433923;1;Adaptation;15;1;;;;;
18.28;-0.5;-0.5;3.458158;1;Adaptation;15;1;;;;;
18.3;0;0.1875;3.860358;1;Adaptation;15;1;;;;;
18.32;-0.5;-0.5;3.147645;1;Adaptation;15;1;;;;;
18.34;-0.5;-0.5;3.877498;1;Adaptation;15;1;;;;;
18.36;-2;-0.0625;3.887218;1;Adaptation;15;1;;;;;
18.38;-0.5;-0.5;2.804739;1;Adaptation;15;1;;;;;
18.4;-0.5;-0.5;4.698576;1;Adaptation;15;1;;;;;
18.42;-0.5;-0.5;5.691605;1;Adaptation;15;1;;;;;
18.44;-0.5;-0.5;4.700595;1;Adaptation;15;1;;;;;
18.46;-0.5;-0.5;5.410642;1;Adaptation;15;1;;;;;
18.48;0;-0.0625;5.791309;1;Adaptation;15;1;;;;;
18.5;2;-0.0625;3.504741;1;Adaptation;15;1;;;;;
18.52;-0.5;-0.5;5.340834;1;Adaptation;15;1;;;;;
18.54;-0.5;-0.5;3.902572;1;Adaptation;15;1;;;;;
18.56;-0.5;-0.5;4.444537;1;Adaptation;15;1;;;;;
18.58;-0.5;-0.5;4.479466;1;Adaptation;15;1;;;;;
18.6;-0.5;-0.5;4.565171;1;Adaptation;15;1;;;;;
18.62;-0.5;-0.5;5.43541;1;Adaptation;15;1;;;;;
18.64;-2;0.0625;2.999118;1;Adaptation;15;1;;;;;
18.66;-0.5;-0.5;5.375011;1;Adaptation;15;1;;;;;
18.68;-0.5;-0.5;2.597789;1;Adaptation;15;1;;;;;
18.7;-2;0;2.623783;1;Adaptation;15;1;;;;;
18.72;-2;0.125;3.156043;1;Adaptation;15;1;;;;;
18.74;-0.5;-0.5;5.55387;1;Adaptation;15;1;;;;;
18.76;-0.5;-0.5;5.603631;1;Adaptation;15;1;;;;;
18.78;-0.5;-0.5;5.445656;1;Adaptation;15;1;;;;;
18.8;0;-0.1875;3.491337;1;Adaptation;15;1;;;;;
18.82;-0.5;-0.5;2.146491;1;Adaptation;15;1;;;;;
18.84;-0.5;-0.5;4.868509;1;Adaptation;15;1;;;;;
18.86;0;-0.0625;2.306475;1;Adaptation;15;1;;;;;
18.88;-0.5;-0.5;2.035968;1;Adaptation;15;1;;;;;
18.9;-0.5;-0.5;4.029071;1;Adaptation;15;1;;;;;
18.92;-0.5;-0.5;5.764506;1;Adaptation;15;1;;;;;
18.94;0;0.125;3.274303;1;Adaptation;15;1;;;;;
18.96;-0.5;-0.5;3.139853;1;Adaptation;15;1;;;;;
18.98;-0.5;-0.5;3.157635;1;Adaptation;15;1;;;;;
19;2;-0.0625;2.400439;1;Adaptation;15;1;;;;;
19.02;2;0;4.009111;1;Adaptation;15;1;;;;;
19.04;-0.5;-0.5;3.212551;1;Adaptation;15;1;;;;;
19.06;-0.5;-0.5;3.08293;1;Adaptation;15;1;;;;;
19.08;0;-0.125;2.784051;1;Adaptation;15;1;;;;;
19.1;2;0;2.05282;1;Adaptation;15;1;;;;;
19.12;0;0.1875;2.672618;1;Adaptation;15;1;;;;;
19.14;2;0;3.838082;1;Adaptation;15;1;;;;;
19.16;-0.5;-0.5;2.536518;1;Adaptation;15;1;;;;;
19.18;-0.5;-0.5;4.34992;1;Adaptation;15;1;;;;;
19.2;-0.5;-0.5;2.897805;1;Adaptation;15;1;;;;;
19.22;-0.5;-0.5;4.456841;1;Adaptation;15;1;;;;;
19.24;0;0.125;5.661949;1;Adaptation;15;1;;;;;
19.26;-0.5;-0.5;2.31085;1;Adaptation;15;1;;;;;
19.28;-0.5;-0.5;4.53343;1;Adaptation;15;1;;;;;
19.3;-0.5;-0.5;4.655562;1;Adaptation;15;1;;;;;
19.32;-0.5;-0.5;4.62061;1;Adaptation;15;1;;;;;
19.34;0;-0.125;4.010081;1;Adaptation;15;1;;;;;
19.36;2;-0.125;2.573628;1;Adaptation;15;1;;;;;
19.38;0;0;3.496316;1;Adaptation;15;1;;;;;
19.4;-0.5;-0.5;2.634446;1;Adaptation;15;1;;;;;
19.42;0;-0.0625;4.668122;1;Adaptation;15;1;;;;;
19.44;-0.5;-0.5;3.880937;1;Adaptation;15;1;;;;;
19.46;-0.5;-0.5;3.948134;1;Adaptation;15;1;;;;;
19.48;-0.5;-0.5;5.739306;1;Adaptation;15;1;;;;;
19.5;-0.5;-0.5;4.155358;1;Adaptation;15;1;;;;;
19.52;-0.5;-0.5;2.99009;1;Adaptation;15;1;;;;;
19.54;-0.5;-0.5;3.1504;1;Adaptation;15;1;;;;;
19.56;-0.5;-0.5;4.424968;1;Adaptation;15;1;;;;;
19.58;0;0.1875;4.751008;1;Adaptation;15;1;;;;;
19.6;-0.5;-0.5;4.857416;1;Adaptation;15;1;;;;;
19.62;-0.5;-0.5;3.36167;1;Adaptation;15;1;;;;;
19.64;-0.5;-0.5;3.526889;1;Adaptation;15;1;;;;;
19.66;-0.5;-0.5;3.146712;1;Adaptation;15;1;;;;;
19.68;-0.5;-0.5;4.638151;1;Adaptation;15;1;;;;;
19.7;-0.5;-0.5;3.940393;1;Adaptation;15;1;;;;;
19.72;-0.5;-0.5;3.077497;1;Adaptation;15;1;;;;;
19.74;-0.5;-0.5;2.506088;1;Adaptation;15;1;;;;;
19.76;0;0.0625;2.512305;1;Adaptation;15;1;;;;;
19.78;-0.5;-0.5;2.31294;1;Adaptation;15;1;;;;;
19.8;0;-0.0625;3.476796;1;Adaptation;15;1;;;;;
19.82;-0.5;-0.5;4.546013;1;Adaptation;15;1;;;;;
19.84;-0.5;-0.5;3.667862;1;Adaptation;15;1;;;;;
19.86;-0.5;-0.5;5.70498;1;Adaptation;15;1;;;;;
19.88;-0.5;-0.5;2.430566;1;Adaptation;15;1;;;;;
19.9;-0.5;-0.5;5.748453;1;Adaptation;15;1;;;;;
19.92;-0.5;-0.5;5.729965;1;Adaptation;15;1;;;;;
19.94;-0.5;-0.5;2.848289;1;Adaptation;15;1;;;;;
19.96;-0.5;-0.5;5.94681;1;Adaptation;15;1;;;;;
19.98;0;0.0625;3.157416;1;Adaptation;15;1;;;;;
20;-2;-0.1875;4.790328;1;Adaptation;15;1;;;;;
20.02;0;0.3125;4.877755;1;Adaptation;15;1;;;;;
20.04;2;-0.0625;4.673334;1;Adaptation;15;1;;;;;
20.06;-0.5;-0.5;5.341664;1;Adaptation;15;1;;;;;
20.08;-0.5;-0.5;2.150838;1;Adaptation;15;1;;;;;
20.1;-0.5;-0.5;4.563684;1;Adaptation;15;1;;;;;
20.12;-0.5;-0.5;5.998179;1;Adaptation;15;1;;;;;
20.14;0;-0.125;3.746043;1;Adaptation;15;1;;;;;
20.16;0;0;2.116724;1;Adaptation;15;1;;;;;
20.18;-0.5;-0.5;4.194736;1;Adaptation;15;1;;;;;
20.2;2;0;3.203529;1;Adaptation;15;1;;;;;
20.22;-0.5;-0.5;4.535449;1;Adaptation;15;1;;;;;
20.24;-0.5;-0.5;3.165951;1;Adaptation;15;1;;;;;
20.26;-0.5;-0.5;5.19413;1;Adaptation;15;1;;;;;
20.28;-0.5;-0.5;4.005779;1;Adaptation;15;1;;;;;
20.3;-0.5;-0.5;3.321386;1;Adaptation;15;1;;;;;
20.32;-0.5;-0.5;3.917672;1;Adaptation;15;1;;;;;
20.34;2;0;4.928506;1;Adaptation;15;1;;;;;
20.36;-0.5;-0.5;5.246838;1;Adaptation;15;1;;;;;
20.38;-0.5;-0.5;4.144917;1;Adaptation;15;1;;;;;
20.4;0;-0.0625;2.883797;1;Adaptation;15;1;;;;;
20.42;-0.5;-0.5;5.899748;1;Adaptation;15;1;;;;;
20.44;0;-0.1875;4.536622;1;Adaptation;15;1;;;;;
20.46;2;0;4.820174;1;Adaptation;15;1;;;;;
20.48;-0.5;-0.5;2.654504;1;Adaptation;15;1;;;;;
20.5;0;-0.125;2.187256;1;Adaptation;15;1;;;;;
20.52;-0.5;-0.5;5.06315;1;Adaptation;15;1;;;;;
20.54;-0.5;-0.5;4.396393;1;Adaptation;15;1;;;;;
20.56;-0.5;-0.5;3.995004;1;Adaptation;15;1;;;;;
20.58;-2;-0.1875;5.353512;1;Adaptation;15;1;;;;;
20.6;-0.5;-0.5;5.710746;1;Adaptation;15;1;;;;;
20.62;-0.5;-0.5;3.600043;1;Adaptation;15;1;;;;;
20.64;-0.5;-0.5;5.80205;1;Adaptation;15;1;;;;;
20.66;-0.5;-0.5;5.892247;1;Adaptation;15;1;;;;;
20.68;-2;0.125;5.8042;1;Adaptation;15;1;;;;;
20.7;-0.5;-0.5;4.757252;1;Adaptation;15;1;;;;;
20.72;-0.5;-0.5;5.317819;1;Adaptation;15;1;;;;;
20.74;-0.5;-0.5;5.206199;1;Adaptation;15;1;;;;;
20.76;-0.5;-0.5;2.447512;1;Adaptation;15;1;;;;;
20.78;-0.5;-0.5;2.949224;1;Adaptation;15;1;;;;;
20.8;-0.5;-0.5;3.340184;1;Adaptation;15;1;;;;;
20.82;-0.5;-0.5;3.77361;1;Adaptation;15;1;;;;;
20.84;-0.5;-0.5;5.822422;1;Adaptation;15;1;;;;;
20.86;-0.5;-0.5;4.650225;1;Adaptation;15;1;;;;;
20.88;0;-0.125;4.286347;1;Adaptation;15;1;;;;;
20.9;-0.5;-0.5;5.459173;1;Adaptation;15;1;;;;;
20.92;-0.5;-0.5;5.834696;1;Adaptation;15;1;;;;;
20.94;-2;0;4.616529;1;Adaptation;15;1;;;;;
20.96;-0.5;-0.5;4.965034;1;Adaptation;15;1;;;;;
20.98;0;0.125;4.605144;1;Adaptation;15;1;;;;;
21;-0.5;-0.5;3.244964;1;Adaptation;15;1;;;;;
21.02;-0.5;-0.5;2.886414;1;Adaptation;15;1;;;;;
21.04;-0.5;-0.5;5.697347;1;Adaptation;15;1;;;;;
21.06;-0.5;-0.5;4.256293;1;Adaptation;15;1;;;;;
21.08;-0.5;-0.5;4.416957;1;Adaptation;15;1;;;;;
21.1;0;0.0625;2.182598;1;Adaptation;15;1;;;;;
21.12;-0.5;-0.5;2.36622;1;Adaptation;15;1;;;;;
21.14;-0.5;-0.5;4.257985;1;Adaptation;15;1;;;;;
21.16;-0.5;-0.5;5.969357;1;Adaptation;15;1;;;;;
21.18;0;0.1875;3.04681;1;Adaptation;15;1;;;;;
21.2;-0.5;-0.5;5.508675;1;Adaptation;15;1;;;;;
21.22;0;0.0625;5.240281;1;Adaptation;15;1;;;;;
21.24;-0.5;-0.5;3.800572;1;Adaptation;15;1;;;;;
21.26;-0.5;-0.5;5.841966;1;Adaptation;15;1;;;;;
21.28;0;0;2.452157;1;Adaptation;15;1;;;;;
21.3;-0.5;-0.5;3.770143;1;Adaptation;15;1;;;;;
21.32;-0.5;-0.5;4.204667;1;Adaptation;15;1;;;;;
21.34;-2;0;2.962056;1;Adaptation;15;1;;;;;
21.36;-0.5;-0.5;5.65736;1;Adaptation;15;1;;;;;
21.38;-0.5;-0.5;2.675078;1;Adaptation;15;1;;;;;
21.4;-0.5;-0.5;2.068173;1;Adaptation;15;1;;;;;
21.42;-0.5;-0.5;3.943654;1;Adaptation;15;1;;;;;
21.44;0;-0.0625;2.567235;1;Adaptation;15;1;;;;;
21.46;-0.5;-0.5;2.231825;1;Adaptation;15;1;;;;;
21.48;0;0;5.599263;1;Adaptation;15;1;;;;;
21.5;-0.5;-0.5;5.77083;1;Adaptation;15;1;;;;;
21.52;-0.5;-0.5;2.577543;1;Adaptation;15;1;;;;;
21.54;-0.5;-0.5;3.556885;1;Adaptation;15;1;;;;;
21.56;-0.5;-0.5;5.000761;1;Adaptation;15;1;;;;;
21.58;-0.5;-0.5;2.358374;1;Adaptation;15;1;;;;;
21.6;-0.5;-0.5;2.0783;1;Adaptation;15;1;;;;;
21.62;-2;-0.125;2.519586;1;Adaptation;15;1;;;;;
21.64;-0.5;-0.5;4.820135;1;Adaptation;15;1;;;;;
21.66;-0.5;-0.5;4.630906;1;Adaptation;15;1;;;;;
21.68;-0.5;-0.5;4.629394;1;Adaptation;15;1;;;;;
21.7;-0.5;-0.5;5.422215;1;Adaptation;15;1;;;;;
21.72;-0.5;-0.5;5.77607;1;Adaptation;15;1;;;;;
21.74;0;-0.0625;2.27795;1;Adaptation;15;1;;;;;
21.76;-0.5;-0.5;3.523627;1;Adaptation;15;1;;;;;
21.78;-0.5;-0.5;3.393853;1;Adaptation;15;1;;;;;
21.8;-0.5;-0.5;4.862137;1;Adaptation;15;1;;;;;
21.82;0;-0.25;3.610869;1;Adaptation;15;1;;;;;
21.84;-0.5;-0.5;4.334319;1;Adaptation;15;1;;;;;
21.86;0;-0.0625;3.001938;1;Adaptation;15;1;;;;;
21.88;-0.5;-0.5;2.442947;1;Adaptation;15;1;;;;;
21.9;0;-0.0625;4.987797;1;Adaptation;15;1;;;;;
21.92;2;0.125;4.669213;1;Adaptation;15;1;;;;;
21.94;-0.5;-0.5;3.965272;1;Adaptation;15;1;;;;;
21.96;-0.5;-0.5;3.522777;1;Adaptation;15;1;;;;;
21.98;-0.5;-0.5;4.687978;1;Adaptation;15;1;;;;;
22;-0.5;-0.5;4.950689;1;Adaptation;15;1;;;;;
22.02;-0.5;-0.5;2.637137;1;Adaptation;15;1;;;;;
22.04;-0.5;-0.5;3.236654;1;Adaptation;15;1;;;;;
22.06;-0.5;-0.5;4.844713;1;Adaptation;15;1;;;;;
22.08;-0.5;-0.5;5.833557;1;Adaptation;15;1;;;;;
22.1;-0.5;-0.5;5.737516;1;Adaptation;15;1;;;;;
22.12;-0.5;-0.5;4.558772;1;Adaptation;15;1;;;;;
22.14;-0.5;-0.5;4.205723;1;Adaptation;15;1;;;;;
22.16;-0.5;-0.5;4.916968;1;Adaptation;15;1;;;;;
22.18;-0.5;-0.5;4.221231;1;Adaptation;15;1;;;;;
22.2;-0.5;-0.5;4.859974;1;Adaptation;15;1;;;;;
22.22;-0.5;-0.5;4.106653;1;Adaptation;15;1;;;;;
22.24;-0.5;-0.5;5.082168;1;Adaptation;15;1;;;;;
22.26;-0.5;-0.5;5.185101;1;Adaptation;15;1;;;;;
22.28;0;0;5.076303;1;Adaptation;15;1;;;;;
22.3;0;0.0625;4.272515;1;Adaptation;15;1;;;;;
22.32;0;-0.0625;5.987919;1;Adaptation;15;1;;;;;
22.34;-0.5;-0.5;4.053096;1;Adaptation;15;1;;;;;
22.36;0;0.25;2.859343;1;Adaptation;15;1;;;;;
22.38;-0.5;-0.5;3.190492;1;Adaptation;15;1;;;;;
22.4;-0.5;-0.5;3.02354;1;Adaptation;15;1;;;;;
22.42;-0.5;-0.5;5.164805;1;Adaptation;15;1;;;;;
22.44;-0.5;-0.5;3.653694;1;Adaptation;15;1;;;;;
22.46;-0.5;-0.5;2.471125;1;Adaptation;15;1;;;;;
22.48;-0.5;-0.5;5.041458;1;Adaptation;15;1;;;;;
22.5;-0.5;-0.5;3.252288;1;Adaptation;15;1;;;;;
22.52;-0.5;-0.5;5.559661;1;Adaptation;15;1;;;;;
22.54;-0.5;-0.5;3.259285;1;Adaptation;15;1;;;;;
22.56;-0.5;-0.5;5.676571;1;Adaptation;15;1;;;;;
22.58;-0.5;-0.5;2.279487;1;Adaptation;15;1;;;;;
22.6;0;0.125;3.081925;1;Adaptation;15;1;;;;;
22.62;-0.5;-0.5;5.093975;1;Adaptation;15;1;;;;;
22.64;0;0.125;4.92942;1;Adaptation;15;1;;;;;
22.66;-0.5;-0.5;3.140183;1;Adaptation;15;1;;;;;
22.68;-0.5;-0.5;5.982933;1;Adaptation;15;1;;;;;
22.7;-0.5;-0.5;3.26675;1;Adaptation;15;1;;;;;
22.72;2;0.25;3.44246;1;Adaptation;15;1;;;;;
22.74;-0.5;-0.5;4.218568;1;Adaptation;15;1;;;;;
22.76;-0.5;-0.5;4.180853;1;Adaptation;15;1;;;;;
22.78;-0.5;-0.5;4.47677;1;Adaptation;15;1;;;;;
22.8;-0.5;-0.5;3.882861;1;Adaptation;15;1;;;;;
22.82;0;-0.0625;2.227991;1;Adaptation;15;1;;;;;
22.84;-0.5;-0.5;2.886005;1;Adaptation;15;1;;;;;
22.86;-0.5;-0.5;2.569351;1;Adaptation;15;1;;;;;
22.88;-0.5;-0.5;3.656079;1;Adaptation;15;1;;;;;
22.9;-0.5;-0.5;5.592698;1;Adaptation;15;1;;;;;
22.92;-0.5;-0.5;5.345829;1;Adaptation;15;1;;;;;
22.94;0;0.125;2.101719;1;Adaptation;15;1;;;;;
22.96;-0.5;-0.5;5.723315;1;Adaptation;15;1;;;;;
22.98;-0.5;-0.5;2.97079;1;Adaptation;15;1;;;;;
23;-0.5;-0.5;4.575068;1;Adaptation;15;1;;;;;
23.02;-2;0.0625;5.25231;1;Adaptation;15;1;;;;;
23.04;-0.5;-0.5;2.206234;1;Adaptation;15;1;;;;;
23.06;-0.5;-0.5;4.385746;1;Adaptation;15;1;;;;;
23.08;-0.5;-0.5;2.826565;1;Adaptation;15;1;;;;;
23.1;-0.5;-0.5;5.554534;1;Adaptation;15;1;;;;;
23.12;-0.5;-0.5;2.439494;1;Adaptation;15;1;;;;;
23.14;-0.5;-0.5;2.364631;1;Adaptation;15;1;;;;;
23.16;-0.5;-0.5;3.835502;1;Adaptation;15;1;;;;;
23.18;-0.5;-0.5;5.514388;1;Adaptation;15;1;;;;;
23.2;-0.5;-0.5;4.082162;1;Adaptation;15;1;;;;;
23.22;-0.5;-0.5;3.913416;1;Adaptation;15;1;;;;;
23.24;2;-0.125;4.542797;1;Adaptation;15;1;;;;;
23.26;-0.5;-0.5;3.075688;1;Adaptation;15;1;;;;;
23.28;-0.5;-0.5;5.94352;1;Adaptation;15;1;;;;;
23.3;-0.5;-0.5;3.083177;1;Adaptation;15;1;;;;;
23.32;-0.5;-0.5;3.74254;1;Adaptation;15;1;;;;;
23.34;-0.5;-0.5;3.174433;1;Adaptation;15;1;;;;;
23.36;-0.5;-0.5;3.975601;1;Adaptation;15;1;;;;;
23.38;-2;0.3125;3.200727;1;Adaptation;15;1;;;;;
23.4;-0.5;-0.5;2.698886;1;Adaptation;15;1;;;;;
23.42;-0.5;-0.5;4.808912;1;Adaptation;15;1;;;;;
23.44;0;0.125;3.682216;1;Adaptation;15;1;;;;;
23.46;0;0;2.32359;1;Adaptation;15;1;;;;;
23.48;-0.5;-0.5;4.749649;1;Adaptation;15;1;;;;;
23.5;-0.5;-0.5;2.821393;1;Adaptation;15;1;;;;;
23.52;0;0.0625;4.76006;1;Adaptation;15;1;;;;;
23.54;-2;-0.125;2.460974;1;Adaptation;15;1;;;;;
23.56;-0.5;-0.5;3.650653;1;Adaptation;15;1;;;;;
23.58;-0.5;-0.5;5.101918;1;Adaptation;15;1;;;;;
23.6;-0.5;-0.5;2.691639;1;Adaptation;15;1;;;;;
23.62;-0.5;-0.5;5.369568;1;Adaptation;15;1;;;;;
23.64;0;-0.0625;3.359751;1;Adaptation;15;1;;;;;
23.66;-0.5;-0.5;3.017805;1;Adaptation;15;1;;;;;
23.68;-0.5;-0.5;4.548789;1;Adaptation;15;1;;;;;
23.7;-0.5;-0.5;3.930055;1;Adaptation;15;1;;;;;
23.72;2;0.0625;5.59134;1;Adaptation;15;1;;;;;
23.74;0;-0.125;2.99454;1;Adaptation;15;1;;;;;
23.76;-0.5;-0.5;5.426311;1;Adaptation;15;1;;;;;
23.78;-0.5;-0.5;3.242728;1;Adaptation;15;1;;;;;
23.8;-0.5;-0.5;4.738078;1;Adaptation;15;1;;;;;
23.82;-0.5;-0.5;4.658712;1;Adaptation;15;1;;;;;
23.84;0;0.125;2.245277;1;Adaptation;15;1;;;;;
23.86;-0.5;-0.5;2.640821;1;Adaptation;15;1;;;;;
23.88;-0.5;-0.5;4.395941;1;Adaptation;15;1;;;;;
23.9;-0.5;-0.5;5.06224;1;Adaptation;15;1;;;;;
23.92;-0.5;-0.5;3.675455;1;Adaptation;15;1;;;;;
23.94;-0.5;-0.5;3.867561;1;Adaptation;15;1;;;;;
23.96;-0.5;-0.5;5.879045;1;Adaptation;15;1;;;;;
23.98;-0.5;-0.5;4.127827;1;Adaptation;15;1;;;;;
24;-0.5;-0.5;2.890556;1;Adaptation;15;1;;;;;
24.02;0;-0.0625;2.519752;1;Adaptation;15;1;;;;;
24.04;-0.5;-0.5;2.377936;1;Adaptation;15;1;;;;;
24.06;-0.5;-0.5;3.064703;1;Adaptation;15;1;;;;;
24.08;-0.5;-0.5;3.334673;1;Adaptation;15;1;;;;;
24.1;-0.5;-0.5;4.627416;1;Adaptation;15;1;;;;;
24.12;-0.5;-0.5;2.313273;1;Adaptation;15;1;;;;;
24.14;-0.5;-0.5;2.079799;1;Adaptation;15;1;;;;;
24.16;-0.5;-0.5;5.18517;1;Adaptation;15;1;;;;;
24.18;-0.5;-0.5;2.311067;1;Adaptation;15;1;;;;;
24.2;-0.5;-0.5;5.986551;1;Adaptation;15;1;;;;;
24.22;-2;0.125;3.948891;1;Adaptation;15;1;;;;;
24.24;-0.5;-0.5;2.345368;1;Adaptation;15;1;;;;;
24.26;-0.5;-0.5;4.113088;1;Adaptation;15;1;;;;;
24.28;2;-0.125;4.124962;1;Adaptation;15;1;;;;;
24.3;2;0;4.08443;1;Adaptation;15;1;;;;;
24.32;-0.5;-0.5;3.761061;1;Adaptation;15;1;;;;;
24.34;0;0;2.61664;1;Adaptation;15;1;;;;;
24.36;-0.5;-0.5;2.397014;1;Adaptation;15;1;;;;;
24.38;-0.5;-0.5;2.158087;1;Adaptation;15;1;;;;;
24.4;-0.5;-0.5;2.112476;1;Adaptation;15;1;;;;;
24.42;-0.5;-0.5;3.097784;1;Adaptation;15;1;;;;;
24.44;-0.5;-0.5;3.874344;1;Adaptation;15;1;;;;;
24.46;0;0.0625;4.676658;1;Adaptation;15;1;;;;;
24.48;-0.5;-0.5;2.776528;1;Adaptation;15;1;;;;;
24.5;-0.5;-0.5;5.096879;1;Adaptation;15;1;;;;;
24.52;-0.5;-0.5;2.985689;1;Adaptation;15;1;;;;;
24.54;-0.5;-0.5;5.228024;1;Adaptation;15;1;;;;;
24.56;-0.5;-0.5;4.026999;1;Adaptation;15;1;;;;;
24.58;0;0;2.90945;1;Adaptation;15;1;;;;;
24.6;-0.5;-0.5;4.259569;1;Adaptation;15;1;;;;;
24.62;-0.5;-0.5;2.576499;1;Adaptation;15;1;;;;;
24.64;0;0.0625;3.196663;1;Adaptation;15;1;;;;;
24.66;-0.5;-0.5;4.675819;1;Adaptation;15;1;;;;;
24.68;-0.5;-0.5;3.910046;1;Adaptation;15;1;;;;;
24.7;-0.5;-0.5;3.106758;1;Adaptation;15;1;;;;;
24.72;-0.5;-0.5;4.491223;1;Adaptation;15;1;;;;;
24.74;0;-0.1875;4.827356;1;Adaptation;15;1;;;;;
24.76;-0.5;-0.5;5.457848;1;Adaptation;15;1;;;;;
24.78;-0.5;-0.5;2.991261;1;Adaptation;15;1;;;;;
24.8;-0.5;-0.5;5.09208;1;Adaptation;15;1;;;;;
24.82;-0.5;-0.5;4.323555;1;Adaptation;15;1;;;;;
24.84;-0.5;-0.5;3.247146;1;Adaptation;15;1;;;;;
24.86;-0.5;-0.5;3.627039;1;Adaptation;15;1;;;;;
24.88;-2;0.125;5.950916;1;Adaptation;15;1;;;;;
24.9;-0.5;-0.5;3.622359;1;Adaptation;15;1;;;;;
24.92;-0.5;-0.5;2.372976;1;Adaptation;15;1;;;;;
24.94;-0.5;-0.5;5.818222;1;Adaptation;15;1;;;;;
24.96;-0.5;-0.5;5.431748;1;Adaptation;15;1;;;;;
24.98;0;0.0625;4.020671;1;Adaptation;15;1;;;;;
25;-0.5;-0.5;2.646041;1;Adaptation;15;1;;;;;
25.02;2;0.125;5.001073;1;Adaptation;15;1;;;;;
25.04;-0.5;-0.5;5.291975;1;Adaptation;15;1;;;;;
25.06;-0.5;-0.5;3.832159;1;Adaptation;15;1;;;;;
25.08;0;0.0625;5.612897;1;Adaptation;15;1;;;;;
25.1;0;-0.25;5.674955;1;Adaptation;15;1;;;;;
25.12;-0.5;-0.5;5.689279;1;Adaptation;15;1;;;;;
25.14;2;-0.125;3.538158;1;Adaptation;15;1;;;;;
25.16;2;-0.1875;2.882334;1;Adaptation;15;1;;;;;
25.18;-0.5;-0.5;2.832624;1;Adaptation;15;1;;;;;
25.2;-0.5;-0.5;3.9082;1;Adaptation;15;1;;;;;
25.22;-0.5;-0.5;2.990073;1;Adaptation;15;1;;;;;
25.24;-2;-0.0625;5.763282;1;Adaptation;15;1;;;;;
25.26;-0.5;-0.5;4.36912;1;Adaptation;15;1;;;;;
25.28;0;0;3.144344;1;Adaptation;15;1;;;;;
25.3;-0.5;-0.5;5.21669;1;Adaptation;15;1;;;;;
25.32;-0.5;-0.5;5.092906;1;Adaptation;15;1;;;;;
25.34;-0.5;-0.5;3.978547;1;Adaptation;15;1;;;;;
25.36;-0.5;-0.5;3.991528;1;Adaptation;15;1;;;;;
25.38;-0.5;-0.5;3.405576;1;Adaptation;15;1;;;;;
25.4;-0.5;-0.5;3.640014;1;Adaptation;15;1;;;;;
25.42;-0.5;-0.5;2.658294;1;Adaptation;15;1;;;;;
25.44;-0.5;-0.5;5.33658;1;Adaptation;15;1;;;;;
25.46;-0.5;-0.5;4.798833;1;Adaptation;15;1;;;;;
25.48;-0.5;-0.5;2.494706;1;Adaptation;15;1;;;;;
25.5;-0.5;-0.5;4.379947;1;Adaptation;15;1;;;;;
25.52;-0.5;-0.5;2.120194;1;Adaptation;15;1;;;;;
25.54;0;0.1875;3.501757;1;Adaptation;15;1;;;;;
25.56;0;0.125;3.032651;1;Adaptation;15;1;;;;;
25.58;2;0.0625;2.341597;1;Adaptation;15;1;;;;;
25.6;-0.5;-0.5;2.400298;1;Adaptation;15;1;;;;;
25.62;-0.5;-0.5;2.556687;1;Adaptation;15;1;;;;;
25.64;0;0;3.591135;1;Adaptation;15;1;;;;;
25.66;2;0.1875;3.768008;1;Adaptation;15;1;;;;;
25.68;-0.5;-0.5;3.986244;1;Adaptation;15;1;;;;;
25.7;-0.5;-0.5;5.436078;1;Adaptation;15;1;;;;;
25.72;0;0.3125;4.006598;1;Adaptation;15;1;;;;;
25.74;-0.5;-0.5;4.857547;1;Adaptation;15;1;;;;;
25.76;-0.5;-0.5;4.91995;1;Adaptation;15;1;;;;;
25.78;-0.5;-0.5;3.187933;1;Adaptation;15;1;;;;;
25.8;0;0.25;3.011178;1;Adaptation;15;1;;;;;
25.82;2;0.125;4.628578;1;Adaptation;15;1;;;;;
25.84;-0.5;-0.5;2.926706;1;Adaptation;15;1;;;;;
25.86;-0.5;-0.5;2.695831;1;Adaptation;15;1;;;;;
25.88;-0.5;-0.5;5.161533;1;Adaptation;15;1;;;;;
25.9;-0.5;-0.5;4.960631;1;Adaptation;15;1;;;;;
25.92;-0.5;-0.5;2.073646;1;Adaptation;15;1;;;;;
25.94;-0.5;-0.5;4.980945;1;Adaptation;15;1;;;;;
25.96;-0.5;-0.5;2.936417;1;Adaptation;15;1;;;;;
25.98;0;-0.0625;3.241976;1;Adaptation;15;1;;;;;
26;-0.5;-0.5;3.311947;1;Adaptation;15;1;;;;;
26.02;-0.5;-0.5;3.813735;1;Adaptation;15;1;;;;;
26.04;-0.5;-0.5;4.904392;1;Adaptation;15;1;;;;;
26.06;-0.5;-0.5;4.505273;1;Adaptation;15;1;;;;;
26.08;-0.5;-0.5;3.213254;1;Adaptation;15;1;;;;;
26.1;-0.5;-0.5;2.601675;1;Adaptation;15;1;;;;;
26.12;-0.5;-0.5;3.00362;1;Adaptation;15;1;;;;;
26.14;-0.5;-0.5;4.028299;1;Adaptation;15;1;;;;;
26.16;-0.5;-0.5;2.332003;1;Adaptation;15;1;;;;;
26.18;-0.5;-0.5;3.330782;1;Adaptation;15;1;;;;;
26.2;-0.5;-0.5;5.753018;1;Adaptation;15;1;;;;;
26.22;-0.5;-0.5;2.257569;1;Adaptation;15;1;;;;;
26.24;-0.5;-0.5;2.795615;1;Adaptation;15;1;;;;;
26.26;-0.5;-0.5;5.984865;1;Adaptation;15;1;;;;;
26.28;-0.5;-0.5;4.545451;1;Adaptation;15;1;;;;;
26.3;-0.5;-0.5;2.480699;1;Adaptation;15;1;;;;;
26.32;-0.5;-0.5;5.850225;1;Adaptation;15;1;;;;;
26.34;-0.5;-0.5;3.436199;1;Adaptation;15;1;;;;;
26.36;0;0.125;4.956717;1;Adaptation;15;1;;;;;
26.38;-0.5;-0.5;4.048099;1;Adaptation;15;1;;;;;
26.4;-0.5;-0.5;5.390225;1;Adaptation;15;1;;;;;
26.42;-0.5;-0.5;5.654025;1;Adaptation;15;1;;;;;
26.44;-0.5;-0.5;3.803857;1;Adaptation;15;1;;;;;
26.46;2;0;2.980683;1;Adaptation;15;1;;;;;
26.48;2;0.0625;2.120299;1;Adaptation;15;1;;;;;
26.5;-0.5;-0.5;4.172628;1;Adaptation;15;1;;;;;
26.52;-0.5;-0.5;5.66903;1;Adaptation;15;1;;;;;
26.54;-0.5;-0.5;2.096503;1;Adaptation;15;1;;;;;
26.56;-0.5;-0.5;2.456602;1;Adaptation;15;1;;;;;
26.58;0;0;5.837936;1;Adaptation;15;1;;;;;
26.6;-0.5;-0.5;2.047621;1;Adaptation;15;1;;;;;
26.62;-0.5;-0.5;2.974742;1;Adaptation;15;1;;;;;
26.64;-0.5;-0.5;5.019049;1;Adaptation;15;1;;;;;
26.66;-0.5;-0.5;3.358097;1;Adaptation;15;1;;;;;
26.68;-0.5;-0.5;5.139804;1;Adaptation;15;1;;;;;
26.7;-2;-0.0625;4.684111;1;Adaptation;15;1;;;;;
26.72;-0.5;-0.5;5.239162;1;Adaptation;15;1;;;;;
26.74;-0.5;-0.5;3.245689;1;Adaptation;15;1;;;;;
26.76;-0.5;-0.5;3.524776;1;Adaptation;15;1;;;;;
26.78;-0.5;-0.5;3.606511;1;Adaptation;15;1;;;;;
26.8;0;0;2.901904;1;Adaptation;15;1;;;;;
26.82;-0.5;-0.5;5.918167;1;Adaptation;15;1;;;;;
26.84;-0.5;-0.5;2.698868;1;Adaptation;15;1;;;;;
26.86;-0.5;-0.5;4.801506;1;Adaptation;15;1;;;;;
26.88;-0.5;-0.5;2.029271;1;Adaptation;15;1;;;;;
26.9;0;-0.0625;4.292192;1;Adaptation;15;1;;;;;
26.92;-0.5;-0.5;4.783229;1;Adaptation;15;1;;;;;
26.94;0;0.0625;4.625303;1;Adaptation;15;1;;;;;
26.96;-0.5;-0.5;5.556757;1;Adaptation;15;1;;;;;
26.98;-0.5;-0.5;2.746533;1;Adaptation;15;1;;;;;
27;-0.5;-0.5;3.290638;1;Adaptation;15;1;;;;;
27.02;-0.5;-0.5;5.351609;1;Adaptation;15;1;;;;;
27.04;-0.5;-0.5;2.578998;1;Adaptation;15;1;;;;;
27.06;-0.5;-0.5;3.566585;1;Adaptation;15;1;;;;;
27.08;-0.5;-0.5;2.856472;1;Adaptation;15;1;;;;;
27.1;-0.5;-0.5;2.634926;1;Adaptation;15;1;;;;;
27.12;2;-0.1875;5.706116;1;Adaptation;15;1;;;;;
27.14;2;0;4.564631;1;Adaptation;15;1;;;;;
27.16;-0.5;-0.5;3.612411;1;Adaptation;15;1;;;;;
27.18;-0.5;-0.5;3.13767;1;Adaptation;15;1;;;;;
27.2;-0.5;-0.5;5.711386;1;Adaptation;15;1;;;;;
27.22;-0.5;-0.5;2.765019;1;Adaptation;15;1;;;;;
27.24;-0.5;-0.5;5.732407;1;Adaptation;15;1;;;;;
27.26;-0.5;-0.5;4.147299;1;Adaptation;15;1;;;;;
27.28;-0.5;-0.5;3.598516;1;Adaptation;15;1;;;;;
27.3;-0.5;-0.5;3.594793;1;Adaptation;15;1;;;;;
27.32;-0.5;-0.5;5.687368;1;Adaptation;15;1;;;;;
27.34;2;0.1875;3.952432;1;Adaptation;15;1;;;;;
27.36;-0.5;-0.5;2.933691;1;Adaptation;15;1;;;;;
27.38;-0.5;-0.5;3.278632;1;Adaptation;15;1;;;;;
27.4;-0.5;-0.5;4.985345;1;Adaptation;15;1;;;;;
27.42;-0.5;-0.5;4.585982;1;Adaptation;15;1;;;;;
27.44;-0.5;-0.5;4.157508;1;Adaptation;15;1;;;;;
27.46;-0.5;-0.5;5.689455;1;Adaptation;15;1;;;;;
27.48;-2;-0.0625;4.344543;1;Adaptation;15;1;;;;;
27.5;-0.5;-0.5;3.30171;1;Adaptation;15;1;;;;;
27.52;-0.5;-0.5;5.387919;1;Adaptation;15;1;;;;;
27.54;-0.5;-0.5;3.420393;1;Adaptation;15;1;;;;;
27.56;-2;-0.0625;5.663152;1;Adaptation;15;1;;;;;
27.58;-0.5;-0.5;3.566116;1;Adaptation;15;1;;;;;
27.6;-0.5;-0.5;4.241673;1;Adaptation;15;1;;;;;
27.62;-0.5;-0.5;3.219535;1;Adaptation;15;1;;;;;
27.64;-0.5;-0.5;4.505177;1;Adaptation;15;1;;;;;
27.66;-0.5;-0.5;3.121568;1;Adaptation;15;1;;;;;
27.68;-0.5;-0.5;2.926476;1;Adaptation;15;1;;;;;
27.7;-0.5;-0.5;3.873228;1;Adaptation;15;1;;;;;
27.72;0;-0.0625;2.937011;1;Adaptation;15;1;;;;;
27.74;-0.5;-0.5;4.875274;1;Adaptation;15;1;;;;;
27.76;-0.5;-0.5;4.071835;1;Adaptation;15;1;;;;;
27.78;-0.5;-0.5;4.850437;1;Adaptation;15;1;;;;;
27.8;-0.5;-0.5;2.74448;1;Adaptation;15;1;;;;;
27.82;-0.5;-0.5;5.642587;1;Adaptation;15;1;;;;;
27.84;-0.5;-0.5;3.86958;1;Adaptation;15;1;;;;;
27.86;2;0.0625;3.966878;1;Adaptation;15;1;;;;;
27.88;-0.5;-0.5;3.84168;1;Adaptation;15;1;;;;;
27.9;-0.5;-0.5;2.238317;1;Adaptation;15;1;;;;;
27.92;-0.5;-0.5;2.028646;1;Adaptation;15;1;;;;;
27.94;0;-0.1875;4.023185;1;Adaptation;15;1;;;;;
27.96;0;-0.0625;3.37893;1;Adaptation;15;1;;;;;
27.98;-0.5;-0.5;4.924855;1;Adaptation;15;1;;;;;
28;-0.5;-0.5;3.049192;1;Adaptation;15;1;;;;;
28.02;-0.5;-0.5;2.753695;1;Adaptation;15;1;;;;;
28.04;0;-0.25;5.6888;1;Adaptation;15;1;;;;;
28.06;0;0.1875;4.927501;1;Adaptation;15;1;;;;;
28.08;-0.5;-0.5;3.217808;1;Adaptation;15;1;;;;;
28.1;2;-0.125;5.922253;1;Adaptation;15;1;;;;;
28.12;-0.5;-0.5;2.636459;1;Adaptation;15;1;;;;;
28.14;-0.5;-0.5;2.056234;1;Adaptation;15;1;;;;;
28.16;-0.5;-0.5;3.483132;1;Adaptation;15;1;;;;;
28.18;-0.5;-0.5;4.762856;1;Adaptation;15;1;;;;;
28.2;-0.5;-0.5;3.115164;1;Adaptation;15;1;;;;;
28.22;-0.5;-0.5;4.781823;1;Adaptation;15;1;;;;;
28.24;0;-0.0625;2.150576;1;Adaptation;15;1;;;;;
28.26;-0.5;-0.5;4.329814;1;Adaptation;15;1;;;;;
28.28;-0.5;-0.5;4.479068;1;Adaptation;15;1;;;;;
28.3;0;-0.0625;2.111305;1;Adaptation;15;1;;;;;
28.32;-0.5;-0.5;5.06963;1;Adaptation;15;1;;;;;
28.34;-0.5;-0.5;3.641908;1;Adaptation;15;1;;;;;
28.36;-0.5;-0.5;5.994917;1;Adaptation;15;1;;;;;
28.38;-0.5;-0.5;5.648429;1;Adaptation;15;1;;;;;
28.4;-0.5;-0.5;4.139907;1;Adaptation;15;1;;;;;
28.42;-0.5;-0.5;2.906186;1;Adaptation;15;1;;;;;
28.44;-0.5;-0.5;3.210839;1;Adaptation;15;1;;;;;
28.46;-0.5;-0.5;3.966903;1;Adaptation;15;1;;;;;
28.48;-0.5;-0.5;4.099948;1;Adaptation;15;1;;;;;
28.5;0;0.125;3.291107;1;Adaptation;15;1;;;;;
28.52;-0.5;-0.5;3.12984;1;Adaptation;15;1;;;;;
28.54;-0.5;-0.5;3.64718;1;Adaptation;15;1;;;;;
28.56;-0.5;-0.5;3.811569;1;Adaptation;15;1;;;;;
28.58;-0.5;-0.5;3.96358;1;Adaptation;15;1;;;;;
28.6;-0.5;-0.5;2.294849;1;Adaptation;15;1;;;;;
28.62;-0.5;-0.5;3.775353;1;Adaptation;15;1;;;;;
28.64;-2;0.125;5.329287;1;Adaptation;15;1;;;;;
28.66;-0.5;-0.5;2.971361;1;Adaptation;15;1;;;;;
28.68;-2;-0.125;2.276109;1;Adaptation;15;1;;;;;
28.7;-0.5;-0.5;2.916975;1;Adaptation;15;1;;;;;
28.72;-0.5;-0.5;2.321385;1;Adaptation;15;1;;;;;
28.74;0;-0.0625;4.353375;1;Adaptation;15;1;;;;;
28.76;0;-0.0625;2.337503;1;Adaptation;15;1;;;;;
28.78;-0.5;-0.5;2.359986;1;Adaptation;15;1;;;;;
28.8;-0.5;-0.5;2.25443;1;Adaptation;15;1;;;;;
28.82;-0.5;-0.5;3.664534;1;Adaptation;15;1;;;;;
28.84;-0.5;-0.5;4.399538;1;Adaptation;15;1;;;;;
28.86;-0.5;-0.5;4.606516;1;Adaptation;15;1;;;;;
28.88;-0.5;-0.5;2.095206;1;Adaptation;15;1;;;;;
28.9;-0.5;-0.5;5.280024;1;Adaptation;15;1;;;;;
28.92;-0.5;-0.5;4.478369;1;Adaptation;15;1;;;;;
28.94;-0.5;-0.5;2.749745;1;Adaptation;15;1;;;;;
28.96;-0.5;-0.5;2.392923;1;Adaptation;15;1;;;;;
28.98;-0.5;-0.5;3.156137;1;Adaptation;15;1;;;;;
29;-0.5;-0.5;5.21362;1;Adaptation;15;1;;;;;
29.02;-0.5;-0.5;5.809833;1;Adaptation;15;1;;;;;
29.04;-2;-0.125;3.611283;1;Adaptation;15;1;;;;;
29.06;-0.5;-0.5;5.467171;1;Adaptation;15;1;;;;;
29.08;-0.5;-0.5;2.274199;1;Adaptation;15;1;;;;;
29.1;2;-0.1875;5.381498;1;Adaptation;15;1;;;;;
29.12;-0.5;-0.5;4.782238;1;Adaptation;15;1;;;;;
29.14;-0.5;-0.5;3.925638;1;Adaptation;15;1;;;;;
29.16;-0.5;-0.5;2.633473;1;Adaptation;15;1;;;;;
29.18;-0.5;-0.5;2.287461;1;Adaptation;15;1;;;;;
29.2;0;-0.0625;2.096582;1;Adaptation;15;1;;;;;
29.22;2;-0.125;2.819507;1;Adaptation;15;1;;;;;
29.24;0;-0.0625;5.835619;1;Adaptation;15;1;;;;;
29.26;-0.5;-0.5;2.427187;1;Adaptation;15;1;;;;;
29.28;-0.5;-0.5;5.986786;1;Adaptation;15;1;;;;;
29.3;-0.5;-0.5;2.081911;1;Adaptation;15;1;;;;;
29.32;-0.5;-0.5;3.986244;1;Adaptation;15;1;;;;;
29.34;0;0;2.992982;1;Adaptation;15;1;;;;;
29.36;2;-0.0625;4.134053;1;Adaptation;15;1;;;;;
29.38;-0.5;-0.5;3.862045;1;Adaptation;15;1;;;;;
29.4;-0.5;-0.5;2.898196;1;Adaptation;15;1;;;;;
29.42;-0.5;-0.5;3.06716;1;Adaptation;15;1;;;;;
29.44;0;0.1875;3.523889;1;Adaptation;15;1;;;;;
29.46;0;0;5.52329;1;Adaptation;15;1;;;;;
29.48;-0.5;-0.5;2.547419;1;Adaptation;15;1;;;;;
29.5;-0.5;-0.5;5.733645;1;Adaptation;15;1;;;;;
29.52;2;-0.125;4.677497;1;Adaptation;15;1;;;;;
29.54;-0.5;-0.5;5.891999;1;Adaptation;15;1;;;;;
29.56;0;-0.1875;5.967995;1;Adaptation;15;1;;;;;
29.58;-0.5;-0.5;3.449932;1;Adaptation;15;1;;;;;
29.6;-0.5;-0.5;4.59215;1;Adaptation;15;1;;;;;
29.62;2;-0.125;2.408713;1;Adaptation;15;1;;;;;
29.64;-0.5;-0.5;3.942612;1;Adaptation;15;1;;;;;
29.66;-0.5;-0.5;5.772237;1;Adaptation;15;1;;;;;
29.68;-0.5;-0.5;2.247044;1;Adaptation;15;1;;;;;
29.7;-0.5;-0.5;5.77197;1;Adaptation;15;1;;;;;
29.72;-0.5;-0.5;4.543018;1;Adaptation;15;1;;;;;
29.74;-0.5;-0.5;5.003023;1;Adaptation;15;1;;;;;
29.76;-0.5;-0.5;5.070709;1;Adaptation;15;1;;;;;
29.78;-0.5;-0.5;4.169282;1;Adaptation;15;1;;;;;
29.8;2;0.1875;4.365648;1;Adaptation;15;1;;;;;
29.82;-0.5;-0.5;2.36652;1;Adaptation;15;1;;;;;
29.84;-0.5;-0.5;2.794578;1;Adaptation;15;1;;;;;
29.86;-0.5;-0.5;2.501558;1;Adaptation;15;1;;;;;
29.88;-0.5;-0.5;2.240819;1;Adaptation;15;1;;;;;
29.9;0;0.0625;4.800578;1;Adaptation;15;1;;;;;
29.92;-0.5;-0.5;3.065052;1;Adaptation;15;1;;;;;
29.94;2;-0.125;4.981381;1;Adaptation;15;1;;;;;
29.96;-0.5;-0.5;5.423126;1;Adaptation;15;1;;;;;
29.98;-0.5;-0.5;5.560159;1;Adaptation;15;1;;;;;
30;-2;-0.0625;2.767982;1;Adaptation;15;1;;;;;
30.02;-0.5;-0.5;2.757922;1;Adaptation;15;1;;;;;
30.04;0;0.0625;2.633266;1;Adaptation;15;1;;;;;
30.06;-0.5;-0.5;2.120444;1;Adaptation;15;1;;;;;
30.08;-0.5;-0.5;2.639905;1;Adaptation;15;1;;;;;
30.1;-0.5;-0.5;3.204961;1;Adaptation;15;1;;;;;
30.12;-0.5;-0.5;3.260885;1;Adaptation;15;1;;;;;
30.14;-0.5;-0.5;2.949083;1;Adaptation;15;1;;;;;
30.16;-0.5;-0.5;4.692324;1;Adaptation;15;1;;;;;
30.18;0;0;2.592689;1;Adaptation;15;1;;;;;
30.2;-0.5;-0.5;2.765613;1;Adaptation;15;1;;;;;
30.22;-0.5;-0.5;4.062857;1;Adaptation;15;1;;;;;
30.24;2;-0.0625;4.34712;1;Adaptation;15;1;;;;;
30.26;-0.5;-0.5;4.661657;1;Adaptation;15;1;;;;;
30.28;-0.5;-0.5;2.711977;1;Adaptation;15;1;;;;;
30.3;-0.5;-0.5;3.223067;1;Adaptation;15;1;;;;;
30.32;-0.5;-0.5;3.140071;1;Adaptation;15;1;;;;;
30.34;-0.5;-0.5;5.4723;1;Adaptation;15;1;;;;;
30.36;0;-0.0625;3.414055;1;Adaptation;15;1;;;;;
30.38;0;-0.1875;5.181344;1;Adaptation;15;1;;;;;
30.4;0;0.0625;2.209839;1;Adaptation;15;1;;;;;
30.42;-0.5;-0.5;3.306536;1;Adaptation;15;1;;;;;
30.44;-0.5;-0.5;3.713041;1;Adaptation;15;1;;;;;
30.46;-0.5;-0.5;4.725212;1;Adaptation;15;1;;;;;
30.48;0;-0.0625;4.958474;1;Adaptation;15;1;;;;;
30.5;-0.5;-0.5;2.73518;1;Adaptation;15;1;;;;;
30.52;-0.5;-0.5;4.191198;1;Adaptation;15;1;;;;;
30.54;2;-0.125;3.885565;1;Adaptation;15;1;;;;;
30.56;-0.5;-0.5;5.904403;1;Adaptation;15;1;;;;;
30.58;-0.5;-0.5;3.622754;1;Adaptation;15;1;;;;;
30.6;-0.5;-0.5;3.36147;1;Adaptation;15;1;;;;;
30.62;-0.5;-0.5;3.824759;1;Adaptation;15;1;;;;;
30.64;-0.5;-0.5;2.538306;1;Adaptation;15;1;;;;;
30.66;-0.5;-0.5;3.134333;1;Adaptation;15;1;;;;;
30.68;0;0.1875;2.085595;1;Adaptation;15;1;;;;;
30.7;-0.5;-0.5;4.756084;1;Adaptation;15;1;;;;;
30.72;-0.5;-0.5;3.730018;1;Adaptation;15;1;;;;;
30.74;-0.5;-0.5;3.566036;1;Adaptation;15;1;;;;;
30.76;-0.5;-0.5;2.816095;1;Adaptation;15;1;;;;;
30.78;-0.5;-0.5;3.307858;1;Adaptation;15;1;;;;;
30.8;-2;-0.25;5.01348;1;Adaptation;15;1;;;;;
30.82;-0.5;-0.5;4.015124;1;Adaptation;15;1;;;;;
30.84;-0.5;-0.5;4.022393;1;Adaptation;15;1;;;;;
30.86;-0.5;-0.5;5.444944;1;Adaptation;15;1;;;;;
30.88;-0.5;-0.5;4.207135;1;Adaptation;15;1;;;;;
30.9;-0.5;-0.5;2.755399;1;Adaptation;15;1;;;;;
30.92;-0.5;-0.5;3.624176;1;Adaptation;15;1;;;;;
30.94;-0.5;-0.5;5.47835;1;Adaptation;15;1;;;;;
30.96;-0.5;-0.5;3.851981;1;Adaptation;15;1;;;;;
30.98;-0.5;-0.5;3.884946;1;Adaptation;15;1;;;;;
31;2;0.125;5.316849;1;Adaptation;15;1;;;;;
31.02;-0.5;-0.5;2.199597;1;Adaptation;15;1;;;;;
31.04;0;-0.0625;3.09863;1;Adaptation;15;1;;;;;
31.06;-0.5;-0.5;4.622412;1;Adaptation;15;1;;;;;
31.08;-0.5;-0.5;4.380123;1;Adaptation;15;1;;;;;
31.1;-0.5;-0.5;4.659641;1;Adaptation;15;1;;;;;
31.12;-0.5;-0.5;4.950835;1;Adaptation;15;1;;;;;
31.14;-0.5;-0.5;2.057838;1;Adaptation;15;1;;;;;
31.16;-0.5;-0.5;2.748785;1;Adaptation;15;1;;;;;
31.18;0;0.125;3.160128;1;Adaptation;15;1;;;;;
31.2;-0.5;-0.5;3.779018;1;Adaptation;15;1;;;;;
31.22;-0.5;-0.5;3.136641;1;Adaptation;15;1;;;;;
31.24;-0.5;-0.5;5.532117;1;Adaptation;15;1;;;;;
31.26;-0.5;-0.5;2.417479;1;Adaptation;15;1;;;;;
31.28;-0.5;-0.5;3.032172;1;Adaptation;15;1;;;;;
31.3;-0.5;-0.5;5.006158;1;Adaptation;15;1;;;;;
31.32;-0.5;-0.5;3.033556;1;Adaptation;15;1;;;;;
31.34;2;0.0625;3.906603;1;Adaptation;15;1;;;;;
31.36;-0.5;-0.5;4.615108;1;Adaptation;15;1;;;;;
31.38;-0.5;-0.5;5.973295;1;Adaptation;15;1;;;;;
31.4;0;-0.125;3.420382;1;Adaptation;15;1;;;;;
31.42;-0.5;-0.5;4.667204;1;Adaptation;15;1;;;;;
31.44;0;-0.1875;4.726033;1;Adaptation;15;1;;;;;
31.46;-0.5;-0.5;5.621761;1;Adaptation;15;1;;;;;
31.48;-0.5;-0.5;4.608936;1;Adaptation;15;1;;;;;
31.5;-0.5;-0.5;5.664618;1;Adaptation;15;1;;;;;
31.52;-0.5;-0.5;3.521068;1;Adaptation;15;1;;;;;
31.54;-0.5;-0.5;5.08865;1;Adaptation;15;1;;;;;
31.56;-0.5;-0.5;3.905261;1;Adaptation;15;1;;;;;
31.58;0;0.125;2.285447;1;Adaptation;15;1;;;;;
31.6;-0.5;-0.5;4.384789;1;Adaptation;15;1;;;;;
31.62;-0.5;-0.5;5.133093;1;Adaptation;15;1;;;;;
31.64;-0.5;-0.5;2.404378;1;Adaptation;15;1;;;;;
31.66;-0.5;-0.5;2.973964;1;Adaptation;15;1;;;;;
31.68;-0.5;-0.5;4.856067;1;Adaptation;15;1;;;;;
31.7;-0.5;-0.5;5.737035;1;Adaptation;15;1;;;;;
31.72;-0.5;-0.5;2.646187;1;Adaptation;15;1;;;;;
31.74;-0.5;-0.5;3.152738;1;Adaptation;15;1;;;;;
31.76;-0.5;-0.5;5.748783;1;Adaptation;15;1;;;;;
31.78;-0.5;-0.5;2.081834;1;Adaptation;15;1;;;;;
31.8;-0.5;-0.5;4.954358;1;Adaptation;15;1;;;;;
31.82;-0.5;-0.5;5.968589;1;Adaptation;15;1;;;;;
31.84;-0.5;-0.5;2.654758;1;Adaptation;15;1;;;;;
31.86;-0.5;-0.5;3.927856;1;Adaptation;15;1;;;;;
31.88;-0.5;-0.5;5.06142;1;Adaptation;15;1;;;;;
31.9;-0.5;-0.5;5.494423;1;Adaptation;15;1;;;;;
31.92;-0.5;-0.5;5.095741;1;Adaptation;15;1;;;;;
31.94;-0.5;-0.5;2.961552;1;Adaptation;15;1;;;;;
31.96;-0.5;-0.5;4.758834;1;Adaptation;15;1;;;;;
31.98;-0.5;-0.5;3.981341;1;Adaptation;15;1;;;;;
32;-0.5;-0.5;4.771305;1;Adaptation;15;1;;;;;
32.02;-0.5;-0.5;5.736278;1;Adaptation;15;1;;;;;
32.04;-0.5;-0.5;4.923703;1;Adaptation;15;1;;;;;
32.06;-0.5;-0.5;4.359026;1;Adaptation;15;1;;;;;
32.08;0;0.125;4.510286;1;Adaptation;15;1;;;;;
32.1;-0.5;-0.5;2.595197;1;Adaptation;15;1;;;;;
32.12;-0.5;-0.5;5.429615;1;Adaptation;15;1;;;;;
32.14;0;0.0625;2.017988;1;Adaptation;15;1;;;;;
32.16;-0.5;-0.5;2.363661;1;Adaptation;15;1;;;;;
32.18;0;-0.0625;3.001423;1;Adaptation;15;1;;;;;
32.2;-0.5;-0.5;2.220497;1;Adaptation;15;1;;;;;
32.22;-0.5;-0.5;3.600866;1;Adaptation;15;1;;;;;
32.24;-0.5;-0.5;3.338304;1;Adaptation;15;1;;;;;
32.26;-0.5;-0.5;5.514449;1;Adaptation;15;1;;;;;
32.28;-0.5;-0.5;4.113338;1;Adaptation;15;1;;;;;
32.3;2;-0.0625;3.40366;1;Adaptation;15;1;;;;;
32.32;-0.5;-0.5;2.450946;1;Adaptation;15;1;;;;;
32.34;0;-0.125;5.315386;1;Adaptation;15;1;;;;;
32.36;-0.5;-0.5;4.063146;1;Adaptation;15;1;;;;;
32.38;-0.5;-0.5;2.170102;1;Adaptation;15;1;;;;;
32.4;-0.5;-0.5;2.470175;1;Adaptation;15;1;;;;;
32.42;-0.5;-0.5;4.514981;1;Adaptation;15;1;;;;;
32.44;-0.5;-0.5;2.023059;1;Adaptation;15;1;;;;;
32.46;-0.5;-0.5;2.08685;1;Adaptation;15;1;;;;;
32.48;-2;0.1875;2.484663;1;Adaptation;15;1;;;;;
32.5;0;-0.0625;2.614179;1;Adaptation;15;1;;;;;
32.52;-0.5;-0.5;2.934333;1;Adaptation;15;1;;;;;
32.54;-0.5;-0.5;3.274611;1;Adaptation;15;1;;;;;
32.56;-0.5;-0.5;3.574261;1;Adaptation;15;1;;;;;
32.58;-0.5;-0.5;4.327566;1;Adaptation;15;1;;;;;
32.6;-0.5;-0.5;5.423089;1;Adaptation;15;1;;;;;
32.62;-0.5;-0.5;4.511066;1;Adaptation;15;1;;;;;
32.64;-0.5;-0.5;4.912005;1;Adaptation;15;1;;;;;
32.66;-2;0.3125;3.016638;1;Adaptation;15;1;;;;;
32.68;-0.5;-0.5;4.926377;1;Adaptation;15;1;;;;;
32.7;-0.5;-0.5;5.964529;1;Adaptation;15;1;;;;;
32.72;-0.5;-0.5;3.640936;1;Adaptation;15;1;;;;;
32.74;2;-0.1875;3.069214;1;Adaptation;15;1;;;;;
32.76;-0.5;-0.5;4.122892;1;Adaptation;15;1;;;;;
32.78;-0.5;-0.5;3.254439;1;Adaptation;15;1;;;;;
32.8;-0.5;-0.5;2.519705;1;Adaptation;15;1;;;;;
32.82;-0.5;-0.5;5.106206;1;Adaptation;15;1;;;;;
32.84;-0.5;-0.5;5.003776;1;Adaptation;15;1;;;;;
32.86;-0.5;-0.5;2.82069;1;Adaptation;15;1;;;;;
32.88;-0.5;-0.5;3.958483;1;Adaptation;15;1;;;;;
32.9;-0.5;-0.5;3.705408;1;Adaptation;15;1;;;;;
32.92;-0.5;-0.5;2.029431;1;Adaptation;15;1;;;;;
32.94;-0.5;-0.5;2.853195;1;Adaptation;15;1;;;;;
32.96;0;-0.0625;5.772971;1;Adaptation;15;1;;;;;
32.98;-0.5;-0.5;5.978565;1;Adaptation;15;1;;;;;
33;-0.5;-0.5;2.117725;1;Adaptation;15;1;;;;;
33.02;-0.5;-0.5;2.990368;1;Adaptation;15;1;;;;;
33.04;-0.5;-0.5;2.040104;1;Adaptation;15;1;;;;;
33.06;-0.5;-0.5;3.197578;1;Adaptation;15;1;;;;;
33.08;-0.5;-0.5;2.004971;1;Adaptation;15;1;;;;;
33.1;-0.5;-0.5;5.358058;1;Adaptation;15;1;;;;;
33.12;4;0;2.584836;1;Adaptation;15;1;;;;;
33.14;-0.5;-0.5;4.311559;1;Adaptation;15;1;;;;;
33.16;-0.5;-0.5;5.510578;1;Adaptation;15;1;;;;;
33.18;0;0.25;2.028832;1;Adaptation;15;1;;;;;
33.2;-2;0;4.237739;1;Adaptation;15;1;;;;;
33.22;-0.5;-0.5;3.012214;1;Adaptation;15;1;;;;;
33.24;-0.5;-0.5;5.009939;1;Adaptation;15;1;;;;;
33.26;-0.5;-0.5;2.114196;1;Adaptation;15;1;;;;;
33.28;0;-0.125;2.008268;1;Adaptation;15;1;;;;;
33.3;-0.5;-0.5;2.587457;1;Adaptation;15;1;;;;;
33.32;-0.5;-0.5;4.113832;1;Adaptation;15;1;;;;;
33.34;-0.5;-0.5;3.010947;1;Adaptation;15;1;;;;;
33.36;-0.5;-0.5;2.848853;1;Adaptation;15;1;;;;;
33.38;-0.5;-0.5;4.37875;1;Adaptation;15;1;;;;;
33.4;0;-0.0625;4.924074;1;Adaptation;15;1;;;;;
33.42;2;0.1875;4.345345;1;Adaptation;15;1;;;;;
33.44;-2;-0.1875;3.665761;1;Adaptation;15;1;;;;;
33.46;-0.5;-0.5;5.856004;1;Adaptation;15;1;;;;;
33.48;-0.5;-0.5;5.956061;1;Adaptation;15;1;;;;;
33.5;-0.5;-0.5;4.892451;1;Adaptation;15;1;;;;;
33.52;0;0.1875;4.833074;1;Adaptation;15;1;;;;;
33.54;-0.5;-0.5;4.564904;1;Adaptation;15;1;;;;;
33.56;-0.5;-0.5;5.499792;1;Adaptation;15;1;;;;;
33.58;-2;0.125;2.195391;1;Adaptation;15;1;;;;;
33.6;-0.5;-0.5;4.057253;1;Adaptation;15;1;;;;;
33.62;-0.5;-0.5;4.263398;1;Adaptation;15;1;;;;;
33.64;-0.5;-0.5;5.329816;1;Adaptation;15;1;;;;;
33.66;-2;0.0625;5.318789;1;Adaptation;15;1;;;;;
33.68;-0.5;-0.5;5.826226;1;Adaptation;15;1;;;;;
33.7;-0.5;-0.5;4.844715;1;Adaptation;15;1;;;;;
33.72;-0.5;-0.5;3.101047;1;Adaptation;15;1;;;;;
33.74;-0.5;-0.5;2.065516;1;Adaptation;15;1;;;;;
33.76;-0.5;-0.5;2.734842;1;Adaptation;15;1;;;;;
33.78;-0.5;-0.5;2.117328;1;Adaptation;15;1;;;;;
33.8;-0.5;-0.5;3.601653;1;Adaptation;15;1;;;;;
33.82;-0.5;-0.5;5.228093;1;Adaptation;15;1;;;;;
33.84;-2;0;3.822542;1;Adaptation;15;1;;;;;
33.86;-0.5;-0.5;5.996987;1;Adaptation;15;1;;;;;
33.88;0;0;3.756684;1;Adaptation;15;1;;;;;
33.9;-0.5;-0.5;4.782643;1;Adaptation;15;1;;;;;
33.92;-0.5;-0.5;4.112487;1;Adaptation;15;1;;;;;
33.94;-0.5;-0.5;2.717324;1;Adaptation;15;1;;;;;
33.96;0;-0.0625;4.332972;1;Adaptation;15;1;;;;;
33.98;-2;0;4.453346;1;Adaptation;15;1;;;;;
34;-0.5;-0.5;4.288374;1;Adaptation;15;1;;;;;
34.02;-0.5;-0.5;3.551425;1;Adaptation;15;1;;;;;
34.04;-0.5;-0.5;3.06663;1;Adaptation;15;1;;;;;
34.06;0;0.0625;2.785416;1;Adaptation;15;1;;;;;
34.08;0;0.0625;5.346597;1;Adaptation;15;1;;;;;
34.1;-2;-0.0625;5.418434;1;Adaptation;15;1;;;;;
34.12;-0.5;-0.5;4.154015;1;Adaptation;15;1;;;;;
34.14;-0.5;-0.5;5.283604;1;Adaptation;15;1;;;;;
34.16;-0.5;-0.5;3.458383;1;Adaptation;15;1;;;;;
34.18;-0.5;-0.5;5.143014;1;Adaptation;15;1;;;;;
34.2;-0.5;-0.5;5.167972;1;Adaptation;15;1;;;;;
34.22;-2;0;4.361733;1;Adaptation;15;1;;;;;
34.24;-2;0.125;2.171203;1;Adaptation;15;1;;;;;
34.26;0;0;5.330969;1;Adaptation;15;1;;;;;
34.28;-0.5;-0.5;4.443764;1;Adaptation;15;1;;;;;
34.3;-0.5;-0.5;4.08053;1;Adaptation;15;1;;;;;
34.32;-0.5;-0.5;4.523956;1;Adaptation;15;1;;;;;
34.34;-0.5;-0.5;4.244275;1;Adaptation;15;1;;;;;
34.36;-0.5;-0.5;2.043193;1;Adaptation;15;1;;;;;
34.38;-2;0;3.310958;1;Adaptation;15;1;;;;;
34.4;-0.5;-0.5;2.676569;1;Adaptation;15;1;;;;;
34.42;-0.5;-0.5;4.054809;1;Adaptation;15;1;;;;;
34.44;-0.5;-0.5;5.442771;1;Adaptation;15;1;;;;;
34.46;-0.5;-0.5;2.888997;1;Adaptation;15;1;;;;;
34.48;0;0.125;3.669298;1;Adaptation;15;1;;;;;
34.5;-0.5;-0.5;5.733709;1;Adaptation;15;1;;;;;
34.52;-0.5;-0.5;5.231161;1;Adaptation;15;1;;;;;
34.54;0;0;2.663534;1;Adaptation;15;1;;;;;
34.56;-0.5;-0.5;3.805777;1;Adaptation;15;1;;;;;
34.58;-0.5;-0.5;2.11657;1;Adaptation;15;1;;;;;
34.6;2;-0.0625;2.731384;1;Adaptation;15;1;;;;;
34.62;-0.5;-0.5;4.124083;1;Adaptation;15;1;;;;;
34.64;-0.5;-0.5;5.539488;1;Adaptation;15;1;;;;;
34.66;2;0.0625;4.671795;1;Adaptation;15;1;;;;;
34.68;-0.5;-0.5;3.404602;1;Adaptation;15;1;;;;;
34.7;-0.5;-0.5;2.453424;1;Adaptation;15;1;;;;;
34.72;-0.5;-0.5;5.652305;1;Adaptation;15;1;;;;;
34.74;-0.5;-0.5;5.336013;1;Adaptation;15;1;;;;;
34.76;-0.5;-0.5;2.315367;1;Adaptation;15;1;;;;;
34.78;-0.5;-0.5;4.199287;1;Adaptation;15;1;;;;;
34.8;-0.5;-0.5;2.336648;1;Adaptation;15;1;;;;;
34.82;0;-0.0625;5.832203;1;Adaptation;15;1;;;;;
34.84;-0.5;-0.5;3.635109;1;Adaptation;15;1;;;;;
34.86;-0.5;-0.5;5.753185;1;Adaptation;15;1;;;;;
34.88;-0.5;-0.5;5.763106;1;Adaptation;15;1;;;;;
34.9;-0.5;-0.5;4.354244;1;Adaptation;15;1;;;;;
34.92;-0.5;-0.5;2.336719;1;Adaptation;15;1;;;;;
34.94;2;0.0625;2.17786;1;Adaptation;15;1;;;;;
34.96;-0.5;-0.5;4.961303;1;Adaptation;15;1;;;;;
34.98;-0.5;-0.5;5.930985;1;Adaptation;15;1;;;;;
35;-0.5;-0.5;4.270408;1;Adaptation;15;1;;;;;
35.02;-0.5;-0.5;2.42147;1;Adaptation;15;1;;;;;
35.04;-2;0.0625;3.204012;1;Adaptation;15;1;;;;;
35.06;-0.5;-0.5;2.107305;1;Adaptation;15;1;;;;;
35.08;-0.5;-0.5;4.6326;1;Adaptation;15;1;;;;;
35.1;-0.5;-0.5;4.014385;1;Adaptation;15;1;;;;;
35.12;-0.5;-0.5;3.275446;1;Adaptation;15;1;;;;;
35.14;-0.5;-0.5;4.724859;1;Adaptation;15;1;;;;;
35.16;-0.5;-0.5;3.221868;1;Adaptation;15;1;;;;;
35.18;-0.5;-0.5;2.948951;1;Adaptation;15;1;;;;;
35.2;-0.5;-0.5;3.210265;1;Adaptation;15;1;;;;;
35.22;-0.5;-0.5;3.016593;1;Adaptation;15;1;;;;;
35.24;-0.5;-0.5;5.596165;1;Adaptation;15;1;;;;;
35.26;-0.5;-0.5;3.614928;1;Adaptation;15;1;;;;;
35.28;0;0.125;3.77249;1;Adaptation;15;1;;;;;
35.3;-4;0.1875;4.980902;1;Adaptation;15;1;;;;;
35.32;0;0.0625;2.172322;1;Adaptation;15;1;;;;;
35.34;-0.5;-0.5;4.294888;1;Adaptation;15;1;;;;;
35.36;-0.5;-0.5;4.886085;1;Adaptation;15;1;;;;;
35.38;-0.5;-0.5;3.868125;1;Adaptation;15;1;;;;;
35.4;-0.5;-0.5;5.825964;1;Adaptation;15;1;;;;;
35.42;-0.5;-0.5;3.230933;1;Adaptation;15;1;;;;;
35.44;-0.5;-0.5;4.401602;1;Adaptation;15;1;;;;;
35.46;-0.5;-0.5;3.418455;1;Adaptation;15;1;;;;;
35.48;-0.5;-0.5;5.763857;1;Adaptation;15;1;;;;;
35.5;-0.5;-0.5;4.826697;1;Adaptation;15;1;;;;;
35.52;-0.5;-0.5;3.967641;1;Adaptation;15;1;;;;;
35.54;-0.5;-0.5;3.991429;1;Adaptation;15;1;;;;;
35.56;-0.5;-0.5;5.471014;1;Adaptation;15;1;;;;;
35.58;-0.5;-0.5;3.455652;1;Adaptation;15;1;;;;;
35.6;-0.5;-0.5;5.281986;1;Adaptation;15;1;;;;;
35.62;0;-0.125;2.1463;1;Adaptation;15;1;;;;;
35.64;-0.5;-0.5;5.495071;1;Adaptation;15;1;;;;;
35.66;-2;-0.1875;3.832679;1;Adaptation;15;1;;;;;
35.68;-0.5;-0.5;3.122361;1;Adaptation;15;1;;;;;
35.7;-0.5;-0.5;4.525525;1;Adaptation;15;1;;;;;
35.72;-0.5;-0.5;3.38428;1;Adaptation;15;1;;;;;
35.74;-0.5;-0.5;2.70446;1;Adaptation;15;1;;;;;
35.76;-0.5;-0.5;3.494213;1;Adaptation;15;1;;;;;
35.78;-0.5;-0.5;3.840341;1;Adaptation;15;1;;;;;
35.8;-0.5;-0.5;2.849247;1;Adaptation;15;1;;;;;
35.82;2;0.0625;2.998166;1;Adaptation;15;1;;;;;
35.84;-0.5;-0.5;3.742753;1;Adaptation;15;1;;;;;
35.86;-0.5;-0.5;5.590244;1;Adaptation;15;1;;;;;
35.88;-0.5;-0.5;4.525052;1;Adaptation;15;1;;;;;
35.9;-0.5;-0.5;5.529118;1;Adaptation;15;1;;;;;
35.92;-0.5;-0.5;2.119846;1;Adaptation;15;1;;;;;
35.94;-0.5;-0.5;2.393652;1;Adaptation;15;1;;;;;
35.96;-0.5;-0.5;2.518054;1;Adaptation;15;1;;;;;
35.98;-0.5;-0.5;5.375341;1;Adaptation;15;1;;;;;
36;-0.5;-0.5;3.263417;1;Adaptation;15;1;;;;;
36.02;-0.5;-0.5;4.343073;1;Adaptation;15;1;;;;;
36.04;-0.5;-0.5;4.968848;1;Adaptation;15;1;;;;;
36.06;2;0.1875;5.218817;1;Adaptation;15;1;;;;;
36.08;-0.5;-0.5;4.630701;1;Adaptation;15;1;;;;;
36.1;-2;-0.0625;2.055604;1;Adaptation;15;1;;;;;
36.12;0;-0.1875;4.589544;1;Adaptation;15;1;;;;;
36.14;-0.5;-0.5;5.379165;1;Adaptation;15;1;;;;;
36.16;-0.5;-0.5;2.703976;1;Adaptation;15;1;;;;;
36.18;-0.5;-0.5;3.563211;1;Adaptation;15;1;;;;;
36.2;0;-0.125;2.49992;1;Adaptation;15;1;;;;;
36.22;2;0.1875;3.469261;1;Adaptation;15;1;;;;;
36.24;-0.5;-0.5;5.556968;1;Adaptation;15;1;;;;;
36.26;-0.5;-0.5;4.52938;1;Adaptation;15;1;;;;;
36.28;-0.5;-0.5;5.158571;1;Adaptation;15;1;;;;;
36.3;2;0.1875;4.499817;1;Adaptation;15;1;;;;;
36.32;-0.5;-0.5;5.269904;1;Adaptation;15;1;;;;;
36.34;0;0;4.280736;1;Adaptation;15;1;;;;;
36.36;-0.5;-0.5;5.149151;1;Adaptation;15;1;;;;;
36.38;-0.5;-0.5;5.997995;1;Adaptation;15;1;;;;;
36.4;0;-0.125;4.916406;1;Adaptation;15;1;;;;;
36.42;-0.5;-0.5;3.229593;1;Adaptation;15;1;;;;;
36.44;0;0.25;5.662238;1;Adaptation;15;1;;;;;
36.46;-0.5;-0.5;2.624157;1;Adaptation;15;1;;;;;
36.48;-0.5;-0.5;5.219159;1;Adaptation;15;1;;;;;
36.5;-0.5;-0.5;2.332958;1;Adaptation;15;1;;;;;
36.52;-0.5;-0.5;3.141181;1;Adaptation;15;1;;;;;
36.54;-0.5;-0.5;4.613296;1;Adaptation;15;1;;;;;
36.56;-0.5;-0.5;5.974687;1;Adaptation;15;1;;;;;
36.58;-0.5;-0.5;4.606956;1;Adaptation;15;1;;;;;
36.6;-0.5;-0.5;4.159821;1;Adaptation;15;1;;;;;
36.62;-0.5;-0.5;5.426346;1;Adaptation;15;1;;;;;
36.64;-4;0.1875;5.887839;1;Adaptation;15;1;;;;;
36.66;-0.5;-0.5;2.240269;1;Adaptation;15;1;;;;;
36.68;-0.5;-0.5;3.445807;1;Adaptation;15;1;;;;;
36.7;-0.5;-0.5;2.902725;1;Adaptation;15;1;;;;;
36.72;0;0.0625;2.419816;1;Adaptation;15;1;;;;;
36.74;-0.5;-0.5;4.47363;1;Adaptation;15;1;;;;;
36.76;-0.5;-0.5;5.58883;1;Adaptation;15;1;;;;;
36.78;-0.5;-0.5;2.44066;1;Adaptation;15;1;;;;;
36.8;-0.5;-0.5;5.09979;1;Adaptation;15;1;;;;;
36.82;-0.5;-0.5;3.613842;1;Adaptation;15;1;;;;;
36.84;0;0.1875;3.6669;1;Adaptation;15;1;;;;;
36.86;-0.5;-0.5;2.444488;1;Adaptation;15;1;;;;;
36.88;-2;0;3.28828;1;Adaptation;15;1;;;;;
36.9;-0.5;-0.5;2.758146;1;Adaptation;15;1;;;;;
36.92;-0.5;-0.5;2.48956;1;Adaptation;15;1;;;;;
36.94;-0.5;-0.5;4.080495;1;Adaptation;15;1;;;;;
36.96;-2;0;3.077632;1;Adaptation;15;1;;;;;
36.98;-0.5;-0.5;5.944603;1;Adaptation;15;1;;;;;
37;-0.5;-0.5;4.180837;1;Adaptation;15;1;;;;;
37.02;0;0.0625;3.392669;1;Adaptation;15;1;;;;;
37.04;-0.5;-0.5;3.600675;1;Adaptation;15;1;;;;;
37.06;-0.5;-0.5;2.291707;1;Adaptation;15;1;;;;;
37.08;2;0.0625;2.803619;1;Adaptation;15;1;;;;;
37.1;-0.5;-0.5;3.252863;1;Adaptation;15;1;;;;;
37.12;-0.5;-0.5;2.7053;1;Adaptation;15;1;;;;;
37.14;-2;0;5.631469;1;Adaptation;15;1;;;;;
37.16;0;0.0625;3.524894;1;Adaptation;15;1;;;;;
37.18;0;0.25;2.636564;1;Adaptation;15;1;;;;;
37.2;-2;-0.125;4.979877;1;Adaptation;15;1;;;;;
37.22;-0.5;-0.5;3.158952;1;Adaptation;15;1;;;;;
37.24;-0.5;-0.5;4.367298;1;Adaptation;15;1;;;;;
37.26;-0.5;-0.5;5.645479;1;Adaptation;15;1;;;;;
37.28;2;0;2.609304;1;Adaptation;15;1;;;;;
37.3;-0.5;-0.5;3.511093;1;Adaptation;15;1;;;;;
37.32;-0.5;-0.5;3.273424;1;Adaptation;15;1;;;;;
37.34;-0.5;-0.5;5.689994;1;Adaptation;15;1;;;;;
37.36;-0.5;-0.5;3.618578;1;Adaptation;15;1;;;;;
37.38;-0.5;-0.5;2.202466;1;Adaptation;15;1;;;;;
37.4;-0.5;-0.5;2.251719;1;Adaptation;15;1;;;;;
37.42;-0.5;-0.5;5.930034;1;Adaptation;15;1;;;;;
37.44;-0.5;-0.5;3.856402;1;Adaptation;15;1;;;;;
37.46;-0.5;-0.5;2.209809;1;Adaptation;15;1;;;;;
37.48;-0.5;-0.5;5.85897;1;Adaptation;15;1;;;;;
37.5;-0.5;-0.5;3.52733;1;Adaptation;15;1;;;;;
37.52;-0.5;-0.5;4.41165;1;Adaptation;15;1;;;;;
37.54;-0.5;-0.5;2.723294;1;Adaptation;15;1;;;;;
37.56;-0.5;-0.5;5.686262;1;Adaptation;15;1;;;;;
37.58;-0.5;-0.5;5.984803;1;Adaptation;15;1;;;;;
37.6;-0.5;-0.5;3.289838;1;Adaptation;15;1;;;;;
37.62;2;-0.125;5.494531;1;Adaptation;15;1;;;;;
37.64;-0.5;-0.5;4.362497;1;Adaptation;15;1;;;;;
37.66;-0.5;-0.5;3.445135;1;Adaptation;15;1;;;;;
37.68;-0.5;-0.5;4.61395;1;Adaptation;15;1;;;;;
37.7;-0.5;-0.5;4.038334;1;Adaptation;15;1;;;;;
37.72;-0.5;-0.5;2.287282;1;Adaptation;15;1;;;;;
37.74;-0.5;-0.5;2.9186;1;Adaptation;15;1;;;;;
37.76;-0.5;-0.5;4.580369;1;Adaptation;15;1;;;;;
37.78;-0.5;-0.5;2.001391;1;Adaptation;15;1;;;;;
37.8;-0.5;-0.5;3.025138;1;Adaptation;15;1;;;;;
37.82;-0.5;-0.5;3.22318;1;Adaptation;15;1;;;;;
37.84;-0.5;-0.5;3.527848;1;Adaptation;15;1;;;;;
37.86;2;0.0625;3.709707;1;Adaptation;15;1;;;;;
37.88;-0.5;-0.5;2.38309;1;Adaptation;15;1;;;;;
37.9;0;-0.0625;3.771013;1;Adaptation;15;1;;;;;
37.92;-0.5;-0.5;4.648971;1;Adaptation;15;1;;;;;
37.94;-0.5;-0.5;3.528738;1;Adaptation;15;1;;;;;
37.96;-0.5;-0.5;4.270079;1;Adaptation;15;1;;;;;
37.98;-0.5;-0.5;2.705091;1;Adaptation;15;1;;;;;
38;0;0.0625;3.402465;1;Adaptation;15;1;;;;;
38.02;-0.5;-0.5;3.87951;1;Adaptation;15;1;;;;;
38.04;0;0.0625;3.032868;1;Adaptation;15;1;;;;;
38.06;-0.5;-0.5;2.293421;1;Adaptation;15;1;;;;;
38.08;-0.5;-0.5;3.845367;1;Adaptation;15;1;;;;;
38.1;-0.5;-0.5;2.93504;1;Adaptation;15;1;;;;;
38.12;-0.5;-0.5;2.028355;1;Adaptation;15;1;;;;;
38.14;-0.5;-0.5;4.758992;1;Adaptation;15;1;;;;;
38.16;0;-0.0625;3.566348;1;Adaptation;15;1;;;;;
38.18;-2;0.125;5.91835;1;Adaptation;15;1;;;;;
;;;;;;;;;;;;
