time;pos_x_right;pos_y_right;dil_right;pos_x_left;pos_y_left;dil_left;brightness;state;fov;trial;;
0;2;0;2.894854;1;Adaptation;15;1;;;;;
0.02;2;0;2.369409;1;Adaptation;15;1;;;;;
0.04;-0.5;-0.5;3.629277;1;Adaptation;15;1;;;;;
0.06;-0.5;-0.5;3.521801;1;Adaptation;15;1;;;;;
0.08;-0.5;-0.5;5.121049;1;Adaptation;15;1;;;;;
0.09999999;-0.5;-0.5;2.278906;1;Adaptation;15;1;;;;;
0.12;-0.5;-0.5;5.80955;1;Adaptation;15;1;;;;;
0.14;-0.5;-0.5;3.396441;1;Adaptation;15;1;;;;;
0.16;-0.5;-0.5;3.663194;1;Adaptation;15;1;;;;;
0.18;-0.5;-0.5;5.457584;1;Adaptation;15;1;;;;;
0.2;-0.5;-0.5;3.461199;1;Adaptation;15;1;;;;;
0.22;-0.5;-0.5;3.356672;1;Adaptation;15;1;;;;;
0.24;-0.5;-0.5;5.08806;1;Adaptation;15;1;;;;;
0.26;-0.5;-0.5;5.408028;1;Adaptation;15;1;;;;;
0.28;-0.5;-0.5;2.070857;1;Adaptation;15;1;;;;;
0.3;-0.5;-0.5;5.958961;1;Adaptation;15;1;;;;;
0.32;-0.5;-0.5;4.135056;1;Adaptation;15;1;;;;;
0.34;-0.5;-0.5;4.757602;1;Adaptation;15;1;;;;;
0.36;-0.5;-0.5;3.528042;1;Adaptation;15;1;;;;;
0.38;-0.5;-0.5;4.440204;1;Adaptation;15;1;;;;;
0.4;-0.5;-0.5;2.846858;1;Adaptation;15;1;;;;;
0.42;-0.5;-0.5;2.672697;1;Adaptation;15;1;;;;;
0.44;-0.5;-0.5;4.937402;1;Adaptation;15;1;;;;;
0.46;-0.5;-0.5;5.531292;1;Adaptation;15;1;;;;;
0.48;-0.5;-0.5;4.402584;1;Adaptation;15;1;;;;;
0.5;-0.5;-0.5;3.555995;1;Adaptation;15;1;;;;;
0.52;2;0;4.838752;1;Adaptation;15;1;;;;;
0.54;-0.5;-0.5;5.587865;1;Adaptation;15;1;;;;;
0.56;-0.5;-0.5;4.590565;1;Adaptation;15;1;;;;;
0.58;-0.5;-0.5;5.279313;1;Adaptation;15;1;;;;;
0.6;-0.5;-0.5;4.953751;1;Adaptation;15;1;;;;;
0.62;-0.5;-0.5;5.252002;1;Adaptation;15;1;;;;;
0.64;-0.5;-0.5;2.790799;1;Adaptation;15;1;;;;;
0.66;-0.5;-0.5;3.858073;1;Adaptation;15;1;;;;;
0.68;-0.5;-0.5;5.461112;1;Adaptation;15;1;;;;;
0.7;0;0.125;5.52482;1;Adaptation;15;1;;;;;
0.72;-0.5;-0.5;5.218543;1;Adaptation;15;1;;;;;
0.74;-0.5;-0.5;3.481197;1;Adaptation;15;1;;;;;
0.76;-0.5;-0.5;3.909622;1;Adaptation;15;1;;;;;
0.78;0;0.25;4.00182;1;Adaptation;15;1;;;;;
0.8;-0.5;-0.5;5.819242;1;Adaptation;15;1;;;;;
0.82;-0.5;-0.5;2.941502;1;Adaptation;15;1;;;;;
0.84;-0.5;-0.5;5.047489;1;Adaptation;15;1;;;;;
0.86;-0.5;-0.5;5.965085;1;Adaptation;15;1;;;;;
0.88;0;0.25;3.058868;1;Adaptation;15;1;;;;;
0.9;0;0;2.274077;1;Adaptation;15;1;;;;;
0.92;-0.5;-0.5;4.626772;1;Adaptation;15;1;;;;;
0.94;-0.5;-0.5;3.052666;1;Adaptation;15;1;;;;;
0.96;-0.5;-0.5;5.225031;1;Adaptation;15;1;;;;;
0.98;-0.5;-0.5;3.304377;1;Adaptation;15;1;;;;;
1;0;-0.125;2.300303;1;Adaptation;15;1;;;;;
1.02;-0.5;-0.5;2.645045;1;Adaptation;15;1;;;;;
1.04;-0.5;-0.5;2.419144;1;Adaptation;15;1;;;;;
1.06;-0.5;-0.5;5.864592;1;Adaptation;15;1;;;;;
1.08;-0.5;-0.5;4.317239;1;Adaptation;15;1;;;;;
1.1;-0.5;-0.5;3.615063;1;Adaptation;15;1;;;;;
1.12;-0.5;-0.5;3.098568;1;Adaptation;15;1;;;;;
1.14;0;0;3.284647;1;Adaptation;15;1;;;;;
1.16;2;0;3.195536;1;Adaptation;15;1;;;;;
1.18;-0.5;-0.5;3.585504;1;Adaptation;15;1;;;;;
1.2;-0.5;-0.5;3.921913;1;Adaptation;15;1;;;;;
1.22;0;0;4.415608;1;Adaptation;15;1;;;;;
1.24;-0.5;-0.5;3.733495;1;Adaptation;15;1;;;;;
1.26;-0.5;-0.5;2.84866;1;Adaptation;15;1;;;;;
1.28;-0.5;-0.5;4.975405;1;Adaptation;15;1;;;;;
1.3;-0.5;-0.5;4.818987;1;Adaptation;15;1;;;;;
1.32;-0.5;-0.5;2.641149;1;Adaptation;15;1;;;;;
1.34;0;0;4.238944;1;Adaptation;15;1;;;;;
1.36;-0.5;-0.5;4.488019;1;Adaptation;15;1;;;;;
1.38;0;0.125;5.035831;1;Adaptation;15;1;;;;;
1.4;0;-0.125;5.266743;1;Adaptation;15;1;;;;;
1.42;2;0;5.515458;1;Adaptation;15;1;;;;;
1.44;-2;0;5.459232;1;Adaptation;15;1;;;;;
1.46;-0.5;-0.5;2.38105;1;Adaptation;15;1;;;;;
1.48;-0.5;-0.5;3.51433;1;Adaptation;15;1;;;;;
1.5;-0.5;-0.5;3.093414;1;Adaptation;15;1;;;;;
1.52;-0.5;-0.5;4.113768;1;Adaptation;15;1;;;;;
1.54;-2;-0.25;4.206856;1;Adaptation;15;1;;;;;
1.56;-0.5;-0.5;2.384675;1;Adaptation;15;1;;;;;
1.58;-0.5;-0.5;4.685505;1;Adaptation;15;1;;;;;
1.6;-0.5;-0.5;2.03718;1;Adaptation;15;1;;;;;
1.62;-0.5;-0.5;4.314355;1;Adaptation;15;1;;;;;
1.64;-0.5;-0.5;3.438212;1;Adaptation;15;1;;;;;
1.66;-0.5;-0.5;3.245729;1;Adaptation;15;1;;;;;
1.68;-0.5;-0.5;4.193004;1;Adaptation;15;1;;;;;
1.7;-0.5;-0.5;5.279974;1;Adaptation;15;1;;;;;
1.72;-0.5;-0.5;4.887559;1;Adaptation;15;1;;;;;
1.74;-0.5;-0.5;5.519924;1;Adaptation;15;1;;;;;
1.76;-0.5;-0.5;5.148582;1;Adaptation;15;1;;;;;
1.78;-0.5;-0.5;5.379042;1;Adaptation;15;1;;;;;
1.8;-0.5;-0.5;4.59064;1;Adaptation;15;1;;;;;
1.82;-0.5;-0.5;3.099085;1;Adaptation;15;1;;;;;
1.84;0;0.125;3.82189;1;Adaptation;15;1;;;;;
1.86;-0.5;-0.5;4.076414;1;Adaptation;15;1;;;;;
1.88;-2;-0.125;5.882222;1;Adaptation;15;1;;;;;
1.9;-0.5;-0.5;4.405457;1;Adaptation;15;1;;;;;
1.92;-0.5;-0.5;5.218652;1;Adaptation;15;1;;;;;
1.94;-0.5;-0.5;5.397959;1;Adaptation;15;1;;;;;
1.96;-0.5;-0.5;4.070953;1;Adaptation;15;1;;;;;
1.98;-0.5;-0.5;5.874954;1;Adaptation;15;1;;;;;
2;-2;0;4.448964;1;Adaptation;15;1;;;;;
2.02;-0.5;-0.5;3.219912;1;Adaptation;15;1;;;;;
2.04;-0.5;-0.5;3.604174;1;Adaptation;15;1;;;;;
2.06;-0.5;-0.5;4.699586;1;Adaptation;15;1;;;;;
2.08;0;0.25;5.120898;1;Adaptation;15;1;;;;;
2.1;-0.5;-0.5;3.473817;1;Adaptation;15;1;;;;;
2.12;-0.5;-0.5;3.116648;1;Adaptation;15;1;;;;;
2.14;-0.5;-0.5;2.031443;1;Adaptation;15;1;;;;;
2.16;2;-0.125;5.175955;1;Adaptation;15;1;;;;;
2.18;-0.5;-0.5;3.947835;1;Adaptation;15;1;;;;;
2.2;-2;0.25;2.417469;1;Adaptation;15;1;;;;;
2.22;-0.5;-0.5;3.0662;1;Adaptation;15;1;;;;;
2.24;-0.5;-0.5;5.255159;1;Adaptation;15;1;;;;;
2.26;-0.5;-0.5;4.072685;1;Adaptation;15;1;;;;;
2.28;-0.5;-0.5;4.008386;1;Adaptation;15;1;;;;;
2.3;-0.5;-0.5;4.02737;1;Adaptation;15;1;;;;;
2.32;-0.5;-0.5;4.468451;1;Adaptation;15;1;;;;;
2.34;0;0;3.131165;1;Adaptation;15;1;;;;;
2.36;-0.5;-0.5;3.168984;1;Adaptation;15;1;;;;;
2.38;-0.5;-0.5;4.046497;1;Adaptation;15;1;;;;;
2.4;-0.5;-0.5;2.036205;1;Adaptation;15;1;;;;;
2.42;-0.5;-0.5;3.554697;1;Adaptation;15;1;;;;;
2.44;-0.5;-0.5;3.644806;1;Adaptation;15;1;;;;;
2.46;-0.5;-0.5;4.468951;1;Adaptation;15;1;;;;;
2.48;-2;-0.125;3.470622;1;Adaptation;15;1;;;;;
2.5;-0.5;-0.5;2.011903;1;Adaptation;15;1;;;;;
2.52;-0.5;-0.5;3.633222;1;Adaptation;15;1;;;;;
2.54;-0.5;-0.5;3.469618;1;Adaptation;15;1;;;;;
2.56;0;0;5.760426;1;Adaptation;15;1;;;;;
2.58;-0.5;-0.5;5.192883;1;Adaptation;15;1;;;;;
2.6;-0.5;-0.5;2.058897;1;Adaptation;15;1;;;;;
2.62;-0.5;-0.5;2.104827;1;Adaptation;15;1;;;;;
2.64;-0.5;-0.5;3.599694;1;Adaptation;15;1;;;;;
2.66;-2;-0.125;4.231094;1;Adaptation;15;1;;;;;
2.68;-0.5;-0.5;4.907548;1;Adaptation;15;1;;;;;
2.7;-0.5;-0.5;3.313376;1;Adaptation;15;1;;;;;
2.72;-0.5;-0.5;4.545479;1;Adaptation;15;1;;;;;
2.74;-0.5;-0.5;4.73649;1;Adaptation;15;1;;;;;
2.76;-0.5;-0.5;4.943352;1;Adaptation;15;1;;;;;
2.78;-0.5;-0.5;3.329007;1;Adaptation;15;1;;;;;
2.8;2;0;4.226159;1;Adaptation;15;1;;;;;
2.82;-0.5;-0.5;2.54569;1;Adaptation;15;1;;;;;
2.84;-0.5;-0.5;3.406973;1;Adaptation;15;1;;;;;
2.86;-0.5;-0.5;5.977267;1;Adaptation;15;1;;;;;
2.88;-0.5;-0.5;3.314025;1;Adaptation;15;1;;;;;
2.9;-0.5;-0.5;2.855467;1;Adaptation;15;1;;;;;
2.92;-0.5;-0.5;3.359351;1;Adaptation;15;1;;;;;
2.94;-0.5;-0.5;5.403089;1;Adaptation;15;1;;;;;
2.96;-0.5;-0.5;3.745644;1;Adaptation;15;1;;;;;
2.98;-0.5;-0.5;4.843565;1;Adaptation;15;1;;;;;
3;-0.5;-0.5;5.078143;1;Adaptation;15;1;;;;;
3.02;-0.5;-0.5;4.994829;1;Adaptation;15;1;;;;;
3.04;4;0;2.047803;1;Adaptation;15;1;;;;;
3.06;-0.5;-0.5;3.354791;1;Adaptation;15;1;;;;;
3.08;-0.5;-0.5;2.40379;1;Adaptation;15;1;;;;;
3.1;-0.5;-0.5;3.505638;1;Adaptation;15;1;;;;;
3.12;-0.5;-0.5;5.840311;1;Adaptation;15;1;;;;;
3.14;-0.5;-0.5;5.671516;1;Adaptation;15;1;;;;;
3.16;-0.5;-0.5;5.428015;1;Adaptation;15;1;;;;;
3.18;-0.5;-0.5;3.512771;1;Adaptation;15;1;;;;;
3.2;-0.5;-0.5;2.940128;1;Adaptation;15;1;;;;;
3.22;-0.5;-0.5;2.982103;1;Adaptation;15;1;;;;;
3.24;-0.5;-0.5;3.015385;1;Adaptation;15;1;;;;;
3.26;-0.5;-0.5;4.123576;1;Adaptation;15;1;;;;;
3.28;-0.5;-0.5;5.765132;1;Adaptation;15;1;;;;;
3.3;-2;-0.125;2.539549;1;Adaptation;15;1;;;;;
3.32;0;0.125;4.620696;1;Adaptation;15;1;;;;;
3.34;-0.5;-0.5;4.252472;1;Adaptation;15;1;;;;;
3.36;-0.5;-0.5;5.563702;1;Adaptation;15;1;;;;;
3.38;-0.5;-0.5;5.083307;1;Adaptation;15;1;;;;;
3.4;-0.5;-0.5;2.344649;1;Adaptation;15;1;;;;;
3.42;-0.5;-0.5;5.004034;1;Adaptation;15;1;;;;;
3.44;-0.5;-0.5;5.899337;1;Adaptation;15;1;;;;;
3.46;-0.5;-0.5;5.90987;1;Adaptation;15;1;;;;;
3.48;-0.5;-0.5;3.206045;1;Adaptation;15;1;;;;;
3.5;-0.5;-0.5;5.137913;1;Adaptation;15;1;;;;;
3.52;-0.5;-0.5;4.101439;1;Adaptation;15;1;;;;;
3.54;-0.5;-0.5;2.46863;1;Adaptation;15;1;;;;;
3.56;-0.5;-0.5;3.879064;1;Adaptation;15;1;;;;;
3.58;0;-0.125;5.439771;1;Adaptation;15;1;;;;;
3.6;-0.5;-0.5;2.978786;1;Adaptation;15;1;;;;;
3.62;0;0.125;4.368666;1;Adaptation;15;1;;;;;
3.64;-0.5;-0.5;5.495914;1;Adaptation;15;1;;;;;
3.66;-0.5;-0.5;2.535211;1;Adaptation;15;1;;;;;
3.68;0;0.125;5.074456;1;Adaptation;15;1;;;;;
3.7;-0.5;-0.5;2.254965;1;Adaptation;15;1;;;;;
3.72;0;-0.25;5.468699;1;Adaptation;15;1;;;;;
3.74;-2;0;5.858422;1;Adaptation;15;1;;;;;
3.76;-0.5;-0.5;2.873511;1;Adaptation;15;1;;;;;
3.78;0;0.25;2.817136;1;Adaptation;15;1;;;;;
3.8;2;-0.125;2.826391;1;Adaptation;15;1;;;;;
3.82;-0.5;-0.5;2.527264;1;Adaptation;15;1;;;;;
3.84;-0.5;-0.5;4.776521;1;Adaptation;15;1;;;;;
3.86;-0.5;-0.5;2.16658;1;Adaptation;15;1;;;;;
3.88;-0.5;-0.5;4.638133;1;Adaptation;15;1;;;;;
3.9;-0.5;-0.5;2.842196;1;Adaptation;15;1;;;;;
3.92;2;0;4.898487;1;Adaptation;15;1;;;;;
3.94;0;-0.125;4.661898;1;Adaptation;15;1;;;;;
3.96;-0.5;-0.5;5.273032;1;Adaptation;15;1;;;;;
3.98;-0.5;-0.5;3.702956;1;Adaptation;15;1;;;;;
4;0;0.125;5.807909;1;Adaptation;15;1;;;;;
4.02;-2;0.125;4.741518;1;Adaptation;15;1;;;;;
4.04;0;0;3.374741;1;Adaptation;15;1;;;;;
4.06;0;-0.125;3.509362;1;Adaptation;15;1;;;;;
4.08;-0.5;-0.5;5.197567;1;Adaptation;15;1;;;;;
4.1;-0.5;-0.5;2.815417;1;Adaptation;15;1;;;;;
4.12;-0.5;-0.5;2.988822;1;Adaptation;15;1;;;;;
4.14;0;0;4.672008;1;Adaptation;15;1;;;;;
4.16;-0.5;-0.5;4.487533;1;Adaptation;15;1;;;;;
4.18;-0.5;-0.5;3.832785;1;Adaptation;15;1;;;;;
4.2;-0.5;-0.5;4.100788;1;Adaptation;15;1;;;;;
4.22;0;0;4.507001;1;Adaptation;15;1;;;;;
4.24;-0.5;-0.5;5.229318;1;Adaptation;15;1;;;;;
4.26;-0.5;-0.5;2.02746;1;Adaptation;15;1;;;;;
4.28;-0.5;-0.5;3.998636;1;Adaptation;15;1;;;;;
4.3;-0.5;-0.5;4.339237;1;Adaptation;15;1;;;;;
4.32;-0.5;-0.5;3.030326;1;Adaptation;15;1;;;;;
4.34;-0.5;-0.5;4.286211;1;Adaptation;15;1;;;;;
4.36;-0.5;-0.5;5.921149;1;Adaptation;15;1;;;;;
4.38;2;0.25;2.568496;1;Adaptation;15;1;;;;;
4.4;-2;0.125;3.664344;1;Adaptation;15;1;;;;;
4.42;-0.5;-0.5;3.471818;1;Adaptation;15;1;;;;;
4.44;-0.5;-0.5;3.480479;1;Adaptation;15;1;;;;;
4.46;-0.5;-0.5;4.964642;1;Adaptation;15;1;;;;;
4.48;-2;0.125;4.274914;1;Adaptation;15;1;;;;;
4.5;-0.5;-0.5;4.414633;1;Adaptation;15;1;;;;;
4.52;-0.5;-0.5;4.074954;1;Adaptation;15;1;;;;;
4.54;-0.5;-0.5;3.664978;1;Adaptation;15;1;;;;;
4.56;-0.5;-0.5;2.776206;1;Adaptation;15;1;;;;;
4.58;-0.5;-0.5;2.300133;1;Adaptation;15;1;;;;;
4.6;0;0;5.960759;1;Adaptation;15;1;;;;;
4.62;0;0.25;2.756891;1;Adaptation;15;1;;;;;
4.64;-2;0;4.023494;1;Adaptation;15;1;;;;;
4.66;-0.5;-0.5;2.832753;1;Adaptation;15;1;;;;;
4.68;-0.5;-0.5;3.918293;1;Adaptation;15;1;;;;;
4.7;-0.5;-0.5;2.515324;1;Adaptation;15;1;;;;;
4.72;-0.5;-0.5;5.50847;1;Adaptation;15;1;;;;;
4.74;-0.5;-0.5;5.201676;1;Adaptation;15;1;;;;;
4.76;-0.5;-0.5;4.138334;1;Adaptation;15;1;;;;;
4.78;-0.5;-0.5;5.354971;1;Adaptation;15;1;;;;;
4.8;-0.5;-0.5;2.007248;1;Adaptation;15;1;;;;;
4.82;2;-0.125;5.811867;1;Adaptation;15;1;;;;;
4.84;-0.5;-0.5;5.237693;1;Adaptation;15;1;;;;;
4.86;-0.5;-0.5;5.722675;1;Adaptation;15;1;;;;;
4.88;0;-0.125;2.792994;1;Adaptation;15;1;;;;;
4.9;0;0.125;3.820453;1;Adaptation;15;1;;;;;
4.92;-0.5;-0.5;5.424385;1;Adaptation;15;1;;;;;
4.94;-0.5;-0.5;5.433494;1;Adaptation;15;1;;;;;
4.96;2;0.125;4.602522;1;Adaptation;15;1;;;;;
4.98;-2;0.125;2.493565;1;Adaptation;15;1;;;;;
5;-2;0;5.811424;1;Adaptation;15;1;;;;;
5.02;-0.5;-0.5;4.972595;1;Adaptation;15;1;;;;;
5.04;-0.5;-0.5;5.285002;1;Adaptation;15;1;;;;;
5.06;-0.5;-0.5;3.41554;1;Adaptation;15;1;;;;;
5.08;-0.5;-0.5;2.075237;1;Adaptation;15;1;;;;;
5.1;2;0.125;5.075861;1;Adaptation;15;1;;;;;
5.12;-0.5;-0.5;4.52193;1;Adaptation;15;1;;;;;
5.14;-0.5;-0.5;3.323082;1;Adaptation;15;1;;;;;
5.16;-0.5;-0.5;3.123675;1;Adaptation;15;1;;;;;
5.18;-0.5;-0.5;4.323874;1;Adaptation;15;1;;;;;
5.2;0;0;2.852015;1;Adaptation;15;1;;;;;
5.22;-0.5;-0.5;2.443676;1;Adaptation;15;1;;;;;
5.24;-0.5;-0.5;5.360942;1;Adaptation;15;1;;;;;
5.26;-0.5;-0.5;4.571615;1;Adaptation;15;1;;;;;
5.28;-0.5;-0.5;4.730894;1;Adaptation;15;1;;;;;
5.3;0;0.25;4.440254;1;Adaptation;15;1;;;;;
5.32;-0.5;-0.5;5.501326;1;Adaptation;15;1;;;;;
5.34;-0.5;-0.5;3.536629;1;Adaptation;15;1;;;;;
5.36;-0.5;-0.5;5.692252;1;Adaptation;15;1;;;;;
5.38;-0.5;-0.5;2.289176;1;Adaptation;15;1;;;;;
5.4;-0.5;-0.5;4.538595;1;Adaptation;15;1;;;;;
5.42;-0.5;-0.5;5.763406;1;Adaptation;15;1;;;;;
5.44;-0.5;-0.5;5.255327;1;Adaptation;15;1;;;;;
5.46;-0.5;-0.5;2.655548;1;Adaptation;15;1;;;;;
5.48;-0.5;-0.5;2.959991;1;Adaptation;15;1;;;;;
5.5;-0.5;-0.5;2.88972;1;Adaptation;15;1;;;;;
5.52;-0.5;-0.5;2.562151;1;Adaptation;15;1;;;;;
5.54;-0.5;-0.5;4.060641;1;Adaptation;15;1;;;;;
5.56;-0.5;-0.5;3.171248;1;Adaptation;15;1;;;;;
5.58;0;-0.25;3.245124;1;Adaptation;15;1;;;;;
5.6;-0.5;-0.5;5.289549;1;Adaptation;15;1;;;;;
5.62;-0.5;-0.5;3.564824;1;Adaptation;15;1;;;;;
5.64;0;0.125;4.259863;1;Adaptation;15;1;;;;;
5.66;-0.5;-0.5;5.646194;1;Adaptation;15;1;;;;;
5.68;-0.5;-0.5;3.081367;1;Adaptation;15;1;;;;;
5.7;-0.5;-0.5;5.281538;1;Adaptation;15;1;;;;;
5.72;-0.5;-0.5;4.141309;1;Adaptation;15;1;;;;;
5.74;-0.5;-0.5;3.144117;1;Adaptation;15;1;;;;;
5.76;0;0;2.280025;1;Adaptation;15;1;;;;;
5.78;-0.5;-0.5;5.650565;1;Adaptation;15;1;;;;;
5.8;-0.5;-0.5;4.602075;1;Adaptation;15;1;;;;;
5.82;-0.5;-0.5;2.703696;1;Adaptation;15;1;;;;;
5.84;-2;-0.125;2.8437;1;Adaptation;15;1;;;;;
5.86;0;0;4.526614;1;Adaptation;15;1;;;;;
5.88;-0.5;-0.5;5.8815;1;Adaptation;15;1;;;;;
5.9;-4;-0.125;5.333316;1;Adaptation;15;1;;;;;
5.92;-0.5;-0.5;5.593098;1;Adaptation;15;1;;;;;
5.94;-0.5;-0.5;3.691057;1;Adaptation;15;1;;;;;
5.96;-0.5;-0.5;5.238648;1;Adaptation;15;1;;;;;
5.98;-0.5;-0.5;5.80264;1;Adaptation;15;1;;;;;
6;-0.5;-0.5;2.486168;1;Adaptation;15;1;;;;;
6.02;-0.5;-0.5;3.327838;1;Adaptation;15;1;;;;;
6.04;-0.5;-0.5;5.217882;1;Adaptation;15;1;;;;;
6.06;-2;0;4.995555;1;Adaptation;15;1;;;;;
6.08;-2;-0.25;2.960073;1;Adaptation;15;1;;;;;
6.1;0;0;3.78889;1;Adaptation;15;1;;;;;
6.12;-0.5;-0.5;5.970846;1;Adaptation;15;1;;;;;
6.14;-0.5;-0.5;5.785192;1;Adaptation;15;1;;;;;
6.16;0;0;3.631858;1;Adaptation;15;1;;;;;
6.18;-0.5;-0.5;3.274667;1;Adaptation;15;1;;;;;
6.2;-0.5;-0.5;2.741811;1;Adaptation;15;1;;;;;
6.22;-0.5;-0.5;2.55444;1;Adaptation;15;1;;;;;
6.24;0;0;4.207115;1;Adaptation;15;1;;;;;
6.26;0;0.125;3.48776;1;Adaptation;15;1;;;;;
6.28;-0.5;-0.5;5.449498;1;Adaptation;15;1;;;;;
6.3;0;0.125;2.752262;1;Adaptation;15;1;;;;;
6.32;-2;0.125;5.081476;1;Adaptation;15;1;;;;;
6.34;-0.5;-0.5;2.70375;1;Adaptation;15;1;;;;;
6.36;-0.5;-0.5;5.169133;1;Adaptation;15;1;;;;;
6.38;-0.5;-0.5;3.483397;1;Adaptation;15;1;;;;;
6.4;0;-0.125;5.248716;1;Adaptation;15;1;;;;;
6.42;0;0;2.335114;1;Adaptation;15;1;;;;;
6.44;-0.5;-0.5;4.780392;1;Adaptation;15;1;;;;;
6.46;-0.5;-0.5;2.9236;1;Adaptation;15;1;;;;;
6.48;-0.5;-0.5;3.65588;1;Adaptation;15;1;;;;;
6.5;-0.5;-0.5;2.374849;1;Adaptation;15;1;;;;;
6.52;0;-0.125;2.031153;1;Adaptation;15;1;;;;;
6.54;-0.5;-0.5;5.782388;1;Adaptation;15;1;;;;;
6.56;-0.5;-0.5;5.306628;1;Adaptation;15;1;;;;;
6.58;-0.5;-0.5;3.459918;1;Adaptation;15;1;;;;;
6.6;-0.5;-0.5;2.34817;1;Adaptation;15;1;;;;;
6.62;-0.5;-0.5;3.592075;1;Adaptation;15;1;;;;;
6.64;-0.5;-0.5;4.788038;1;Adaptation;15;1;;;;;
6.66;-0.5;-0.5;3.77289;1;Adaptation;15;1;;;;;
6.68;-0.5;-0.5;3.819286;1;Adaptation;15;1;;;;;
6.7;-0.5;-0.5;5.663666;1;Adaptation;15;1;;;;;
6.72;-0.5;-0.5;3.253614;1;Adaptation;15;1;;;;;
6.74;-2;-0.125;3.646828;1;Adaptation;15;1;;;;;
6.76;-0.5;-0.5;5.999803;1;Adaptation;15;1;;;;;
6.78;-0.5;-0.5;2.291028;1;Adaptation;15;1;;;;;
6.8;-0.5;-0.5;2.985622;1;Adaptation;15;1;;;;;
6.82;-0.5;-0.5;5.997608;1;Adaptation;15;1;;;;;
6.84;-0.5;-0.5;2.984045;1;Adaptation;15;1;;;;;
6.86;-0.5;-0.5;4.761633;1;Adaptation;15;1;;;;;
6.88;-0.5;-0.5;3.394409;1;Adaptation;15;1;;;;;
6.9;-0.5;-0.5;2.113126;1;Adaptation;15;1;;;;;
6.92;0;0;2.235557;1;Adaptation;15;1;;;;;
6.94;0;0.25;5.239353;1;Adaptation;15;1;;;;;
6.96;-2;0.25;3.278829;1;Adaptation;15;1;;;;;
6.98;-0.5;-0.5;3.598704;1;Adaptation;15;1;;;;;
7;-0.5;-0.5;4.571374;1;Adaptation;15;1;;;;;
7.02;-0.5;-0.5;2.629303;1;Adaptation;15;1;;;;;
7.04;2;0;2.061485;1;Adaptation;15;1;;;;;
7.06;-2;-0.125;5.897964;1;Adaptation;15;1;;;;;
7.08;-0.5;-0.5;4.261002;1;Adaptation;15;1;;;;;
7.1;-0.5;-0.5;4.782911;1;Adaptation;15;1;;;;;
7.12;0;-0.125;3.81849;1;Adaptation;15;1;;;;;
7.14;-0.5;-0.5;3.623756;1;Adaptation;15;1;;;;;
7.16;-0.5;-0.5;2.668354;1;Adaptation;15;1;;;;;
7.18;-0.5;-0.5;4.906093;1;Adaptation;15;1;;;;;
7.2;-0.5;-0.5;4.111385;1;Adaptation;15;1;;;;;
7.22;-2;0.125;5.173705;1;Adaptation;15;1;;;;;
7.24;-0.5;-0.5;5.180726;1;Adaptation;15;1;;;;;
7.26;-0.5;-0.5;3.518928;1;Adaptation;15;1;;;;;
7.28;-0.5;-0.5;3.398715;1;Adaptation;15;1;;;;;
7.3;-0.5;-0.5;5.529456;1;Adaptation;15;1;;;;;
7.32;-0.5;-0.5;3.258839;1;Adaptation;15;1;;;;;
7.34;-2;0;2.542059;1;Adaptation;15;1;;;;;
7.36;-0.5;-0.5;5.336975;1;Adaptation;15;1;;;;;
7.38;-0.5;-0.5;5.367789;1;Adaptation;15;1;;;;;
7.4;-0.5;-0.5;5.293097;1;Adaptation;15;1;;;;;
7.42;-0.5;-0.5;3.952152;1;Adaptation;15;1;;;;;
7.44;-0.5;-0.5;4.527555;1;Adaptation;15;1;;;;;
7.46;-0.5;-0.5;2.69195;1;Adaptation;15;1;;;;;
7.48;0;0.125;5.95035;1;Adaptation;15;1;;;;;
7.5;-0.5;-0.5;4.08206;1;Adaptation;15;1;;;;;
7.52;-0.5;-0.5;4.352933;1;Adaptation;15;1;;;;;
7.54;-0.5;-0.5;2.786105;1;Adaptation;15;1;;;;;
7.56;-0.5;-0.5;3.441452;1;Adaptation;15;1;;;;;
7.58;-0.5;-0.5;3.045226;1;Adaptation;15;1;;;;;
7.6;-0.5;-0.5;2.863753;1;Adaptation;15;1;;;;;
7.62;-0.5;-0.5;2.482708;1;Adaptation;15;1;;;;;
7.64;-0.5;-0.5;4.29219;1;Adaptation;15;1;;;;;
7.66;-0.5;-0.5;2.125565;1;Adaptation;15;1;;;;;
7.68;-0.5;-0.5;5.717894;1;Adaptation;15;1;;;;;
7.7;-0.5;-0.5;2.141975;1;Adaptation;15;1;;;;;
7.72;-0.5;-0.5;2.286756;1;Adaptation;15;1;;;;;
7.74;-0.5;-0.5;3.752513;1;Adaptation;15;1;;;;;
7.76;-0.5;-0.5;4.818242;1;Adaptation;15;1;;;;;
7.78;-0.5;-0.5;4.393842;1;Adaptation;15;1;;;;;
7.8;-0.5;-0.5;3.328486;1;Adaptation;15;1;;;;;
7.82;-0.5;-0.5;2.823613;1;Adaptation;15;1;;;;;
7.84;-0.5;-0.5;5.910141;1;Adaptation;15;1;;;;;
7.86;-2;0;4.155352;1;Adaptation;15;1;;;;;
7.88;-0.5;-0.5;2.997612;1;Adaptation;15;1;;;;;
7.9;-0.5;-0.5;3.762624;1;Adaptation;15;1;;;;;
7.92;-2;-0.125;5.70886;1;Adaptation;15;1;;;;;
7.94;-0.5;-0.5;3.286183;1;Adaptation;15;1;;;;;
7.96;-0.5;-0.5;3.855129;1;Adaptation;15;1;;;;;
7.98;0;0.125;5.707168;1;Adaptation;15;1;;;;;
8;-0.5;-0.5;2.420137;1;Adaptation;15;1;;;;;
8.02;-0.5;-0.5;2.581686;1;Adaptation;15;1;;;;;
8.04;-0.5;-0.5;2.692623;1;Adaptation;15;1;;;;;
8.059999;-0.5;-0.5;4.322875;1;Adaptation;15;1;;;;;
8.08;-0.5;-0.5;4.946781;1;Adaptation;15;1;;;;;
8.099999;-0.5;-0.5;2.974666;1;Adaptation;15;1;;;;;
8.12;-0.5;-0.5;2.664926;1;Adaptation;15;1;;;;;
8.139999;-0.5;-0.5;3.472064;1;Adaptation;15;1;;;;;
8.16;0;-0.125;4.164505;1;Adaptation;15;1;;;;;
8.179999;-0.5;-0.5;2.968038;1;Adaptation;15;1;;;;;
8.2;-0.5;-0.5;2.378601;1;Adaptation;15;1;;;;;
8.22;-0.5;-0.5;4.990452;1;Adaptation;15;1;;;;;
8.24;-0.5;-0.5;2.48728;1;Adaptation;15;1;;;;;
8.26;-0.5;-0.5;3.077665;1;Adaptation;15;1;;;;;
8.28;-0.5;-0.5;4.587234;1;Adaptation;15;1;;;;;
8.3;0;0.125;3.798319;1;Adaptation;15;1;;;;;
8.32;-0.5;-0.5;5.578462;1;Adaptation;15;1;;;;;
8.34;-0.5;-0.5;2.319359;1;Adaptation;15;1;;;;;
8.36;-0.5;-0.5;3.7456;1;Adaptation;15;1;;;;;
8.38;-0.5;-0.5;5.837491;1;Adaptation;15;1;;;;;
8.4;-0.5;-0.5;5.39016;1;Adaptation;15;1;;;;;
8.42;-0.5;-0.5;5.099489;1;Adaptation;15;1;;;;;
8.44;0;-0.125;3.561602;1;Adaptation;15;1;;;;;
8.46;-0.5;-0.5;2.512436;1;Adaptation;15;1;;;;;
8.48;-0.5;-0.5;2.715764;1;Adaptation;15;1;;;;;
8.5;-0.5;-0.5;2.735107;1;Adaptation;15;1;;;;;
8.52;-0.5;-0.5;5.314109;1;Adaptation;15;1;;;;;
8.54;-0.5;-0.5;5.79198;1;Adaptation;15;1;;;;;
8.559999;-0.5;-0.5;3.886434;1;Adaptation;15;1;;;;;
8.58;0;-0.125;3.050496;1;Adaptation;15;1;;;;;
8.599999;2;-0.125;4.420508;1;Adaptation;15;1;;;;;
8.62;-0.5;-0.5;4.724619;1;Adaptation;15;1;;;;;
8.639999;-0.5;-0.5;5.454216;1;Adaptation;15;1;;;;;
8.66;-0.5;-0.5;3.270796;1;Adaptation;15;1;;;;;
8.679999;-0.5;-0.5;3.824021;1;Adaptation;15;1;;;;;
8.7;2;0.125;5.683719;1;Adaptation;15;1;;;;;
8.72;-0.5;-0.5;3.60823;1;Adaptation;15;1;;;;;
8.74;-0.5;-0.5;4.437687;1;Adaptation;15;1;;;;;
8.76;-0.5;-0.5;2.709532;1;Adaptation;15;1;;;;;
8.78;0;-0.25;4.403655;1;Adaptation;15;1;;;;;
8.8;0;-0.125;4.004679;1;Adaptation;15;1;;;;;
8.82;-2;-0.125;2.628283;1;Adaptation;15;1;;;;;
8.84;-2;0.125;2.125446;1;Adaptation;15;1;;;;;
8.86;-0.5;-0.5;3.307975;1;Adaptation;15;1;;;;;
8.88;-0.5;-0.5;4.505478;1;Adaptation;15;1;;;;;
8.9;-0.5;-0.5;4.821266;1;Adaptation;15;1;;;;;
8.92;-2;0.125;5.774184;1;Adaptation;15;1;;;;;
8.94;-0.5;-0.5;2.912015;1;Adaptation;15;1;;;;;
8.96;-0.5;-0.5;3.490012;1;Adaptation;15;1;;;;;
8.98;-0.5;-0.5;5.294867;1;Adaptation;15;1;;;;;
9;-0.5;-0.5;2.242763;1;Adaptation;15;1;;;;;
9.02;-0.5;-0.5;2.166315;1;Adaptation;15;1;;;;;
9.04;-0.5;-0.5;4.93421;1;Adaptation;15;1;;;;;
9.059999;-0.5;-0.5;4.828176;1;Adaptation;15;1;;;;;
9.08;-0.5;-0.5;2.330614;1;Adaptation;15;1;;;;;
9.099999;-0.5;-0.5;5.706697;1;Adaptation;15;1;;;;;
9.12;2;0.125;5.075152;1;Adaptation;15;1;;;;;
9.139999;-0.5;-0.5;3.901155;1;Adaptation;15;1;;;;;
9.16;-0.5;-0.5;5.452219;1;Adaptation;15;1;;;;;
9.179999;-0.5;-0.5;5.516423;1;Adaptation;15;1;;;;;
9.2;-0.5;-0.5;3.610894;1;Adaptation;15;1;;;;;
9.22;0;0;5.446328;1;Adaptation;15;1;;;;;
9.24;0;-0.375;4.606468;1;Adaptation;15;1;;;;;
9.26;-2;0.125;5.331647;1;Adaptation;15;1;;;;;
9.28;-0.5;-0.5;4.651642;1;Adaptation;15;1;;;;;
9.3;0;0;3.085569;1;Adaptation;15;1;;;;;
9.32;-0.5;-0.5;4.938719;1;Adaptation;15;1;;;;;
9.34;-0.5;-0.5;5.724738;1;Adaptation;15;1;;;;;
9.36;-0.5;-0.5;3.745635;1;Adaptation;15;1;;;;;
9.38;0;-0.125;3.653617;1;Adaptation;15;1;;;;;
9.4;-0.5;-0.5;4.444914;1;Adaptation;15;1;;;;;
9.42;-0.5;-0.5;5.777542;1;Adaptation;15;1;;;;;
9.44;-0.5;-0.5;5.693436;1;Adaptation;15;1;;;;;
9.46;-0.5;-0.5;5.255905;1;Adaptation;15;1;;;;;
9.48;-0.5;-0.5;4.45647;1;Adaptation;15;1;;;;;
9.5;-2;0;3.453701;1;Adaptation;15;1;;;;;
9.52;-0.5;-0.5;4.299228;1;Adaptation;15;1;;;;;
9.54;0;-0.25;2.490483;1;Adaptation;15;1;;;;;
9.559999;0;-0.125;2.123915;1;Adaptation;15;1;;;;;
9.58;-0.5;-0.5;3.663152;1;Adaptation;15;1;;;;;
9.599999;-0.5;-0.5;3.638786;1;Adaptation;15;1;;;;;
9.62;-0.5;-0.5;4.356331;1;Adaptation;15;1;;;;;
9.639999;-0.5;-0.5;5.923869;1;Adaptation;15;1;;;;;
9.66;-0.5;-0.5;2.078446;1;Adaptation;15;1;;;;;
9.679999;-0.5;-0.5;5.485304;1;Adaptation;15;1;;;;;
9.7;-0.5;-0.5;2.248476;1;Adaptation;15;1;;;;;
9.719999;-0.5;-0.5;4.383466;1;Adaptation;15;1;;;;;
9.74;-0.5;-0.5;2.75351;1;Adaptation;15;1;;;;;
9.76;-0.5;-0.5;4.111745;1;Adaptation;15;1;;;;;
9.78;0;0;4.663199;1;Adaptation;15;1;;;;;
9.8;0;0;4.489015;1;Adaptation;15;1;;;;;
9.82;-0.5;-0.5;5.287257;1;Adaptation;15;1;;;;;
9.84;-0.5;-0.5;2.119374;1;Adaptation;15;1;;;;;
9.86;-0.5;-0.5;3.858017;1;Adaptation;15;1;;;;;
9.88;-0.5;-0.5;2.274293;1;Adaptation;15;1;;;;;
9.9;-0.5;-0.5;3.658186;1;Adaptation;15;1;;;;;
9.92;-0.5;-0.5;2.790144;1;Adaptation;15;1;;;;;
9.94;-2;0.125;2.889359;1;Adaptation;15;1;;;;;
9.96;2;0;3.628162;1;Adaptation;15;1;;;;;
9.98;-2;0;2.013139;1;Adaptation;15;1;;;;;
10;-0.5;-0.5;2.851673;1;Adaptation;15;1;;;;;
10.02;2;0;2.447362;1;Adaptation;15;1;;;;;
10.04;-0.5;-0.5;5.752158;1;Adaptation;15;1;;;;;
10.06;-0.5;-0.5;5.340832;1;Adaptation;15;1;;;;;
10.08;-0.5;-0.5;3.056777;1;Adaptation;15;1;;;;;
10.1;-0.5;-0.5;5.582766;1;Adaptation;15;1;;;;;
10.12;-0.5;-0.5;4.132984;1;Adaptation;15;1;;;;;
10.14;0;0.25;3.524241;1;Adaptation;15;1;;;;;
10.16;-0.5;-0.5;3.085904;1;Adaptation;15;1;;;;;
10.18;-0.5;-0.5;5.198321;1;Adaptation;15;1;;;;;
10.2;-0.5;-0.5;4.822709;1;Adaptation;15;1;;;;;
10.22;-2;0;2.225208;1;Adaptation;15;1;;;;;
10.24;-0.5;-0.5;3.370257;1;Adaptation;15;1;;;;;
10.26;-0.5;-0.5;4.912025;1;Adaptation;15;1;;;;;
10.28;-0.5;-0.5;4.860176;1;Adaptation;15;1;;;;;
10.3;-2;0.125;3.510926;1;Adaptation;15;1;;;;;
10.32;-0.5;-0.5;4.990913;1;Adaptation;15;1;;;;;
10.34;-0.5;-0.5;5.486904;1;Adaptation;15;1;;;;;
10.36;0;0;3.909382;1;Adaptation;15;1;;;;;
10.38;-0.5;-0.5;3.305022;1;Adaptation;15;1;;;;;
10.4;-0.5;-0.5;4.635939;1;Adaptation;15;1;;;;;
10.42;-0.5;-0.5;5.939154;1;Adaptation;15;1;;;;;
10.44;0;0;4.302663;1;Adaptation;15;1;;;;;
10.46;-0.5;-0.5;4.051542;1;Adaptation;15;1;;;;;
10.48;-0.5;-0.5;2.18594;1;Adaptation;15;1;;;;;
10.5;-0.5;-0.5;2.046378;1;Adaptation;15;1;;;;;
10.52;-0.5;-0.5;2.978851;1;Adaptation;15;1;;;;;
10.54;0;-0.125;2.429795;1;Adaptation;15;1;;;;;
10.56;-0.5;-0.5;5.334179;1;Adaptation;15;1;;;;;
10.58;-0.5;-0.5;5.940264;1;Adaptation;15;1;;;;;
10.6;-0.5;-0.5;2.42219;1;Adaptation;15;1;;;;;
10.62;-0.5;-0.5;4.159543;1;Adaptation;15;1;;;;;
10.64;-0.5;-0.5;3.634707;1;Adaptation;15;1;;;;;
10.66;-0.5;-0.5;4.627887;1;Adaptation;15;1;;;;;
10.68;-0.5;-0.5;4.484231;1;Adaptation;15;1;;;;;
10.7;2;0;2.481354;1;Adaptation;15;1;;;;;
10.72;-0.5;-0.5;4.64506;1;Adaptation;15;1;;;;;
10.74;-0.5;-0.5;4.387658;1;Adaptation;15;1;;;;;
10.76;-0.5;-0.5;5.098887;1;Adaptation;15;1;;;;;
10.78;-0.5;-0.5;4.426231;1;Adaptation;15;1;;;;;
10.8;-0.5;-0.5;2.632829;1;Adaptation;15;1;;;;;
10.82;-0.5;-0.5;3.103035;1;Adaptation;15;1;;;;;
10.84;-0.5;-0.5;5.611827;1;Adaptation;15;1;;;;;
10.86;-0.5;-0.5;4.678549;1;Adaptation;15;1;;;;;
10.88;0;-0.375;3.232026;1;Adaptation;15;1;;;;;
10.9;-0.5;-0.5;5.659423;1;Adaptation;15;1;;;;;
10.92;-0.5;-0.5;3.954254;1;Adaptation;15;1;;;;;
10.94;-0.5;-0.5;5.201712;1;Adaptation;15;1;;;;;
10.96;-0.5;-0.5;2.764757;1;Adaptation;15;1;;;;;
10.98;-0.5;-0.5;3.176019;1;Adaptation;15;1;;;;;
11;-0.5;-0.5;5.306173;1;Adaptation;15;1;;;;;
11.02;-0.5;-0.5;3.415243;1;Adaptation;15;1;;;;;
11.04;-0.5;-0.5;4.86013;1;Adaptation;15;1;;;;;
11.06;-0.5;-0.5;4.827993;1;Adaptation;15;1;;;;;
11.08;-0.5;-0.5;4.038144;1;Adaptation;15;1;;;;;
11.1;-0.5;-0.5;4.267379;1;Adaptation;15;1;;;;;
11.12;-0.5;-0.5;3.824754;1;Adaptation;15;1;;;;;
11.14;-0.5;-0.5;4.549287;1;Adaptation;15;1;;;;;
11.16;-0.5;-0.5;4.329613;1;Adaptation;15;1;;;;;
11.18;0;0;4.554055;1;Adaptation;15;1;;;;;
11.2;-0.5;-0.5;2.355132;1;Adaptation;15;1;;;;;
11.22;-0.5;-0.5;2.163796;1;Adaptation;15;1;;;;;
11.24;0;0;5.950338;1;Adaptation;15;1;;;;;
11.26;-0.5;-0.5;3.913476;1;Adaptation;15;1;;;;;
11.28;-0.5;-0.5;4.757959;1;Adaptation;15;1;;;;;
11.3;0;0;5.400889;1;Adaptation;15;1;;;;;
11.32;-0.5;-0.5;3.774523;1;Adaptation;15;1;;;;;
11.34;-0.5;-0.5;5.59984;1;Adaptation;15;1;;;;;
11.36;-0.5;-0.5;3.653945;1;Adaptation;15;1;;;;;
11.38;-0.5;-0.5;5.889169;1;Adaptation;15;1;;;;;
11.4;0;0;5.165097;1;Adaptation;15;1;;;;;
11.42;-0.5;-0.5;2.376484;1;Adaptation;15;1;;;;;
11.44;-0.5;-0.5;3.329902;1;Adaptation;15;1;;;;;
11.46;-0.5;-0.5;2.941432;1;Adaptation;15;1;;;;;
11.48;0;0.25;3.225293;1;Adaptation;15;1;;;;;
11.5;-0.5;-0.5;2.669762;1;Adaptation;15;1;;;;;
11.52;-0.5;-0.5;5.118151;1;Adaptation;15;1;;;;;
11.54;-0.5;-0.5;4.8847;1;Adaptation;15;1;;;;;
11.56;-2;0;5.338315;1;Adaptation;15;1;;;;;
11.58;-0.5;-0.5;2.446899;1;Adaptation;15;1;;;;;
11.6;0;0.25;3.405009;1;Adaptation;15;1;;;;;
11.62;-0.5;-0.5;4.296708;1;Adaptation;15;1;;;;;
11.64;-0.5;-0.5;5.097219;1;Adaptation;15;1;;;;;
11.66;-0.5;-0.5;5.883723;1;Adaptation;15;1;;;;;
11.68;-0.5;-0.5;2.807755;1;Adaptation;15;1;;;;;
11.7;-0.5;-0.5;2.160666;1;Adaptation;15;1;;;;;
11.72;-0.5;-0.5;5.73788;1;Adaptation;15;1;;;;;
11.74;-0.5;-0.5;2.095169;1;Adaptation;15;1;;;;;
11.76;2;-0.125;3.899947;1;Adaptation;15;1;;;;;
11.78;-0.5;-0.5;3.57405;1;Adaptation;15;1;;;;;
11.8;-0.5;-0.5;3.118339;1;Adaptation;15;1;;;;;
11.82;-0.5;-0.5;5.018152;1;Adaptation;15;1;;;;;
11.84;-0.5;-0.5;5.841377;1;Adaptation;15;1;;;;;
11.86;-0.5;-0.5;4.345891;1;Adaptation;15;1;;;;;
11.88;-0.5;-0.5;2.304223;1;Adaptation;15;1;;;;;
11.9;-0.5;-0.5;4.704917;1;Adaptation;15;1;;;;;
11.92;-0.5;-0.5;4.859743;1;Adaptation;15;1;;;;;
11.94;-0.5;-0.5;5.276372;1;Adaptation;15;1;;;;;
11.96;-0.5;-0.5;4.84675;1;Adaptation;15;1;;;;;
11.98;0;0;5.474187;1;Adaptation;15;1;;;;;
12;-0.5;-0.5;5.566138;1;Adaptation;15;1;;;;;
12.02;-0.5;-0.5;2.89189;1;Adaptation;15;1;;;;;
12.04;-0.5;-0.5;4.777331;1;Adaptation;15;1;;;;;
12.06;-0.5;-0.5;3.626278;1;Adaptation;15;1;;;;;
12.08;-0.5;-0.5;3.50895;1;Adaptation;15;1;;;;;
12.1;0;-0.125;3.884132;1;Adaptation;15;1;;;;;
12.12;-2;-0.125;3.777403;1;Adaptation;15;1;;;;;
12.14;0;-0.125;3.160269;1;Adaptation;15;1;;;;;
12.16;-0.5;-0.5;4.767918;1;Adaptation;15;1;;;;;
12.18;-0.5;-0.5;2.832776;1;Adaptation;15;1;;;;;
12.2;-0.5;-0.5;2.797322;1;Adaptation;15;1;;;;;
12.22;-0.5;-0.5;3.233348;1;Adaptation;15;1;;;;;
12.24;0;0;4.149435;1;Adaptation;15;1;;;;;
12.26;-0.5;-0.5;3.801254;1;Adaptation;15;1;;;;;
12.28;0;-0.25;5.401197;1;Adaptation;15;1;;;;;
12.3;-0.5;-0.5;3.07968;1;Adaptation;15;1;;;;;
12.32;-0.5;-0.5;3.320756;1;Adaptation;15;1;;;;;
12.34;-0.5;-0.5;2.481236;1;Adaptation;15;1;;;;;
12.36;-0.5;-0.5;4.371726;1;Adaptation;15;1;;;;;
12.38;2;0;3.054622;1;Adaptation;15;1;;;;;
12.4;-2;-0.125;4.131997;1;Adaptation;15;1;;;;;
12.42;-0.5;-0.5;5.154132;1;Adaptation;15;1;;;;;
12.44;-0.5;-0.5;2.764941;1;Adaptation;15;1;;;;;
12.46;0;-0.25;4.494696;1;Adaptation;15;1;;;;;
12.48;0;-0.25;2.5309;1;Adaptation;15;1;;;;;
12.5;-0.5;-0.5;2.375058;1;Adaptation;15;1;;;;;
12.52;-0.5;-0.5;5.630273;1;Adaptation;15;1;;;;;
12.54;-0.5;-0.5;5.36953;1;Adaptation;15;1;;;;;
12.56;-0.5;-0.5;2.931979;1;Adaptation;15;1;;;;;
12.58;-0.5;-0.5;5.350109;1;Adaptation;15;1;;;;;
12.6;0;0;5.960013;1;Adaptation;15;1;;;;;
12.62;-0.5;-0.5;3.764285;1;Adaptation;15;1;;;;;
12.64;-0.5;-0.5;3.681878;1;Adaptation;15;1;;;;;
12.66;-0.5;-0.5;3.150158;1;Adaptation;15;1;;;;;
12.68;-0.5;-0.5;2.049371;1;Adaptation;15;1;;;;;
12.7;-0.5;-0.5;2.577597;1;Adaptation;15;1;;;;;
12.72;-0.5;-0.5;4.338902;1;Adaptation;15;1;;;;;
12.74;-0.5;-0.5;4.171143;1;Adaptation;15;1;;;;;
12.76;-0.5;-0.5;5.291056;1;Adaptation;15;1;;;;;
12.78;-0.5;-0.5;4.52855;1;Adaptation;15;1;;;;;
12.8;0;-0.125;2.221984;1;Adaptation;15;1;;;;;
12.82;-0.5;-0.5;5.852798;1;Adaptation;15;1;;;;;
12.84;2;0.25;4.50672;1;Adaptation;15;1;;;;;
12.86;-0.5;-0.5;3.852638;1;Adaptation;15;1;;;;;
12.88;-0.5;-0.5;4.593612;1;Adaptation;15;1;;;;;
12.9;-0.5;-0.5;3.177626;1;Adaptation;15;1;;;;;
12.92;-0.5;-0.5;3.628321;1;Adaptation;15;1;;;;;
12.94;0;0.125;2.676085;1;Adaptation;15;1;;;;;
12.96;-0.5;-0.5;2.83127;1;Adaptation;15;1;;;;;
12.98;0;0;4.44449;1;Adaptation;15;1;;;;;
13;-0.5;-0.5;5.040369;1;Adaptation;15;1;;;;;
13.02;-0.5;-0.5;4.406832;1;Adaptation;15;1;;;;;
13.04;-0.5;-0.5;2.962775;1;Adaptation;15;1;;;;;
13.06;-0.5;-0.5;5.75259;1;Adaptation;15;1;;;;;
;;;;;;;;;;;;
