time;pos_x_right;pos_y_right;dil_right;pos_x_left;pos_y_left;dil_left;brightness;state;fov;trial;;
0;-0.5;-0.5;3.693659;1;Adaptation;15;1;;;;;
0.02;-0.5;-0.5;4.154934;1;Adaptation;15;1;;;;;
0.04;-0.5;-0.5;2.078453;1;Adaptation;15;1;;;;;
0.06;-0.5;-0.5;4.913155;1;Adaptation;15;1;;;;;
0.08;-0.5;-0.5;3.940887;1;Adaptation;15;1;;;;;
0.09999999;-0.5;-0.5;2.136626;1;Adaptation;15;1;;;;;
0.12;-0.5;-0.5;2.343203;1;Adaptation;15;1;;;;;
0.14;-0.5;-0.5;5.843656;1;Adaptation;15;1;;;;;
0.16;-0.5;-0.5;5.384706;1;Adaptation;15;1;;;;;
0.18;-0.5;-0.5;5.728623;1;Adaptation;15;1;;;;;
0.2;-0.5;-0.5;5.576599;1;Adaptation;15;1;;;;;
0.22;-0.5;-0.5;5.770885;1;Adaptation;15;1;;;;;
0.24;-0.5;-0.5;2.80576;1;Adaptation;15;1;;;;;
0.26;-0.5;-0.5;5.030435;1;Adaptation;15;1;;;;;
0.28;-0.5;-0.5;3.098807;1;Adaptation;15;1;;;;;
0.3;-0.5;-0.5;2.478147;1;Adaptation;15;1;;;;;
0.32;-0.5;-0.5;3.770824;1;Adaptation;15;1;;;;;
0.34;-0.5;-0.5;4.181741;1;Adaptation;15;1;;;;;
0.36;-0.5;-0.5;4.814441;1;Adaptation;15;1;;;;;
0.38;0;0.125;3.185147;1;Adaptation;15;1;;;;;
0.4;0;0.125;2.211419;1;Adaptation;15;1;;;;;
0.42;-0.5;-0.5;3.141201;1;Adaptation;15;1;;;;;
0.44;-2;0;2.67955;1;Adaptation;15;1;;;;;
0.46;-0.5;-0.5;2.724833;1;Adaptation;15;1;;;;;
0.48;-0.5;-0.5;3.487015;1;Adaptation;15;1;;;;;
0.5;0;-0.125;2.429943;1;Adaptation;15;1;;;;;
0.52;-0.5;-0.5;3.021552;1;Adaptation;15;1;;;;;
0.54;-2;0;2.765442;1;Adaptation;15;1;;;;;
0.56;-0.5;-0.5;2.652678;1;Adaptation;15;1;;;;;
0.58;-0.5;-0.5;2.668129;1;Adaptation;15;1;;;;;
0.6;-2;0.125;3.529203;1;Adaptation;15;1;;;;;
0.62;-2;0.25;5.073053;1;Adaptation;15;1;;;;;
0.64;-0.5;-0.5;4.564668;1;Adaptation;15;1;;;;;
0.66;-2;-0.125;3.350729;1;Adaptation;15;1;;;;;
0.68;-0.5;-0.5;4.268044;1;Adaptation;15;1;;;;;
0.7;-0.5;-0.5;5.954513;1;Adaptation;15;1;;;;;
0.72;-0.5;-0.5;3.34581;1;Adaptation;15;1;;;;;
0.74;2;-0.25;4.199365;1;Adaptation;15;1;;;;;
0.76;-0.5;-0.5;2.111231;1;Adaptation;15;1;;;;;
0.78;-0.5;-0.5;2.278028;1;Adaptation;15;1;;;;;
0.8;-0.5;-0.5;3.855776;1;Adaptation;15;1;;;;;
0.82;-0.5;-0.5;3.527766;1;Adaptation;15;1;;;;;
0.84;2;-0.125;2.905143;1;Adaptation;15;1;;;;;
0.86;-0.5;-0.5;4.360085;1;Adaptation;15;1;;;;;
0.88;-2;0;5.971592;1;Adaptation;15;1;;;;;
0.9;-0.5;-0.5;5.831171;1;Adaptation;15;1;;;;;
0.92;-0.5;-0.5;4.537705;1;Adaptation;15;1;;;;;
0.94;-0.5;-0.5;4.388256;1;Adaptation;15;1;;;;;
0.96;-0.5;-0.5;2.047297;1;Adaptation;15;1;;;;;
0.98;-0.5;-0.5;5.082484;1;Adaptation;15;1;;;;;
1;2;-0.125;2.328965;1;Adaptation;15;1;;;;;
1.02;-0.5;-0.5;5.070885;1;Adaptation;15;1;;;;;
1.04;0;0;5.395038;1;Adaptation;15;1;;;;;
1.06;-0.5;-0.5;5.774925;1;Adaptation;15;1;;;;;
1.08;-0.5;-0.5;3.335079;1;Adaptation;15;1;;;;;
1.1;-0.5;-0.5;2.989644;1;Adaptation;15;1;;;;;
1.12;-0.5;-0.5;2.815331;1;Adaptation;15;1;;;;;
1.14;2;0;4.031443;1;Adaptation;15;1;;;;;
1.16;0;-0.125;3.041607;1;Adaptation;15;1;;;;;
1.18;-0.5;-0.5;4.160388;1;Adaptation;15;1;;;;;
1.2;-0.5;-0.5;2.352734;1;Adaptation;15;1;;;;;
1.22;0;-0.125;4.333351;1;Adaptation;15;1;;;;;
1.24;-0.5;-0.5;2.461029;1;Adaptation;15;1;;;;;
1.26;-0.5;-0.5;3.566939;1;Adaptation;15;1;;;;;
1.28;-0.5;-0.5;4.942963;1;Adaptation;15;1;;;;;
1.3;-0.5;-0.5;5.752121;1;Adaptation;15;1;;;;;
1.32;0;-0.125;5.589992;1;Adaptation;15;1;;;;;
1.34;4;-0.125;3.647015;1;Adaptation;15;1;;;;;
1.36;2;0.125;4.474189;1;Adaptation;15;1;;;;;
1.38;-0.5;-0.5;4.795003;1;Adaptation;15;1;;;;;
1.4;-0.5;-0.5;5.137233;1;Adaptation;15;1;;;;;
1.42;-0.5;-0.5;4.342312;1;Adaptation;15;1;;;;;
1.44;-0.5;-0.5;5.325304;1;Adaptation;15;1;;;;;
1.46;0;0;2.53181;1;Adaptation;15;1;;;;;
1.48;-0.5;-0.5;5.172855;1;Adaptation;15;1;;;;;
1.5;-0.5;-0.5;2.504742;1;Adaptation;15;1;;;;;
1.52;-0.5;-0.5;5.514421;1;Adaptation;15;1;;;;;
1.54;-0.5;-0.5;4.124389;1;Adaptation;15;1;;;;;
1.56;-0.5;-0.5;4.26687;1;Adaptation;15;1;;;;;
1.58;-0.5;-0.5;3.438564;1;Adaptation;15;1;;;;;
1.6;2;0;2.107203;1;Adaptation;15;1;;;;;
1.62;-0.5;-0.5;3.955164;1;Adaptation;15;1;;;;;
1.64;-0.5;-0.5;2.745171;1;Adaptation;15;1;;;;;
1.66;-0.5;-0.5;2.287196;1;Adaptation;15;1;;;;;
1.68;-2;0.125;5.323304;1;Adaptation;15;1;;;;;
1.7;2;-0.125;2.505237;1;Adaptation;15;1;;;;;
1.72;0;0.125;5.644042;1;Adaptation;15;1;;;;;
1.74;-0.5;-0.5;2.633893;1;Adaptation;15;1;;;;;
1.76;-0.5;-0.5;5.844266;1;Adaptation;15;1;;;;;
1.78;-0.5;-0.5;4.159065;1;Adaptation;15;1;;;;;
1.8;-0.5;-0.5;2.004136;1;Adaptation;15;1;;;;;
1.82;-0.5;-0.5;2.180447;1;Adaptation;15;1;;;;;
1.84;2;0;2.644413;1;Adaptation;15;1;;;;;
1.86;-0.5;-0.5;2.218361;1;Adaptation;15;1;;;;;
1.88;-0.5;-0.5;5.016773;1;Adaptation;15;1;;;;;
1.9;-0.5;-0.5;4.379264;1;Adaptation;15;1;;;;;
1.92;-0.5;-0.5;4.903766;1;Adaptation;15;1;;;;;
1.94;-0.5;-0.5;3.15814;1;Adaptation;15;1;;;;;
1.96;-2;0.125;2.203708;1;Adaptation;15;1;;;;;
1.98;-0.5;-0.5;5.066833;1;Adaptation;15;1;;;;;
2;2;0.25;3.465844;1;Adaptation;15;1;;;;;
2.02;-0.5;-0.5;5.495706;1;Adaptation;15;1;;;;;
2.04;-0.5;-0.5;4.684711;1;Adaptation;15;1;;;;;
2.06;0;0.125;3.64572;1;Adaptation;15;1;;;;;
2.08;-0.5;-0.5;4.148888;1;Adaptation;15;1;;;;;
2.1;-0.5;-0.5;2.682651;1;Adaptation;15;1;;;;;
2.12;-2;0;5.622578;1;Adaptation;15;1;;;;;
2.14;-0.5;-0.5;3.226079;1;Adaptation;15;1;;;;;
2.16;-0.5;-0.5;2.972052;1;Adaptation;15;1;;;;;
2.18;-0.5;-0.5;2.103796;1;Adaptation;15;1;;;;;
2.2;-0.5;-0.5;3.131494;1;Adaptation;15;1;;;;;
2.22;-0.5;-0.5;4.036985;1;Adaptation;15;1;;;;;
2.24;-0.5;-0.5;2.388347;1;Adaptation;15;1;;;;;
2.26;-0.5;-0.5;4.813373;1;Adaptation;15;1;;;;;
2.28;-0.5;-0.5;5.435462;1;Adaptation;15;1;;;;;
2.3;-0.5;-0.5;4.635834;1;Adaptation;15;1;;;;;
2.32;-0.5;-0.5;2.305017;1;Adaptation;15;1;;;;;
2.34;-0.5;-0.5;2.883329;1;Adaptation;15;1;;;;;
2.36;0;0.125;5.539961;1;Adaptation;15;1;;;;;
2.38;-0.5;-0.5;3.786436;1;Adaptation;15;1;;;;;
2.4;-0.5;-0.5;4.473455;1;Adaptation;15;1;;;;;
2.42;-0.5;-0.5;4.057017;1;Adaptation;15;1;;;;;
2.44;-2;0;5.518773;1;Adaptation;15;1;;;;;
2.46;-0.5;-0.5;5.664324;1;Adaptation;15;1;;;;;
2.48;-0.5;-0.5;2.239607;1;Adaptation;15;1;;;;;
2.5;-0.5;-0.5;2.149289;1;Adaptation;15;1;;;;;
2.52;0;0.125;4.196787;1;Adaptation;15;1;;;;;
2.54;-0.5;-0.5;2.09806;1;Adaptation;15;1;;;;;
2.56;-0.5;-0.5;4.083772;1;Adaptation;15;1;;;;;
2.58;-0.5;-0.5;5.703004;1;Adaptation;15;1;;;;;
2.6;-0.5;-0.5;2.487515;1;Adaptation;15;1;;;;;
2.62;-0.5;-0.5;4.617689;1;Adaptation;15;1;;;;;
2.64;-0.5;-0.5;5.499781;1;Adaptation;15;1;;;;;
2.66;-0.5;-0.5;2.881846;1;Adaptation;15;1;;;;;
2.68;-0.5;-0.5;3.479784;1;Adaptation;15;1;;;;;
2.7;0;0.125;2.33638;1;Adaptation;15;1;;;;;
2.72;-2;0;4.890428;1;Adaptation;15;1;;;;;
2.74;-0.5;-0.5;2.244769;1;Adaptation;15;1;;;;;
2.76;-0.5;-0.5;2.551616;1;Adaptation;15;1;;;;;
2.78;-0.5;-0.5;3.178102;1;Adaptation;15;1;;;;;
2.8;-2;0;4.040929;1;Adaptation;15;1;;;;;
2.82;-0.5;-0.5;3.402253;1;Adaptation;15;1;;;;;
2.84;-0.5;-0.5;4.031766;1;Adaptation;15;1;;;;;
2.86;-0.5;-0.5;3.605413;1;Adaptation;15;1;;;;;
2.88;2;0;3.565088;1;Adaptation;15;1;;;;;
2.9;-0.5;-0.5;5.781771;1;Adaptation;15;1;;;;;
2.92;-0.5;-0.5;4.31653;1;Adaptation;15;1;;;;;
2.94;0;0.125;5.5825;1;Adaptation;15;1;;;;;
2.96;-0.5;-0.5;5.154487;1;Adaptation;15;1;;;;;
2.98;0;0;2.952269;1;Adaptation;15;1;;;;;
3;-0.5;-0.5;4.407462;1;Adaptation;15;1;;;;;
3.02;2;0.125;3.719365;1;Adaptation;15;1;;;;;
3.04;-0.5;-0.5;2.936762;1;Adaptation;15;1;;;;;
3.06;-0.5;-0.5;3.898093;1;Adaptation;15;1;;;;;
3.08;-0.5;-0.5;3.762692;1;Adaptation;15;1;;;;;
3.1;0;0.125;5.991249;1;Adaptation;15;1;;;;;
3.12;-0.5;-0.5;3.024365;1;Adaptation;15;1;;;;;
3.14;-0.5;-0.5;3.27232;1;Adaptation;15;1;;;;;
3.16;-0.5;-0.5;5.203986;1;Adaptation;15;1;;;;;
3.18;-0.5;-0.5;5.977794;1;Adaptation;15;1;;;;;
3.2;-0.5;-0.5;4.917268;1;Adaptation;15;1;;;;;
3.22;-0.5;-0.5;3.812337;1;Adaptation;15;1;;;;;
3.24;0;-0.125;3.408953;1;Adaptation;15;1;;;;;
3.26;0;0.125;3.777276;1;Adaptation;15;1;;;;;
3.28;-0.5;-0.5;3.944117;1;Adaptation;15;1;;;;;
3.3;-0.5;-0.5;5.60571;1;Adaptation;15;1;;;;;
3.32;-0.5;-0.5;2.976117;1;Adaptation;15;1;;;;;
3.34;0;-0.125;2.506963;1;Adaptation;15;1;;;;;
3.36;-0.5;-0.5;3.480439;1;Adaptation;15;1;;;;;
3.38;-0.5;-0.5;4.634343;1;Adaptation;15;1;;;;;
3.4;2;-0.125;5.656198;1;Adaptation;15;1;;;;;
3.42;-0.5;-0.5;4.830235;1;Adaptation;15;1;;;;;
3.44;0;-0.125;5.881438;1;Adaptation;15;1;;;;;
3.46;-0.5;-0.5;2.536624;1;Adaptation;15;1;;;;;
3.48;-0.5;-0.5;3.984534;1;Adaptation;15;1;;;;;
3.5;-0.5;-0.5;5.990311;1;Adaptation;15;1;;;;;
3.52;-0.5;-0.5;3.63115;1;Adaptation;15;1;;;;;
3.54;-0.5;-0.5;5.357358;1;Adaptation;15;1;;;;;
3.56;-0.5;-0.5;3.699084;1;Adaptation;15;1;;;;;
3.58;-0.5;-0.5;4.988102;1;Adaptation;15;1;;;;;
3.6;-0.5;-0.5;4.990481;1;Adaptation;15;1;;;;;
3.62;0;-0.125;3.17066;1;Adaptation;15;1;;;;;
3.64;-2;0;3.256245;1;Adaptation;15;1;;;;;
3.66;-0.5;-0.5;2.617465;1;Adaptation;15;1;;;;;
3.68;-0.5;-0.5;2.888557;1;Adaptation;15;1;;;;;
3.7;0;0;3.321947;1;Adaptation;15;1;;;;;
3.72;-0.5;-0.5;2.145089;1;Adaptation;15;1;;;;;
3.74;-0.5;-0.5;2.095535;1;Adaptation;15;1;;;;;
3.76;-0.5;-0.5;5.3342;1;Adaptation;15;1;;;;;
3.78;0;0;5.504031;1;Adaptation;15;1;;;;;
3.8;-0.5;-0.5;3.442213;1;Adaptation;15;1;;;;;
3.82;-0.5;-0.5;4.363126;1;Adaptation;15;1;;;;;
3.84;-0.5;-0.5;5.567617;1;Adaptation;15;1;;;;;
3.86;-0.5;-0.5;3.781074;1;Adaptation;15;1;;;;;
3.88;0;0.125;3.543581;1;Adaptation;15;1;;;;;
3.9;-0.5;-0.5;3.568869;1;Adaptation;15;1;;;;;
3.92;-0.5;-0.5;3.772645;1;Adaptation;15;1;;;;;
3.94;-0.5;-0.5;2.644775;1;Adaptation;15;1;;;;;
3.96;2;0;4.943998;1;Adaptation;15;1;;;;;
3.98;0;0.125;2.577754;1;Adaptation;15;1;;;;;
4;2;0;5.208951;1;Adaptation;15;1;;;;;
4.02;0;-0.25;2.448218;1;Adaptation;15;1;;;;;
4.04;-0.5;-0.5;5.880758;1;Adaptation;15;1;;;;;
4.06;-0.5;-0.5;4.294773;1;Adaptation;15;1;;;;;
4.08;-0.5;-0.5;5.343994;1;Adaptation;15;1;;;;;
4.1;-0.5;-0.5;2.63961;1;Adaptation;15;1;;;;;
4.12;-2;0.125;4.985174;1;Adaptation;15;1;;;;;
4.14;-0.5;-0.5;2.635755;1;Adaptation;15;1;;;;;
4.16;-2;-0.25;3.795223;1;Adaptation;15;1;;;;;
4.18;-2;0;3.697174;1;Adaptation;15;1;;;;;
4.2;-0.5;-0.5;5.64418;1;Adaptation;15;1;;;;;
4.22;-0.5;-0.5;4.28832;1;Adaptation;15;1;;;;;
4.24;-0.5;-0.5;3.124121;1;Adaptation;15;1;;;;;
4.26;-0.5;-0.5;3.172082;1;Adaptation;15;1;;;;;
4.28;-0.5;-0.5;4.463004;1;Adaptation;15;1;;;;;
4.3;-0.5;-0.5;4.764915;1;Adaptation;15;1;;;;;
4.32;0;0;5.631674;1;Adaptation;15;1;;;;;
4.34;-2;0;3.828347;1;Adaptation;15;1;;;;;
4.36;-0.5;-0.5;4.770653;1;Adaptation;15;1;;;;;
4.38;-0.5;-0.5;5.005492;1;Adaptation;15;1;;;;;
4.4;-0.5;-0.5;5.333247;1;Adaptation;15;1;;;;;
4.42;-0.5;-0.5;4.973679;1;Adaptation;15;1;;;;;
4.44;-0.5;-0.5;2.686843;1;Adaptation;15;1;;;;;
4.46;-0.5;-0.5;4.437277;1;Adaptation;15;1;;;;;
4.48;-0.5;-0.5;4.655787;1;Adaptation;15;1;;;;;
4.5;2;-0.125;3.715957;1;Adaptation;15;1;;;;;
4.52;-0.5;-0.5;4.905039;1;Adaptation;15;1;;;;;
4.54;-0.5;-0.5;3.92024;1;Adaptation;15;1;;;;;
4.56;-0.5;-0.5;5.430409;1;Adaptation;15;1;;;;;
4.58;-0.5;-0.5;4.714149;1;Adaptation;15;1;;;;;
4.6;0;0.125;4.610108;1;Adaptation;15;1;;;;;
4.62;0;0;2.621068;1;Adaptation;15;1;;;;;
4.64;-0.5;-0.5;3.776639;1;Adaptation;15;1;;;;;
4.66;-0.5;-0.5;5.110016;1;Adaptation;15;1;;;;;
4.68;-0.5;-0.5;5.6264;1;Adaptation;15;1;;;;;
4.7;-0.5;-0.5;2.802683;1;Adaptation;15;1;;;;;
4.72;-0.5;-0.5;3.649024;1;Adaptation;15;1;;;;;
4.74;-0.5;-0.5;5.806087;1;Adaptation;15;1;;;;;
4.76;-0.5;-0.5;4.459867;1;Adaptation;15;1;;;;;
4.78;-0.5;-0.5;4.876435;1;Adaptation;15;1;;;;;
4.8;-0.5;-0.5;4.901905;1;Adaptation;15;1;;;;;
4.82;-0.5;-0.5;5.571942;1;Adaptation;15;1;;;;;
4.84;-0.5;-0.5;2.463431;1;Adaptation;15;1;;;;;
4.86;-2;0;3.304764;1;Adaptation;15;1;;;;;
4.88;-0.5;-0.5;5.30545;1;Adaptation;15;1;;;;;
4.9;-0.5;-0.5;5.290381;1;Adaptation;15;1;;;;;
4.92;2;0.125;2.663461;1;Adaptation;15;1;;;;;
4.94;-0.5;-0.5;5.589454;1;Adaptation;15;1;;;;;
4.96;0;0;5.183031;1;Adaptation;15;1;;;;;
4.98;-2;0;2.829566;1;Adaptation;15;1;;;;;
5;-0.5;-0.5;4.616563;1;Adaptation;15;1;;;;;
5.02;-0.5;-0.5;5.528064;1;Adaptation;15;1;;;;;
5.04;0;0;5.761479;1;Adaptation;15;1;;;;;
5.06;0;-0.25;3.975557;1;Adaptation;15;1;;;;;
5.08;-0.5;-0.5;3.243072;1;Adaptation;15;1;;;;;
5.1;-0.5;-0.5;4.981421;1;Adaptation;15;1;;;;;
5.12;-0.5;-0.5;2.020668;1;Adaptation;15;1;;;;;
5.14;2;0.25;3.005046;1;Adaptation;15;1;;;;;
5.16;2;0;4.317675;1;Adaptation;15;1;;;;;
5.18;-0.5;-0.5;5.499828;1;Adaptation;15;1;;;;;
5.2;-2;-0.25;3.868162;1;Adaptation;15;1;;;;;
5.22;-0.5;-0.5;5.610511;1;Adaptation;15;1;;;;;
5.24;-0.5;-0.5;3.737521;1;Adaptation;15;1;;;;;
5.26;-0.5;-0.5;3.634794;1;Adaptation;15;1;;;;;
5.28;-0.5;-0.5;4.062702;1;Adaptation;15;1;;;;;
5.3;-0.5;-0.5;2.672716;1;Adaptation;15;1;;;;;
5.32;-0.5;-0.5;5.463126;1;Adaptation;15;1;;;;;
5.34;-0.5;-0.5;4.903295;1;Adaptation;15;1;;;;;
5.36;-0.5;-0.5;2.517784;1;Adaptation;15;1;;;;;
5.38;-0.5;-0.5;2.32472;1;Adaptation;15;1;;;;;
5.4;-0.5;-0.5;3.633471;1;Adaptation;15;1;;;;;
5.42;-0.5;-0.5;4.034613;1;Adaptation;15;1;;;;;
5.44;0;0.125;5.672699;1;Adaptation;15;1;;;;;
5.46;-2;0;5.076342;1;Adaptation;15;1;;;;;
5.48;0;-0.125;5.306808;1;Adaptation;15;1;;;;;
5.5;-0.5;-0.5;5.898294;1;Adaptation;15;1;;;;;
5.52;-0.5;-0.5;5.967569;1;Adaptation;15;1;;;;;
5.54;0;0.375;4.415937;1;Adaptation;15;1;;;;;
5.56;-0.5;-0.5;2.368002;1;Adaptation;15;1;;;;;
5.58;-0.5;-0.5;4.141101;1;Adaptation;15;1;;;;;
5.6;-0.5;-0.5;3.453368;1;Adaptation;15;1;;;;;
5.62;-0.5;-0.5;2.197415;1;Adaptation;15;1;;;;;
5.64;-0.5;-0.5;5.975688;1;Adaptation;15;1;;;;;
5.66;0;0.125;3.069411;1;Adaptation;15;1;;;;;
5.68;0;0.25;2.260214;1;Adaptation;15;1;;;;;
5.7;-0.5;-0.5;2.220456;1;Adaptation;15;1;;;;;
5.72;-0.5;-0.5;4.56362;1;Adaptation;15;1;;;;;
5.74;-0.5;-0.5;2.985946;1;Adaptation;15;1;;;;;
5.76;-0.5;-0.5;4.771185;1;Adaptation;15;1;;;;;
5.78;-0.5;-0.5;4.317833;1;Adaptation;15;1;;;;;
5.8;-0.5;-0.5;3.723367;1;Adaptation;15;1;;;;;
5.82;-0.5;-0.5;3.570093;1;Adaptation;15;1;;;;;
5.84;0;0;5.902748;1;Adaptation;15;1;;;;;
5.86;-0.5;-0.5;3.097519;1;Adaptation;15;1;;;;;
5.88;-0.5;-0.5;4.017242;1;Adaptation;15;1;;;;;
5.9;-0.5;-0.5;4.993893;1;Adaptation;15;1;;;;;
5.92;-0.5;-0.5;2.901334;1;Adaptation;15;1;;;;;
5.94;2;-0.125;5.461287;1;Adaptation;15;1;;;;;
5.96;-0.5;-0.5;3.102163;1;Adaptation;15;1;;;;;
5.98;-2;-0.125;3.741682;1;Adaptation;15;1;;;;;
6;0;0;2.537662;1;Adaptation;15;1;;;;;
6.02;0;0.25;3.244242;1;Adaptation;15;1;;;;;
6.04;-0.5;-0.5;3.429217;1;Adaptation;15;1;;;;;
6.06;2;0;2.659009;1;Adaptation;15;1;;;;;
6.08;-0.5;-0.5;4.789294;1;Adaptation;15;1;;;;;
6.1;-2;0.125;5.162376;1;Adaptation;15;1;;;;;
6.12;-0.5;-0.5;3.363667;1;Adaptation;15;1;;;;;
6.14;-0.5;-0.5;4.477541;1;Adaptation;15;1;;;;;
6.16;-0.5;-0.5;5.973294;1;Adaptation;15;1;;;;;
6.18;-0.5;-0.5;5.322222;1;Adaptation;15;1;;;;;
6.2;-0.5;-0.5;3.110509;1;Adaptation;15;1;;;;;
6.22;-0.5;-0.5;5.538455;1;Adaptation;15;1;;;;;
6.24;-0.5;-0.5;4.416421;1;Adaptation;15;1;;;;;
6.26;0;0.125;2.650281;1;Adaptation;15;1;;;;;
6.28;-0.5;-0.5;5.122623;1;Adaptation;15;1;;;;;
6.3;-0.5;-0.5;4.092888;1;Adaptation;15;1;;;;;
6.32;-0.5;-0.5;2.70372;1;Adaptation;15;1;;;;;
6.34;-0.5;-0.5;2.951406;1;Adaptation;15;1;;;;;
6.36;-0.5;-0.5;4.845979;1;Adaptation;15;1;;;;;
6.38;-0.5;-0.5;4.630239;1;Adaptation;15;1;;;;;
6.4;2;-0.25;4.24614;1;Adaptation;15;1;;;;;
6.42;-0.5;-0.5;4.33948;1;Adaptation;15;1;;;;;
6.44;-0.5;-0.5;5.652244;1;Adaptation;15;1;;;;;
6.46;-0.5;-0.5;4.631502;1;Adaptation;15;1;;;;;
6.48;0;-0.25;5.327379;1;Adaptation;15;1;;;;;
6.5;2;0.125;5.230228;1;Adaptation;15;1;;;;;
6.52;-0.5;-0.5;5.540219;1;Adaptation;15;1;;;;;
6.54;2;0.125;2.207597;1;Adaptation;15;1;;;;;
6.56;-0.5;-0.5;5.776715;1;Adaptation;15;1;;;;;
6.58;-0.5;-0.5;3.566416;1;Adaptation;15;1;;;;;
6.6;-0.5;-0.5;3.610766;1;Adaptation;15;1;;;;;
6.62;-0.5;-0.5;4.398922;1;Adaptation;15;1;;;;;
6.64;-0.5;-0.5;5.59372;1;Adaptation;15;1;;;;;
6.66;2;0;2.986521;1;Adaptation;15;1;;;;;
6.68;0;-0.125;5.020771;1;Adaptation;15;1;;;;;
6.7;-2;0;5.979186;1;Adaptation;15;1;;;;;
6.72;-0.5;-0.5;5.627306;1;Adaptation;15;1;;;;;
6.74;-0.5;-0.5;3.905802;1;Adaptation;15;1;;;;;
6.76;-0.5;-0.5;5.147547;1;Adaptation;15;1;;;;;
6.78;-2;-0.125;3.611485;1;Adaptation;15;1;;;;;
6.8;-0.5;-0.5;2.055263;1;Adaptation;15;1;;;;;
6.82;0;0.125;3.655636;1;Adaptation;15;1;;;;;
6.84;-0.5;-0.5;4.459587;1;Adaptation;15;1;;;;;
6.86;-0.5;-0.5;2.96788;1;Adaptation;15;1;;;;;
6.88;-0.5;-0.5;4.703517;1;Adaptation;15;1;;;;;
6.9;-2;0;3.540656;1;Adaptation;15;1;;;;;
6.92;-2;-0.125;2.414031;1;Adaptation;15;1;;;;;
6.94;2;0.25;2.078268;1;Adaptation;15;1;;;;;
6.96;-0.5;-0.5;2.15428;1;Adaptation;15;1;;;;;
6.98;-2;-0.25;2.689502;1;Adaptation;15;1;;;;;
7;-0.5;-0.5;5.362106;1;Adaptation;15;1;;;;;
7.02;-0.5;-0.5;3.532165;1;Adaptation;15;1;;;;;
7.04;-0.5;-0.5;5.544612;1;Adaptation;15;1;;;;;
7.06;-0.5;-0.5;5.93719;1;Adaptation;15;1;;;;;
7.08;-0.5;-0.5;2.492479;1;Adaptation;15;1;;;;;
7.1;-0.5;-0.5;5.414855;1;Adaptation;15;1;;;;;
7.12;-0.5;-0.5;4.170098;1;Adaptation;15;1;;;;;
7.14;0;0.125;5.762932;1;Adaptation;15;1;;;;;
7.16;-0.5;-0.5;2.136106;1;Adaptation;15;1;;;;;
7.18;-0.5;-0.5;3.15911;1;Adaptation;15;1;;;;;
7.2;-0.5;-0.5;3.764262;1;Adaptation;15;1;;;;;
7.22;-0.5;-0.5;2.126225;1;Adaptation;15;1;;;;;
7.24;-0.5;-0.5;5.569512;1;Adaptation;15;1;;;;;
7.26;0;0;5.51806;1;Adaptation;15;1;;;;;
7.28;-0.5;-0.5;3.532579;1;Adaptation;15;1;;;;;
7.3;-0.5;-0.5;3.614676;1;Adaptation;15;1;;;;;
7.32;-0.5;-0.5;3.212511;1;Adaptation;15;1;;;;;
7.34;0;0;4.068953;1;Adaptation;15;1;;;;;
7.36;-2;0;2.748336;1;Adaptation;15;1;;;;;
7.38;-0.5;-0.5;3.814397;1;Adaptation;15;1;;;;;
7.4;-0.5;-0.5;5.724319;1;Adaptation;15;1;;;;;
7.42;-0.5;-0.5;2.984291;1;Adaptation;15;1;;;;;
7.44;-0.5;-0.5;4.962845;1;Adaptation;15;1;;;;;
7.46;-0.5;-0.5;4.508461;1;Adaptation;15;1;;;;;
7.48;-0.5;-0.5;5.222907;1;Adaptation;15;1;;;;;
7.5;-0.5;-0.5;2.896293;1;Adaptation;15;1;;;;;
7.52;-0.5;-0.5;4.634574;1;Adaptation;15;1;;;;;
7.54;-0.5;-0.5;2.526815;1;Adaptation;15;1;;;;;
7.56;-0.5;-0.5;4.573324;1;Adaptation;15;1;;;;;
7.58;-0.5;-0.5;4.52599;1;Adaptation;15;1;;;;;
7.6;-0.5;-0.5;2.450447;1;Adaptation;15;1;;;;;
7.62;-0.5;-0.5;4.49721;1;Adaptation;15;1;;;;;
7.64;-0.5;-0.5;4.789728;1;Adaptation;15;1;;;;;
7.66;-0.5;-0.5;2.165145;1;Adaptation;15;1;;;;;
7.68;-0.5;-0.5;4.579398;1;Adaptation;15;1;;;;;
7.7;0;0;3.438503;1;Adaptation;15;1;;;;;
7.72;2;0.25;4.37618;1;Adaptation;15;1;;;;;
7.74;-2;0;3.794361;1;Adaptation;15;1;;;;;
7.76;-2;0.125;3.439782;1;Adaptation;15;1;;;;;
7.78;0;0.25;2.769182;1;Adaptation;15;1;;;;;
7.8;-0.5;-0.5;4.218474;1;Adaptation;15;1;;;;;
7.82;-0.5;-0.5;5.261298;1;Adaptation;15;1;;;;;
7.84;-0.5;-0.5;3.70137;1;Adaptation;15;1;;;;;
7.86;-0.5;-0.5;2.983664;1;Adaptation;15;1;;;;;
7.88;0;0;5.206345;1;Adaptation;15;1;;;;;
7.9;-0.5;-0.5;5.560275;1;Adaptation;15;1;;;;;
7.92;-0.5;-0.5;5.112324;1;Adaptation;15;1;;;;;
7.94;-0.5;-0.5;2.437963;1;Adaptation;15;1;;;;;
7.96;-0.5;-0.5;5.279048;1;Adaptation;15;1;;;;;
7.98;-0.5;-0.5;4.48179;1;Adaptation;15;1;;;;;
8;-0.5;-0.5;5.545234;1;Adaptation;15;1;;;;;
8.02;-2;0;4.806926;1;Adaptation;15;1;;;;;
8.04;-0.5;-0.5;2.778787;1;Adaptation;15;1;;;;;
8.059999;-0.5;-0.5;3.401546;1;Adaptation;15;1;;;;;
8.08;-0.5;-0.5;5.884998;1;Adaptation;15;1;;;;;
8.099999;0;-0.125;2.219227;1;Adaptation;15;1;;;;;
8.12;-0.5;-0.5;4.99286;1;Adaptation;15;1;;;;;
8.139999;-0.5;-0.5;3.824359;1;Adaptation;15;1;;;;;
8.16;-0.5;-0.5;5.020199;1;Adaptation;15;1;;;;;
8.179999;-2;-0.125;2.09389;1;Adaptation;15;1;;;;;
8.2;-0.5;-0.5;5.386146;1;Adaptation;15;1;;;;;
8.22;-0.5;-0.5;4.227303;1;Adaptation;15;1;;;;;
8.24;-0.5;-0.5;2.908339;1;Adaptation;15;1;;;;;
8.26;-0.5;-0.5;5.25244;1;Adaptation;15;1;;;;;
8.28;-2;0.125;5.213576;1;Adaptation;15;1;;;;;
8.3;0;-0.125;4.824497;1;Adaptation;15;1;;;;;
8.32;-0.5;-0.5;4.709836;1;Adaptation;15;1;;;;;
8.34;-0.5;-0.5;2.897771;1;Adaptation;15;1;;;;;
8.36;-0.5;-0.5;5.539657;1;Adaptation;15;1;;;;;
8.38;-0.5;-0.5;2.261162;1;Adaptation;15;1;;;;;
8.4;2;0;5.506385;1;Adaptation;15;1;;;;;
8.42;-0.5;-0.5;5.320704;1;Adaptation;15;1;;;;;
8.44;-0.5;-0.5;2.852742;1;Adaptation;15;1;;;;;
8.46;-0.5;-0.5;4.75385;1;Adaptation;15;1;;;;;
8.48;-0.5;-0.5;5.695685;1;Adaptation;15;1;;;;;
8.5;2;0;5.359737;1;Adaptation;15;1;;;;;
8.52;0;0;3.583502;1;Adaptation;15;1;;;;;
8.54;-0.5;-0.5;5.721572;1;Adaptation;15;1;;;;;
8.559999;0;0;3.229498;1;Adaptation;15;1;;;;;
8.58;-0.5;-0.5;4.132847;1;Adaptation;15;1;;;;;
8.599999;-0.5;-0.5;5.945671;1;Adaptation;15;1;;;;;
8.62;-0.5;-0.5;4.111627;1;Adaptation;15;1;;;;;
8.639999;-0.5;-0.5;5.843374;1;Adaptation;15;1;;;;;
8.66;-0.5;-0.5;4.342627;1;Adaptation;15;1;;;;;
8.679999;-0.5;-0.5;2.99785;1;Adaptation;15;1;;;;;
8.7;-0.5;-0.5;4.403452;1;Adaptation;15;1;;;;;
8.72;-0.5;-0.5;4.48546;1;Adaptation;15;1;;;;;
8.74;-0.5;-0.5;2.094178;1;Adaptation;15;1;;;;;
8.76;0;0.125;2.073869;1;Adaptation;15;1;;;;;
8.78;0;0.125;2.530993;1;Adaptation;15;1;;;;;
8.8;-0.5;-0.5;3.603319;1;Adaptation;15;1;;;;;
8.82;-0.5;-0.5;4.194847;1;Adaptation;15;1;;;;;
8.84;-0.5;-0.5;3.844223;1;Adaptation;15;1;;;;;
8.86;-0.5;-0.5;4.215784;1;Adaptation;15;1;;;;;
8.88;-4;0;5.200109;1;Adaptation;15;1;;;;;
8.9;-0.5;-0.5;2.170386;1;Adaptation;15;1;;;;;
8.92;-0.5;-0.5;4.333834;1;Adaptation;15;1;;;;;
8.94;-0.5;-0.5;5.089905;1;Adaptation;15;1;;;;;
8.96;0;0.125;5.922298;1;Adaptation;15;1;;;;;
8.98;-0.5;-0.5;5.818596;1;Adaptation;15;1;;;;;
9;-0.5;-0.5;2.064878;1;Adaptation;15;1;;;;;
9.02;-0.5;-0.5;3.470256;1;Adaptation;15;1;;;;;
9.04;-0.5;-0.5;3.30648;1;Adaptation;15;1;;;;;
9.059999;-0.5;-0.5;4.324773;1;Adaptation;15;1;;;;;
9.08;-0.5;-0.5;5.945274;1;Adaptation;15;1;;;;;
9.099999;-0.5;-0.5;2.194892;1;Adaptation;15;1;;;;;
9.12;-0.5;-0.5;2.129767;1;Adaptation;15;1;;;;;
9.139999;-0.5;-0.5;4.83864;1;Adaptation;15;1;;;;;
9.16;0;0;5.858675;1;Adaptation;15;1;;;;;
9.179999;-2;0;4.560513;1;Adaptation;15;1;;;;;
9.2;0;0.25;4.410594;1;Adaptation;15;1;;;;;
9.22;-0.5;-0.5;2.769545;1;Adaptation;15;1;;;;;
9.24;-0.5;-0.5;3.223663;1;Adaptation;15;1;;;;;
9.26;-0.5;-0.5;5.892734;1;Adaptation;15;1;;;;;
9.28;-0.5;-0.5;4.587792;1;Adaptation;15;1;;;;;
9.3;2;0;3.250678;1;Adaptation;15;1;;;;;
9.32;-0.5;-0.5;2.468789;1;Adaptation;15;1;;;;;
9.34;-0.5;-0.5;4.73293;1;Adaptation;15;1;;;;;
9.36;0;0.125;3.392543;1;Adaptation;15;1;;;;;
9.38;-0.5;-0.5;5.777956;1;Adaptation;15;1;;;;;
9.4;0;0;5.535832;1;Adaptation;15;1;;;;;
9.42;-0.5;-0.5;3.91278;1;Adaptation;15;1;;;;;
9.44;-0.5;-0.5;3.679479;1;Adaptation;15;1;;;;;
9.46;-0.5;-0.5;4.242318;1;Adaptation;15;1;;;;;
9.48;-0.5;-0.5;3.33775;1;Adaptation;15;1;;;;;
9.5;0;0.125;3.162472;1;Adaptation;15;1;;;;;
9.52;-0.5;-0.5;2.635363;1;Adaptation;15;1;;;;;
9.54;-0.5;-0.5;2.363056;1;Adaptation;15;1;;;;;
9.559999;-0.5;-0.5;4.976564;1;Adaptation;15;1;;;;;
9.58;0;-0.125;3.412107;1;Adaptation;15;1;;;;;
9.599999;0;-0.125;3.521271;1;Adaptation;15;1;;;;;
9.62;0;-0.125;3.550801;1;Adaptation;15;1;;;;;
9.639999;-0.5;-0.5;5.45137;1;Adaptation;15;1;;;;;
9.66;-0.5;-0.5;5.17045;1;Adaptation;15;1;;;;;
9.679999;-0.5;-0.5;4.377278;1;Adaptation;15;1;;;;;
9.7;0;0;3.277693;1;Adaptation;15;1;;;;;
9.719999;-0.5;-0.5;2.172391;1;Adaptation;15;1;;;;;
9.74;0;0;3.407131;1;Adaptation;15;1;;;;;
9.76;-0.5;-0.5;5.866532;1;Adaptation;15;1;;;;;
9.78;-0.5;-0.5;5.513729;1;Adaptation;15;1;;;;;
9.8;-0.5;-0.5;4.170197;1;Adaptation;15;1;;;;;
9.82;2;0;2.148746;1;Adaptation;15;1;;;;;
9.84;-2;-0.25;2.434822;1;Adaptation;15;1;;;;;
9.86;-0.5;-0.5;2.298666;1;Adaptation;15;1;;;;;
9.88;-0.5;-0.5;3.622788;1;Adaptation;15;1;;;;;
9.9;-0.5;-0.5;2.615566;1;Adaptation;15;1;;;;;
9.92;-0.5;-0.5;4.86404;1;Adaptation;15;1;;;;;
9.94;0;0.125;3.066546;1;Adaptation;15;1;;;;;
9.96;-0.5;-0.5;2.514506;1;Adaptation;15;1;;;;;
9.98;-0.5;-0.5;4.767;1;Adaptation;15;1;;;;;
10;-0.5;-0.5;3.953742;1;Adaptation;15;1;;;;;
10.02;-0.5;-0.5;4.551994;1;Adaptation;15;1;;;;;
10.04;-0.5;-0.5;2.611761;1;Adaptation;15;1;;;;;
10.06;-0.5;-0.5;3.200752;1;Adaptation;15;1;;;;;
10.08;-0.5;-0.5;3.20605;1;Adaptation;15;1;;;;;
10.1;-0.5;-0.5;2.936821;1;Adaptation;15;1;;;;;
10.12;-0.5;-0.5;5.745811;1;Adaptation;15;1;;;;;
10.14;-0.5;-0.5;3.198749;1;Adaptation;15;1;;;;;
10.16;-2;0.125;2.271693;1;Adaptation;15;1;;;;;
10.18;-0.5;-0.5;3.344447;1;Adaptation;15;1;;;;;
10.2;-0.5;-0.5;2.818139;1;Adaptation;15;1;;;;;
10.22;-0.5;-0.5;3.882972;1;Adaptation;15;1;;;;;
10.24;-0.5;-0.5;4.110208;1;Adaptation;15;1;;;;;
10.26;-0.5;-0.5;3.562262;1;Adaptation;15;1;;;;;
10.28;-0.5;-0.5;2.804769;1;Adaptation;15;1;;;;;
10.3;-2;0.125;3.449664;1;Adaptation;15;1;;;;;
10.32;-0.5;-0.5;4.275867;1;Adaptation;15;1;;;;;
10.34;-0.5;-0.5;5.880405;1;Adaptation;15;1;;;;;
10.36;0;0.125;2.432468;1;Adaptation;15;1;;;;;
10.38;-0.5;-0.5;5.730175;1;Adaptation;15;1;;;;;
10.4;0;0;2.238486;1;Adaptation;15;1;;;;;
10.42;-0.5;-0.5;3.735283;1;Adaptation;15;1;;;;;
10.44;-0.5;-0.5;5.004582;1;Adaptation;15;1;;;;;
10.46;-0.5;-0.5;4.711164;1;Adaptation;15;1;;;;;
10.48;-0.5;-0.5;4.908126;1;Adaptation;15;1;;;;;
10.5;0;-0.125;2.839028;1;Adaptation;15;1;;;;;
10.52;-0.5;-0.5;5.780675;1;Adaptation;15;1;;;;;
10.54;-0.5;-0.5;5.674601;1;Adaptation;15;1;;;;;
10.56;-0.5;-0.5;4.366152;1;Adaptation;15;1;;;;;
10.58;-0.5;-0.5;4.718017;1;Adaptation;15;1;;;;;
10.6;-0.5;-0.5;3.66801;1;Adaptation;15;1;;;;;
10.62;-0.5;-0.5;4.719361;1;Adaptation;15;1;;;;;
10.64;0;-0.125;4.378858;1;Adaptation;15;1;;;;;
10.66;0;-0.125;5.481521;1;Adaptation;15;1;;;;;
10.68;0;0;3.071296;1;Adaptation;15;1;;;;;
10.7;-0.5;-0.5;3.111243;1;Adaptation;15;1;;;;;
10.72;-0.5;-0.5;2.857852;1;Adaptation;15;1;;;;;
10.74;-0.5;-0.5;2.117709;1;Adaptation;15;1;;;;;
10.76;-0.5;-0.5;5.82588;1;Adaptation;15;1;;;;;
10.78;-0.5;-0.5;2.394457;1;Adaptation;15;1;;;;;
10.8;-0.5;-0.5;2.097504;1;Adaptation;15;1;;;;;
10.82;-0.5;-0.5;3.313821;1;Adaptation;15;1;;;;;
10.84;-0.5;-0.5;3.219398;1;Adaptation;15;1;;;;;
10.86;-0.5;-0.5;4.354039;1;Adaptation;15;1;;;;;
10.88;-0.5;-0.5;4.849248;1;Adaptation;15;1;;;;;
10.9;-0.5;-0.5;3.710839;1;Adaptation;15;1;;;;;
10.92;-0.5;-0.5;2.774166;1;Adaptation;15;1;;;;;
10.94;-0.5;-0.5;5.568208;1;Adaptation;15;1;;;;;
10.96;0;0;3.609577;1;Adaptation;15;1;;;;;
10.98;0;0.125;4.59401;1;Adaptation;15;1;;;;;
11;-0.5;-0.5;2.019566;1;Adaptation;15;1;;;;;
11.02;-0.5;-0.5;2.070357;1;Adaptation;15;1;;;;;
11.04;-0.5;-0.5;5.788725;1;Adaptation;15;1;;;;;
11.06;2;0.125;3.782561;1;Adaptation;15;1;;;;;
11.08;-2;0;4.746837;1;Adaptation;15;1;;;;;
;;;;;;;;;;;;
