time;pos_x_right;pos_y_right;dil_right;pos_x_left;pos_y_left;dil_left;brightness;state;fov;trial;;
0;-0.5;-0.5;2.968973;1;Adaptation;15;1;;;;;
0.02;-0.5;-0.5;2.568517;1;Adaptation;15;1;;;;;
0.04;-0.5;-0.5;3.281826;1;Adaptation;15;1;;;;;
0.06;-0.5;-0.5;2.179227;1;Adaptation;15;1;;;;;
0.08;-0.5;-0.5;3.240037;1;Adaptation;15;1;;;;;
0.09999999;-0.5;-0.5;3.487836;1;Adaptation;15;1;;;;;
0.12;-0.5;-0.5;3.458214;1;Adaptation;15;1;;;;;
0.14;-0.5;-0.5;3.182714;1;Adaptation;15;1;;;;;
0.16;-0.5;-0.5;4.109426;1;Adaptation;15;1;;;;;
0.18;-0.5;-0.5;2.518815;1;Adaptation;15;1;;;;;
0.2;-0.5;-0.5;4.67016;1;Adaptation;15;1;;;;;
0.22;-0.5;-0.5;5.035639;1;Adaptation;15;1;;;;;
0.24;-0.5;-0.5;5.595605;1;Adaptation;15;1;;;;;
0.26;-0.5;-0.5;3.077572;1;Adaptation;15;1;;;;;
0.28;-0.5;-0.5;3.888993;1;Adaptation;15;1;;;;;
0.3;-0.5;-0.5;2.211883;1;Adaptation;15;1;;;;;
0.32;-0.5;-0.5;4.677928;1;Adaptation;15;1;;;;;
0.34;-0.5;-0.5;4.870354;1;Adaptation;15;1;;;;;
0.36;-0.5;-0.5;4.749208;1;Adaptation;15;1;;;;;
0.38;-0.5;-0.5;4.601824;1;Adaptation;15;1;;;;;
0.4;-0.5;-0.5;3.598117;1;Adaptation;15;1;;;;;
0.42;-0.5;-0.5;5.063132;1;Adaptation;15;1;;;;;
0.44;-0.5;-0.5;5.237682;1;Adaptation;15;1;;;;;
0.46;-0.5;-0.5;5.57978;1;Adaptation;15;1;;;;;
0.48;-2;0;4.189479;1;Adaptation;15;1;;;;;
0.5;-0.5;-0.5;2.560174;1;Adaptation;15;1;;;;;
0.52;0;0.125;4.465584;1;Adaptation;15;1;;;;;
0.54;-0.5;-0.5;2.472666;1;Adaptation;15;1;;;;;
0.56;0;0;5.99077;1;Adaptation;15;1;;;;;
0.58;-2;0;2.67765;1;Adaptation;15;1;;;;;
0.6;-0.5;-0.5;5.35694;1;Adaptation;15;1;;;;;
0.62;-0.5;-0.5;4.955595;1;Adaptation;15;1;;;;;
0.64;-0.5;-0.5;4.664878;1;Adaptation;15;1;;;;;
0.66;-0.5;-0.5;5.482093;1;Adaptation;15;1;;;;;
0.68;-0.5;-0.5;4.883779;1;Adaptation;15;1;;;;;
0.7;0;0;4.505905;1;Adaptation;15;1;;;;;
0.72;-0.5;-0.5;3.582135;1;Adaptation;15;1;;;;;
0.74;0;0.125;5.199616;1;Adaptation;15;1;;;;;
0.76;0;0;2.514589;1;Adaptation;15;1;;;;;
0.78;-0.5;-0.5;5.785662;1;Adaptation;15;1;;;;;
0.8;-0.5;-0.5;3.634768;1;Adaptation;15;1;;;;;
0.82;-0.5;-0.5;3.436703;1;Adaptation;15;1;;;;;
0.84;-0.5;-0.5;5.976603;1;Adaptation;15;1;;;;;
0.86;-0.5;-0.5;5.140003;1;Adaptation;15;1;;;;;
0.88;-0.5;-0.5;3.651634;1;Adaptation;15;1;;;;;
0.9;-0.5;-0.5;2.660322;1;Adaptation;15;1;;;;;
0.92;0;-0.125;5.101141;1;Adaptation;15;1;;;;;
0.94;-0.5;-0.5;3.399715;1;Adaptation;15;1;;;;;
0.96;-0.5;-0.5;3.739347;1;Adaptation;15;1;;;;;
0.98;0;0;5.725326;1;Adaptation;15;1;;;;;
1;-0.5;-0.5;5.159453;1;Adaptation;15;1;;;;;
1.02;-0.5;-0.5;3.058662;1;Adaptation;15;1;;;;;
1.04;-0.5;-0.5;4.755733;1;Adaptation;15;1;;;;;
1.06;-0.5;-0.5;5.357148;1;Adaptation;15;1;;;;;
1.08;-0.5;-0.5;3.554077;1;Adaptation;15;1;;;;;
1.1;-0.5;-0.5;2.974705;1;Adaptation;15;1;;;;;
1.12;-0.5;-0.5;5.020734;1;Adaptation;15;1;;;;;
1.14;2;0.125;4.959854;1;Adaptation;15;1;;;;;
1.16;-0.5;-0.5;4.246234;1;Adaptation;15;1;;;;;
1.18;-0.5;-0.5;5.685938;1;Adaptation;15;1;;;;;
1.2;-0.5;-0.5;2.255103;1;Adaptation;15;1;;;;;
1.22;-0.5;-0.5;4.188158;1;Adaptation;15;1;;;;;
1.24;-0.5;-0.5;4.567586;1;Adaptation;15;1;;;;;
1.26;-0.5;-0.5;3.04565;1;Adaptation;15;1;;;;;
1.28;-0.5;-0.5;2.177855;1;Adaptation;15;1;;;;;
1.3;-0.5;-0.5;5.533507;1;Adaptation;15;1;;;;;
1.32;0;0;5.237466;1;Adaptation;15;1;;;;;
1.34;-0.5;-0.5;3.508012;1;Adaptation;15;1;;;;;
1.36;0;0.25;5.012092;1;Adaptation;15;1;;;;;
1.38;-0.5;-0.5;3.580641;1;Adaptation;15;1;;;;;
1.4;2;0.25;3.88785;1;Adaptation;15;1;;;;;
1.42;0;0;4.775646;1;Adaptation;15;1;;;;;
1.44;0;0;4.524299;1;Adaptation;15;1;;;;;
1.46;-0.5;-0.5;2.193684;1;Adaptation;15;1;;;;;
1.48;-0.5;-0.5;2.523069;1;Adaptation;15;1;;;;;
1.5;0;0;4.413249;1;Adaptation;15;1;;;;;
1.52;-0.5;-0.5;5.642868;1;Adaptation;15;1;;;;;
1.54;0;-0.125;5.489871;1;Adaptation;15;1;;;;;
1.56;-0.5;-0.5;5.777353;1;Adaptation;15;1;;;;;
1.58;2;0.125;3.247911;1;Adaptation;15;1;;;;;
1.6;-0.5;-0.5;4.765197;1;Adaptation;15;1;;;;;
1.62;-0.5;-0.5;3.721503;1;Adaptation;15;1;;;;;
1.64;-0.5;-0.5;2.940619;1;Adaptation;15;1;;;;;
1.66;-0.5;-0.5;4.352967;1;Adaptation;15;1;;;;;
1.68;-0.5;-0.5;4.431518;1;Adaptation;15;1;;;;;
1.7;0;-0.125;5.560812;1;Adaptation;15;1;;;;;
1.72;0;-0.125;4.182158;1;Adaptation;15;1;;;;;
1.74;-0.5;-0.5;4.219566;1;Adaptation;15;1;;;;;
1.76;0;0.125;5.04361;1;Adaptation;15;1;;;;;
1.78;2;-0.125;5.008756;1;Adaptation;15;1;;;;;
1.8;-0.5;-0.5;4.461174;1;Adaptation;15;1;;;;;
1.82;0;-0.125;5.539549;1;Adaptation;15;1;;;;;
1.84;-0.5;-0.5;5.210206;1;Adaptation;15;1;;;;;
1.86;-0.5;-0.5;4.805449;1;Adaptation;15;1;;;;;
1.88;-0.5;-0.5;5.70658;1;Adaptation;15;1;;;;;
1.9;-0.5;-0.5;2.359539;1;Adaptation;15;1;;;;;
1.92;-0.5;-0.5;3.245001;1;Adaptation;15;1;;;;;
1.94;-0.5;-0.5;3.859813;1;Adaptation;15;1;;;;;
1.96;-0.5;-0.5;5.321168;1;Adaptation;15;1;;;;;
1.98;-0.5;-0.5;2.284738;1;Adaptation;15;1;;;;;
2;-0.5;-0.5;2.071786;1;Adaptation;15;1;;;;;
2.02;-0.5;-0.5;5.694108;1;Adaptation;15;1;;;;;
2.04;-0.5;-0.5;5.85887;1;Adaptation;15;1;;;;;
2.06;-0.5;-0.5;5.542896;1;Adaptation;15;1;;;;;
2.08;-0.5;-0.5;3.573348;1;Adaptation;15;1;;;;;
2.1;-0.5;-0.5;5.390307;1;Adaptation;15;1;;;;;
2.12;-0.5;-0.5;3.147873;1;Adaptation;15;1;;;;;
2.14;2;0.125;2.848832;1;Adaptation;15;1;;;;;
2.16;-0.5;-0.5;3.467046;1;Adaptation;15;1;;;;;
2.18;-0.5;-0.5;5.132593;1;Adaptation;15;1;;;;;
2.2;-0.5;-0.5;3.834004;1;Adaptation;15;1;;;;;
2.22;2;0.125;4.529362;1;Adaptation;15;1;;;;;
2.24;-0.5;-0.5;2.909935;1;Adaptation;15;1;;;;;
2.26;-0.5;-0.5;3.111753;1;Adaptation;15;1;;;;;
2.28;-0.5;-0.5;2.905532;1;Adaptation;15;1;;;;;
2.3;-0.5;-0.5;3.909873;1;Adaptation;15;1;;;;;
2.32;-0.5;-0.5;2.365286;1;Adaptation;15;1;;;;;
2.34;-2;0;4.45153;1;Adaptation;15;1;;;;;
2.36;-0.5;-0.5;3.769484;1;Adaptation;15;1;;;;;
2.38;-0.5;-0.5;4.084319;1;Adaptation;15;1;;;;;
2.4;-0.5;-0.5;2.8735;1;Adaptation;15;1;;;;;
2.42;-0.5;-0.5;5.522245;1;Adaptation;15;1;;;;;
2.44;-0.5;-0.5;4.915938;1;Adaptation;15;1;;;;;
2.46;-2;-0.125;4.615631;1;Adaptation;15;1;;;;;
2.48;-0.5;-0.5;5.745493;1;Adaptation;15;1;;;;;
2.5;-0.5;-0.5;2.208241;1;Adaptation;15;1;;;;;
2.52;-0.5;-0.5;4.960019;1;Adaptation;15;1;;;;;
2.54;0;0;4.677645;1;Adaptation;15;1;;;;;
2.56;0;-0.125;2.998821;1;Adaptation;15;1;;;;;
2.58;-2;0;3.760083;1;Adaptation;15;1;;;;;
2.6;-0.5;-0.5;3.721876;1;Adaptation;15;1;;;;;
2.62;2;-0.5;2.189341;1;Adaptation;15;1;;;;;
2.64;-0.5;-0.5;3.649534;1;Adaptation;15;1;;;;;
2.66;-0.5;-0.5;5.586054;1;Adaptation;15;1;;;;;
2.68;-0.5;-0.5;5.382607;1;Adaptation;15;1;;;;;
2.7;-0.5;-0.5;4.370084;1;Adaptation;15;1;;;;;
2.72;-0.5;-0.5;4.445086;1;Adaptation;15;1;;;;;
2.74;-0.5;-0.5;3.228476;1;Adaptation;15;1;;;;;
2.76;-0.5;-0.5;3.708298;1;Adaptation;15;1;;;;;
2.78;-0.5;-0.5;2.191963;1;Adaptation;15;1;;;;;
2.8;-0.5;-0.5;2.339798;1;Adaptation;15;1;;;;;
2.82;0;0;4.171055;1;Adaptation;15;1;;;;;
2.84;-0.5;-0.5;2.48528;1;Adaptation;15;1;;;;;
2.86;-0.5;-0.5;3.538984;1;Adaptation;15;1;;;;;
2.88;-0.5;-0.5;3.719693;1;Adaptation;15;1;;;;;
2.9;-0.5;-0.5;2.508924;1;Adaptation;15;1;;;;;
2.92;0;0;4.208209;1;Adaptation;15;1;;;;;
2.94;-0.5;-0.5;3.087239;1;Adaptation;15;1;;;;;
2.96;-2;0.25;4.282045;1;Adaptation;15;1;;;;;
2.98;-0.5;-0.5;4.133057;1;Adaptation;15;1;;;;;
3;0;0;3.261353;1;Adaptation;15;1;;;;;
3.02;2;-0.125;2.963557;1;Adaptation;15;1;;;;;
3.04;-0.5;-0.5;3.760245;1;Adaptation;15;1;;;;;
3.06;-2;-0.125;3.604729;1;Adaptation;15;1;;;;;
3.08;0;-0.125;3.815822;1;Adaptation;15;1;;;;;
3.1;-0.5;-0.5;3.712463;1;Adaptation;15;1;;;;;
3.12;-0.5;-0.5;3.084518;1;Adaptation;15;1;;;;;
3.14;-0.5;-0.5;2.762331;1;Adaptation;15;1;;;;;
3.16;-0.5;-0.5;2.398184;1;Adaptation;15;1;;;;;
3.18;0;0.25;5.804033;1;Adaptation;15;1;;;;;
3.2;-0.5;-0.5;3.447557;1;Adaptation;15;1;;;;;
3.22;2;0;3.09969;1;Adaptation;15;1;;;;;
3.24;-0.5;-0.5;4.177828;1;Adaptation;15;1;;;;;
3.26;-0.5;-0.5;4.582009;1;Adaptation;15;1;;;;;
3.28;-0.5;-0.5;2.967714;1;Adaptation;15;1;;;;;
3.3;-0.5;-0.5;2.604661;1;Adaptation;15;1;;;;;
3.32;0;0.125;2.552238;1;Adaptation;15;1;;;;;
3.34;-0.5;-0.5;5.074286;1;Adaptation;15;1;;;;;
3.36;-0.5;-0.5;2.601295;1;Adaptation;15;1;;;;;
3.38;-2;-0.125;4.383325;1;Adaptation;15;1;;;;;
3.4;2;-0.125;2.082941;1;Adaptation;15;1;;;;;
3.42;-0.5;-0.5;2.985953;1;Adaptation;15;1;;;;;
3.44;-0.5;-0.5;4.539335;1;Adaptation;15;1;;;;;
3.46;-0.5;-0.5;4.982404;1;Adaptation;15;1;;;;;
3.48;-0.5;-0.5;5.606125;1;Adaptation;15;1;;;;;
3.5;-0.5;-0.5;5.478262;1;Adaptation;15;1;;;;;
3.52;-0.5;-0.5;3.320354;1;Adaptation;15;1;;;;;
3.54;-0.5;-0.5;5.82966;1;Adaptation;15;1;;;;;
3.56;-0.5;-0.5;4.747377;1;Adaptation;15;1;;;;;
3.58;0;0.125;4.042783;1;Adaptation;15;1;;;;;
3.6;-0.5;-0.5;4.664845;1;Adaptation;15;1;;;;;
3.62;-2;-0.25;5.060928;1;Adaptation;15;1;;;;;
3.64;-0.5;-0.5;3.095839;1;Adaptation;15;1;;;;;
3.66;-0.5;-0.5;2.911071;1;Adaptation;15;1;;;;;
3.68;0;0.25;2.978947;1;Adaptation;15;1;;;;;
3.7;-0.5;-0.5;4.27347;1;Adaptation;15;1;;;;;
3.72;-0.5;-0.5;5.825194;1;Adaptation;15;1;;;;;
3.74;-0.5;-0.5;3.36069;1;Adaptation;15;1;;;;;
3.76;0;0.125;4.157193;1;Adaptation;15;1;;;;;
3.78;-0.5;-0.5;2.299365;1;Adaptation;15;1;;;;;
3.8;-0.5;-0.5;5.405831;1;Adaptation;15;1;;;;;
3.82;0;0.125;5.065534;1;Adaptation;15;1;;;;;
3.84;2;0;5.136572;1;Adaptation;15;1;;;;;
3.86;-0.5;-0.5;5.845161;1;Adaptation;15;1;;;;;
3.88;0;0.125;4.374017;1;Adaptation;15;1;;;;;
3.9;2;0.125;4.081438;1;Adaptation;15;1;;;;;
3.92;-0.5;-0.5;2.5339;1;Adaptation;15;1;;;;;
3.94;-0.5;-0.5;2.852586;1;Adaptation;15;1;;;;;
3.96;-0.5;-0.5;5.386477;1;Adaptation;15;1;;;;;
3.98;-0.5;-0.5;3.136673;1;Adaptation;15;1;;;;;
4;0;-0.125;3.048032;1;Adaptation;15;1;;;;;
4.02;0;0;2.371535;1;Adaptation;15;1;;;;;
4.04;-0.5;-0.5;2.72673;1;Adaptation;15;1;;;;;
4.06;-0.5;-0.5;4.630001;1;Adaptation;15;1;;;;;
4.08;0;0;3.190499;1;Adaptation;15;1;;;;;
4.1;-0.5;-0.5;5.34467;1;Adaptation;15;1;;;;;
4.12;-0.5;-0.5;3.264295;1;Adaptation;15;1;;;;;
4.14;-0.5;-0.5;3.447101;1;Adaptation;15;1;;;;;
4.16;-0.5;-0.5;4.191113;1;Adaptation;15;1;;;;;
4.18;-0.5;-0.5;5.326347;1;Adaptation;15;1;;;;;
4.2;-0.5;-0.5;4.165945;1;Adaptation;15;1;;;;;
4.22;-0.5;-0.5;5.961922;1;Adaptation;15;1;;;;;
4.24;-0.5;-0.5;4.246205;1;Adaptation;15;1;;;;;
4.26;-0.5;-0.5;3.079801;1;Adaptation;15;1;;;;;
4.28;-0.5;-0.5;5.295321;1;Adaptation;15;1;;;;;
4.3;-0.5;-0.5;4.679123;1;Adaptation;15;1;;;;;
4.32;-0.5;-0.5;2.140583;1;Adaptation;15;1;;;;;
4.34;-2;0.125;5.479412;1;Adaptation;15;1;;;;;
4.36;-2;0.125;4.312386;1;Adaptation;15;1;;;;;
4.38;-0.5;-0.5;3.52863;1;Adaptation;15;1;;;;;
4.4;-0.5;-0.5;4.48821;1;Adaptation;15;1;;;;;
4.42;-0.5;-0.5;4.461941;1;Adaptation;15;1;;;;;
4.44;-0.5;-0.5;5.463299;1;Adaptation;15;1;;;;;
4.46;-2;0.125;5.839087;1;Adaptation;15;1;;;;;
4.48;-0.5;-0.5;5.124997;1;Adaptation;15;1;;;;;
4.5;-0.5;-0.5;4.121825;1;Adaptation;15;1;;;;;
4.52;-0.5;-0.5;5.677568;1;Adaptation;15;1;;;;;
4.54;-0.5;-0.5;5.862589;1;Adaptation;15;1;;;;;
4.56;-0.5;-0.5;5.158;1;Adaptation;15;1;;;;;
4.58;-0.5;-0.5;3.642158;1;Adaptation;15;1;;;;;
4.6;-0.5;-0.5;4.987895;1;Adaptation;15;1;;;;;
4.62;0;0;3.785155;1;Adaptation;15;1;;;;;
4.64;-0.5;-0.5;3.221155;1;Adaptation;15;1;;;;;
4.66;-0.5;-0.5;4.698619;1;Adaptation;15;1;;;;;
4.68;0;0.25;3.389996;1;Adaptation;15;1;;;;;
4.7;-0.5;-0.5;2.059691;1;Adaptation;15;1;;;;;
4.72;-0.5;-0.5;4.186267;1;Adaptation;15;1;;;;;
4.74;0;0;5.187728;1;Adaptation;15;1;;;;;
4.76;-0.5;-0.5;3.686996;1;Adaptation;15;1;;;;;
4.78;-0.5;-0.5;2.665721;1;Adaptation;15;1;;;;;
4.8;0;-0.25;4.756876;1;Adaptation;15;1;;;;;
4.82;-0.5;-0.5;3.753507;1;Adaptation;15;1;;;;;
4.84;-0.5;-0.5;5.067057;1;Adaptation;15;1;;;;;
4.86;-2;-0.125;5.254319;1;Adaptation;15;1;;;;;
4.88;-0.5;-0.5;3.276693;1;Adaptation;15;1;;;;;
4.9;-4;-0.125;5.457;1;Adaptation;15;1;;;;;
4.92;-0.5;-0.5;2.276311;1;Adaptation;15;1;;;;;
4.94;-0.5;-0.5;4.696447;1;Adaptation;15;1;;;;;
4.96;-0.5;-0.5;3.272679;1;Adaptation;15;1;;;;;
4.98;-0.5;-0.5;5.277539;1;Adaptation;15;1;;;;;
5;-0.5;-0.5;2.792477;1;Adaptation;15;1;;;;;
5.02;-0.5;-0.5;2.696177;1;Adaptation;15;1;;;;;
5.04;-0.5;-0.5;2.364787;1;Adaptation;15;1;;;;;
5.06;-2;0;2.421952;1;Adaptation;15;1;;;;;
5.08;0;0;4.536707;1;Adaptation;15;1;;;;;
5.1;-2;-0.25;5.863547;1;Adaptation;15;1;;;;;
5.12;-0.5;-0.5;4.903495;1;Adaptation;15;1;;;;;
5.14;-0.5;-0.5;2.642703;1;Adaptation;15;1;;;;;
5.16;-0.5;-0.5;4.625521;1;Adaptation;15;1;;;;;
5.18;-0.5;-0.5;2.226689;1;Adaptation;15;1;;;;;
5.2;-0.5;-0.5;3.664132;1;Adaptation;15;1;;;;;
5.22;-0.5;-0.5;5.642738;1;Adaptation;15;1;;;;;
5.24;-0.5;-0.5;3.220832;1;Adaptation;15;1;;;;;
5.26;-0.5;-0.5;2.133371;1;Adaptation;15;1;;;;;
5.28;-2;-0.25;4.236394;1;Adaptation;15;1;;;;;
5.3;0;-0.125;3.040885;1;Adaptation;15;1;;;;;
5.32;-0.5;-0.5;4.42311;1;Adaptation;15;1;;;;;
5.34;-0.5;-0.5;3.144775;1;Adaptation;15;1;;;;;
5.36;-0.5;-0.5;2.778327;1;Adaptation;15;1;;;;;
5.38;-0.5;-0.5;5.204159;1;Adaptation;15;1;;;;;
5.4;-0.5;-0.5;3.048744;1;Adaptation;15;1;;;;;
5.42;-0.5;-0.5;2.979261;1;Adaptation;15;1;;;;;
5.44;-0.5;-0.5;5.56607;1;Adaptation;15;1;;;;;
5.46;-0.5;-0.5;5.301218;1;Adaptation;15;1;;;;;
5.48;-0.5;-0.5;5.386493;1;Adaptation;15;1;;;;;
5.5;-0.5;-0.5;4.354558;1;Adaptation;15;1;;;;;
5.52;0;0.125;3.344721;1;Adaptation;15;1;;;;;
5.54;0;0;5.628267;1;Adaptation;15;1;;;;;
5.56;-0.5;-0.5;5.378331;1;Adaptation;15;1;;;;;
5.58;-0.5;-0.5;4.806542;1;Adaptation;15;1;;;;;
5.6;-0.5;-0.5;4.470209;1;Adaptation;15;1;;;;;
5.62;-0.5;-0.5;2.764546;1;Adaptation;15;1;;;;;
5.64;0;0;3.627067;1;Adaptation;15;1;;;;;
5.66;-0.5;-0.5;4.68977;1;Adaptation;15;1;;;;;
5.68;-0.5;-0.5;4.219147;1;Adaptation;15;1;;;;;
5.7;-0.5;-0.5;2.346376;1;Adaptation;15;1;;;;;
5.72;-0.5;-0.5;2.809936;1;Adaptation;15;1;;;;;
5.74;-0.5;-0.5;5.770126;1;Adaptation;15;1;;;;;
5.76;-0.5;-0.5;5.411977;1;Adaptation;15;1;;;;;
5.78;-0.5;-0.5;4.612026;1;Adaptation;15;1;;;;;
5.8;-2;-0.125;4.175364;1;Adaptation;15;1;;;;;
5.82;-0.5;-0.5;5.049591;1;Adaptation;15;1;;;;;
5.84;-0.5;-0.5;2.272638;1;Adaptation;15;1;;;;;
5.86;-0.5;-0.5;2.721432;1;Adaptation;15;1;;;;;
5.88;-0.5;-0.5;3.4874;1;Adaptation;15;1;;;;;
5.9;-0.5;-0.5;3.52573;1;Adaptation;15;1;;;;;
5.92;-0.5;-0.5;3.308508;1;Adaptation;15;1;;;;;
5.94;-0.5;-0.5;2.584183;1;Adaptation;15;1;;;;;
5.96;-0.5;-0.5;5.88869;1;Adaptation;15;1;;;;;
5.98;-0.5;-0.5;5.529073;1;Adaptation;15;1;;;;;
6;-0.5;-0.5;3.681492;1;Adaptation;15;1;;;;;
6.02;0;0.125;2.155967;1;Adaptation;15;1;;;;;
6.04;-0.5;-0.5;3.347977;1;Adaptation;15;1;;;;;
6.06;-0.5;-0.5;2.780656;1;Adaptation;15;1;;;;;
6.08;-0.5;-0.5;5.96238;1;Adaptation;15;1;;;;;
6.1;2;0.125;3.941857;1;Adaptation;15;1;;;;;
6.12;-0.5;-0.5;5.050578;1;Adaptation;15;1;;;;;
6.14;-0.5;-0.5;2.347227;1;Adaptation;15;1;;;;;
6.16;2;0;4.349868;1;Adaptation;15;1;;;;;
6.18;-2;0;2.296133;1;Adaptation;15;1;;;;;
6.2;-0.5;-0.5;4.575274;1;Adaptation;15;1;;;;;
6.22;-0.5;-0.5;3.67555;1;Adaptation;15;1;;;;;
6.24;-0.5;-0.5;2.494713;1;Adaptation;15;1;;;;;
6.26;-0.5;-0.5;4.06529;1;Adaptation;15;1;;;;;
6.28;-0.5;-0.5;3.67889;1;Adaptation;15;1;;;;;
6.3;-0.5;-0.5;3.368186;1;Adaptation;15;1;;;;;
6.32;-2;-0.125;2.710133;1;Adaptation;15;1;;;;;
6.34;-0.5;-0.5;4.356771;1;Adaptation;15;1;;;;;
6.36;-0.5;-0.5;5.663224;1;Adaptation;15;1;;;;;
6.38;-0.5;-0.5;2.60942;1;Adaptation;15;1;;;;;
6.4;-0.5;-0.5;2.083637;1;Adaptation;15;1;;;;;
6.42;-0.5;-0.5;4.489697;1;Adaptation;15;1;;;;;
6.44;-0.5;-0.5;2.046391;1;Adaptation;15;1;;;;;
6.46;-0.5;-0.5;4.340819;1;Adaptation;15;1;;;;;
6.48;2;-0.125;4.003417;1;Adaptation;15;1;;;;;
6.5;-0.5;-0.5;2.689503;1;Adaptation;15;1;;;;;
6.52;2;0;3.25941;1;Adaptation;15;1;;;;;
6.54;-0.5;-0.5;5.387053;1;Adaptation;15;1;;;;;
6.56;-0.5;-0.5;5.353322;1;Adaptation;15;1;;;;;
6.58;-0.5;-0.5;3.136345;1;Adaptation;15;1;;;;;
6.6;-0.5;-0.5;3.231341;1;Adaptation;15;1;;;;;
6.62;-2;0.125;2.009732;1;Adaptation;15;1;;;;;
6.64;0;0.125;4.964022;1;Adaptation;15;1;;;;;
6.66;-0.5;-0.5;5.537735;1;Adaptation;15;1;;;;;
6.68;-0.5;-0.5;4.505589;1;Adaptation;15;1;;;;;
6.7;-0.5;-0.5;5.933379;1;Adaptation;15;1;;;;;
6.72;-0.5;-0.5;5.665753;1;Adaptation;15;1;;;;;
6.74;-0.5;-0.5;2.538105;1;Adaptation;15;1;;;;;
6.76;-0.5;-0.5;4.992905;1;Adaptation;15;1;;;;;
6.78;0;0;5.942672;1;Adaptation;15;1;;;;;
6.8;-0.5;-0.5;3.597778;1;Adaptation;15;1;;;;;
6.82;-0.5;-0.5;3.10115;1;Adaptation;15;1;;;;;
6.84;-0.5;-0.5;3.871809;1;Adaptation;15;1;;;;;
6.86;-0.5;-0.5;4.579599;1;Adaptation;15;1;;;;;
6.88;0;0;3.12451;1;Adaptation;15;1;;;;;
6.9;-2;-0.125;5.796124;1;Adaptation;15;1;;;;;
6.92;-0.5;-0.5;4.320084;1;Adaptation;15;1;;;;;
6.94;-0.5;-0.5;3.120485;1;Adaptation;15;1;;;;;
6.96;-0.5;-0.5;2.165487;1;Adaptation;15;1;;;;;
6.98;-0.5;-0.5;5.100762;1;Adaptation;15;1;;;;;
7;2;-0.375;5.770945;1;Adaptation;15;1;;;;;
7.02;-0.5;-0.5;5.892813;1;Adaptation;15;1;;;;;
7.04;-0.5;-0.5;5.309423;1;Adaptation;15;1;;;;;
7.06;-0.5;-0.5;3.194005;1;Adaptation;15;1;;;;;
7.08;-0.5;-0.5;5.346745;1;Adaptation;15;1;;;;;
7.1;-0.5;-0.5;5.057532;1;Adaptation;15;1;;;;;
7.12;-0.5;-0.5;2.539466;1;Adaptation;15;1;;;;;
7.14;-0.5;-0.5;3.109336;1;Adaptation;15;1;;;;;
7.16;-0.5;-0.5;5.401791;1;Adaptation;15;1;;;;;
7.18;-0.5;-0.5;3.825787;1;Adaptation;15;1;;;;;
7.2;-0.5;-0.5;5.36653;1;Adaptation;15;1;;;;;
7.22;-0.5;-0.5;4.577107;1;Adaptation;15;1;;;;;
7.24;0;0;5.957285;1;Adaptation;15;1;;;;;
7.26;-0.5;-0.5;4.943526;1;Adaptation;15;1;;;;;
7.28;-0.5;-0.5;4.397912;1;Adaptation;15;1;;;;;
7.3;-0.5;-0.5;3.033993;1;Adaptation;15;1;;;;;
7.32;-0.5;-0.5;5.036804;1;Adaptation;15;1;;;;;
7.34;-0.5;-0.5;3.537839;1;Adaptation;15;1;;;;;
7.36;-0.5;-0.5;2.565551;1;Adaptation;15;1;;;;;
7.38;-0.5;-0.5;2.089541;1;Adaptation;15;1;;;;;
7.4;-0.5;-0.5;3.800585;1;Adaptation;15;1;;;;;
7.42;2;0.125;3.976745;1;Adaptation;15;1;;;;;
7.44;0;0.25;3.966532;1;Adaptation;15;1;;;;;
7.46;-0.5;-0.5;5.40525;1;Adaptation;15;1;;;;;
7.48;-0.5;-0.5;2.774462;1;Adaptation;15;1;;;;;
7.5;-2;0;4.103989;1;Adaptation;15;1;;;;;
7.52;-0.5;-0.5;4.456516;1;Adaptation;15;1;;;;;
7.54;2;0;2.217695;1;Adaptation;15;1;;;;;
7.56;-0.5;-0.5;2.89957;1;Adaptation;15;1;;;;;
7.58;0;0.25;2.226111;1;Adaptation;15;1;;;;;
7.6;-0.5;-0.5;2.021179;1;Adaptation;15;1;;;;;
7.62;-2;0;4.6689;1;Adaptation;15;1;;;;;
7.64;-0.5;-0.5;2.101603;1;Adaptation;15;1;;;;;
7.66;-0.5;-0.5;3.041961;1;Adaptation;15;1;;;;;
7.68;2;0.125;4.124331;1;Adaptation;15;1;;;;;
7.7;0;0;2.457629;1;Adaptation;15;1;;;;;
7.72;-0.5;-0.5;3.661731;1;Adaptation;15;1;;;;;
7.74;-0.5;-0.5;4.526868;1;Adaptation;15;1;;;;;
7.76;-0.5;-0.5;2.380299;1;Adaptation;15;1;;;;;
7.78;-0.5;-0.5;2.444381;1;Adaptation;15;1;;;;;
7.8;-0.5;-0.5;3.722338;1;Adaptation;15;1;;;;;
7.82;2;0.125;5.453945;1;Adaptation;15;1;;;;;
7.84;-0.5;-0.5;4.296192;1;Adaptation;15;1;;;;;
7.86;-2;-0.125;3.639058;1;Adaptation;15;1;;;;;
7.88;0;0.25;3.309497;1;Adaptation;15;1;;;;;
7.9;2;0.125;3.991083;1;Adaptation;15;1;;;;;
7.92;-0.5;-0.5;2.818806;1;Adaptation;15;1;;;;;
7.94;0;-0.125;3.988079;1;Adaptation;15;1;;;;;
7.96;-4;0;5.267638;1;Adaptation;15;1;;;;;
7.98;-0.5;-0.5;3.991273;1;Adaptation;15;1;;;;;
8;-0.5;-0.5;2.59861;1;Adaptation;15;1;;;;;
8.02;-0.5;-0.5;3.179181;1;Adaptation;15;1;;;;;
8.04;-2;0;4.391315;1;Adaptation;15;1;;;;;
8.059999;0;0;3.251153;1;Adaptation;15;1;;;;;
8.08;-0.5;-0.5;4.935445;1;Adaptation;15;1;;;;;
8.099999;-2;-0.125;2.362918;1;Adaptation;15;1;;;;;
8.12;-0.5;-0.5;2.85182;1;Adaptation;15;1;;;;;
8.139999;-0.5;-0.5;4.351575;1;Adaptation;15;1;;;;;
8.16;-0.5;-0.5;3.486902;1;Adaptation;15;1;;;;;
8.179999;-0.5;-0.5;3.123361;1;Adaptation;15;1;;;;;
8.2;-0.5;-0.5;5.576624;1;Adaptation;15;1;;;;;
8.22;-0.5;-0.5;5.865144;1;Adaptation;15;1;;;;;
8.24;2;0;2.594391;1;Adaptation;15;1;;;;;
8.26;-0.5;-0.5;2.6937;1;Adaptation;15;1;;;;;
8.28;-0.5;-0.5;3.724523;1;Adaptation;15;1;;;;;
8.3;0;-0.125;3.18856;1;Adaptation;15;1;;;;;
8.32;-0.5;-0.5;2.688131;1;Adaptation;15;1;;;;;
8.34;2;0.125;4.626269;1;Adaptation;15;1;;;;;
8.36;-0.5;-0.5;5.814773;1;Adaptation;15;1;;;;;
8.38;-0.5;-0.5;5.497391;1;Adaptation;15;1;;;;;
8.4;-0.5;-0.5;5.735901;1;Adaptation;15;1;;;;;
8.42;-0.5;-0.5;4.396114;1;Adaptation;15;1;;;;;
8.44;2;-0.125;5.888323;1;Adaptation;15;1;;;;;
8.46;-0.5;-0.5;5.453429;1;Adaptation;15;1;;;;;
8.48;-0.5;-0.5;5.000449;1;Adaptation;15;1;;;;;
8.5;-0.5;-0.5;5.662878;1;Adaptation;15;1;;;;;
8.52;-0.5;-0.5;3.667446;1;Adaptation;15;1;;;;;
8.54;-0.5;-0.5;2.454405;1;Adaptation;15;1;;;;;
8.559999;-0.5;-0.5;3.017302;1;Adaptation;15;1;;;;;
8.58;-0.5;-0.5;4.452485;1;Adaptation;15;1;;;;;
8.599999;-0.5;-0.5;4.105969;1;Adaptation;15;1;;;;;
8.62;-0.5;-0.5;5.368229;1;Adaptation;15;1;;;;;
8.639999;-0.5;-0.5;4.339722;1;Adaptation;15;1;;;;;
8.66;-0.5;-0.5;5.978174;1;Adaptation;15;1;;;;;
8.679999;-0.5;-0.5;5.363138;1;Adaptation;15;1;;;;;
8.7;-0.5;-0.5;5.558985;1;Adaptation;15;1;;;;;
8.72;-0.5;-0.5;4.354065;1;Adaptation;15;1;;;;;
8.74;0;-0.125;2.759667;1;Adaptation;15;1;;;;;
8.76;0;0;2.077282;1;Adaptation;15;1;;;;;
8.78;-0.5;-0.5;5.434737;1;Adaptation;15;1;;;;;
8.8;-0.5;-0.5;5.031699;1;Adaptation;15;1;;;;;
8.82;-0.5;-0.5;5.339545;1;Adaptation;15;1;;;;;
8.84;-0.5;-0.5;2.670102;1;Adaptation;15;1;;;;;
8.86;-2;0.125;4.863791;1;Adaptation;15;1;;;;;
8.88;2;0;2.99978;1;Adaptation;15;1;;;;;
8.9;0;0.125;2.315731;1;Adaptation;15;1;;;;;
8.92;-0.5;-0.5;3.139495;1;Adaptation;15;1;;;;;
8.94;0;0.125;4.741635;1;Adaptation;15;1;;;;;
8.96;-0.5;-0.5;2.486882;1;Adaptation;15;1;;;;;
8.98;2;0.25;4.025277;1;Adaptation;15;1;;;;;
9;0;0;3.903986;1;Adaptation;15;1;;;;;
9.02;-0.5;-0.5;4.276525;1;Adaptation;15;1;;;;;
9.04;-0.5;-0.5;4.782534;1;Adaptation;15;1;;;;;
9.059999;-0.5;-0.5;3.303818;1;Adaptation;15;1;;;;;
9.08;-0.5;-0.5;2.492188;1;Adaptation;15;1;;;;;
9.099999;-0.5;-0.5;4.262071;1;Adaptation;15;1;;;;;
9.12;-0.5;-0.5;3.154805;1;Adaptation;15;1;;;;;
9.139999;-0.5;-0.5;4.63921;1;Adaptation;15;1;;;;;
9.16;-0.5;-0.5;4.867441;1;Adaptation;15;1;;;;;
9.179999;-0.5;-0.5;4.8984;1;Adaptation;15;1;;;;;
9.2;0;-0.375;3.260478;1;Adaptation;15;1;;;;;
9.22;-0.5;-0.5;4.633971;1;Adaptation;15;1;;;;;
9.24;-2;0;5.851444;1;Adaptation;15;1;;;;;
9.26;-0.5;-0.5;2.406049;1;Adaptation;15;1;;;;;
9.28;2;0;2.799873;1;Adaptation;15;1;;;;;
9.3;-0.5;-0.5;5.776643;1;Adaptation;15;1;;;;;
9.32;-0.5;-0.5;2.769061;1;Adaptation;15;1;;;;;
9.34;-0.5;-0.5;5.626099;1;Adaptation;15;1;;;;;
9.36;-0.5;-0.5;3.166257;1;Adaptation;15;1;;;;;
9.38;-0.5;-0.5;3.785759;1;Adaptation;15;1;;;;;
9.4;-0.5;-0.5;3.699945;1;Adaptation;15;1;;;;;
9.42;-0.5;-0.5;2.571322;1;Adaptation;15;1;;;;;
9.44;-0.5;-0.5;4.562758;1;Adaptation;15;1;;;;;
9.46;0;-0.125;5.066174;1;Adaptation;15;1;;;;;
9.48;-0.5;-0.5;4.510574;1;Adaptation;15;1;;;;;
9.5;-0.5;-0.5;2.913283;1;Adaptation;15;1;;;;;
9.52;-0.5;-0.5;5.220499;1;Adaptation;15;1;;;;;
9.54;-0.5;-0.5;3.809438;1;Adaptation;15;1;;;;;
9.559999;-0.5;-0.5;4.012897;1;Adaptation;15;1;;;;;
9.58;-0.5;-0.5;4.64288;1;Adaptation;15;1;;;;;
9.599999;-0.5;-0.5;3.53945;1;Adaptation;15;1;;;;;
9.62;-0.5;-0.5;5.605836;1;Adaptation;15;1;;;;;
9.639999;-0.5;-0.5;2.375737;1;Adaptation;15;1;;;;;
9.66;-2;0;2.254269;1;Adaptation;15;1;;;;;
9.679999;-0.5;-0.5;3.939652;1;Adaptation;15;1;;;;;
9.7;-0.5;-0.5;5.488517;1;Adaptation;15;1;;;;;
9.719999;-0.5;-0.5;2.254811;1;Adaptation;15;1;;;;;
9.74;-0.5;-0.5;5.660609;1;Adaptation;15;1;;;;;
9.76;-2;-0.125;5.740248;1;Adaptation;15;1;;;;;
9.78;-0.5;-0.5;5.655724;1;Adaptation;15;1;;;;;
9.8;-0.5;-0.5;4.980498;1;Adaptation;15;1;;;;;
9.82;2;0;3.69069;1;Adaptation;15;1;;;;;
9.84;-0.5;-0.5;3.494266;1;Adaptation;15;1;;;;;
9.86;2;-0.25;5.593987;1;Adaptation;15;1;;;;;
9.88;-2;0.125;2.420552;1;Adaptation;15;1;;;;;
9.9;-0.5;-0.5;2.050817;1;Adaptation;15;1;;;;;
9.92;-0.5;-0.5;4.088633;1;Adaptation;15;1;;;;;
9.94;0;-0.125;5.797395;1;Adaptation;15;1;;;;;
9.96;-0.5;-0.5;4.746778;1;Adaptation;15;1;;;;;
9.98;-0.5;-0.5;3.350939;1;Adaptation;15;1;;;;;
10;-0.5;-0.5;3.830056;1;Adaptation;15;1;;;;;
10.02;-0.5;-0.5;2.336856;1;Adaptation;15;1;;;;;
10.04;-0.5;-0.5;3.477247;1;Adaptation;15;1;;;;;
10.06;-0.5;-0.5;4.312507;1;Adaptation;15;1;;;;;
10.08;-0.5;-0.5;2.267235;1;Adaptation;15;1;;;;;
10.1;-0.5;-0.5;5.996039;1;Adaptation;15;1;;;;;
10.12;2;0;3.35501;1;Adaptation;15;1;;;;;
10.14;-2;0;3.389009;1;Adaptation;15;1;;;;;
10.16;2;-0.25;2.913229;1;Adaptation;15;1;;;;;
10.18;0;0;3.21554;1;Adaptation;15;1;;;;;
10.2;-0.5;-0.5;5.540798;1;Adaptation;15;1;;;;;
10.22;-0.5;-0.5;4.345063;1;Adaptation;15;1;;;;;
10.24;2;0;5.354516;1;Adaptation;15;1;;;;;
10.26;-0.5;-0.5;2.647617;1;Adaptation;15;1;;;;;
10.28;-0.5;-0.5;2.739762;1;Adaptation;15;1;;;;;
10.3;-0.5;-0.5;5.445461;1;Adaptation;15;1;;;;;
10.32;-0.5;-0.5;3.293343;1;Adaptation;15;1;;;;;
10.34;-0.5;-0.5;3.858655;1;Adaptation;15;1;;;;;
10.36;-0.5;-0.5;3.242829;1;Adaptation;15;1;;;;;
10.38;-0.5;-0.5;3.998402;1;Adaptation;15;1;;;;;
10.4;-0.5;-0.5;5.84122;1;Adaptation;15;1;;;;;
10.42;-0.5;-0.5;2.026783;1;Adaptation;15;1;;;;;
10.44;-0.5;-0.5;5.88965;1;Adaptation;15;1;;;;;
10.46;-0.5;-0.5;2.199017;1;Adaptation;15;1;;;;;
10.48;-0.5;-0.5;2.004829;1;Adaptation;15;1;;;;;
10.5;0;0.125;4.009802;1;Adaptation;15;1;;;;;
10.52;-0.5;-0.5;2.946568;1;Adaptation;15;1;;;;;
10.54;-2;-0.125;3.357827;1;Adaptation;15;1;;;;;
10.56;-0.5;-0.5;4.485548;1;Adaptation;15;1;;;;;
10.58;0;0;4.482328;1;Adaptation;15;1;;;;;
10.6;-0.5;-0.5;4.915758;1;Adaptation;15;1;;;;;
10.62;2;-0.25;2.481869;1;Adaptation;15;1;;;;;
10.64;-0.5;-0.5;5.965042;1;Adaptation;15;1;;;;;
10.66;2;0.125;3.376623;1;Adaptation;15;1;;;;;
10.68;-0.5;-0.5;4.379572;1;Adaptation;15;1;;;;;
10.7;-0.5;-0.5;2.357614;1;Adaptation;15;1;;;;;
10.72;-0.5;-0.5;2.910523;1;Adaptation;15;1;;;;;
10.74;0;0;4.810903;1;Adaptation;15;1;;;;;
10.76;-0.5;-0.5;2.098954;1;Adaptation;15;1;;;;;
10.78;0;0.125;4.877874;1;Adaptation;15;1;;;;;
10.8;-0.5;-0.5;2.734128;1;Adaptation;15;1;;;;;
10.82;-0.5;-0.5;4.267529;1;Adaptation;15;1;;;;;
10.84;-0.5;-0.5;2.340885;1;Adaptation;15;1;;;;;
10.86;-0.5;-0.5;4.028954;1;Adaptation;15;1;;;;;
10.88;-0.5;-0.5;4.481279;1;Adaptation;15;1;;;;;
10.9;0;-0.125;3.809319;1;Adaptation;15;1;;;;;
10.92;0;-0.125;5.066834;1;Adaptation;15;1;;;;;
10.94;2;-0.25;4.321461;1;Adaptation;15;1;;;;;
10.96;-0.5;-0.5;3.00789;1;Adaptation;15;1;;;;;
10.98;0;-0.125;5.059947;1;Adaptation;15;1;;;;;
11;0;-0.125;3.046928;1;Adaptation;15;1;;;;;
11.02;-0.5;-0.5;3.086968;1;Adaptation;15;1;;;;;
11.04;-0.5;-0.5;5.288088;1;Adaptation;15;1;;;;;
11.06;-0.5;-0.5;2.902495;1;Adaptation;15;1;;;;;
11.08;0;0.125;3.920725;1;Adaptation;15;1;;;;;
11.1;-0.5;-0.5;5.235032;1;Adaptation;15;1;;;;;
11.12;-0.5;-0.5;5.605718;1;Adaptation;15;1;;;;;
11.14;-0.5;-0.5;2.025227;1;Adaptation;15;1;;;;;
11.16;-0.5;-0.5;4.206897;1;Adaptation;15;1;;;;;
11.18;-0.5;-0.5;5.574376;1;Adaptation;15;1;;;;;
11.2;-0.5;-0.5;2.700821;1;Adaptation;15;1;;;;;
11.22;-0.5;-0.5;3.425681;1;Adaptation;15;1;;;;;
11.24;-0.5;-0.5;3.574716;1;Adaptation;15;1;;;;;
11.26;-0.5;-0.5;5.261523;1;Adaptation;15;1;;;;;
11.28;-0.5;-0.5;4.661271;1;Adaptation;15;1;;;;;
11.3;-0.5;-0.5;5.440954;1;Adaptation;15;1;;;;;
11.32;0;0.125;4.180501;1;Adaptation;15;1;;;;;
11.34;-0.5;-0.5;5.268797;1;Adaptation;15;1;;;;;
11.36;-0.5;-0.5;4.374486;1;Adaptation;15;1;;;;;
11.38;-2;0;3.399084;1;Adaptation;15;1;;;;;
11.4;0;-0.125;4.201697;1;Adaptation;15;1;;;;;
11.42;-0.5;-0.5;3.308227;1;Adaptation;15;1;;;;;
11.44;-0.5;-0.5;3.494615;1;Adaptation;15;1;;;;;
11.46;0;-0.125;4.427753;1;Adaptation;15;1;;;;;
11.48;-0.5;-0.5;5.500133;1;Adaptation;15;1;;;;;
11.5;-0.5;-0.5;4.512014;1;Adaptation;15;1;;;;;
11.52;-0.5;-0.5;4.629667;1;Adaptation;15;1;;;;;
11.54;2;0;5.240571;1;Adaptation;15;1;;;;;
11.56;-2;0.125;4.319706;1;Adaptation;15;1;;;;;
11.58;-0.5;-0.5;3.465484;1;Adaptation;15;1;;;;;
11.6;-0.5;-0.5;3.834525;1;Adaptation;15;1;;;;;
11.62;0;0;2.720883;1;Adaptation;15;1;;;;;
11.64;-2;-0.25;5.855696;1;Adaptation;15;1;;;;;
11.66;-0.5;-0.5;2.745497;1;Adaptation;15;1;;;;;
11.68;0;-0.125;5.901439;1;Adaptation;15;1;;;;;
11.7;-0.5;-0.5;3.245247;1;Adaptation;15;1;;;;;
11.72;-0.5;-0.5;2.574659;1;Adaptation;15;1;;;;;
11.74;-0.5;-0.5;3.300563;1;Adaptation;15;1;;;;;
11.76;-0.5;-0.5;5.141373;1;Adaptation;15;1;;;;;
11.78;0;-0.125;5.526781;1;Adaptation;15;1;;;;;
11.8;-0.5;-0.5;3.303391;1;Adaptation;15;1;;;;;
11.82;0;0;3.945182;1;Adaptation;15;1;;;;;
11.84;-0.5;-0.5;2.286498;1;Adaptation;15;1;;;;;
11.86;-0.5;-0.5;2.655124;1;Adaptation;15;1;;;;;
11.88;-0.5;-0.5;4.783918;1;Adaptation;15;1;;;;;
11.9;-0.5;-0.5;4.43384;1;Adaptation;15;1;;;;;
11.92;-0.5;-0.5;3.527916;1;Adaptation;15;1;;;;;
11.94;-0.5;-0.5;3.497485;1;Adaptation;15;1;;;;;
11.96;-0.5;-0.5;3.613062;1;Adaptation;15;1;;;;;
11.98;-0.5;-0.5;4.216791;1;Adaptation;15;1;;;;;
12;-2;-0.125;3.531538;1;Adaptation;15;1;;;;;
12.02;-0.5;-0.5;3.177169;1;Adaptation;15;1;;;;;
12.04;-0.5;-0.5;3.039707;1;Adaptation;15;1;;;;;
12.06;-0.5;-0.5;5.266069;1;Adaptation;15;1;;;;;
12.08;-0.5;-0.5;5.956714;1;Adaptation;15;1;;;;;
12.1;-0.5;-0.5;3.801524;1;Adaptation;15;1;;;;;
12.12;0;-0.125;5.318562;1;Adaptation;15;1;;;;;
12.14;-0.5;-0.5;3.94071;1;Adaptation;15;1;;;;;
12.16;-0.5;-0.5;4.181328;1;Adaptation;15;1;;;;;
12.18;-0.5;-0.5;4.397959;1;Adaptation;15;1;;;;;
12.2;-0.5;-0.5;3.001807;1;Adaptation;15;1;;;;;
12.22;-0.5;-0.5;4.551387;1;Adaptation;15;1;;;;;
12.24;-0.5;-0.5;3.631356;1;Adaptation;15;1;;;;;
12.26;-0.5;-0.5;4.654458;1;Adaptation;15;1;;;;;
12.28;-0.5;-0.5;3.372416;1;Adaptation;15;1;;;;;
12.3;-0.5;-0.5;3.805506;1;Adaptation;15;1;;;;;
12.32;-0.5;-0.5;3.727704;1;Adaptation;15;1;;;;;
12.34;-0.5;-0.5;4.014681;1;Adaptation;15;1;;;;;
12.36;-0.5;-0.5;4.115231;1;Adaptation;15;1;;;;;
12.38;-0.5;-0.5;4.030552;1;Adaptation;15;1;;;;;
12.4;-0.5;-0.5;3.726615;1;Adaptation;15;1;;;;;
12.42;2;0;5.015818;1;Adaptation;15;1;;;;;
12.44;-0.5;-0.5;3.807212;1;Adaptation;15;1;;;;;
12.46;0;-0.125;5.044217;1;Adaptation;15;1;;;;;
12.48;-0.5;-0.5;3.237911;1;Adaptation;15;1;;;;;
12.5;-0.5;-0.5;2.020916;1;Adaptation;15;1;;;;;
12.52;-0.5;-0.5;3.445517;1;Adaptation;15;1;;;;;
12.54;-0.5;-0.5;2.577305;1;Adaptation;15;1;;;;;
12.56;0;-0.125;3.092949;1;Adaptation;15;1;;;;;
12.58;-0.5;-0.5;2.522224;1;Adaptation;15;1;;;;;
12.6;-0.5;-0.5;4.018334;1;Adaptation;15;1;;;;;
12.62;-0.5;-0.5;2.178682;1;Adaptation;15;1;;;;;
12.64;-0.5;-0.5;3.66036;1;Adaptation;15;1;;;;;
12.66;0;-0.125;5.703903;1;Adaptation;15;1;;;;;
12.68;-0.5;-0.5;3.189695;1;Adaptation;15;1;;;;;
12.7;-0.5;-0.5;3.622848;1;Adaptation;15;1;;;;;
12.72;-0.5;-0.5;5.952874;1;Adaptation;15;1;;;;;
12.74;-0.5;-0.5;5.983928;1;Adaptation;15;1;;;;;
12.76;-0.5;-0.5;4.672838;1;Adaptation;15;1;;;;;
12.78;-0.5;-0.5;4.470546;1;Adaptation;15;1;;;;;
12.8;-0.5;-0.5;3.322973;1;Adaptation;15;1;;;;;
12.82;-0.5;-0.5;5.411885;1;Adaptation;15;1;;;;;
12.84;-2;0.125;3.544163;1;Adaptation;15;1;;;;;
12.86;-0.5;-0.5;5.290228;1;Adaptation;15;1;;;;;
12.88;-0.5;-0.5;4.957506;1;Adaptation;15;1;;;;;
12.9;-0.5;-0.5;3.710822;1;Adaptation;15;1;;;;;
12.92;-0.5;-0.5;2.842968;1;Adaptation;15;1;;;;;
12.94;0;-0.125;5.11599;1;Adaptation;15;1;;;;;
12.96;-0.5;-0.5;5.478944;1;Adaptation;15;1;;;;;
12.98;-0.5;-0.5;3.43505;1;Adaptation;15;1;;;;;
13;-0.5;-0.5;4.246509;1;Adaptation;15;1;;;;;
13.02;-0.5;-0.5;3.002986;1;Adaptation;15;1;;;;;
13.04;0;0.125;2.076483;1;Adaptation;15;1;;;;;
13.06;-2;0.25;2.370879;1;Adaptation;15;1;;;;;
13.08;-2;0;4.102169;1;Adaptation;15;1;;;;;
13.1;-0.5;-0.5;4.408512;1;Adaptation;15;1;;;;;
13.12;-0.5;-0.5;3.984491;1;Adaptation;15;1;;;;;
13.14;-0.5;-0.5;2.451356;1;Adaptation;15;1;;;;;
13.16;-0.5;-0.5;2.527103;1;Adaptation;15;1;;;;;
13.18;-0.5;-0.5;2.037143;1;Adaptation;15;1;;;;;
13.2;-0.5;-0.5;3.93913;1;Adaptation;15;1;;;;;
13.22;-0.5;-0.5;2.862667;1;Adaptation;15;1;;;;;
13.24;-0.5;-0.5;5.484117;1;Adaptation;15;1;;;;;
13.26;-0.5;-0.5;3.518059;1;Adaptation;15;1;;;;;
13.28;-0.5;-0.5;2.357421;1;Adaptation;15;1;;;;;
13.3;-0.5;-0.5;3.599257;1;Adaptation;15;1;;;;;
13.32;0;0;4.876563;1;Adaptation;15;1;;;;;
13.34;-0.5;-0.5;5.979432;1;Adaptation;15;1;;;;;
13.36;-0.5;-0.5;4.272139;1;Adaptation;15;1;;;;;
13.38;-0.5;-0.5;4.850949;1;Adaptation;15;1;;;;;
13.4;0;0;4.305924;1;Adaptation;15;1;;;;;
13.42;-0.5;-0.5;2.34256;1;Adaptation;15;1;;;;;
13.44;-0.5;-0.5;2.419665;1;Adaptation;15;1;;;;;
13.46;-2;0;2.661672;1;Adaptation;15;1;;;;;
13.48;-0.5;-0.5;3.787422;1;Adaptation;15;1;;;;;
13.5;-0.5;-0.5;4.231611;1;Adaptation;15;1;;;;;
13.52;-0.5;-0.5;5.231199;1;Adaptation;15;1;;;;;
13.54;-0.5;-0.5;2.153543;1;Adaptation;15;1;;;;;
13.56;2;0;4.254313;1;Adaptation;15;1;;;;;
13.58;-0.5;-0.5;3.865658;1;Adaptation;15;1;;;;;
13.6;-0.5;-0.5;4.455254;1;Adaptation;15;1;;;;;
13.62;-0.5;-0.5;5.364016;1;Adaptation;15;1;;;;;
13.64;-0.5;-0.5;3.905847;1;Adaptation;15;1;;;;;
13.66;-0.5;-0.5;3.223777;1;Adaptation;15;1;;;;;
13.68;-0.5;-0.5;3.327625;1;Adaptation;15;1;;;;;
13.7;0;0;5.655747;1;Adaptation;15;1;;;;;
13.72;-0.5;-0.5;3.765716;1;Adaptation;15;1;;;;;
13.74;-0.5;-0.5;2.064986;1;Adaptation;15;1;;;;;
13.76;0;0;5.677304;1;Adaptation;15;1;;;;;
13.78;-0.5;-0.5;2.49722;1;Adaptation;15;1;;;;;
13.8;-0.5;-0.5;4.188384;1;Adaptation;15;1;;;;;
13.82;-0.5;-0.5;4.357802;1;Adaptation;15;1;;;;;
13.84;-0.5;-0.5;2.603056;1;Adaptation;15;1;;;;;
13.86;-0.5;-0.5;5.284431;1;Adaptation;15;1;;;;;
13.88;2;-0.25;3.800695;1;Adaptation;15;1;;;;;
13.9;-0.5;-0.5;3.716326;1;Adaptation;15;1;;;;;
13.92;-0.5;-0.5;3.543397;1;Adaptation;15;1;;;;;
13.94;-2;-0.25;3.512424;1;Adaptation;15;1;;;;;
13.96;-0.5;-0.5;4.891449;1;Adaptation;15;1;;;;;
13.98;-0.5;-0.5;4.627279;1;Adaptation;15;1;;;;;
14;-0.5;-0.5;2.502344;1;Adaptation;15;1;;;;;
14.02;-0.5;-0.5;2.455322;1;Adaptation;15;1;;;;;
14.04;-0.5;-0.5;4.415715;1;Adaptation;15;1;;;;;
14.06;-0.5;-0.5;2.507074;1;Adaptation;15;1;;;;;
14.08;0;0;2.387645;1;Adaptation;15;1;;;;;
14.1;-0.5;-0.5;5.179292;1;Adaptation;15;1;;;;;
14.12;2;-0.125;5.411731;1;Adaptation;15;1;;;;;
14.14;0;-0.125;2.406308;1;Adaptation;15;1;;;;;
14.16;2;-0.125;4.811872;1;Adaptation;15;1;;;;;
14.18;-0.5;-0.5;3.921677;1;Adaptation;15;1;;;;;
14.2;-0.5;-0.5;3.239027;1;Adaptation;15;1;;;;;
14.22;-0.5;-0.5;3.17764;1;Adaptation;15;1;;;;;
14.24;-0.5;-0.5;4.042078;1;Adaptation;15;1;;;;;
14.26;-0.5;-0.5;4.971337;1;Adaptation;15;1;;;;;
14.28;-0.5;-0.5;4.876329;1;Adaptation;15;1;;;;;
14.3;-0.5;-0.5;2.592888;1;Adaptation;15;1;;;;;
14.32;-0.5;-0.5;2.497263;1;Adaptation;15;1;;;;;
14.34;-0.5;-0.5;3.378447;1;Adaptation;15;1;;;;;
14.36;-0.5;-0.5;3.65366;1;Adaptation;15;1;;;;;
14.38;-0.5;-0.5;2.063891;1;Adaptation;15;1;;;;;
14.4;-0.5;-0.5;3.05445;1;Adaptation;15;1;;;;;
14.42;-0.5;-0.5;3.217511;1;Adaptation;15;1;;;;;
14.44;0;0.125;4.209608;1;Adaptation;15;1;;;;;
14.46;-0.5;-0.5;2.494201;1;Adaptation;15;1;;;;;
14.48;-0.5;-0.5;3.98364;1;Adaptation;15;1;;;;;
14.5;-0.5;-0.5;4.97311;1;Adaptation;15;1;;;;;
14.52;-0.5;-0.5;5.27252;1;Adaptation;15;1;;;;;
14.54;-0.5;-0.5;2.617908;1;Adaptation;15;1;;;;;
14.56;-0.5;-0.5;3.871903;1;Adaptation;15;1;;;;;
14.58;-0.5;-0.5;3.03885;1;Adaptation;15;1;;;;;
14.6;-0.5;-0.5;5.485817;1;Adaptation;15;1;;;;;
14.62;0;0.125;2.853405;1;Adaptation;15;1;;;;;
14.64;-0.5;-0.5;3.79818;1;Adaptation;15;1;;;;;
14.66;-0.5;-0.5;4.772515;1;Adaptation;15;1;;;;;
14.68;0;-0.125;5.151116;1;Adaptation;15;1;;;;;
14.7;-0.5;-0.5;3.807056;1;Adaptation;15;1;;;;;
14.72;-0.5;-0.5;2.883184;1;Adaptation;15;1;;;;;
14.74;-0.5;-0.5;5.394878;1;Adaptation;15;1;;;;;
14.76;-0.5;-0.5;3.436282;1;Adaptation;15;1;;;;;
14.78;-0.5;-0.5;3.706922;1;Adaptation;15;1;;;;;
14.8;-0.5;-0.5;4.020844;1;Adaptation;15;1;;;;;
14.82;-0.5;-0.5;3.804454;1;Adaptation;15;1;;;;;
14.84;-2;-0.125;2.730034;1;Adaptation;15;1;;;;;
14.86;-0.5;-0.5;4.248515;1;Adaptation;15;1;;;;;
14.88;-0.5;-0.5;2.73577;1;Adaptation;15;1;;;;;
14.9;0;-0.125;2.286412;1;Adaptation;15;1;;;;;
14.92;0;0;3.722204;1;Adaptation;15;1;;;;;
14.94;-0.5;-0.5;4.99335;1;Adaptation;15;1;;;;;
14.96;-0.5;-0.5;4.31477;1;Adaptation;15;1;;;;;
14.98;-0.5;-0.5;3.589793;1;Adaptation;15;1;;;;;
15;-0.5;-0.5;5.551503;1;Adaptation;15;1;;;;;
15.02;-0.5;-0.5;2.159843;1;Adaptation;15;1;;;;;
15.04;-0.5;-0.5;5.046137;1;Adaptation;15;1;;;;;
15.06;0;-0.25;4.963199;1;Adaptation;15;1;;;;;
15.08;-0.5;-0.5;5.109824;1;Adaptation;15;1;;;;;
15.1;-0.5;-0.5;4.191291;1;Adaptation;15;1;;;;;
15.12;0;-0.125;5.407545;1;Adaptation;15;1;;;;;
15.14;-0.5;-0.5;4.952434;1;Adaptation;15;1;;;;;
15.16;-0.5;-0.5;5.478564;1;Adaptation;15;1;;;;;
15.18;-0.5;-0.5;4.922622;1;Adaptation;15;1;;;;;
15.2;-0.5;-0.5;3.016131;1;Adaptation;15;1;;;;;
15.22;-0.5;-0.5;3.73608;1;Adaptation;15;1;;;;;
15.24;-0.5;-0.5;3.762414;1;Adaptation;15;1;;;;;
15.26;-0.5;-0.5;5.902001;1;Adaptation;15;1;;;;;
15.28;0;0;3.13935;1;Adaptation;15;1;;;;;
15.3;-0.5;-0.5;4.954021;1;Adaptation;15;1;;;;;
15.32;-0.5;-0.5;5.276141;1;Adaptation;15;1;;;;;
15.34;-0.5;-0.5;5.51371;1;Adaptation;15;1;;;;;
15.36;-0.5;-0.5;2.536591;1;Adaptation;15;1;;;;;
15.38;-0.5;-0.5;4.384999;1;Adaptation;15;1;;;;;
15.4;-0.5;-0.5;2.087852;1;Adaptation;15;1;;;;;
15.42;-2;0;5.22326;1;Adaptation;15;1;;;;;
15.44;0;0.25;5.444492;1;Adaptation;15;1;;;;;
15.46;-0.5;-0.5;5.929781;1;Adaptation;15;1;;;;;
15.48;0;-0.125;2.55712;1;Adaptation;15;1;;;;;
15.5;-0.5;-0.5;4.021153;1;Adaptation;15;1;;;;;
15.52;-0.5;-0.5;3.196854;1;Adaptation;15;1;;;;;
15.54;-0.5;-0.5;4.881202;1;Adaptation;15;1;;;;;
15.56;-0.5;-0.5;4.991696;1;Adaptation;15;1;;;;;
15.58;-0.5;-0.5;4.290062;1;Adaptation;15;1;;;;;
15.6;-0.5;-0.5;5.06916;1;Adaptation;15;1;;;;;
15.62;-0.5;-0.5;4.142303;1;Adaptation;15;1;;;;;
15.64;-0.5;-0.5;5.63811;1;Adaptation;15;1;;;;;
15.66;-0.5;-0.5;5.963264;1;Adaptation;15;1;;;;;
15.68;-0.5;-0.5;4.863462;1;Adaptation;15;1;;;;;
15.7;-0.5;-0.5;2.441045;1;Adaptation;15;1;;;;;
15.72;-0.5;-0.5;4.99643;1;Adaptation;15;1;;;;;
15.74;-0.5;-0.5;2.252848;1;Adaptation;15;1;;;;;
15.76;-2;0;5.871357;1;Adaptation;15;1;;;;;
15.78;2;0.125;4.445993;1;Adaptation;15;1;;;;;
15.8;-0.5;-0.5;4.88258;1;Adaptation;15;1;;;;;
15.82;-0.5;-0.5;2.297853;1;Adaptation;15;1;;;;;
15.84;0;0;4.953032;1;Adaptation;15;1;;;;;
15.86;0;0.125;4.139122;1;Adaptation;15;1;;;;;
15.88;0;-0.125;5.483169;1;Adaptation;15;1;;;;;
15.9;-0.5;-0.5;4.993359;1;Adaptation;15;1;;;;;
15.92;-0.5;-0.5;5.0061;1;Adaptation;15;1;;;;;
15.94;0;0;3.914205;1;Adaptation;15;1;;;;;
15.96;-0.5;-0.5;3.544351;1;Adaptation;15;1;;;;;
15.98;-0.5;-0.5;2.963027;1;Adaptation;15;1;;;;;
16;-0.5;-0.5;4.37436;1;Adaptation;15;1;;;;;
16.02;-0.5;-0.5;2.16915;1;Adaptation;15;1;;;;;
16.04;2;0.125;2.40515;1;Adaptation;15;1;;;;;
16.06;-0.5;-0.5;3.969448;1;Adaptation;15;1;;;;;
16.08;-0.5;-0.5;4.646048;1;Adaptation;15;1;;;;;
16.1;-0.5;-0.5;4.82307;1;Adaptation;15;1;;;;;
16.12;-0.5;-0.5;5.488819;1;Adaptation;15;1;;;;;
16.14;-0.5;-0.5;3.282076;1;Adaptation;15;1;;;;;
16.16;-0.5;-0.5;5.946788;1;Adaptation;15;1;;;;;
16.18;2;0.125;4.564454;1;Adaptation;15;1;;;;;
16.2;-0.5;-0.5;5.573346;1;Adaptation;15;1;;;;;
16.22;-0.5;-0.5;3.790452;1;Adaptation;15;1;;;;;
16.24;0;0.25;3.989615;1;Adaptation;15;1;;;;;
16.26;-0.5;-0.5;2.963825;1;Adaptation;15;1;;;;;
16.28;2;0.125;4.374653;1;Adaptation;15;1;;;;;
16.3;-0.5;-0.5;5.69854;1;Adaptation;15;1;;;;;
16.32;-0.5;-0.5;5.48774;1;Adaptation;15;1;;;;;
16.34;-0.5;-0.5;2.643261;1;Adaptation;15;1;;;;;
16.36;0;0;4.688759;1;Adaptation;15;1;;;;;
16.38;-0.5;-0.5;2.406923;1;Adaptation;15;1;;;;;
16.4;-0.5;-0.5;4.264917;1;Adaptation;15;1;;;;;
16.42;-0.5;-0.5;2.09549;1;Adaptation;15;1;;;;;
16.44;-0.5;-0.5;3.465191;1;Adaptation;15;1;;;;;
16.46;0;0;2.746345;1;Adaptation;15;1;;;;;
16.48;-0.5;-0.5;2.221951;1;Adaptation;15;1;;;;;
16.5;0;0;3.850767;1;Adaptation;15;1;;;;;
16.52;0;0.25;5.03371;1;Adaptation;15;1;;;;;
16.54;-2;0.125;5.409447;1;Adaptation;15;1;;;;;
16.56;-0.5;-0.5;5.139953;1;Adaptation;15;1;;;;;
16.58;-2;0;4.907908;1;Adaptation;15;1;;;;;
16.6;-0.5;-0.5;5.673654;1;Adaptation;15;1;;;;;
16.62;0;0;3.850702;1;Adaptation;15;1;;;;;
16.64;-2;0;5.000628;1;Adaptation;15;1;;;;;
16.66;2;0.125;2.463267;1;Adaptation;15;1;;;;;
16.68;-0.5;-0.5;5.887288;1;Adaptation;15;1;;;;;
16.7;-0.5;-0.5;5.9838;1;Adaptation;15;1;;;;;
16.72;-0.5;-0.5;4.992496;1;Adaptation;15;1;;;;;
16.74;-0.5;-0.5;4.615796;1;Adaptation;15;1;;;;;
16.76;-0.5;-0.5;2.866683;1;Adaptation;15;1;;;;;
16.78;-0.5;-0.5;3.427251;1;Adaptation;15;1;;;;;
16.8;-0.5;-0.5;5.839168;1;Adaptation;15;1;;;;;
16.82;-0.5;-0.5;2.019122;1;Adaptation;15;1;;;;;
16.84;-0.5;-0.5;2.50995;1;Adaptation;15;1;;;;;
16.86;-0.5;-0.5;2.11825;1;Adaptation;15;1;;;;;
16.88;-0.5;-0.5;4.440579;1;Adaptation;15;1;;;;;
16.9;-0.5;-0.5;4.610792;1;Adaptation;15;1;;;;;
16.92;-0.5;-0.5;3.582449;1;Adaptation;15;1;;;;;
16.94;0;0.125;2.992396;1;Adaptation;15;1;;;;;
16.96;-0.5;-0.5;4.072592;1;Adaptation;15;1;;;;;
16.98;0;0;2.319745;1;Adaptation;15;1;;;;;
17;-0.5;-0.5;2.023725;1;Adaptation;15;1;;;;;
17.02;0;0.125;2.917653;1;Adaptation;15;1;;;;;
17.04;2;-0.125;2.305628;1;Adaptation;15;1;;;;;
17.06;-0.5;-0.5;2.28968;1;Adaptation;15;1;;;;;
17.08;-2;0.25;4.130308;1;Adaptation;15;1;;;;;
17.1;-0.5;-0.5;4.80436;1;Adaptation;15;1;;;;;
17.12;-0.5;-0.5;5.345599;1;Adaptation;15;1;;;;;
17.14;0;0;2.600987;1;Adaptation;15;1;;;;;
17.16;-0.5;-0.5;4.902134;1;Adaptation;15;1;;;;;
17.18;-0.5;-0.5;3.448033;1;Adaptation;15;1;;;;;
17.2;-0.5;-0.5;2.91695;1;Adaptation;15;1;;;;;
17.22;2;-0.125;3.70641;1;Adaptation;15;1;;;;;
17.24;-0.5;-0.5;4.373969;1;Adaptation;15;1;;;;;
17.26;-0.5;-0.5;3.052656;1;Adaptation;15;1;;;;;
17.28;-0.5;-0.5;2.164082;1;Adaptation;15;1;;;;;
17.3;2;0;3.99176;1;Adaptation;15;1;;;;;
17.32;-0.5;-0.5;4.840363;1;Adaptation;15;1;;;;;
17.34;-0.5;-0.5;3.31204;1;Adaptation;15;1;;;;;
17.36;-0.5;-0.5;2.543739;1;Adaptation;15;1;;;;;
17.38;-0.5;-0.5;2.700181;1;Adaptation;15;1;;;;;
17.4;2;0.125;4.099226;1;Adaptation;15;1;;;;;
17.42;-0.5;-0.5;2.613955;1;Adaptation;15;1;;;;;
17.44;-0.5;-0.5;2.202377;1;Adaptation;15;1;;;;;
17.46;-0.5;-0.5;4.059271;1;Adaptation;15;1;;;;;
17.48;-0.5;-0.5;4.440949;1;Adaptation;15;1;;;;;
17.5;-0.5;-0.5;5.662559;1;Adaptation;15;1;;;;;
17.52;2;-0.125;4.559376;1;Adaptation;15;1;;;;;
17.54;-0.5;-0.5;4.324152;1;Adaptation;15;1;;;;;
17.56;-0.5;-0.5;2.659917;1;Adaptation;15;1;;;;;
17.58;-0.5;-0.5;2.039013;1;Adaptation;15;1;;;;;
17.6;-0.5;-0.5;4.140123;1;Adaptation;15;1;;;;;
17.62;-0.5;-0.5;3.965735;1;Adaptation;15;1;;;;;
17.64;-0.5;-0.5;2.466373;1;Adaptation;15;1;;;;;
17.66;-0.5;-0.5;2.079673;1;Adaptation;15;1;;;;;
17.68;-0.5;-0.5;2.705891;1;Adaptation;15;1;;;;;
17.7;-0.5;-0.5;4.579435;1;Adaptation;15;1;;;;;
17.72;-0.5;-0.5;3.059642;1;Adaptation;15;1;;;;;
17.74;-0.5;-0.5;4.976678;1;Adaptation;15;1;;;;;
17.76;-0.5;-0.5;4.72994;1;Adaptation;15;1;;;;;
17.78;-0.5;-0.5;2.259311;1;Adaptation;15;1;;;;;
17.8;-0.5;-0.5;5.706473;1;Adaptation;15;1;;;;;
17.82;-0.5;-0.5;4.68882;1;Adaptation;15;1;;;;;
17.84;-0.5;-0.5;2.182932;1;Adaptation;15;1;;;;;
17.86;0;-0.375;5.72353;1;Adaptation;15;1;;;;;
17.88;-0.5;-0.5;3.620137;1;Adaptation;15;1;;;;;
17.9;-0.5;-0.5;3.238467;1;Adaptation;15;1;;;;;
17.92;-0.5;-0.5;3.064813;1;Adaptation;15;1;;;;;
17.94;-2;-0.125;4.00366;1;Adaptation;15;1;;;;;
17.96;-0.5;-0.5;3.173247;1;Adaptation;15;1;;;;;
17.98;-0.5;-0.5;5.208245;1;Adaptation;15;1;;;;;
18;-0.5;-0.5;3.582875;1;Adaptation;15;1;;;;;
18.02;-0.5;-0.5;5.163712;1;Adaptation;15;1;;;;;
18.04;-0.5;-0.5;2.127136;1;Adaptation;15;1;;;;;
18.06;-0.5;-0.5;2.78952;1;Adaptation;15;1;;;;;
18.08;-0.5;-0.5;4.812047;1;Adaptation;15;1;;;;;
18.1;-0.5;-0.5;4.506005;1;Adaptation;15;1;;;;;
18.12;2;0.125;2.304364;1;Adaptation;15;1;;;;;
18.14;-0.5;-0.5;5.806233;1;Adaptation;15;1;;;;;
18.16;-0.5;-0.5;3.059765;1;Adaptation;15;1;;;;;
18.18;-0.5;-0.5;5.023788;1;Adaptation;15;1;;;;;
18.2;-0.5;-0.5;3.110655;1;Adaptation;15;1;;;;;
18.22;-0.5;-0.5;4.369561;1;Adaptation;15;1;;;;;
18.24;-0.5;-0.5;3.677171;1;Adaptation;15;1;;;;;
18.26;-0.5;-0.5;2.94441;1;Adaptation;15;1;;;;;
18.28;-0.5;-0.5;4.42623;1;Adaptation;15;1;;;;;
18.3;-0.5;-0.5;2.463844;1;Adaptation;15;1;;;;;
18.32;0;-0.125;2.898402;1;Adaptation;15;1;;;;;
18.34;-0.5;-0.5;3.6181;1;Adaptation;15;1;;;;;
18.36;-0.5;-0.5;3.114875;1;Adaptation;15;1;;;;;
18.38;-0.5;-0.5;4.758198;1;Adaptation;15;1;;;;;
18.4;-0.5;-0.5;2.059144;1;Adaptation;15;1;;;;;
18.42;-0.5;-0.5;2.929749;1;Adaptation;15;1;;;;;
18.44;-0.5;-0.5;4.111239;1;Adaptation;15;1;;;;;
18.46;-0.5;-0.5;3.870043;1;Adaptation;15;1;;;;;
18.48;2;0;5.406267;1;Adaptation;15;1;;;;;
18.5;0;-0.125;3.529458;1;Adaptation;15;1;;;;;
18.52;0;0;5.936865;1;Adaptation;15;1;;;;;
18.54;-0.5;-0.5;2.417682;1;Adaptation;15;1;;;;;
18.56;-0.5;-0.5;3.803241;1;Adaptation;15;1;;;;;
18.58;-0.5;-0.5;3.069914;1;Adaptation;15;1;;;;;
18.6;-0.5;-0.5;4.335212;1;Adaptation;15;1;;;;;
18.62;-0.5;-0.5;5.640315;1;Adaptation;15;1;;;;;
18.64;-0.5;-0.5;3.279719;1;Adaptation;15;1;;;;;
18.66;-0.5;-0.5;3.275787;1;Adaptation;15;1;;;;;
18.68;-0.5;-0.5;4.083768;1;Adaptation;15;1;;;;;
18.7;-0.5;-0.5;2.242118;1;Adaptation;15;1;;;;;
18.72;-0.5;-0.5;4.013785;1;Adaptation;15;1;;;;;
18.74;-0.5;-0.5;3.355615;1;Adaptation;15;1;;;;;
18.76;-0.5;-0.5;3.651889;1;Adaptation;15;1;;;;;
18.78;-0.5;-0.5;5.063092;1;Adaptation;15;1;;;;;
18.8;-0.5;-0.5;4.961164;1;Adaptation;15;1;;;;;
18.82;-0.5;-0.5;4.214884;1;Adaptation;15;1;;;;;
18.84;-0.5;-0.5;2.674056;1;Adaptation;15;1;;;;;
18.86;-0.5;-0.5;2.346245;1;Adaptation;15;1;;;;;
18.88;-0.5;-0.5;5.003887;1;Adaptation;15;1;;;;;
18.9;-0.5;-0.5;5.958569;1;Adaptation;15;1;;;;;
18.92;-0.5;-0.5;2.218553;1;Adaptation;15;1;;;;;
18.94;-0.5;-0.5;4.538009;1;Adaptation;15;1;;;;;
18.96;-0.5;-0.5;2.587838;1;Adaptation;15;1;;;;;
18.98;-0.5;-0.5;3.621664;1;Adaptation;15;1;;;;;
19;-0.5;-0.5;2.84668;1;Adaptation;15;1;;;;;
19.02;-0.5;-0.5;5.343499;1;Adaptation;15;1;;;;;
19.04;-0.5;-0.5;2.597948;1;Adaptation;15;1;;;;;
19.06;-0.5;-0.5;2.931247;1;Adaptation;15;1;;;;;
19.08;2;0;5.549233;1;Adaptation;15;1;;;;;
19.1;-0.5;-0.5;2.513187;1;Adaptation;15;1;;;;;
19.12;0;-0.125;3.972945;1;Adaptation;15;1;;;;;
19.14;-0.5;-0.5;2.763511;1;Adaptation;15;1;;;;;
19.16;-0.5;-0.5;2.005603;1;Adaptation;15;1;;;;;
19.18;-0.5;-0.5;2.479379;1;Adaptation;15;1;;;;;
19.2;-0.5;-0.5;4.388745;1;Adaptation;15;1;;;;;
19.22;-2;0;5.876652;1;Adaptation;15;1;;;;;
19.24;0;0.125;5.45987;1;Adaptation;15;1;;;;;
19.26;-0.5;-0.5;4.143301;1;Adaptation;15;1;;;;;
19.28;-0.5;-0.5;2.586338;1;Adaptation;15;1;;;;;
19.3;-0.5;-0.5;2.216185;1;Adaptation;15;1;;;;;
19.32;-0.5;-0.5;5.872082;1;Adaptation;15;1;;;;;
19.34;-0.5;-0.5;2.086819;1;Adaptation;15;1;;;;;
19.36;-0.5;-0.5;3.841032;1;Adaptation;15;1;;;;;
19.38;0;0;5.886182;1;Adaptation;15;1;;;;;
19.4;-0.5;-0.5;3.173505;1;Adaptation;15;1;;;;;
19.42;-0.5;-0.5;5.421152;1;Adaptation;15;1;;;;;
19.44;-0.5;-0.5;4.562851;1;Adaptation;15;1;;;;;
19.46;-0.5;-0.5;5.977964;1;Adaptation;15;1;;;;;
19.48;-0.5;-0.5;2.502404;1;Adaptation;15;1;;;;;
19.5;-0.5;-0.5;3.376028;1;Adaptation;15;1;;;;;
19.52;-0.5;-0.5;3.395943;1;Adaptation;15;1;;;;;
19.54;-0.5;-0.5;3.788204;1;Adaptation;15;1;;;;;
19.56;-0.5;-0.5;5.35425;1;Adaptation;15;1;;;;;
19.58;-0.5;-0.5;4.475362;1;Adaptation;15;1;;;;;
19.6;-0.5;-0.5;3.80514;1;Adaptation;15;1;;;;;
19.62;-0.5;-0.5;3.672737;1;Adaptation;15;1;;;;;
19.64;-0.5;-0.5;2.78834;1;Adaptation;15;1;;;;;
19.66;-0.5;-0.5;4.817959;1;Adaptation;15;1;;;;;
19.68;-0.5;-0.5;2.533803;1;Adaptation;15;1;;;;;
19.7;-0.5;-0.5;4.951199;1;Adaptation;15;1;;;;;
19.72;0;0.25;4.335634;1;Adaptation;15;1;;;;;
19.74;-0.5;-0.5;5.011258;1;Adaptation;15;1;;;;;
19.76;0;0.125;4.916892;1;Adaptation;15;1;;;;;
19.78;-0.5;-0.5;2.7335;1;Adaptation;15;1;;;;;
19.8;0;0.125;2.634924;1;Adaptation;15;1;;;;;
19.82;-0.5;-0.5;2.432376;1;Adaptation;15;1;;;;;
19.84;-0.5;-0.5;5.895548;1;Adaptation;15;1;;;;;
19.86;-0.5;-0.5;4.435853;1;Adaptation;15;1;;;;;
19.88;-0.5;-0.5;4.073571;1;Adaptation;15;1;;;;;
19.9;-0.5;-0.5;4.951042;1;Adaptation;15;1;;;;;
19.92;2;-0.125;2.57136;1;Adaptation;15;1;;;;;
19.94;-0.5;-0.5;5.616151;1;Adaptation;15;1;;;;;
19.96;-0.5;-0.5;4.31182;1;Adaptation;15;1;;;;;
19.98;-0.5;-0.5;2.55585;1;Adaptation;15;1;;;;;
20;0;0;3.651039;1;Adaptation;15;1;;;;;
20.02;-0.5;-0.5;5.303571;1;Adaptation;15;1;;;;;
20.04;0;0;4.821738;1;Adaptation;15;1;;;;;
20.06;-0.5;-0.5;5.442984;1;Adaptation;15;1;;;;;
20.08;0;0;2.064429;1;Adaptation;15;1;;;;;
20.1;0;0.25;5.148676;1;Adaptation;15;1;;;;;
20.12;-0.5;-0.5;2.546236;1;Adaptation;15;1;;;;;
20.14;-0.5;-0.5;4.094642;1;Adaptation;15;1;;;;;
20.16;-0.5;-0.5;2.10254;1;Adaptation;15;1;;;;;
20.18;-0.5;-0.5;3.221238;1;Adaptation;15;1;;;;;
20.2;0;-0.25;4.955217;1;Adaptation;15;1;;;;;
20.22;0;0.125;2.619967;1;Adaptation;15;1;;;;;
20.24;-0.5;-0.5;3.824769;1;Adaptation;15;1;;;;;
20.26;-2;0.125;2.721809;1;Adaptation;15;1;;;;;
20.28;-0.5;-0.5;4.323536;1;Adaptation;15;1;;;;;
20.3;-0.5;-0.5;5.628458;1;Adaptation;15;1;;;;;
20.32;-0.5;-0.5;5.122392;1;Adaptation;15;1;;;;;
20.34;-0.5;-0.5;4.545103;1;Adaptation;15;1;;;;;
20.36;-0.5;-0.5;3.528522;1;Adaptation;15;1;;;;;
20.38;-0.5;-0.5;5.904634;1;Adaptation;15;1;;;;;
20.4;-0.5;-0.5;5.28477;1;Adaptation;15;1;;;;;
20.42;-0.5;-0.5;4.923189;1;Adaptation;15;1;;;;;
20.44;-0.5;-0.5;3.987419;1;Adaptation;15;1;;;;;
20.46;-0.5;-0.5;3.143916;1;Adaptation;15;1;;;;;
20.48;-0.5;-0.5;5.645037;1;Adaptation;15;1;;;;;
20.5;-0.5;-0.5;3.347764;1;Adaptation;15;1;;;;;
20.52;-0.5;-0.5;3.954551;1;Adaptation;15;1;;;;;
20.54;-0.5;-0.5;4.077164;1;Adaptation;15;1;;;;;
20.56;-0.5;-0.5;5.330354;1;Adaptation;15;1;;;;;
20.58;-0.5;-0.5;3.842806;1;Adaptation;15;1;;;;;
20.6;-0.5;-0.5;2.958903;1;Adaptation;15;1;;;;;
20.62;0;0.25;2.541636;1;Adaptation;15;1;;;;;
20.64;2;0;4.184699;1;Adaptation;15;1;;;;;
20.66;-0.5;-0.5;2.613022;1;Adaptation;15;1;;;;;
20.68;-0.5;-0.5;5.009895;1;Adaptation;15;1;;;;;
20.7;-0.5;-0.5;5.336137;1;Adaptation;15;1;;;;;
20.72;-0.5;-0.5;3.36875;1;Adaptation;15;1;;;;;
20.74;-0.5;-0.5;4.114523;1;Adaptation;15;1;;;;;
20.76;-0.5;-0.5;4.112952;1;Adaptation;15;1;;;;;
20.78;-2;-0.25;3.82159;1;Adaptation;15;1;;;;;
20.8;-0.5;-0.5;4.440814;1;Adaptation;15;1;;;;;
20.82;-0.5;-0.5;4.844734;1;Adaptation;15;1;;;;;
20.84;-0.5;-0.5;3.807257;1;Adaptation;15;1;;;;;
20.86;-2;0;4.998276;1;Adaptation;15;1;;;;;
20.88;0;0.125;4.888538;1;Adaptation;15;1;;;;;
20.9;-0.5;-0.5;3.646075;1;Adaptation;15;1;;;;;
20.92;-0.5;-0.5;2.050817;1;Adaptation;15;1;;;;;
20.94;-0.5;-0.5;4.484776;1;Adaptation;15;1;;;;;
20.96;0;0;4.147059;1;Adaptation;15;1;;;;;
20.98;-0.5;-0.5;4.436513;1;Adaptation;15;1;;;;;
21;-0.5;-0.5;2.417311;1;Adaptation;15;1;;;;;
21.02;-2;0.125;5.750299;1;Adaptation;15;1;;;;;
21.04;-0.5;-0.5;5.874991;1;Adaptation;15;1;;;;;
21.06;2;0;5.806411;1;Adaptation;15;1;;;;;
21.08;-0.5;-0.5;2.828592;1;Adaptation;15;1;;;;;
21.1;-2;0;4.176153;1;Adaptation;15;1;;;;;
21.12;0;0;4.919297;1;Adaptation;15;1;;;;;
21.14;-0.5;-0.5;2.648367;1;Adaptation;15;1;;;;;
21.16;-0.5;-0.5;3.798162;1;Adaptation;15;1;;;;;
21.18;-0.5;-0.5;5.027254;1;Adaptation;15;1;;;;;
21.2;-0.5;-0.5;4.904673;1;Adaptation;15;1;;;;;
21.22;2;0.125;5.605119;1;Adaptation;15;1;;;;;
21.24;-0.5;-0.5;3.7721;1;Adaptation;15;1;;;;;
21.26;-0.5;-0.5;5.599736;1;Adaptation;15;1;;;;;
21.28;0;0;3.821215;1;Adaptation;15;1;;;;;
21.3;-0.5;-0.5;2.312167;1;Adaptation;15;1;;;;;
21.32;-0.5;-0.5;5.902425;1;Adaptation;15;1;;;;;
21.34;-0.5;-0.5;5.858245;1;Adaptation;15;1;;;;;
21.36;0;0;4.686221;1;Adaptation;15;1;;;;;
21.38;-0.5;-0.5;4.563565;1;Adaptation;15;1;;;;;
21.4;-0.5;-0.5;3.570809;1;Adaptation;15;1;;;;;
21.42;-0.5;-0.5;4.307282;1;Adaptation;15;1;;;;;
21.44;0;0;2.145447;1;Adaptation;15;1;;;;;
21.46;-0.5;-0.5;4.958169;1;Adaptation;15;1;;;;;
21.48;-0.5;-0.5;3.642168;1;Adaptation;15;1;;;;;
21.5;-0.5;-0.5;2.532572;1;Adaptation;15;1;;;;;
21.52;-0.5;-0.5;2.355467;1;Adaptation;15;1;;;;;
21.54;-0.5;-0.5;5.957891;1;Adaptation;15;1;;;;;
21.56;-0.5;-0.5;3.380451;1;Adaptation;15;1;;;;;
21.58;-0.5;-0.5;2.53601;1;Adaptation;15;1;;;;;
21.6;-0.5;-0.5;2.181213;1;Adaptation;15;1;;;;;
21.62;-0.5;-0.5;5.858475;1;Adaptation;15;1;;;;;
21.64;-0.5;-0.5;2.53537;1;Adaptation;15;1;;;;;
21.66;-0.5;-0.5;5.38168;1;Adaptation;15;1;;;;;
21.68;-0.5;-0.5;3.692057;1;Adaptation;15;1;;;;;
21.7;-0.5;-0.5;3.848647;1;Adaptation;15;1;;;;;
21.72;-0.5;-0.5;2.367397;1;Adaptation;15;1;;;;;
21.74;0;-0.125;4.35635;1;Adaptation;15;1;;;;;
21.76;-0.5;-0.5;3.63842;1;Adaptation;15;1;;;;;
21.78;-0.5;-0.5;3.079183;1;Adaptation;15;1;;;;;
21.8;0;0;5.937929;1;Adaptation;15;1;;;;;
21.82;-0.5;-0.5;5.734859;1;Adaptation;15;1;;;;;
21.84;0;-0.125;3.40404;1;Adaptation;15;1;;;;;
21.86;-0.5;-0.5;3.518289;1;Adaptation;15;1;;;;;
21.88;-0.5;-0.5;4.660686;1;Adaptation;15;1;;;;;
21.9;2;0.125;3.813818;1;Adaptation;15;1;;;;;
21.92;-0.5;-0.5;5.307325;1;Adaptation;15;1;;;;;
21.94;0;0.25;5.725262;1;Adaptation;15;1;;;;;
21.96;0;0;2.190355;1;Adaptation;15;1;;;;;
21.98;0;0.125;5.29829;1;Adaptation;15;1;;;;;
22;-0.5;-0.5;4.066653;1;Adaptation;15;1;;;;;
22.02;-0.5;-0.5;3.306578;1;Adaptation;15;1;;;;;
22.04;-0.5;-0.5;5.401009;1;Adaptation;15;1;;;;;
22.06;0;0;5.09484;1;Adaptation;15;1;;;;;
22.08;-0.5;-0.5;5.761705;1;Adaptation;15;1;;;;;
22.1;-0.5;-0.5;5.400586;1;Adaptation;15;1;;;;;
22.12;-0.5;-0.5;2.890674;1;Adaptation;15;1;;;;;
22.14;-0.5;-0.5;2.12169;1;Adaptation;15;1;;;;;
22.16;-2;0;5.310082;1;Adaptation;15;1;;;;;
22.18;0;0.25;5.094939;1;Adaptation;15;1;;;;;
22.2;-0.5;-0.5;4.108961;1;Adaptation;15;1;;;;;
22.22;0;-0.125;5.281181;1;Adaptation;15;1;;;;;
22.24;0;0.125;2.142936;1;Adaptation;15;1;;;;;
22.26;-0.5;-0.5;2.360922;1;Adaptation;15;1;;;;;
22.28;-0.5;-0.5;2.877656;1;Adaptation;15;1;;;;;
22.3;-0.5;-0.5;4.550512;1;Adaptation;15;1;;;;;
22.32;-0.5;-0.5;5.438158;1;Adaptation;15;1;;;;;
22.34;-0.5;-0.5;2.718412;1;Adaptation;15;1;;;;;
22.36;-0.5;-0.5;2.933989;1;Adaptation;15;1;;;;;
22.38;-0.5;-0.5;5.804188;1;Adaptation;15;1;;;;;
22.4;-0.5;-0.5;4.08533;1;Adaptation;15;1;;;;;
22.42;-0.5;-0.5;5.328556;1;Adaptation;15;1;;;;;
22.44;-0.5;-0.5;4.876191;1;Adaptation;15;1;;;;;
22.46;-0.5;-0.5;5.99377;1;Adaptation;15;1;;;;;
22.48;-0.5;-0.5;5.181048;1;Adaptation;15;1;;;;;
22.5;-0.5;-0.5;4.753984;1;Adaptation;15;1;;;;;
22.52;-0.5;-0.5;5.297171;1;Adaptation;15;1;;;;;
22.54;-0.5;-0.5;3.427297;1;Adaptation;15;1;;;;;
22.56;-0.5;-0.5;3.404819;1;Adaptation;15;1;;;;;
22.58;-0.5;-0.5;2.498496;1;Adaptation;15;1;;;;;
22.6;-2;0.125;4.055501;1;Adaptation;15;1;;;;;
22.62;-0.5;-0.5;5.508472;1;Adaptation;15;1;;;;;
22.64;-0.5;-0.5;4.59101;1;Adaptation;15;1;;;;;
22.66;-0.5;-0.5;3.409425;1;Adaptation;15;1;;;;;
22.68;-0.5;-0.5;3.680753;1;Adaptation;15;1;;;;;
22.7;-0.5;-0.5;4.706314;1;Adaptation;15;1;;;;;
22.72;-0.5;-0.5;5.002179;1;Adaptation;15;1;;;;;
22.74;-2;-0.125;4.778193;1;Adaptation;15;1;;;;;
22.76;-0.5;-0.5;4.92909;1;Adaptation;15;1;;;;;
22.78;-0.5;-0.5;2.673981;1;Adaptation;15;1;;;;;
22.8;-0.5;-0.5;5.496258;1;Adaptation;15;1;;;;;
22.82;0;-0.375;3.176957;1;Adaptation;15;1;;;;;
22.84;-0.5;-0.5;4.442401;1;Adaptation;15;1;;;;;
22.86;-0.5;-0.5;2.658708;1;Adaptation;15;1;;;;;
22.88;-0.5;-0.5;5.949746;1;Adaptation;15;1;;;;;
22.9;-2;0.125;5.39317;1;Adaptation;15;1;;;;;
22.92;-0.5;-0.5;5.709462;1;Adaptation;15;1;;;;;
22.94;-0.5;-0.5;2.886271;1;Adaptation;15;1;;;;;
22.96;-0.5;-0.5;4.197416;1;Adaptation;15;1;;;;;
22.98;-0.5;-0.5;4.367029;1;Adaptation;15;1;;;;;
23;0;0;4.57115;1;Adaptation;15;1;;;;;
23.02;-0.5;-0.5;5.107716;1;Adaptation;15;1;;;;;
23.04;-0.5;-0.5;5.105895;1;Adaptation;15;1;;;;;
23.06;-0.5;-0.5;2.816784;1;Adaptation;15;1;;;;;
23.08;-0.5;-0.5;3.07046;1;Adaptation;15;1;;;;;
23.1;2;-0.125;5.729145;1;Adaptation;15;1;;;;;
23.12;-0.5;-0.5;3.822961;1;Adaptation;15;1;;;;;
23.14;-0.5;-0.5;4.293834;1;Adaptation;15;1;;;;;
23.16;-0.5;-0.5;3.773796;1;Adaptation;15;1;;;;;
23.18;-0.5;-0.5;3.678295;1;Adaptation;15;1;;;;;
23.2;2;-0.125;2.399551;1;Adaptation;15;1;;;;;
23.22;-0.5;-0.5;2.753417;1;Adaptation;15;1;;;;;
23.24;2;0;4.160488;1;Adaptation;15;1;;;;;
23.26;-0.5;-0.5;2.231703;1;Adaptation;15;1;;;;;
23.28;-0.5;-0.5;5.659173;1;Adaptation;15;1;;;;;
23.3;-0.5;-0.5;2.72349;1;Adaptation;15;1;;;;;
23.32;0;-0.125;5.303555;1;Adaptation;15;1;;;;;
23.34;-0.5;-0.5;3.498088;1;Adaptation;15;1;;;;;
23.36;-0.5;-0.5;5.956118;1;Adaptation;15;1;;;;;
23.38;0;0.125;4.356421;1;Adaptation;15;1;;;;;
23.4;2;0.25;4.351381;1;Adaptation;15;1;;;;;
23.42;-0.5;-0.5;3.019032;1;Adaptation;15;1;;;;;
23.44;-0.5;-0.5;3.43322;1;Adaptation;15;1;;;;;
23.46;-0.5;-0.5;3.318512;1;Adaptation;15;1;;;;;
23.48;0;0;5.050183;1;Adaptation;15;1;;;;;
23.5;-0.5;-0.5;3.800267;1;Adaptation;15;1;;;;;
23.52;0;0;5.899499;1;Adaptation;15;1;;;;;
23.54;-0.5;-0.5;4.747442;1;Adaptation;15;1;;;;;
23.56;-0.5;-0.5;3.596369;1;Adaptation;15;1;;;;;
23.58;-0.5;-0.5;4.460975;1;Adaptation;15;1;;;;;
23.6;-0.5;-0.5;2.082626;1;Adaptation;15;1;;;;;
23.62;2;-0.125;5.501122;1;Adaptation;15;1;;;;;
23.64;-0.5;-0.5;2.01138;1;Adaptation;15;1;;;;;
23.66;-0.5;-0.5;4.617906;1;Adaptation;15;1;;;;;
23.68;-0.5;-0.5;3.995206;1;Adaptation;15;1;;;;;
23.7;0;-0.125;5.928915;1;Adaptation;15;1;;;;;
23.72;-0.5;-0.5;4.289722;1;Adaptation;15;1;;;;;
23.74;0;0.125;3.69279;1;Adaptation;15;1;;;;;
23.76;-2;-0.125;2.287728;1;Adaptation;15;1;;;;;
23.78;-0.5;-0.5;2.762269;1;Adaptation;15;1;;;;;
23.8;-0.5;-0.5;4.49123;1;Adaptation;15;1;;;;;
23.82;-0.5;-0.5;3.817429;1;Adaptation;15;1;;;;;
23.84;-0.5;-0.5;3.576366;1;Adaptation;15;1;;;;;
23.86;0;-0.125;2.261664;1;Adaptation;15;1;;;;;
23.88;-0.5;-0.5;2.861181;1;Adaptation;15;1;;;;;
23.9;-0.5;-0.5;4.874166;1;Adaptation;15;1;;;;;
23.92;0;-0.125;5.994409;1;Adaptation;15;1;;;;;
23.94;2;0;3.299627;1;Adaptation;15;1;;;;;
23.96;0;0.125;4.830224;1;Adaptation;15;1;;;;;
23.98;-0.5;-0.5;5.894691;1;Adaptation;15;1;;;;;
24;-0.5;-0.5;2.167417;1;Adaptation;15;1;;;;;
24.02;-0.5;-0.5;4.856579;1;Adaptation;15;1;;;;;
24.04;-0.5;-0.5;4.978821;1;Adaptation;15;1;;;;;
24.06;-0.5;-0.5;3.658427;1;Adaptation;15;1;;;;;
24.08;0;-0.125;2.769318;1;Adaptation;15;1;;;;;
24.1;-0.5;-0.5;5.389984;1;Adaptation;15;1;;;;;
24.12;-4;0;2.737881;1;Adaptation;15;1;;;;;
24.14;-0.5;-0.5;5.431315;1;Adaptation;15;1;;;;;
24.16;-0.5;-0.5;5.530007;1;Adaptation;15;1;;;;;
24.18;0;0;3.619632;1;Adaptation;15;1;;;;;
24.2;-0.5;-0.5;5.347483;1;Adaptation;15;1;;;;;
24.22;-0.5;-0.5;5.509173;1;Adaptation;15;1;;;;;
24.24;-2;0;4.667491;1;Adaptation;15;1;;;;;
24.26;-0.5;-0.5;2.921361;1;Adaptation;15;1;;;;;
24.28;2;0.25;4.041474;1;Adaptation;15;1;;;;;
24.3;-2;-0.125;5.593144;1;Adaptation;15;1;;;;;
24.32;-2;0;4.40221;1;Adaptation;15;1;;;;;
24.34;-0.5;-0.5;3.948781;1;Adaptation;15;1;;;;;
24.36;0;-0.125;5.737454;1;Adaptation;15;1;;;;;
24.38;2;-0.125;5.635208;1;Adaptation;15;1;;;;;
24.4;-0.5;-0.5;3.531885;1;Adaptation;15;1;;;;;
24.42;-0.5;-0.5;5.302954;1;Adaptation;15;1;;;;;
24.44;-0.5;-0.5;4.262034;1;Adaptation;15;1;;;;;
24.46;0;0;4.65205;1;Adaptation;15;1;;;;;
24.48;-0.5;-0.5;3.611998;1;Adaptation;15;1;;;;;
24.5;-0.5;-0.5;4.638785;1;Adaptation;15;1;;;;;
24.52;-0.5;-0.5;3.668052;1;Adaptation;15;1;;;;;
24.54;-0.5;-0.5;5.365519;1;Adaptation;15;1;;;;;
24.56;-0.5;-0.5;2.049565;1;Adaptation;15;1;;;;;
24.58;2;0;5.536937;1;Adaptation;15;1;;;;;
24.6;-0.5;-0.5;4.81757;1;Adaptation;15;1;;;;;
24.62;-0.5;-0.5;3.633081;1;Adaptation;15;1;;;;;
24.64;-0.5;-0.5;2.605757;1;Adaptation;15;1;;;;;
24.66;0;-0.125;5.905033;1;Adaptation;15;1;;;;;
24.68;-0.5;-0.5;2.39156;1;Adaptation;15;1;;;;;
24.7;-0.5;-0.5;5.949201;1;Adaptation;15;1;;;;;
24.72;-0.5;-0.5;3.084329;1;Adaptation;15;1;;;;;
24.74;-0.5;-0.5;4.149145;1;Adaptation;15;1;;;;;
24.76;-2;0.125;4.597114;1;Adaptation;15;1;;;;;
24.78;-0.5;-0.5;4.476601;1;Adaptation;15;1;;;;;
24.8;-0.5;-0.5;3.118814;1;Adaptation;15;1;;;;;
24.82;0;0.125;4.198578;1;Adaptation;15;1;;;;;
24.84;-0.5;-0.5;5.854878;1;Adaptation;15;1;;;;;
24.86;-0.5;-0.5;4.800049;1;Adaptation;15;1;;;;;
24.88;-0.5;-0.5;2.084146;1;Adaptation;15;1;;;;;
24.9;-0.5;-0.5;4.877672;1;Adaptation;15;1;;;;;
24.92;-0.5;-0.5;5.026019;1;Adaptation;15;1;;;;;
24.94;-0.5;-0.5;4.257216;1;Adaptation;15;1;;;;;
24.96;-0.5;-0.5;4.679976;1;Adaptation;15;1;;;;;
24.98;0;0.125;3.020965;1;Adaptation;15;1;;;;;
25;0;-0.125;5.881044;1;Adaptation;15;1;;;;;
25.02;-0.5;-0.5;4.551019;1;Adaptation;15;1;;;;;
25.04;-0.5;-0.5;2.579847;1;Adaptation;15;1;;;;;
25.06;-0.5;-0.5;4.543;1;Adaptation;15;1;;;;;
25.08;-0.5;-0.5;2.971578;1;Adaptation;15;1;;;;;
25.1;-0.5;-0.5;2.982824;1;Adaptation;15;1;;;;;
25.12;-0.5;-0.5;3.667748;1;Adaptation;15;1;;;;;
25.14;-2;-0.125;2.085183;1;Adaptation;15;1;;;;;
25.16;0;-0.125;3.066647;1;Adaptation;15;1;;;;;
25.18;-0.5;-0.5;5.222544;1;Adaptation;15;1;;;;;
25.2;-0.5;-0.5;4.520209;1;Adaptation;15;1;;;;;
25.22;-0.5;-0.5;2.116457;1;Adaptation;15;1;;;;;
25.24;-0.5;-0.5;4.87934;1;Adaptation;15;1;;;;;
25.26;-0.5;-0.5;5.229674;1;Adaptation;15;1;;;;;
25.28;2;-0.125;5.945874;1;Adaptation;15;1;;;;;
25.3;0;-0.25;5.361796;1;Adaptation;15;1;;;;;
25.32;-0.5;-0.5;5.223746;1;Adaptation;15;1;;;;;
25.34;-2;0.125;5.530992;1;Adaptation;15;1;;;;;
25.36;-0.5;-0.5;3.33982;1;Adaptation;15;1;;;;;
25.38;-0.5;-0.5;2.892433;1;Adaptation;15;1;;;;;
25.4;-0.5;-0.5;2.141226;1;Adaptation;15;1;;;;;
25.42;-0.5;-0.5;4.272326;1;Adaptation;15;1;;;;;
25.44;-0.5;-0.5;5.450997;1;Adaptation;15;1;;;;;
25.46;-0.5;-0.5;5.271791;1;Adaptation;15;1;;;;;
25.48;-0.5;-0.5;5.273147;1;Adaptation;15;1;;;;;
25.5;-0.5;-0.5;2.763277;1;Adaptation;15;1;;;;;
25.52;-0.5;-0.5;2.404617;1;Adaptation;15;1;;;;;
25.54;-0.5;-0.5;5.489775;1;Adaptation;15;1;;;;;
25.56;-0.5;-0.5;3.104316;1;Adaptation;15;1;;;;;
25.58;0;0.125;5.278306;1;Adaptation;15;1;;;;;
25.6;-0.5;-0.5;5.554108;1;Adaptation;15;1;;;;;
25.62;-0.5;-0.5;2.719474;1;Adaptation;15;1;;;;;
25.64;-0.5;-0.5;2.816979;1;Adaptation;15;1;;;;;
25.66;-0.5;-0.5;3.403482;1;Adaptation;15;1;;;;;
25.68;-0.5;-0.5;2.071479;1;Adaptation;15;1;;;;;
25.7;-0.5;-0.5;5.039793;1;Adaptation;15;1;;;;;
25.72;-0.5;-0.5;2.863976;1;Adaptation;15;1;;;;;
25.74;-0.5;-0.5;5.01408;1;Adaptation;15;1;;;;;
25.76;-0.5;-0.5;3.782036;1;Adaptation;15;1;;;;;
25.78;-0.5;-0.5;4.039367;1;Adaptation;15;1;;;;;
25.8;-0.5;-0.5;5.101441;1;Adaptation;15;1;;;;;
25.82;-0.5;-0.5;3.821226;1;Adaptation;15;1;;;;;
25.84;-0.5;-0.5;2.662339;1;Adaptation;15;1;;;;;
25.86;-0.5;-0.5;4.520894;1;Adaptation;15;1;;;;;
25.88;-0.5;-0.5;5.753141;1;Adaptation;15;1;;;;;
25.9;-0.5;-0.5;4.021247;1;Adaptation;15;1;;;;;
25.92;0;0;5.175338;1;Adaptation;15;1;;;;;
25.94;-0.5;-0.5;4.653357;1;Adaptation;15;1;;;;;
25.96;-0.5;-0.5;3.498351;1;Adaptation;15;1;;;;;
25.98;-0.5;-0.5;4.769539;1;Adaptation;15;1;;;;;
26;-0.5;-0.5;3.294872;1;Adaptation;15;1;;;;;
26.02;-0.5;-0.5;3.851628;1;Adaptation;15;1;;;;;
26.04;-2;-0.125;3.649278;1;Adaptation;15;1;;;;;
26.06;-0.5;-0.5;2.059457;1;Adaptation;15;1;;;;;
26.08;-0.5;-0.5;2.946572;1;Adaptation;15;1;;;;;
26.1;-0.5;-0.5;4.101925;1;Adaptation;15;1;;;;;
26.12;-0.5;-0.5;5.189417;1;Adaptation;15;1;;;;;
26.14;-0.5;-0.5;4.890043;1;Adaptation;15;1;;;;;
26.16;-0.5;-0.5;3.804751;1;Adaptation;15;1;;;;;
26.18;-0.5;-0.5;4.131155;1;Adaptation;15;1;;;;;
26.2;-2;0.125;5.40489;1;Adaptation;15;1;;;;;
26.22;-0.5;-0.5;4.595443;1;Adaptation;15;1;;;;;
26.24;-0.5;-0.5;4.350979;1;Adaptation;15;1;;;;;
26.26;-0.5;-0.5;2.063435;1;Adaptation;15;1;;;;;
26.28;-0.5;-0.5;4.760735;1;Adaptation;15;1;;;;;
26.3;0;0;3.60966;1;Adaptation;15;1;;;;;
26.32;-0.5;-0.5;4.493641;1;Adaptation;15;1;;;;;
26.34;-0.5;-0.5;2.191232;1;Adaptation;15;1;;;;;
26.36;-0.5;-0.5;4.941816;1;Adaptation;15;1;;;;;
26.38;-0.5;-0.5;2.092649;1;Adaptation;15;1;;;;;
26.4;-0.5;-0.5;5.606861;1;Adaptation;15;1;;;;;
26.42;-0.5;-0.5;5.876177;1;Adaptation;15;1;;;;;
26.44;-0.5;-0.5;4.137997;1;Adaptation;15;1;;;;;
26.46;-0.5;-0.5;5.328201;1;Adaptation;15;1;;;;;
26.48;-0.5;-0.5;3.090919;1;Adaptation;15;1;;;;;
26.5;0;0.125;3.271956;1;Adaptation;15;1;;;;;
26.52;-0.5;-0.5;2.451555;1;Adaptation;15;1;;;;;
26.54;-0.5;-0.5;3.71031;1;Adaptation;15;1;;;;;
26.56;0;0;5.478842;1;Adaptation;15;1;;;;;
26.58;-0.5;-0.5;4.724902;1;Adaptation;15;1;;;;;
26.6;0;0;2.30391;1;Adaptation;15;1;;;;;
26.62;-0.5;-0.5;3.987351;1;Adaptation;15;1;;;;;
26.64;-0.5;-0.5;5.366004;1;Adaptation;15;1;;;;;
26.66;-0.5;-0.5;2.926446;1;Adaptation;15;1;;;;;
26.68;-0.5;-0.5;3.943262;1;Adaptation;15;1;;;;;
26.7;2;0;5.26989;1;Adaptation;15;1;;;;;
26.72;-0.5;-0.5;5.073162;1;Adaptation;15;1;;;;;
26.74;-0.5;-0.5;2.224159;1;Adaptation;15;1;;;;;
26.76;-0.5;-0.5;3.823122;1;Adaptation;15;1;;;;;
26.78;-0.5;-0.5;4.502973;1;Adaptation;15;1;;;;;
26.8;-0.5;-0.5;4.768947;1;Adaptation;15;1;;;;;
26.82;-0.5;-0.5;5.758073;1;Adaptation;15;1;;;;;
26.84;-0.5;-0.5;4.68214;1;Adaptation;15;1;;;;;
26.86;-0.5;-0.5;3.364761;1;Adaptation;15;1;;;;;
26.88;-0.5;-0.5;5.890968;1;Adaptation;15;1;;;;;
26.9;-0.5;-0.5;4.320437;1;Adaptation;15;1;;;;;
26.92;0;0;2.947857;1;Adaptation;15;1;;;;;
26.94;-0.5;-0.5;2.560638;1;Adaptation;15;1;;;;;
26.96;-0.5;-0.5;5.55289;1;Adaptation;15;1;;;;;
26.98;0;0.25;4.279069;1;Adaptation;15;1;;;;;
27;-0.5;-0.5;3.843055;1;Adaptation;15;1;;;;;
27.02;-0.5;-0.5;3.123881;1;Adaptation;15;1;;;;;
27.04;-0.5;-0.5;2.236496;1;Adaptation;15;1;;;;;
27.06;2;-0.25;2.307499;1;Adaptation;15;1;;;;;
27.08;-0.5;-0.5;5.247414;1;Adaptation;15;1;;;;;
27.1;-0.5;-0.5;3.991861;1;Adaptation;15;1;;;;;
27.12;0;0;2.300907;1;Adaptation;15;1;;;;;
27.14;-0.5;-0.5;2.173962;1;Adaptation;15;1;;;;;
27.16;-0.5;-0.5;3.446794;1;Adaptation;15;1;;;;;
27.18;-0.5;-0.5;4.895883;1;Adaptation;15;1;;;;;
27.2;-0.5;-0.5;3.012776;1;Adaptation;15;1;;;;;
27.22;-0.5;-0.5;3.795122;1;Adaptation;15;1;;;;;
27.24;-0.5;-0.5;3.469376;1;Adaptation;15;1;;;;;
27.26;-0.5;-0.5;5.836653;1;Adaptation;15;1;;;;;
27.28;-0.5;-0.5;5.913744;1;Adaptation;15;1;;;;;
27.3;-0.5;-0.5;2.334408;1;Adaptation;15;1;;;;;
27.32;-0.5;-0.5;4.757253;1;Adaptation;15;1;;;;;
27.34;0;-0.25;3.417359;1;Adaptation;15;1;;;;;
27.36;-0.5;-0.5;2.623447;1;Adaptation;15;1;;;;;
27.38;-0.5;-0.5;2.869405;1;Adaptation;15;1;;;;;
27.4;-0.5;-0.5;2.686379;1;Adaptation;15;1;;;;;
27.42;-0.5;-0.5;3.31623;1;Adaptation;15;1;;;;;
27.44;-0.5;-0.5;4.73937;1;Adaptation;15;1;;;;;
27.46;-0.5;-0.5;2.677178;1;Adaptation;15;1;;;;;
27.48;0;-0.125;3.353468;1;Adaptation;15;1;;;;;
27.5;0;-0.125;4.725418;1;Adaptation;15;1;;;;;
27.52;-0.5;-0.5;4.187548;1;Adaptation;15;1;;;;;
27.54;-0.5;-0.5;4.659727;1;Adaptation;15;1;;;;;
27.56;0;0;3.717722;1;Adaptation;15;1;;;;;
27.58;2;0;5.870377;1;Adaptation;15;1;;;;;
27.6;-0.5;-0.5;5.166823;1;Adaptation;15;1;;;;;
27.62;-0.5;-0.5;2.247774;1;Adaptation;15;1;;;;;
27.64;-0.5;-0.5;3.500485;1;Adaptation;15;1;;;;;
27.66;-0.5;-0.5;4.649831;1;Adaptation;15;1;;;;;
27.68;-0.5;-0.5;2.074709;1;Adaptation;15;1;;;;;
27.7;-0.5;-0.5;2.671779;1;Adaptation;15;1;;;;;
27.72;0;-0.25;4.175531;1;Adaptation;15;1;;;;;
27.74;-0.5;-0.5;2.520686;1;Adaptation;15;1;;;;;
27.76;-0.5;-0.5;5.903312;1;Adaptation;15;1;;;;;
27.78;-0.5;-0.5;5.672928;1;Adaptation;15;1;;;;;
27.8;0;0;3.704021;1;Adaptation;15;1;;;;;
27.82;-0.5;-0.5;4.236619;1;Adaptation;15;1;;;;;
27.84;-0.5;-0.5;2.078626;1;Adaptation;15;1;;;;;
27.86;0;0;5.171287;1;Adaptation;15;1;;;;;
27.88;-0.5;-0.5;5.873846;1;Adaptation;15;1;;;;;
27.9;-2;0;4.846756;1;Adaptation;15;1;;;;;
27.92;-0.5;-0.5;3.348272;1;Adaptation;15;1;;;;;
27.94;-0.5;-0.5;2.110449;1;Adaptation;15;1;;;;;
27.96;-0.5;-0.5;2.687521;1;Adaptation;15;1;;;;;
27.98;-0.5;-0.5;3.483716;1;Adaptation;15;1;;;;;
28;-0.5;-0.5;5.284135;1;Adaptation;15;1;;;;;
28.02;-0.5;-0.5;3.335252;1;Adaptation;15;1;;;;;
28.04;0;0;5.862746;1;Adaptation;15;1;;;;;
28.06;-0.5;-0.5;3.000762;1;Adaptation;15;1;;;;;
28.08;-0.5;-0.5;3.22155;1;Adaptation;15;1;;;;;
28.1;-0.5;-0.5;3.850974;1;Adaptation;15;1;;;;;
28.12;-0.5;-0.5;3.874251;1;Adaptation;15;1;;;;;
28.14;0;0;4.683616;1;Adaptation;15;1;;;;;
28.16;-0.5;-0.5;3.04384;1;Adaptation;15;1;;;;;
28.18;-0.5;-0.5;3.642524;1;Adaptation;15;1;;;;;
28.2;-0.5;-0.5;2.656639;1;Adaptation;15;1;;;;;
28.22;-0.5;-0.5;4.603289;1;Adaptation;15;1;;;;;
28.24;2;0.125;2.249577;1;Adaptation;15;1;;;;;
28.26;-0.5;-0.5;4.089098;1;Adaptation;15;1;;;;;
28.28;-0.5;-0.5;3.070472;1;Adaptation;15;1;;;;;
28.3;-0.5;-0.5;5.784752;1;Adaptation;15;1;;;;;
28.32;-0.5;-0.5;2.560256;1;Adaptation;15;1;;;;;
28.34;2;-0.125;2.931923;1;Adaptation;15;1;;;;;
28.36;2;0;3.643457;1;Adaptation;15;1;;;;;
28.38;-0.5;-0.5;3.387372;1;Adaptation;15;1;;;;;
28.4;-0.5;-0.5;5.508215;1;Adaptation;15;1;;;;;
28.42;-0.5;-0.5;2.501473;1;Adaptation;15;1;;;;;
28.44;-0.5;-0.5;3.883929;1;Adaptation;15;1;;;;;
28.46;-0.5;-0.5;2.513683;1;Adaptation;15;1;;;;;
28.48;-0.5;-0.5;3.48324;1;Adaptation;15;1;;;;;
28.5;-0.5;-0.5;3.796984;1;Adaptation;15;1;;;;;
28.52;-0.5;-0.5;2.986385;1;Adaptation;15;1;;;;;
28.54;-0.5;-0.5;5.980988;1;Adaptation;15;1;;;;;
28.56;-0.5;-0.5;4.212537;1;Adaptation;15;1;;;;;
28.58;-0.5;-0.5;4.344947;1;Adaptation;15;1;;;;;
28.6;-2;-0.125;3.370713;1;Adaptation;15;1;;;;;
28.62;-0.5;-0.5;2.230608;1;Adaptation;15;1;;;;;
28.64;-0.5;-0.5;5.60968;1;Adaptation;15;1;;;;;
28.66;-0.5;-0.5;3.671826;1;Adaptation;15;1;;;;;
28.68;-0.5;-0.5;5.970898;1;Adaptation;15;1;;;;;
28.7;0;0.125;4.808268;1;Adaptation;15;1;;;;;
28.72;-0.5;-0.5;5.889297;1;Adaptation;15;1;;;;;
28.74;-2;0;4.755916;1;Adaptation;15;1;;;;;
28.76;0;0;3.60308;1;Adaptation;15;1;;;;;
28.78;-0.5;-0.5;3.785107;1;Adaptation;15;1;;;;;
28.8;-0.5;-0.5;3.754145;1;Adaptation;15;1;;;;;
28.82;-0.5;-0.5;2.101943;1;Adaptation;15;1;;;;;
28.84;-0.5;-0.5;4.172694;1;Adaptation;15;1;;;;;
28.86;-0.5;-0.5;3.690634;1;Adaptation;15;1;;;;;
28.88;-2;-0.125;5.838542;1;Adaptation;15;1;;;;;
28.9;-0.5;-0.5;5.137836;1;Adaptation;15;1;;;;;
28.92;-0.5;-0.5;5.839767;1;Adaptation;15;1;;;;;
28.94;-0.5;-0.5;4.250007;1;Adaptation;15;1;;;;;
28.96;-0.5;-0.5;5.404496;1;Adaptation;15;1;;;;;
28.98;-0.5;-0.5;5.413327;1;Adaptation;15;1;;;;;
29;-0.5;-0.5;5.502336;1;Adaptation;15;1;;;;;
29.02;-0.5;-0.5;4.683539;1;Adaptation;15;1;;;;;
29.04;-4;0;3.58533;1;Adaptation;15;1;;;;;
29.06;-0.5;-0.5;4.053998;1;Adaptation;15;1;;;;;
29.08;-0.5;-0.5;3.902133;1;Adaptation;15;1;;;;;
29.1;-0.5;-0.5;3.566565;1;Adaptation;15;1;;;;;
29.12;-0.5;-0.5;5.63079;1;Adaptation;15;1;;;;;
29.14;-0.5;-0.5;2.60685;1;Adaptation;15;1;;;;;
29.16;0;0.125;4.594509;1;Adaptation;15;1;;;;;
29.18;-0.5;-0.5;5.92553;1;Adaptation;15;1;;;;;
29.2;-0.5;-0.5;3.786046;1;Adaptation;15;1;;;;;
29.22;-0.5;-0.5;2.382404;1;Adaptation;15;1;;;;;
29.24;-0.5;-0.5;4.934288;1;Adaptation;15;1;;;;;
29.26;-0.5;-0.5;3.379714;1;Adaptation;15;1;;;;;
29.28;0;0.125;5.030586;1;Adaptation;15;1;;;;;
29.3;-0.5;-0.5;2.779462;1;Adaptation;15;1;;;;;
29.32;-0.5;-0.5;5.965927;1;Adaptation;15;1;;;;;
29.34;-2;0;2.495406;1;Adaptation;15;1;;;;;
29.36;2;0.25;5.664069;1;Adaptation;15;1;;;;;
29.38;-0.5;-0.5;2.762578;1;Adaptation;15;1;;;;;
29.4;-0.5;-0.5;3.576852;1;Adaptation;15;1;;;;;
29.42;-0.5;-0.5;2.37303;1;Adaptation;15;1;;;;;
29.44;-0.5;-0.5;4.2339;1;Adaptation;15;1;;;;;
29.46;-0.5;-0.5;5.781197;1;Adaptation;15;1;;;;;
29.48;-0.5;-0.5;4.29597;1;Adaptation;15;1;;;;;
29.5;-0.5;-0.5;5.436143;1;Adaptation;15;1;;;;;
29.52;-0.5;-0.5;4.026196;1;Adaptation;15;1;;;;;
29.54;-0.5;-0.5;2.974543;1;Adaptation;15;1;;;;;
29.56;-0.5;-0.5;2.458702;1;Adaptation;15;1;;;;;
29.58;-0.5;-0.5;4.355613;1;Adaptation;15;1;;;;;
29.6;-0.5;-0.5;2.284253;1;Adaptation;15;1;;;;;
29.62;-2;0.125;3.292969;1;Adaptation;15;1;;;;;
29.64;-0.5;-0.5;2.197999;1;Adaptation;15;1;;;;;
29.66;-0.5;-0.5;4.078302;1;Adaptation;15;1;;;;;
29.68;-0.5;-0.5;4.355299;1;Adaptation;15;1;;;;;
29.7;-0.5;-0.5;5.904012;1;Adaptation;15;1;;;;;
29.72;-0.5;-0.5;4.274003;1;Adaptation;15;1;;;;;
29.74;-0.5;-0.5;3.582883;1;Adaptation;15;1;;;;;
29.76;-2;-0.125;4.590247;1;Adaptation;15;1;;;;;
29.78;0;0;4.482264;1;Adaptation;15;1;;;;;
29.8;2;-0.125;3.603257;1;Adaptation;15;1;;;;;
29.82;-0.5;-0.5;5.549553;1;Adaptation;15;1;;;;;
29.84;-0.5;-0.5;5.602842;1;Adaptation;15;1;;;;;
29.86;-0.5;-0.5;4.058926;1;Adaptation;15;1;;;;;
29.88;-0.5;-0.5;4.405268;1;Adaptation;15;1;;;;;
29.9;-0.5;-0.5;4.826283;1;Adaptation;15;1;;;;;
29.92;-0.5;-0.5;5.561466;1;Adaptation;15;1;;;;;
29.94;-0.5;-0.5;5.906668;1;Adaptation;15;1;;;;;
29.96;-0.5;-0.5;5.252078;1;Adaptation;15;1;;;;;
29.98;0;0.375;3.34748;1;Adaptation;15;1;;;;;
30;-0.5;-0.5;2.672049;1;Adaptation;15;1;;;;;
30.02;-0.5;-0.5;5.096597;1;Adaptation;15;1;;;;;
30.04;-0.5;-0.5;3.129153;1;Adaptation;15;1;;;;;
30.06;-0.5;-0.5;2.174015;1;Adaptation;15;1;;;;;
30.08;-0.5;-0.5;3.225482;1;Adaptation;15;1;;;;;
30.1;-0.5;-0.5;5.972713;1;Adaptation;15;1;;;;;
30.12;-0.5;-0.5;3.783463;1;Adaptation;15;1;;;;;
30.14;-0.5;-0.5;4.514885;1;Adaptation;15;1;;;;;
30.16;0;0.125;5.576764;1;Adaptation;15;1;;;;;
30.18;0;0.125;3.910445;1;Adaptation;15;1;;;;;
30.2;-0.5;-0.5;5.548144;1;Adaptation;15;1;;;;;
30.22;-0.5;-0.5;3.143011;1;Adaptation;15;1;;;;;
30.24;-0.5;-0.5;3.762879;1;Adaptation;15;1;;;;;
30.26;-0.5;-0.5;2.520272;1;Adaptation;15;1;;;;;
30.28;0;-0.125;2.928739;1;Adaptation;15;1;;;;;
30.3;-0.5;-0.5;5.744654;1;Adaptation;15;1;;;;;
30.32;-0.5;-0.5;3.672439;1;Adaptation;15;1;;;;;
30.34;-0.5;-0.5;5.687987;1;Adaptation;15;1;;;;;
30.36;-0.5;-0.5;2.287979;1;Adaptation;15;1;;;;;
30.38;-0.5;-0.5;2.14495;1;Adaptation;15;1;;;;;
30.4;0;-0.25;2.749178;1;Adaptation;15;1;;;;;
30.42;-0.5;-0.5;4.1143;1;Adaptation;15;1;;;;;
30.44;-0.5;-0.5;5.274615;1;Adaptation;15;1;;;;;
30.46;-0.5;-0.5;4.848589;1;Adaptation;15;1;;;;;
30.48;-0.5;-0.5;4.828387;1;Adaptation;15;1;;;;;
30.5;-0.5;-0.5;5.535801;1;Adaptation;15;1;;;;;
30.52;-0.5;-0.5;5.129222;1;Adaptation;15;1;;;;;
30.54;-0.5;-0.5;5.04915;1;Adaptation;15;1;;;;;
30.56;-0.5;-0.5;3.126394;1;Adaptation;15;1;;;;;
30.58;-0.5;-0.5;2.148546;1;Adaptation;15;1;;;;;
30.6;-0.5;-0.5;4.801434;1;Adaptation;15;1;;;;;
30.62;-0.5;-0.5;2.574965;1;Adaptation;15;1;;;;;
30.64;2;0;5.847239;1;Adaptation;15;1;;;;;
30.66;-0.5;-0.5;4.160807;1;Adaptation;15;1;;;;;
30.68;-0.5;-0.5;3.359747;1;Adaptation;15;1;;;;;
30.7;-0.5;-0.5;5.555513;1;Adaptation;15;1;;;;;
30.72;-0.5;-0.5;3.537303;1;Adaptation;15;1;;;;;
30.74;-0.5;-0.5;3.010651;1;Adaptation;15;1;;;;;
30.76;2;0;2.799354;1;Adaptation;15;1;;;;;
30.78;-0.5;-0.5;5.150468;1;Adaptation;15;1;;;;;
30.8;-2;-0.125;3.90713;1;Adaptation;15;1;;;;;
30.82;0;0;4.467542;1;Adaptation;15;1;;;;;
30.84;-0.5;-0.5;4.677553;1;Adaptation;15;1;;;;;
30.86;0;-0.125;2.291368;1;Adaptation;15;1;;;;;
30.88;-0.5;-0.5;4.378459;1;Adaptation;15;1;;;;;
30.9;-0.5;-0.5;2.48595;1;Adaptation;15;1;;;;;
30.92;-0.5;-0.5;2.379592;1;Adaptation;15;1;;;;;
30.94;-0.5;-0.5;2.871082;1;Adaptation;15;1;;;;;
30.96;2;-0.125;4.601439;1;Adaptation;15;1;;;;;
30.98;-0.5;-0.5;3.812779;1;Adaptation;15;1;;;;;
31;-0.5;-0.5;3.011869;1;Adaptation;15;1;;;;;
31.02;-0.5;-0.5;2.332414;1;Adaptation;15;1;;;;;
31.04;2;0.125;4.039331;1;Adaptation;15;1;;;;;
31.06;0;0.25;2.594683;1;Adaptation;15;1;;;;;
31.08;-0.5;-0.5;5.582417;1;Adaptation;15;1;;;;;
31.1;-2;-0.25;2.756776;1;Adaptation;15;1;;;;;
31.12;0;-0.125;4.81959;1;Adaptation;15;1;;;;;
31.14;-0.5;-0.5;2.206501;1;Adaptation;15;1;;;;;
31.16;-0.5;-0.5;2.437097;1;Adaptation;15;1;;;;;
31.18;-0.5;-0.5;2.533354;1;Adaptation;15;1;;;;;
31.2;-0.5;-0.5;2.868026;1;Adaptation;15;1;;;;;
31.22;0;-0.125;2.517116;1;Adaptation;15;1;;;;;
31.24;2;-0.125;5.676483;1;Adaptation;15;1;;;;;
31.26;-0.5;-0.5;5.425887;1;Adaptation;15;1;;;;;
31.28;-0.5;-0.5;5.733538;1;Adaptation;15;1;;;;;
31.3;-0.5;-0.5;2.330294;1;Adaptation;15;1;;;;;
31.32;-0.5;-0.5;5.762856;1;Adaptation;15;1;;;;;
31.34;-0.5;-0.5;2.265771;1;Adaptation;15;1;;;;;
31.36;-0.5;-0.5;3.374687;1;Adaptation;15;1;;;;;
31.38;-0.5;-0.5;3.137897;1;Adaptation;15;1;;;;;
31.4;-0.5;-0.5;4.612311;1;Adaptation;15;1;;;;;
31.42;-0.5;-0.5;5.830342;1;Adaptation;15;1;;;;;
31.44;0;0.125;2.896423;1;Adaptation;15;1;;;;;
31.46;-0.5;-0.5;5.217921;1;Adaptation;15;1;;;;;
31.48;-2;-0.125;4.061339;1;Adaptation;15;1;;;;;
31.5;-0.5;-0.5;5.538997;1;Adaptation;15;1;;;;;
31.52;0;0.125;5.865013;1;Adaptation;15;1;;;;;
31.54;-0.5;-0.5;2.288385;1;Adaptation;15;1;;;;;
31.56;-0.5;-0.5;4.822477;1;Adaptation;15;1;;;;;
31.58;0;0.125;4.150499;1;Adaptation;15;1;;;;;
31.6;-0.5;-0.5;4.824966;1;Adaptation;15;1;;;;;
31.62;0;-0.125;2.526823;1;Adaptation;15;1;;;;;
31.64;-0.5;-0.5;5.736082;1;Adaptation;15;1;;;;;
31.66;2;0;2.011899;1;Adaptation;15;1;;;;;
31.68;-0.5;-0.5;5.939387;1;Adaptation;15;1;;;;;
31.7;-0.5;-0.5;3.202427;1;Adaptation;15;1;;;;;
31.72;-0.5;-0.5;3.36189;1;Adaptation;15;1;;;;;
31.74;-0.5;-0.5;3.88122;1;Adaptation;15;1;;;;;
31.76;-0.5;-0.5;3.027628;1;Adaptation;15;1;;;;;
31.78;-0.5;-0.5;2.581576;1;Adaptation;15;1;;;;;
31.8;-0.5;-0.5;2.234838;1;Adaptation;15;1;;;;;
31.82;0;-0.125;3.851829;1;Adaptation;15;1;;;;;
31.84;-0.5;-0.5;5.071111;1;Adaptation;15;1;;;;;
31.86;-0.5;-0.5;4.066822;1;Adaptation;15;1;;;;;
31.88;-0.5;-0.5;2.440425;1;Adaptation;15;1;;;;;
31.9;-0.5;-0.5;4.375654;1;Adaptation;15;1;;;;;
31.92;2;-0.125;2.897892;1;Adaptation;15;1;;;;;
31.94;-0.5;-0.5;4.623803;1;Adaptation;15;1;;;;;
31.96;-0.5;-0.5;2.139084;1;Adaptation;15;1;;;;;
31.98;-0.5;-0.5;3.108089;1;Adaptation;15;1;;;;;
32;-0.5;-0.5;5.157612;1;Adaptation;15;1;;;;;
32.02;-0.5;-0.5;2.495812;1;Adaptation;15;1;;;;;
32.04;0;0.125;3.768989;1;Adaptation;15;1;;;;;
32.06;-0.5;-0.5;2.760012;1;Adaptation;15;1;;;;;
32.08;0;-0.25;5.261183;1;Adaptation;15;1;;;;;
32.1;-0.5;-0.5;3.886642;1;Adaptation;15;1;;;;;
32.12;-0.5;-0.5;3.479335;1;Adaptation;15;1;;;;;
32.14;-0.5;-0.5;4.610673;1;Adaptation;15;1;;;;;
32.16;0;0;4.691993;1;Adaptation;15;1;;;;;
32.18;-0.5;-0.5;5.169891;1;Adaptation;15;1;;;;;
32.2;-0.5;-0.5;4.814035;1;Adaptation;15;1;;;;;
32.22;-0.5;-0.5;2.10757;1;Adaptation;15;1;;;;;
32.24;-0.5;-0.5;3.286717;1;Adaptation;15;1;;;;;
32.26;-0.5;-0.5;2.65773;1;Adaptation;15;1;;;;;
32.28;-0.5;-0.5;4.1709;1;Adaptation;15;1;;;;;
32.3;-0.5;-0.5;5.884274;1;Adaptation;15;1;;;;;
32.32;-0.5;-0.5;4.015183;1;Adaptation;15;1;;;;;
32.34;-0.5;-0.5;2.76406;1;Adaptation;15;1;;;;;
32.36;2;-0.125;2.563311;1;Adaptation;15;1;;;;;
32.38;-0.5;-0.5;5.406559;1;Adaptation;15;1;;;;;
32.4;0;0;2.487732;1;Adaptation;15;1;;;;;
32.42;-2;0;4.577404;1;Adaptation;15;1;;;;;
32.44;-0.5;-0.5;3.289127;1;Adaptation;15;1;;;;;
32.46;-0.5;-0.5;4.695234;1;Adaptation;15;1;;;;;
32.48;-0.5;-0.5;3.279814;1;Adaptation;15;1;;;;;
32.5;-2;0;2.536263;1;Adaptation;15;1;;;;;
32.52;-0.5;-0.5;3.254157;1;Adaptation;15;1;;;;;
32.54;-0.5;-0.5;3.102259;1;Adaptation;15;1;;;;;
32.56;-0.5;-0.5;5.883559;1;Adaptation;15;1;;;;;
32.58;-0.5;-0.5;5.83873;1;Adaptation;15;1;;;;;
32.6;-0.5;-0.5;3.265268;1;Adaptation;15;1;;;;;
32.62;0;0.25;2.008615;1;Adaptation;15;1;;;;;
32.64;2;0.125;2.683714;1;Adaptation;15;1;;;;;
32.66;-0.5;-0.5;5.125607;1;Adaptation;15;1;;;;;
32.68;-0.5;-0.5;2.13603;1;Adaptation;15;1;;;;;
32.7;-0.5;-0.5;3.157934;1;Adaptation;15;1;;;;;
32.72;-0.5;-0.5;3.323709;1;Adaptation;15;1;;;;;
32.74;2;-0.125;4.920958;1;Adaptation;15;1;;;;;
32.76;0;-0.125;2.07796;1;Adaptation;15;1;;;;;
32.78;-0.5;-0.5;5.839701;1;Adaptation;15;1;;;;;
32.8;-2;0;3.627906;1;Adaptation;15;1;;;;;
32.82;-0.5;-0.5;5.472564;1;Adaptation;15;1;;;;;
32.84;-0.5;-0.5;2.720538;1;Adaptation;15;1;;;;;
32.86;-2;-0.125;5.644478;1;Adaptation;15;1;;;;;
32.88;-0.5;-0.5;3.193704;1;Adaptation;15;1;;;;;
32.9;-0.5;-0.5;3.194998;1;Adaptation;15;1;;;;;
32.92;-2;0.125;3.285525;1;Adaptation;15;1;;;;;
32.94;-2;0;4.57205;1;Adaptation;15;1;;;;;
32.96;-0.5;-0.5;2.276038;1;Adaptation;15;1;;;;;
32.98;-0.5;-0.5;4.647407;1;Adaptation;15;1;;;;;
33;-0.5;-0.5;5.625552;1;Adaptation;15;1;;;;;
33.02;-0.5;-0.5;5.882625;1;Adaptation;15;1;;;;;
33.04;-0.5;-0.5;4.385942;1;Adaptation;15;1;;;;;
33.06;-0.5;-0.5;4.702864;1;Adaptation;15;1;;;;;
33.08;0;0.125;3.513604;1;Adaptation;15;1;;;;;
33.1;0;0;5.128526;1;Adaptation;15;1;;;;;
33.12;-0.5;-0.5;2.022218;1;Adaptation;15;1;;;;;
33.14;-0.5;-0.5;2.501834;1;Adaptation;15;1;;;;;
33.16;-0.5;-0.5;4.132559;1;Adaptation;15;1;;;;;
33.18;-0.5;-0.5;2.633845;1;Adaptation;15;1;;;;;
33.2;-0.5;-0.5;4.428882;1;Adaptation;15;1;;;;;
33.22;-0.5;-0.5;2.147613;1;Adaptation;15;1;;;;;
33.24;-0.5;-0.5;2.527188;1;Adaptation;15;1;;;;;
33.26;-0.5;-0.5;5.939301;1;Adaptation;15;1;;;;;
33.28;-0.5;-0.5;5.201222;1;Adaptation;15;1;;;;;
33.3;-0.5;-0.5;2.429491;1;Adaptation;15;1;;;;;
33.32;-0.5;-0.5;4.123789;1;Adaptation;15;1;;;;;
33.34;-0.5;-0.5;4.46245;1;Adaptation;15;1;;;;;
33.36;-2;0;3.718307;1;Adaptation;15;1;;;;;
33.38;2;0.125;2.637209;1;Adaptation;15;1;;;;;
33.4;-0.5;-0.5;5.490159;1;Adaptation;15;1;;;;;
33.42;0;0;5.348786;1;Adaptation;15;1;;;;;
33.44;-0.5;-0.5;5.553836;1;Adaptation;15;1;;;;;
33.46;-0.5;-0.5;5.016978;1;Adaptation;15;1;;;;;
33.48;-0.5;-0.5;3.426686;1;Adaptation;15;1;;;;;
33.5;-0.5;-0.5;4.995222;1;Adaptation;15;1;;;;;
33.52;-0.5;-0.5;2.037098;1;Adaptation;15;1;;;;;
33.54;-0.5;-0.5;5.335618;1;Adaptation;15;1;;;;;
33.56;-0.5;-0.5;2.77472;1;Adaptation;15;1;;;;;
33.58;0;0;5.963919;1;Adaptation;15;1;;;;;
33.6;-0.5;-0.5;4.425052;1;Adaptation;15;1;;;;;
33.62;-0.5;-0.5;3.878771;1;Adaptation;15;1;;;;;
33.64;-0.5;-0.5;3.872729;1;Adaptation;15;1;;;;;
33.66;-0.5;-0.5;2.366478;1;Adaptation;15;1;;;;;
33.68;-0.5;-0.5;3.556239;1;Adaptation;15;1;;;;;
33.7;-0.5;-0.5;4.227544;1;Adaptation;15;1;;;;;
33.72;-0.5;-0.5;5.857255;1;Adaptation;15;1;;;;;
33.74;-0.5;-0.5;2.766954;1;Adaptation;15;1;;;;;
33.76;-0.5;-0.5;5.198133;1;Adaptation;15;1;;;;;
33.78;2;-0.125;4.102035;1;Adaptation;15;1;;;;;
33.8;0;0.125;5.630529;1;Adaptation;15;1;;;;;
33.82;-0.5;-0.5;2.279004;1;Adaptation;15;1;;;;;
33.84;0;0.125;5.25458;1;Adaptation;15;1;;;;;
33.86;0;0;3.289655;1;Adaptation;15;1;;;;;
33.88;-0.5;-0.5;3.866774;1;Adaptation;15;1;;;;;
33.9;-0.5;-0.5;2.682823;1;Adaptation;15;1;;;;;
33.92;-2;0;5.19137;1;Adaptation;15;1;;;;;
33.94;-0.5;-0.5;4.491091;1;Adaptation;15;1;;;;;
33.96;0;-0.125;4.88844;1;Adaptation;15;1;;;;;
33.98;-0.5;-0.5;4.263244;1;Adaptation;15;1;;;;;
34;-0.5;-0.5;3.548461;1;Adaptation;15;1;;;;;
34.02;2;0.125;5.619003;1;Adaptation;15;1;;;;;
34.04;-0.5;-0.5;4.136045;1;Adaptation;15;1;;;;;
34.06;0;-0.125;5.027829;1;Adaptation;15;1;;;;;
34.08;-0.5;-0.5;3.864812;1;Adaptation;15;1;;;;;
34.1;-0.5;-0.5;2.914079;1;Adaptation;15;1;;;;;
34.12;-0.5;-0.5;3.101649;1;Adaptation;15;1;;;;;
34.14;0;0;5.409388;1;Adaptation;15;1;;;;;
34.16;-0.5;-0.5;5.557895;1;Adaptation;15;1;;;;;
34.18;-0.5;-0.5;2.342504;1;Adaptation;15;1;;;;;
34.2;-0.5;-0.5;4.866016;1;Adaptation;15;1;;;;;
34.22;-0.5;-0.5;4.913106;1;Adaptation;15;1;;;;;
34.24;-0.5;-0.5;5.213284;1;Adaptation;15;1;;;;;
34.26;-2;-0.125;3.482042;1;Adaptation;15;1;;;;;
34.28;-0.5;-0.5;5.777796;1;Adaptation;15;1;;;;;
34.3;0;0;5.94859;1;Adaptation;15;1;;;;;
34.32;-2;-0.375;2.649498;1;Adaptation;15;1;;;;;
34.34;2;0.125;3.841916;1;Adaptation;15;1;;;;;
34.36;-0.5;-0.5;5.281473;1;Adaptation;15;1;;;;;
34.38;0;0.125;2.489189;1;Adaptation;15;1;;;;;
34.4;-0.5;-0.5;3.938523;1;Adaptation;15;1;;;;;
34.42;-0.5;-0.5;5.234506;1;Adaptation;15;1;;;;;
34.44;-0.5;-0.5;3.90609;1;Adaptation;15;1;;;;;
34.46;0;0.125;5.794174;1;Adaptation;15;1;;;;;
34.48;-0.5;-0.5;3.681347;1;Adaptation;15;1;;;;;
34.5;-0.5;-0.5;4.060519;1;Adaptation;15;1;;;;;
34.52;-0.5;-0.5;3.111839;1;Adaptation;15;1;;;;;
34.54;-0.5;-0.5;3.707558;1;Adaptation;15;1;;;;;
34.56;-0.5;-0.5;4.023237;1;Adaptation;15;1;;;;;
34.58;-0.5;-0.5;2.333588;1;Adaptation;15;1;;;;;
34.6;-0.5;-0.5;3.676926;1;Adaptation;15;1;;;;;
34.62;-0.5;-0.5;4.601957;1;Adaptation;15;1;;;;;
34.64;-0.5;-0.5;4.484768;1;Adaptation;15;1;;;;;
34.66;-0.5;-0.5;3.440717;1;Adaptation;15;1;;;;;
34.68;0;-0.25;4.981334;1;Adaptation;15;1;;;;;
34.7;0;0.25;5.253829;1;Adaptation;15;1;;;;;
34.72;-0.5;-0.5;5.233736;1;Adaptation;15;1;;;;;
34.74;0;-0.125;5.262108;1;Adaptation;15;1;;;;;
34.76;-0.5;-0.5;3.665642;1;Adaptation;15;1;;;;;
34.78;-0.5;-0.5;2.657305;1;Adaptation;15;1;;;;;
34.8;0;0;2.295971;1;Adaptation;15;1;;;;;
34.82;-0.5;-0.5;2.565826;1;Adaptation;15;1;;;;;
34.84;0;0.125;3.306306;1;Adaptation;15;1;;;;;
34.86;-0.5;-0.5;4.299173;1;Adaptation;15;1;;;;;
34.88;-0.5;-0.5;5.270334;1;Adaptation;15;1;;;;;
34.9;-0.5;-0.5;5.906448;1;Adaptation;15;1;;;;;
34.92;-0.5;-0.5;2.927235;1;Adaptation;15;1;;;;;
34.94;-0.5;-0.5;2.338003;1;Adaptation;15;1;;;;;
34.96;-0.5;-0.5;5.554991;1;Adaptation;15;1;;;;;
34.98;0;0.125;2.863207;1;Adaptation;15;1;;;;;
35;-0.5;-0.5;3.418456;1;Adaptation;15;1;;;;;
35.02;-0.5;-0.5;4.542163;1;Adaptation;15;1;;;;;
35.04;-0.5;-0.5;2.760756;1;Adaptation;15;1;;;;;
35.06;-0.5;-0.5;5.808039;1;Adaptation;15;1;;;;;
35.08;-0.5;-0.5;2.984926;1;Adaptation;15;1;;;;;
35.1;-2;-0.25;3.964535;1;Adaptation;15;1;;;;;
35.12;-0.5;-0.5;4.202182;1;Adaptation;15;1;;;;;
35.14;-0.5;-0.5;2.402386;1;Adaptation;15;1;;;;;
35.16;-0.5;-0.5;4.771409;1;Adaptation;15;1;;;;;
35.18;-0.5;-0.5;4.241306;1;Adaptation;15;1;;;;;
35.2;-0.5;-0.5;3.722995;1;Adaptation;15;1;;;;;
35.22;-0.5;-0.5;4.837228;1;Adaptation;15;1;;;;;
35.24;-0.5;-0.5;4.731238;1;Adaptation;15;1;;;;;
35.26;-2;0.25;3.96257;1;Adaptation;15;1;;;;;
35.28;0;0;3.655278;1;Adaptation;15;1;;;;;
35.3;0;0;4.414968;1;Adaptation;15;1;;;;;
35.32;-0.5;-0.5;4.624395;1;Adaptation;15;1;;;;;
35.34;-0.5;-0.5;2.459394;1;Adaptation;15;1;;;;;
35.36;-0.5;-0.5;5.724147;1;Adaptation;15;1;;;;;
35.38;-0.5;-0.5;2.330165;1;Adaptation;15;1;;;;;
35.4;0;0;4.699942;1;Adaptation;15;1;;;;;
35.42;0;0;5.626501;1;Adaptation;15;1;;;;;
35.44;0;-0.125;5.980741;1;Adaptation;15;1;;;;;
35.46;0;-0.125;3.080423;1;Adaptation;15;1;;;;;
35.48;0;0.25;3.936438;1;Adaptation;15;1;;;;;
35.5;-0.5;-0.5;2.850343;1;Adaptation;15;1;;;;;
35.52;-0.5;-0.5;5.174659;1;Adaptation;15;1;;;;;
35.54;-0.5;-0.5;5.861208;1;Adaptation;15;1;;;;;
35.56;-0.5;-0.5;5.779509;1;Adaptation;15;1;;;;;
35.58;-0.5;-0.5;4.546917;1;Adaptation;15;1;;;;;
35.6;-0.5;-0.5;2.211046;1;Adaptation;15;1;;;;;
35.62;-0.5;-0.5;3.111653;1;Adaptation;15;1;;;;;
35.64;-0.5;-0.5;5.05243;1;Adaptation;15;1;;;;;
35.66;-0.5;-0.5;5.207995;1;Adaptation;15;1;;;;;
35.68;-0.5;-0.5;4.990235;1;Adaptation;15;1;;;;;
35.7;-0.5;-0.5;2.692153;1;Adaptation;15;1;;;;;
35.72;0;0.375;2.689084;1;Adaptation;15;1;;;;;
35.74;-0.5;-0.5;5.420086;1;Adaptation;15;1;;;;;
35.76;-0.5;-0.5;5.251884;1;Adaptation;15;1;;;;;
35.78;-0.5;-0.5;3.346504;1;Adaptation;15;1;;;;;
35.8;4;0.125;2.814657;1;Adaptation;15;1;;;;;
35.82;-0.5;-0.5;3.215208;1;Adaptation;15;1;;;;;
35.84;0;0.125;4.764252;1;Adaptation;15;1;;;;;
35.86;-0.5;-0.5;3.132401;1;Adaptation;15;1;;;;;
35.88;-0.5;-0.5;5.664112;1;Adaptation;15;1;;;;;
35.9;-0.5;-0.5;5.484236;1;Adaptation;15;1;;;;;
35.92;-0.5;-0.5;3.627458;1;Adaptation;15;1;;;;;
35.94;-0.5;-0.5;5.168363;1;Adaptation;15;1;;;;;
35.96;-0.5;-0.5;5.106439;1;Adaptation;15;1;;;;;
35.98;-0.5;-0.5;3.646422;1;Adaptation;15;1;;;;;
36;-0.5;-0.5;4.159939;1;Adaptation;15;1;;;;;
36.02;-0.5;-0.5;5.581476;1;Adaptation;15;1;;;;;
36.04;0;-0.125;2.886001;1;Adaptation;15;1;;;;;
36.06;0;0;2.777081;1;Adaptation;15;1;;;;;
36.08;-0.5;-0.5;5.177322;1;Adaptation;15;1;;;;;
36.1;-0.5;-0.5;2.968719;1;Adaptation;15;1;;;;;
36.12;-0.5;-0.5;5.795788;1;Adaptation;15;1;;;;;
36.14;0;0;5.694797;1;Adaptation;15;1;;;;;
36.16;-0.5;-0.5;3.298449;1;Adaptation;15;1;;;;;
36.18;-0.5;-0.5;3.265777;1;Adaptation;15;1;;;;;
36.2;-0.5;-0.5;3.54374;1;Adaptation;15;1;;;;;
36.22;-0.5;-0.5;5.475948;1;Adaptation;15;1;;;;;
36.24;-0.5;-0.5;5.252081;1;Adaptation;15;1;;;;;
36.26;-0.5;-0.5;3.681002;1;Adaptation;15;1;;;;;
36.28;-0.5;-0.5;2.485326;1;Adaptation;15;1;;;;;
36.3;-0.5;-0.5;5.009556;1;Adaptation;15;1;;;;;
36.32;-0.5;-0.5;3.885519;1;Adaptation;15;1;;;;;
36.34;-2;-0.125;5.791369;1;Adaptation;15;1;;;;;
36.36;-0.5;-0.5;4.213107;1;Adaptation;15;1;;;;;
36.38;0;-0.125;4.242089;1;Adaptation;15;1;;;;;
36.4;-2;-0.125;2.056577;1;Adaptation;15;1;;;;;
36.42;0;0;4.701567;1;Adaptation;15;1;;;;;
36.44;-0.5;-0.5;4.193604;1;Adaptation;15;1;;;;;
36.46;-0.5;-0.5;5.250359;1;Adaptation;15;1;;;;;
36.48;0;-0.125;4.861045;1;Adaptation;15;1;;;;;
36.5;-0.5;-0.5;2.048972;1;Adaptation;15;1;;;;;
36.52;-2;0;2.171879;1;Adaptation;15;1;;;;;
36.54;-2;-0.125;2.709363;1;Adaptation;15;1;;;;;
36.56;-0.5;-0.5;2.879682;1;Adaptation;15;1;;;;;
36.58;-0.5;-0.5;3.729308;1;Adaptation;15;1;;;;;
36.6;0;0;3.894144;1;Adaptation;15;1;;;;;
36.62;-0.5;-0.5;2.028604;1;Adaptation;15;1;;;;;
36.64;-0.5;-0.5;4.463872;1;Adaptation;15;1;;;;;
36.66;-0.5;-0.5;4.707294;1;Adaptation;15;1;;;;;
36.68;-0.5;-0.5;2.250241;1;Adaptation;15;1;;;;;
36.7;-0.5;-0.5;3.10894;1;Adaptation;15;1;;;;;
36.72;-0.5;-0.5;3.674721;1;Adaptation;15;1;;;;;
36.74;-0.5;-0.5;2.48064;1;Adaptation;15;1;;;;;
36.76;-0.5;-0.5;2.020606;1;Adaptation;15;1;;;;;
36.78;-0.5;-0.5;5.853077;1;Adaptation;15;1;;;;;
36.8;-0.5;-0.5;5.104946;1;Adaptation;15;1;;;;;
36.82;-0.5;-0.5;4.084139;1;Adaptation;15;1;;;;;
36.84;-2;-0.25;2.176642;1;Adaptation;15;1;;;;;
36.86;-0.5;-0.5;5.734824;1;Adaptation;15;1;;;;;
36.88;-0.5;-0.5;4.751653;1;Adaptation;15;1;;;;;
36.9;-0.5;-0.5;3.030088;1;Adaptation;15;1;;;;;
36.92;-0.5;-0.5;3.621454;1;Adaptation;15;1;;;;;
36.94;-0.5;-0.5;2.801997;1;Adaptation;15;1;;;;;
36.96;-0.5;-0.5;2.79757;1;Adaptation;15;1;;;;;
36.98;-0.5;-0.5;2.296728;1;Adaptation;15;1;;;;;
37;-0.5;-0.5;5.084973;1;Adaptation;15;1;;;;;
37.02;-0.5;-0.5;4.856442;1;Adaptation;15;1;;;;;
37.04;-0.5;-0.5;4.673429;1;Adaptation;15;1;;;;;
37.06;-0.5;-0.5;3.735034;1;Adaptation;15;1;;;;;
37.08;0;0;5.14623;1;Adaptation;15;1;;;;;
37.1;-0.5;-0.5;3.867635;1;Adaptation;15;1;;;;;
37.12;-0.5;-0.5;5.444468;1;Adaptation;15;1;;;;;
37.14;-0.5;-0.5;5.921843;1;Adaptation;15;1;;;;;
37.16;0;-0.125;2.743665;1;Adaptation;15;1;;;;;
37.18;0;0.25;4.911047;1;Adaptation;15;1;;;;;
37.2;-0.5;-0.5;5.437924;1;Adaptation;15;1;;;;;
37.22;-0.5;-0.5;4.77999;1;Adaptation;15;1;;;;;
37.24;-0.5;-0.5;2.098822;1;Adaptation;15;1;;;;;
37.26;-0.5;-0.5;2.911933;1;Adaptation;15;1;;;;;
37.28;-0.5;-0.5;2.121823;1;Adaptation;15;1;;;;;
37.3;-0.5;-0.5;5.396577;1;Adaptation;15;1;;;;;
37.32;-0.5;-0.5;3.377988;1;Adaptation;15;1;;;;;
37.34;-0.5;-0.5;2.339195;1;Adaptation;15;1;;;;;
37.36;-0.5;-0.5;3.656988;1;Adaptation;15;1;;;;;
37.38;-0.5;-0.5;3.915463;1;Adaptation;15;1;;;;;
37.4;0;0.25;3.517806;1;Adaptation;15;1;;;;;
37.42;-2;0.125;4.289361;1;Adaptation;15;1;;;;;
37.44;-0.5;-0.5;3.34042;1;Adaptation;15;1;;;;;
37.46;-0.5;-0.5;2.330635;1;Adaptation;15;1;;;;;
37.48;-0.5;-0.5;5.925023;1;Adaptation;15;1;;;;;
37.5;-0.5;-0.5;5.545525;1;Adaptation;15;1;;;;;
37.52;0;0.125;3.966301;1;Adaptation;15;1;;;;;
37.54;-0.5;-0.5;3.732518;1;Adaptation;15;1;;;;;
37.56;-0.5;-0.5;4.469704;1;Adaptation;15;1;;;;;
37.58;0;-0.125;3.908198;1;Adaptation;15;1;;;;;
37.6;-0.5;-0.5;3.174397;1;Adaptation;15;1;;;;;
37.62;0;0.25;5.190718;1;Adaptation;15;1;;;;;
37.64;-0.5;-0.5;4.935825;1;Adaptation;15;1;;;;;
37.66;0;0;2.864438;1;Adaptation;15;1;;;;;
37.68;-0.5;-0.5;3.582629;1;Adaptation;15;1;;;;;
37.7;-0.5;-0.5;2.023913;1;Adaptation;15;1;;;;;
37.72;-0.5;-0.5;4.183147;1;Adaptation;15;1;;;;;
37.74;-0.5;-0.5;3.370704;1;Adaptation;15;1;;;;;
37.76;-0.5;-0.5;3.584188;1;Adaptation;15;1;;;;;
37.78;-0.5;-0.5;3.916166;1;Adaptation;15;1;;;;;
37.8;0;0.125;4.048401;1;Adaptation;15;1;;;;;
37.82;-0.5;-0.5;3.737501;1;Adaptation;15;1;;;;;
37.84;-0.5;-0.5;3.622673;1;Adaptation;15;1;;;;;
37.86;-0.5;-0.5;2.009271;1;Adaptation;15;1;;;;;
37.88;-0.5;-0.5;3.451124;1;Adaptation;15;1;;;;;
37.9;-2;-0.25;3.920018;1;Adaptation;15;1;;;;;
37.92;-0.5;-0.5;4.149716;1;Adaptation;15;1;;;;;
37.94;-2;0.125;3.879542;1;Adaptation;15;1;;;;;
37.96;-0.5;-0.5;2.626581;1;Adaptation;15;1;;;;;
37.98;0;-0.25;5.383653;1;Adaptation;15;1;;;;;
38;0;0.25;3.624635;1;Adaptation;15;1;;;;;
38.02;-0.5;-0.5;5.474016;1;Adaptation;15;1;;;;;
38.04;-0.5;-0.5;3.849537;1;Adaptation;15;1;;;;;
38.06;-0.5;-0.5;5.415037;1;Adaptation;15;1;;;;;
38.08;0;-0.125;3.658561;1;Adaptation;15;1;;;;;
38.1;0;-0.125;5.396336;1;Adaptation;15;1;;;;;
38.12;-0.5;-0.5;2.734254;1;Adaptation;15;1;;;;;
38.14;4;0;5.605659;1;Adaptation;15;1;;;;;
38.16;-0.5;-0.5;4.738565;1;Adaptation;15;1;;;;;
38.18;0;0.125;2.090607;1;Adaptation;15;1;;;;;
38.2;-0.5;-0.5;2.683616;1;Adaptation;15;1;;;;;
38.22;-0.5;-0.5;5.535801;1;Adaptation;15;1;;;;;
38.24;-0.5;-0.5;3.894246;1;Adaptation;15;1;;;;;
38.26;-0.5;-0.5;4.175062;1;Adaptation;15;1;;;;;
38.28;-0.5;-0.5;3.646209;1;Adaptation;15;1;;;;;
38.3;-0.5;-0.5;3.759821;1;Adaptation;15;1;;;;;
38.32;-0.5;-0.5;2.264391;1;Adaptation;15;1;;;;;
38.34;-0.5;-0.5;3.471184;1;Adaptation;15;1;;;;;
38.36;0;0.125;5.309869;1;Adaptation;15;1;;;;;
38.38;-0.5;-0.5;3.654205;1;Adaptation;15;1;;;;;
38.4;-0.5;-0.5;5.148809;1;Adaptation;15;1;;;;;
38.42;-0.5;-0.5;2.321799;1;Adaptation;15;1;;;;;
38.44;-0.5;-0.5;2.142197;1;Adaptation;15;1;;;;;
38.46;-0.5;-0.5;5.372306;1;Adaptation;15;1;;;;;
38.48;-2;0.25;5.669315;1;Adaptation;15;1;;;;;
38.5;-0.5;-0.5;5.246561;1;Adaptation;15;1;;;;;
38.52;2;0.125;4.409986;1;Adaptation;15;1;;;;;
38.54;0;0;5.930938;1;Adaptation;15;1;;;;;
38.56;-0.5;-0.5;5.419993;1;Adaptation;15;1;;;;;
38.58;-0.5;-0.5;5.684137;1;Adaptation;15;1;;;;;
38.6;-0.5;-0.5;5.921381;1;Adaptation;15;1;;;;;
38.62;-0.5;-0.5;3.322503;1;Adaptation;15;1;;;;;
38.64;-0.5;-0.5;3.736776;1;Adaptation;15;1;;;;;
38.66;-0.5;-0.5;4.269139;1;Adaptation;15;1;;;;;
38.68;-0.5;-0.5;2.918909;1;Adaptation;15;1;;;;;
38.7;0;-0.125;3.408882;1;Adaptation;15;1;;;;;
38.72;0;-0.125;3.384287;1;Adaptation;15;1;;;;;
38.74;0;0.25;2.937007;1;Adaptation;15;1;;;;;
38.76;-0.5;-0.5;4.468629;1;Adaptation;15;1;;;;;
38.78;0;-0.375;3.004027;1;Adaptation;15;1;;;;;
38.8;-0.5;-0.5;5.906704;1;Adaptation;15;1;;;;;
38.82;-0.5;-0.5;4.451994;1;Adaptation;15;1;;;;;
38.84;-0.5;-0.5;5.991008;1;Adaptation;15;1;;;;;
38.86;-0.5;-0.5;2.446505;1;Adaptation;15;1;;;;;
38.88;0;-0.125;4.256166;1;Adaptation;15;1;;;;;
38.9;-0.5;-0.5;5.86727;1;Adaptation;15;1;;;;;
38.92;-0.5;-0.5;5.428658;1;Adaptation;15;1;;;;;
38.94;-0.5;-0.5;3.590849;1;Adaptation;15;1;;;;;
38.96;-0.5;-0.5;3.359887;1;Adaptation;15;1;;;;;
38.98;0;-0.125;5.982453;1;Adaptation;15;1;;;;;
39;0;0;2.740702;1;Adaptation;15;1;;;;;
39.02;-0.5;-0.5;2.433869;1;Adaptation;15;1;;;;;
39.04;-0.5;-0.5;2.184485;1;Adaptation;15;1;;;;;
39.06;-0.5;-0.5;5.001419;1;Adaptation;15;1;;;;;
39.08;0;0.25;4.84478;1;Adaptation;15;1;;;;;
39.1;-0.5;-0.5;2.2247;1;Adaptation;15;1;;;;;
39.12;-0.5;-0.5;5.305785;1;Adaptation;15;1;;;;;
39.14;-0.5;-0.5;3.031856;1;Adaptation;15;1;;;;;
39.16;-0.5;-0.5;3.625887;1;Adaptation;15;1;;;;;
39.18;-0.5;-0.5;3.626576;1;Adaptation;15;1;;;;;
39.2;0;0;5.924534;1;Adaptation;15;1;;;;;
39.22;-0.5;-0.5;3.868125;1;Adaptation;15;1;;;;;
39.24;2;0;5.210528;1;Adaptation;15;1;;;;;
39.26;0;0;5.55387;1;Adaptation;15;1;;;;;
39.28;-0.5;-0.5;3.32431;1;Adaptation;15;1;;;;;
39.3;-0.5;-0.5;2.520514;1;Adaptation;15;1;;;;;
39.32;-0.5;-0.5;4.960577;1;Adaptation;15;1;;;;;
39.34;2;-0.125;5.852974;1;Adaptation;15;1;;;;;
39.36;0;0.125;4.783331;1;Adaptation;15;1;;;;;
39.38;-0.5;-0.5;5.551729;1;Adaptation;15;1;;;;;
39.4;2;0.125;4.360334;1;Adaptation;15;1;;;;;
39.42;-0.5;-0.5;3.031765;1;Adaptation;15;1;;;;;
39.44;-0.5;-0.5;2.171456;1;Adaptation;15;1;;;;;
39.46;0;-0.125;5.930356;1;Adaptation;15;1;;;;;
39.48;-0.5;-0.5;5.0674;1;Adaptation;15;1;;;;;
39.5;-0.5;-0.5;3.945131;1;Adaptation;15;1;;;;;
39.52;0;0.125;2.323784;1;Adaptation;15;1;;;;;
39.54;-2;-0.125;5.981355;1;Adaptation;15;1;;;;;
39.56;-0.5;-0.5;2.916766;1;Adaptation;15;1;;;;;
39.58;-0.5;-0.5;3.43316;1;Adaptation;15;1;;;;;
39.6;-0.5;-0.5;2.496523;1;Adaptation;15;1;;;;;
39.62;-0.5;-0.5;5.519062;1;Adaptation;15;1;;;;;
39.64;-2;0;2.560331;1;Adaptation;15;1;;;;;
39.66;-0.5;-0.5;2.996751;1;Adaptation;15;1;;;;;
39.68;-0.5;-0.5;2.894731;1;Adaptation;15;1;;;;;
39.7;-0.5;-0.5;3.699119;1;Adaptation;15;1;;;;;
39.72;0;0.125;4.748291;1;Adaptation;15;1;;;;;
39.74;-2;0.25;2.49571;1;Adaptation;15;1;;;;;
39.76;0;0.375;4.117257;1;Adaptation;15;1;;;;;
39.78;0;-0.25;2.211115;1;Adaptation;15;1;;;;;
39.8;2;0.125;5.207508;1;Adaptation;15;1;;;;;
39.82;-0.5;-0.5;3.890415;1;Adaptation;15;1;;;;;
39.84;-0.5;-0.5;5.175941;1;Adaptation;15;1;;;;;
39.86;0;-0.25;3.125894;1;Adaptation;15;1;;;;;
39.88;-0.5;-0.5;2.567161;1;Adaptation;15;1;;;;;
39.9;-0.5;-0.5;4.055079;1;Adaptation;15;1;;;;;
39.92;-0.5;-0.5;4.119484;1;Adaptation;15;1;;;;;
39.94;-0.5;-0.5;4.348964;1;Adaptation;15;1;;;;;
39.96;-0.5;-0.5;3.937018;1;Adaptation;15;1;;;;;
39.98;-0.5;-0.5;3.491633;1;Adaptation;15;1;;;;;
40;-0.5;-0.5;5.169138;1;Adaptation;15;1;;;;;
40.02;-2;0.25;4.726171;1;Adaptation;15;1;;;;;
40.04;0;0.125;2.284869;1;Adaptation;15;1;;;;;
40.06;-0.5;-0.5;5.725995;1;Adaptation;15;1;;;;;
40.08;-0.5;-0.5;2.281334;1;Adaptation;15;1;;;;;
40.1;-0.5;-0.5;2.992405;1;Adaptation;15;1;;;;;
40.12;0;0;5.409184;1;Adaptation;15;1;;;;;
40.14;-0.5;-0.5;3.716473;1;Adaptation;15;1;;;;;
40.16;-0.5;-0.5;5.925142;1;Adaptation;15;1;;;;;
40.18;-2;-0.125;5.65565;1;Adaptation;15;1;;;;;
40.2;0;0.25;3.170809;1;Adaptation;15;1;;;;;
40.22;-0.5;-0.5;3.209507;1;Adaptation;15;1;;;;;
40.24;-0.5;-0.5;5.338627;1;Adaptation;15;1;;;;;
40.26;-2;0.25;5.60306;1;Adaptation;15;1;;;;;
40.28;-0.5;-0.5;4.190959;1;Adaptation;15;1;;;;;
40.3;-0.5;-0.5;2.515889;1;Adaptation;15;1;;;;;
40.32;-0.5;-0.5;5.293152;1;Adaptation;15;1;;;;;
40.34;-0.5;-0.5;3.028168;1;Adaptation;15;1;;;;;
40.36;-0.5;-0.5;2.428269;1;Adaptation;15;1;;;;;
40.38;-0.5;-0.5;3.1532;1;Adaptation;15;1;;;;;
40.4;-0.5;-0.5;5.67196;1;Adaptation;15;1;;;;;
40.42;-2;0;4.384001;1;Adaptation;15;1;;;;;
40.44;2;0.125;2.442089;1;Adaptation;15;1;;;;;
40.46;-0.5;-0.5;5.564;1;Adaptation;15;1;;;;;
40.48;-0.5;-0.5;2.204415;1;Adaptation;15;1;;;;;
40.5;0;-0.125;4.834164;1;Adaptation;15;1;;;;;
40.52;2;-0.125;2.080076;1;Adaptation;15;1;;;;;
40.54;2;0;5.534014;1;Adaptation;15;1;;;;;
40.56;2;0.125;4.377118;1;Adaptation;15;1;;;;;
40.58;-0.5;-0.5;2.383472;1;Adaptation;15;1;;;;;
40.6;0;0.125;5.207435;1;Adaptation;15;1;;;;;
40.62;0;0;4.647097;1;Adaptation;15;1;;;;;
40.64;-0.5;-0.5;3.339349;1;Adaptation;15;1;;;;;
40.66;-0.5;-0.5;5.035713;1;Adaptation;15;1;;;;;
40.68;-0.5;-0.5;5.415874;1;Adaptation;15;1;;;;;
40.7;0;0;2.750451;1;Adaptation;15;1;;;;;
40.72;2;-0.125;3.173078;1;Adaptation;15;1;;;;;
40.74;-0.5;-0.5;5.841877;1;Adaptation;15;1;;;;;
40.76;-0.5;-0.5;5.768958;1;Adaptation;15;1;;;;;
40.78;2;0;2.263479;1;Adaptation;15;1;;;;;
40.8;-0.5;-0.5;3.087696;1;Adaptation;15;1;;;;;
40.82;-0.5;-0.5;4.788918;1;Adaptation;15;1;;;;;
40.84;-0.5;-0.5;5.933604;1;Adaptation;15;1;;;;;
40.86;-0.5;-0.5;3.545489;1;Adaptation;15;1;;;;;
40.88;-0.5;-0.5;4.069504;1;Adaptation;15;1;;;;;
40.9;-0.5;-0.5;5.178158;1;Adaptation;15;1;;;;;
40.92;0;-0.125;3.070505;1;Adaptation;15;1;;;;;
40.94;-0.5;-0.5;2.868839;1;Adaptation;15;1;;;;;
40.96;-0.5;-0.5;2.767734;1;Adaptation;15;1;;;;;
40.98;-0.5;-0.5;3.364494;1;Adaptation;15;1;;;;;
41;-0.5;-0.5;5.795707;1;Adaptation;15;1;;;;;
41.02;-0.5;-0.5;3.187649;1;Adaptation;15;1;;;;;
41.04;0;0.125;4.337687;1;Adaptation;15;1;;;;;
41.06;-0.5;-0.5;5.368752;1;Adaptation;15;1;;;;;
41.08;0;0;2.673736;1;Adaptation;15;1;;;;;
41.1;-0.5;-0.5;5.684036;1;Adaptation;15;1;;;;;
41.12;-0.5;-0.5;5.28784;1;Adaptation;15;1;;;;;
41.14;-0.5;-0.5;5.111946;1;Adaptation;15;1;;;;;
41.16;-0.5;-0.5;3.015835;1;Adaptation;15;1;;;;;
41.18;0;0;2.674995;1;Adaptation;15;1;;;;;
41.2;0;0.25;5.225906;1;Adaptation;15;1;;;;;
41.22;-0.5;-0.5;5.082364;1;Adaptation;15;1;;;;;
41.24;-0.5;-0.5;4.591102;1;Adaptation;15;1;;;;;
41.26;-0.5;-0.5;4.166933;1;Adaptation;15;1;;;;;
41.28;-0.5;-0.5;4.455791;1;Adaptation;15;1;;;;;
41.3;-0.5;-0.5;5.932215;1;Adaptation;15;1;;;;;
41.32;-0.5;-0.5;2.314642;1;Adaptation;15;1;;;;;
41.34;-0.5;-0.5;2.777834;1;Adaptation;15;1;;;;;
41.36;-0.5;-0.5;3.496748;1;Adaptation;15;1;;;;;
41.38;2;-0.25;4.096062;1;Adaptation;15;1;;;;;
;;;;;;;;;;;;
