time;pos_x_right;pos_y_right;dil_right;pos_x_left;pos_y_left;dil_left;brightness;state;fov;trial;;
0;-0.5;-0.5;4.867816;1;Adaptation;15;1;;;;;
0.02;-0.5;-0.5;4.540087;1;Adaptation;15;1;;;;;
0.04;-0.5;-0.5;4.811669;1;Adaptation;15;1;;;;;
0.06;-0.5;-0.5;2.0969;1;Adaptation;15;1;;;;;
0.08;-0.5;-0.5;2.158747;1;Adaptation;15;1;;;;;
0.09999999;-0.5;-0.5;3.345298;1;Adaptation;15;1;;;;;
0.12;-0.5;-0.5;4.083933;1;Adaptation;15;1;;;;;
0.14;-0.5;-0.5;5.583544;1;Adaptation;15;1;;;;;
0.16;-0.5;-0.5;3.387207;1;Adaptation;15;1;;;;;
0.18;-0.5;-0.5;4.66449;1;Adaptation;15;1;;;;;
0.2;-0.5;-0.5;5.567326;1;Adaptation;15;1;;;;;
0.22;-0.5;-0.5;3.425577;1;Adaptation;15;1;;;;;
0.24;-0.5;-0.5;5.779068;1;Adaptation;15;1;;;;;
0.26;-0.5;-0.5;2.182525;1;Adaptation;15;1;;;;;
0.28;-0.5;-0.5;3.818177;1;Adaptation;15;1;;;;;
0.3;-0.5;-0.5;5.780627;1;Adaptation;15;1;;;;;
0.32;-0.5;-0.5;4.104635;1;Adaptation;15;1;;;;;
0.34;-0.5;-0.5;5.473083;1;Adaptation;15;1;;;;;
0.36;0;0;2.181807;1;Adaptation;15;1;;;;;
0.38;-0.5;-0.5;5.374841;1;Adaptation;15;1;;;;;
0.4;-0.5;-0.5;4.506969;1;Adaptation;15;1;;;;;
0.42;-0.5;-0.5;4.028581;1;Adaptation;15;1;;;;;
0.44;-0.5;-0.5;2.41389;1;Adaptation;15;1;;;;;
0.46;-0.5;-0.5;3.621849;1;Adaptation;15;1;;;;;
0.48;-0.5;-0.5;3.447579;1;Adaptation;15;1;;;;;
0.5;-0.5;-0.5;5.89281;1;Adaptation;15;1;;;;;
0.52;2;0;3.672245;1;Adaptation;15;1;;;;;
0.54;-0.5;-0.5;4.854114;1;Adaptation;15;1;;;;;
0.56;-0.5;-0.5;5.825358;1;Adaptation;15;1;;;;;
0.58;-0.5;-0.5;4.020555;1;Adaptation;15;1;;;;;
0.6;-0.5;-0.5;2.633277;1;Adaptation;15;1;;;;;
0.62;-0.5;-0.5;2.528757;1;Adaptation;15;1;;;;;
0.64;-0.5;-0.5;2.375388;1;Adaptation;15;1;;;;;
0.66;-0.5;-0.5;3.121895;1;Adaptation;15;1;;;;;
0.68;-0.5;-0.5;4.558775;1;Adaptation;15;1;;;;;
0.7;-0.5;-0.5;3.995144;1;Adaptation;15;1;;;;;
0.72;0;0.25;3.26844;1;Adaptation;15;1;;;;;
0.74;-0.5;-0.5;4.027099;1;Adaptation;15;1;;;;;
0.76;-0.5;-0.5;2.204231;1;Adaptation;15;1;;;;;
0.78;-0.5;-0.5;5.181665;1;Adaptation;15;1;;;;;
0.8;-0.5;-0.5;2.734915;1;Adaptation;15;1;;;;;
0.82;2;0.125;5.220327;1;Adaptation;15;1;;;;;
0.84;-0.5;-0.5;2.107229;1;Adaptation;15;1;;;;;
0.86;-0.5;-0.5;3.578471;1;Adaptation;15;1;;;;;
0.88;0;0;2.071807;1;Adaptation;15;1;;;;;
0.9;0;-0.25;5.275673;1;Adaptation;15;1;;;;;
0.92;-0.5;-0.5;2.618177;1;Adaptation;15;1;;;;;
0.94;-0.5;-0.5;3.379292;1;Adaptation;15;1;;;;;
0.96;2;0;2.050833;1;Adaptation;15;1;;;;;
0.98;-0.5;-0.5;5.694471;1;Adaptation;15;1;;;;;
1;-0.5;-0.5;2.183075;1;Adaptation;15;1;;;;;
1.02;-0.5;-0.5;3.030157;1;Adaptation;15;1;;;;;
1.04;-0.5;-0.5;2.974219;1;Adaptation;15;1;;;;;
1.06;2;-0.125;5.201059;1;Adaptation;15;1;;;;;
1.08;-2;0.125;2.943809;1;Adaptation;15;1;;;;;
1.1;-0.5;-0.5;4.46492;1;Adaptation;15;1;;;;;
1.12;-0.5;-0.5;2.356812;1;Adaptation;15;1;;;;;
1.14;-0.5;-0.5;3.434581;1;Adaptation;15;1;;;;;
1.16;-2;-0.125;5.824384;1;Adaptation;15;1;;;;;
1.18;-0.5;-0.5;4.567728;1;Adaptation;15;1;;;;;
1.2;-0.5;-0.5;2.65412;1;Adaptation;15;1;;;;;
1.22;-0.5;-0.5;3.91852;1;Adaptation;15;1;;;;;
1.24;-0.5;-0.5;3.907634;1;Adaptation;15;1;;;;;
1.26;0;0;5.791792;1;Adaptation;15;1;;;;;
1.28;0;0.25;4.697579;1;Adaptation;15;1;;;;;
1.3;0;0;2.136468;1;Adaptation;15;1;;;;;
1.32;-0.5;-0.5;4.795989;1;Adaptation;15;1;;;;;
1.34;-0.5;-0.5;2.837091;1;Adaptation;15;1;;;;;
1.36;-0.5;-0.5;3.108707;1;Adaptation;15;1;;;;;
1.38;-0.5;-0.5;2.577915;1;Adaptation;15;1;;;;;
1.4;-0.5;-0.5;2.840227;1;Adaptation;15;1;;;;;
1.42;-0.5;-0.5;4.803535;1;Adaptation;15;1;;;;;
1.44;-0.5;-0.5;3.729217;1;Adaptation;15;1;;;;;
1.46;-0.5;-0.5;4.006936;1;Adaptation;15;1;;;;;
1.48;-0.5;-0.5;3.287408;1;Adaptation;15;1;;;;;
1.5;-0.5;-0.5;4.954071;1;Adaptation;15;1;;;;;
1.52;-0.5;-0.5;3.891354;1;Adaptation;15;1;;;;;
1.54;-0.5;-0.5;2.773149;1;Adaptation;15;1;;;;;
1.56;-0.5;-0.5;5.437056;1;Adaptation;15;1;;;;;
1.58;-2;-0.25;5.82883;1;Adaptation;15;1;;;;;
1.6;-0.5;-0.5;2.161094;1;Adaptation;15;1;;;;;
1.62;-0.5;-0.5;3.028073;1;Adaptation;15;1;;;;;
1.64;-0.5;-0.5;4.916829;1;Adaptation;15;1;;;;;
1.66;-0.5;-0.5;4.956527;1;Adaptation;15;1;;;;;
1.68;-0.5;-0.5;2.397504;1;Adaptation;15;1;;;;;
1.7;0;-0.125;2.568003;1;Adaptation;15;1;;;;;
1.72;-0.5;-0.5;3.144841;1;Adaptation;15;1;;;;;
1.74;-0.5;-0.5;3.885734;1;Adaptation;15;1;;;;;
1.76;-0.5;-0.5;3.123666;1;Adaptation;15;1;;;;;
1.78;-0.5;-0.5;5.979793;1;Adaptation;15;1;;;;;
1.8;-0.5;-0.5;3.654107;1;Adaptation;15;1;;;;;
1.82;0;0.125;4.612435;1;Adaptation;15;1;;;;;
1.84;-2;-0.125;5.760392;1;Adaptation;15;1;;;;;
1.86;-0.5;-0.5;2.159492;1;Adaptation;15;1;;;;;
1.88;-0.5;-0.5;5.635303;1;Adaptation;15;1;;;;;
1.9;-0.5;-0.5;3.945792;1;Adaptation;15;1;;;;;
1.92;-0.5;-0.5;4.034411;1;Adaptation;15;1;;;;;
1.94;0;0.125;4.115827;1;Adaptation;15;1;;;;;
1.96;0;0;3.942324;1;Adaptation;15;1;;;;;
1.98;-0.5;-0.5;2.175062;1;Adaptation;15;1;;;;;
2;0;0;4.314738;1;Adaptation;15;1;;;;;
2.02;-0.5;-0.5;3.13404;1;Adaptation;15;1;;;;;
2.04;-0.5;-0.5;2.746007;1;Adaptation;15;1;;;;;
2.06;-2;-0.125;2.813025;1;Adaptation;15;1;;;;;
2.08;0;-0.125;2.38357;1;Adaptation;15;1;;;;;
2.1;-0.5;-0.5;2.798085;1;Adaptation;15;1;;;;;
2.12;0;0;4.926555;1;Adaptation;15;1;;;;;
2.14;0;0;4.322556;1;Adaptation;15;1;;;;;
2.16;-0.5;-0.5;5.784678;1;Adaptation;15;1;;;;;
2.18;-0.5;-0.5;3.947575;1;Adaptation;15;1;;;;;
2.2;-0.5;-0.5;3.548302;1;Adaptation;15;1;;;;;
2.22;-0.5;-0.5;2.349869;1;Adaptation;15;1;;;;;
2.24;-0.5;-0.5;5.794185;1;Adaptation;15;1;;;;;
2.26;-0.5;-0.5;4.174836;1;Adaptation;15;1;;;;;
2.28;-0.5;-0.5;3.037095;1;Adaptation;15;1;;;;;
2.3;-0.5;-0.5;5.426334;1;Adaptation;15;1;;;;;
2.32;-0.5;-0.5;5.503474;1;Adaptation;15;1;;;;;
2.34;-0.5;-0.5;5.719414;1;Adaptation;15;1;;;;;
2.36;-0.5;-0.5;4.729805;1;Adaptation;15;1;;;;;
2.38;-2;0.125;5.410957;1;Adaptation;15;1;;;;;
2.4;-0.5;-0.5;5.276542;1;Adaptation;15;1;;;;;
2.42;-0.5;-0.5;2.793714;1;Adaptation;15;1;;;;;
2.44;-0.5;-0.5;2.683905;1;Adaptation;15;1;;;;;
2.46;-0.5;-0.5;2.465329;1;Adaptation;15;1;;;;;
2.48;-0.5;-0.5;4.029296;1;Adaptation;15;1;;;;;
2.5;-0.5;-0.5;5.943528;1;Adaptation;15;1;;;;;
2.52;2;-0.125;4.819282;1;Adaptation;15;1;;;;;
2.54;-0.5;-0.5;5.887485;1;Adaptation;15;1;;;;;
2.56;-0.5;-0.5;3.903722;1;Adaptation;15;1;;;;;
2.58;-0.5;-0.5;4.367774;1;Adaptation;15;1;;;;;
2.6;-0.5;-0.5;4.214103;1;Adaptation;15;1;;;;;
2.62;-0.5;-0.5;2.012217;1;Adaptation;15;1;;;;;
2.64;-0.5;-0.5;5.945636;1;Adaptation;15;1;;;;;
2.66;-2;-0.125;5.719809;1;Adaptation;15;1;;;;;
2.68;-0.5;-0.5;2.902408;1;Adaptation;15;1;;;;;
2.7;-0.5;-0.5;2.998449;1;Adaptation;15;1;;;;;
2.72;-0.5;-0.5;3.263832;1;Adaptation;15;1;;;;;
2.74;-0.5;-0.5;3.275892;1;Adaptation;15;1;;;;;
2.76;-0.5;-0.5;4.883085;1;Adaptation;15;1;;;;;
2.78;-0.5;-0.5;2.770899;1;Adaptation;15;1;;;;;
2.8;-0.5;-0.5;4.526236;1;Adaptation;15;1;;;;;
2.82;-0.5;-0.5;2.226737;1;Adaptation;15;1;;;;;
2.84;-0.5;-0.5;2.690984;1;Adaptation;15;1;;;;;
2.86;-0.5;-0.5;2.915072;1;Adaptation;15;1;;;;;
2.88;-0.5;-0.5;2.366854;1;Adaptation;15;1;;;;;
2.9;-0.5;-0.5;3.894487;1;Adaptation;15;1;;;;;
2.92;-0.5;-0.5;3.007721;1;Adaptation;15;1;;;;;
2.94;-0.5;-0.5;5.652583;1;Adaptation;15;1;;;;;
2.96;-0.5;-0.5;2.572124;1;Adaptation;15;1;;;;;
2.98;-0.5;-0.5;5.531864;1;Adaptation;15;1;;;;;
3;-4;0;4.969205;1;Adaptation;15;1;;;;;
3.02;-0.5;-0.5;5.912961;1;Adaptation;15;1;;;;;
3.04;0;0;5.952189;1;Adaptation;15;1;;;;;
3.06;-0.5;-0.5;3.190268;1;Adaptation;15;1;;;;;
3.08;-2;0.25;2.833883;1;Adaptation;15;1;;;;;
3.1;-0.5;-0.5;5.129039;1;Adaptation;15;1;;;;;
3.12;2;0.125;5.817945;1;Adaptation;15;1;;;;;
3.14;-0.5;-0.5;2.28112;1;Adaptation;15;1;;;;;
3.16;-0.5;-0.5;3.411562;1;Adaptation;15;1;;;;;
3.18;-0.5;-0.5;2.583745;1;Adaptation;15;1;;;;;
3.2;-0.5;-0.5;2.358779;1;Adaptation;15;1;;;;;
3.22;0;0.125;4.745907;1;Adaptation;15;1;;;;;
3.24;-0.5;-0.5;4.196678;1;Adaptation;15;1;;;;;
3.26;0;-0.125;3.663528;1;Adaptation;15;1;;;;;
3.28;-0.5;-0.5;5.025332;1;Adaptation;15;1;;;;;
3.3;-0.5;-0.5;5.318914;1;Adaptation;15;1;;;;;
3.32;-0.5;-0.5;2.503259;1;Adaptation;15;1;;;;;
3.34;-0.5;-0.5;4.530311;1;Adaptation;15;1;;;;;
3.36;0;0;2.301498;1;Adaptation;15;1;;;;;
3.38;-0.5;-0.5;3.259723;1;Adaptation;15;1;;;;;
3.4;-0.5;-0.5;2.641993;1;Adaptation;15;1;;;;;
3.42;-0.5;-0.5;4.175676;1;Adaptation;15;1;;;;;
3.44;-0.5;-0.5;4.957571;1;Adaptation;15;1;;;;;
3.46;-0.5;-0.5;5.340529;1;Adaptation;15;1;;;;;
3.48;-0.5;-0.5;5.002316;1;Adaptation;15;1;;;;;
3.5;-0.5;-0.5;5.291308;1;Adaptation;15;1;;;;;
3.52;0;0;5.626408;1;Adaptation;15;1;;;;;
3.54;-2;-0.125;4.173537;1;Adaptation;15;1;;;;;
3.56;-0.5;-0.5;4.298341;1;Adaptation;15;1;;;;;
3.58;-0.5;-0.5;4.431317;1;Adaptation;15;1;;;;;
3.6;0;0;5.278064;1;Adaptation;15;1;;;;;
3.62;-0.5;-0.5;3.978538;1;Adaptation;15;1;;;;;
3.64;-0.5;-0.5;2.224839;1;Adaptation;15;1;;;;;
3.66;2;-0.125;5.284358;1;Adaptation;15;1;;;;;
3.68;-0.5;-0.5;3.434048;1;Adaptation;15;1;;;;;
3.7;-0.5;-0.5;5.343875;1;Adaptation;15;1;;;;;
3.72;-0.5;-0.5;4.627123;1;Adaptation;15;1;;;;;
3.74;-0.5;-0.5;2.394733;1;Adaptation;15;1;;;;;
3.76;-0.5;-0.5;2.625134;1;Adaptation;15;1;;;;;
3.78;-0.5;-0.5;5.555114;1;Adaptation;15;1;;;;;
3.8;0;0;2.776379;1;Adaptation;15;1;;;;;
3.82;-0.5;-0.5;4.415802;1;Adaptation;15;1;;;;;
3.84;-0.5;-0.5;2.021536;1;Adaptation;15;1;;;;;
3.86;-0.5;-0.5;5.149869;1;Adaptation;15;1;;;;;
3.88;-0.5;-0.5;5.3066;1;Adaptation;15;1;;;;;
3.9;-0.5;-0.5;5.922456;1;Adaptation;15;1;;;;;
3.92;-0.5;-0.5;2.782086;1;Adaptation;15;1;;;;;
3.94;-0.5;-0.5;4.47541;1;Adaptation;15;1;;;;;
3.96;0;-0.25;3.54189;1;Adaptation;15;1;;;;;
3.98;0;0.375;5.236741;1;Adaptation;15;1;;;;;
4;-0.5;-0.5;4.413335;1;Adaptation;15;1;;;;;
4.02;-0.5;-0.5;5.134107;1;Adaptation;15;1;;;;;
4.04;0;-0.125;3.071181;1;Adaptation;15;1;;;;;
4.06;-0.5;-0.5;5.927007;1;Adaptation;15;1;;;;;
4.08;-0.5;-0.5;5.986065;1;Adaptation;15;1;;;;;
4.1;-0.5;-0.5;3.810157;1;Adaptation;15;1;;;;;
4.12;-0.5;-0.5;3.674645;1;Adaptation;15;1;;;;;
4.14;-0.5;-0.5;2.60789;1;Adaptation;15;1;;;;;
4.16;0;0.25;4.040194;1;Adaptation;15;1;;;;;
4.18;-0.5;-0.5;4.549122;1;Adaptation;15;1;;;;;
4.2;-0.5;-0.5;3.927607;1;Adaptation;15;1;;;;;
4.22;-0.5;-0.5;2.059247;1;Adaptation;15;1;;;;;
4.24;-0.5;-0.5;4.857172;1;Adaptation;15;1;;;;;
4.26;-0.5;-0.5;2.373417;1;Adaptation;15;1;;;;;
4.28;-2;0;3.650256;1;Adaptation;15;1;;;;;
4.3;-0.5;-0.5;3.133351;1;Adaptation;15;1;;;;;
4.32;0;0.25;5.329941;1;Adaptation;15;1;;;;;
4.34;-0.5;-0.5;4.947078;1;Adaptation;15;1;;;;;
4.36;-0.5;-0.5;5.542964;1;Adaptation;15;1;;;;;
4.38;-2;0.125;5.113626;1;Adaptation;15;1;;;;;
4.4;-0.5;-0.5;4.455154;1;Adaptation;15;1;;;;;
4.42;0;0;5.268469;1;Adaptation;15;1;;;;;
4.44;-0.5;-0.5;3.69455;1;Adaptation;15;1;;;;;
4.46;-0.5;-0.5;3.252604;1;Adaptation;15;1;;;;;
4.48;-0.5;-0.5;2.255504;1;Adaptation;15;1;;;;;
4.5;2;-0.25;5.466755;1;Adaptation;15;1;;;;;
4.52;-0.5;-0.5;2.312892;1;Adaptation;15;1;;;;;
4.54;2;-0.125;2.520091;1;Adaptation;15;1;;;;;
4.56;-0.5;-0.5;5.24498;1;Adaptation;15;1;;;;;
;;;;;;;;;;;;
