time;pos_x_right;pos_y_right;dil_right;pos_x_left;pos_y_left;dil_left;brightness;state;fov;trial;;
0;-0.5;-0.5;4.123324;1;Adaptation;15;1;;;;;
0.02;-0.5;-0.5;3.483238;1;Adaptation;15;1;;;;;
0.04;-0.5;-0.5;2.152914;1;Adaptation;15;1;;;;;
0.06;-0.5;-0.5;5.206852;1;Adaptation;15;1;;;;;
0.08;-0.5;-0.5;3.955496;1;Adaptation;15;1;;;;;
0.09999999;-0.5;-0.5;3.011945;1;Adaptation;15;1;;;;;
0.12;-0.5;-0.5;2.812469;1;Adaptation;15;1;;;;;
0.14;-0.5;-0.5;4.452678;1;Adaptation;15;1;;;;;
0.16;-0.5;-0.5;3.371092;1;Adaptation;15;1;;;;;
0.18;-0.5;-0.5;2.528204;1;Adaptation;15;1;;;;;
0.2;-0.5;-0.5;3.629234;1;Adaptation;15;1;;;;;
0.22;-0.5;-0.5;3.043249;1;Adaptation;15;1;;;;;
0.24;-0.5;-0.5;3.214478;1;Adaptation;15;1;;;;;
0.26;-0.5;-0.5;4.4582;1;Adaptation;15;1;;;;;
0.28;-0.5;-0.5;4.037696;1;Adaptation;15;1;;;;;
0.3;-0.5;-0.5;2.241407;1;Adaptation;15;1;;;;;
0.32;-0.5;-0.5;3.973427;1;Adaptation;15;1;;;;;
0.34;-0.5;-0.5;5.992142;1;Adaptation;15;1;;;;;
0.36;-0.5;-0.5;5.894996;1;Adaptation;15;1;;;;;
0.38;-0.5;-0.5;3.896764;1;Adaptation;15;1;;;;;
0.4;-0.5;-0.5;4.780274;1;Adaptation;15;1;;;;;
0.42;0;0.125;5.22345;1;Adaptation;15;1;;;;;
0.44;2;-0.125;2.107485;1;Adaptation;15;1;;;;;
0.46;-0.5;-0.5;2.233126;1;Adaptation;15;1;;;;;
0.48;-0.5;-0.5;2.202695;1;Adaptation;15;1;;;;;
0.5;-0.5;-0.5;3.086786;1;Adaptation;15;1;;;;;
0.52;0;-0.125;3.314349;1;Adaptation;15;1;;;;;
0.54;-0.5;-0.5;5.556433;1;Adaptation;15;1;;;;;
0.56;0;0;3.200793;1;Adaptation;15;1;;;;;
0.58;-0.5;-0.5;2.975504;1;Adaptation;15;1;;;;;
0.6;0;0.125;3.09856;1;Adaptation;15;1;;;;;
0.62;0;0.25;5.847661;1;Adaptation;15;1;;;;;
0.64;-0.5;-0.5;5.759544;1;Adaptation;15;1;;;;;
0.66;-0.5;-0.5;4.244214;1;Adaptation;15;1;;;;;
0.68;-0.5;-0.5;5.137021;1;Adaptation;15;1;;;;;
0.7;-0.5;-0.5;5.479171;1;Adaptation;15;1;;;;;
0.72;-0.5;-0.5;2.135478;1;Adaptation;15;1;;;;;
0.74;-0.5;-0.5;2.254379;1;Adaptation;15;1;;;;;
0.76;-0.5;-0.5;3.344576;1;Adaptation;15;1;;;;;
0.78;-0.5;-0.5;5.714725;1;Adaptation;15;1;;;;;
0.8;-0.5;-0.5;3.028865;1;Adaptation;15;1;;;;;
0.82;-0.5;-0.5;3.12538;1;Adaptation;15;1;;;;;
0.84;-0.5;-0.5;3.674686;1;Adaptation;15;1;;;;;
0.86;0;0;3.979436;1;Adaptation;15;1;;;;;
0.88;-0.5;-0.5;4.829308;1;Adaptation;15;1;;;;;
0.9;-0.5;-0.5;4.450526;1;Adaptation;15;1;;;;;
0.92;2;0.25;4.352881;1;Adaptation;15;1;;;;;
0.94;0;-0.125;2.313095;1;Adaptation;15;1;;;;;
0.96;-0.5;-0.5;4.435335;1;Adaptation;15;1;;;;;
0.98;-0.5;-0.5;3.192411;1;Adaptation;15;1;;;;;
1;-0.5;-0.5;5.313684;1;Adaptation;15;1;;;;;
1.02;-0.5;-0.5;2.30362;1;Adaptation;15;1;;;;;
1.04;-0.5;-0.5;2.472102;1;Adaptation;15;1;;;;;
1.06;-2;-0.25;4.028484;1;Adaptation;15;1;;;;;
1.08;0;0;3.211494;1;Adaptation;15;1;;;;;
1.1;-0.5;-0.5;2.147567;1;Adaptation;15;1;;;;;
1.12;-0.5;-0.5;2.04574;1;Adaptation;15;1;;;;;
1.14;0;0;3.733184;1;Adaptation;15;1;;;;;
1.16;-0.5;-0.5;4.087056;1;Adaptation;15;1;;;;;
1.18;-0.5;-0.5;3.786933;1;Adaptation;15;1;;;;;
1.2;0;-0.125;2.794022;1;Adaptation;15;1;;;;;
1.22;-0.5;-0.5;2.355836;1;Adaptation;15;1;;;;;
1.24;-0.5;-0.5;4.221971;1;Adaptation;15;1;;;;;
1.26;-0.5;-0.5;2.616424;1;Adaptation;15;1;;;;;
1.28;-0.5;-0.5;4.044275;1;Adaptation;15;1;;;;;
1.3;0;0.125;3.656767;1;Adaptation;15;1;;;;;
1.32;-0.5;-0.5;4.814194;1;Adaptation;15;1;;;;;
1.34;-0.5;-0.5;2.466904;1;Adaptation;15;1;;;;;
1.36;-0.5;-0.5;5.620526;1;Adaptation;15;1;;;;;
1.38;-0.5;-0.5;3.945364;1;Adaptation;15;1;;;;;
1.4;-0.5;-0.5;3.633579;1;Adaptation;15;1;;;;;
1.42;-0.5;-0.5;3.019914;1;Adaptation;15;1;;;;;
1.44;-0.5;-0.5;2.443086;1;Adaptation;15;1;;;;;
1.46;0;-0.125;5.525156;1;Adaptation;15;1;;;;;
1.48;-0.5;-0.5;5.188564;1;Adaptation;15;1;;;;;
1.5;-0.5;-0.5;5.31792;1;Adaptation;15;1;;;;;
1.52;-0.5;-0.5;4.778852;1;Adaptation;15;1;;;;;
1.54;-0.5;-0.5;3.828679;1;Adaptation;15;1;;;;;
1.56;-0.5;-0.5;3.993132;1;Adaptation;15;1;;;;;
1.58;0;-0.125;2.000821;1;Adaptation;15;1;;;;;
1.6;-0.5;-0.5;2.035739;1;Adaptation;15;1;;;;;
1.62;-0.5;-0.5;2.301115;1;Adaptation;15;1;;;;;
1.64;-0.5;-0.5;5.078953;1;Adaptation;15;1;;;;;
1.66;-0.5;-0.5;3.777894;1;Adaptation;15;1;;;;;
1.68;-0.5;-0.5;4.97573;1;Adaptation;15;1;;;;;
1.7;-0.5;-0.5;5.858181;1;Adaptation;15;1;;;;;
1.72;2;0.125;5.743714;1;Adaptation;15;1;;;;;
1.74;-0.5;-0.5;4.068956;1;Adaptation;15;1;;;;;
1.76;-2;-0.125;3.878835;1;Adaptation;15;1;;;;;
1.78;-0.5;-0.5;5.300118;1;Adaptation;15;1;;;;;
1.8;0;0;2.072339;1;Adaptation;15;1;;;;;
1.82;-0.5;-0.5;2.070153;1;Adaptation;15;1;;;;;
1.84;-0.5;-0.5;2.230323;1;Adaptation;15;1;;;;;
1.86;-0.5;-0.5;3.667351;1;Adaptation;15;1;;;;;
1.88;-0.5;-0.5;3.105408;1;Adaptation;15;1;;;;;
1.9;-0.5;-0.5;4.586718;1;Adaptation;15;1;;;;;
1.92;0;0.125;2.456582;1;Adaptation;15;1;;;;;
1.94;-0.5;-0.5;3.699196;1;Adaptation;15;1;;;;;
1.96;-2;0.125;4.532638;1;Adaptation;15;1;;;;;
1.98;-0.5;-0.5;5.631164;1;Adaptation;15;1;;;;;
2;0;-0.125;2.083963;1;Adaptation;15;1;;;;;
2.02;-0.5;-0.5;2.50225;1;Adaptation;15;1;;;;;
2.04;-0.5;-0.5;3.839181;1;Adaptation;15;1;;;;;
2.06;-0.5;-0.5;4.18577;1;Adaptation;15;1;;;;;
2.08;-0.5;-0.5;2.451492;1;Adaptation;15;1;;;;;
2.1;-0.5;-0.5;3.025052;1;Adaptation;15;1;;;;;
2.12;0;0;5.969137;1;Adaptation;15;1;;;;;
2.14;-0.5;-0.5;2.847629;1;Adaptation;15;1;;;;;
;;;;;;;;;;;;
