time;pos_x_right;pos_y_right;dil_right;pos_x_left;pos_y_left;dil_left;brightness;fov;trial;;
0;-0.5;-0.5;0;1;15;1;;;;;
0.02;-0.5;-0.5;-1;1;15;1;;;;;
0.04;-0.5;-0.5;-1;1;15;1;;;;;
0.06;-0.5;-0.5;-1;1;15;1;;;;;
0.08;-0.5;-0.5;-1;1;15;1;;;;;
0.09999999;-0.5;-0.5;-1;1;15;1;;;;;
0.12;-0.5;-0.5;-1;1;15;1;;;;;
0.14;-0.5;-0.5;-1;1;15;1;;;;;
0.16;-0.5;-0.5;-1;1;15;1;;;;;
0.18;-0.5;-0.5;-1;1;15;1;;;;;
0.2;-0.5;-0.5;-1;1;15;1;;;;;
0.22;-0.5;-0.5;-1;1;15;1;;;;;
0.24;-0.5;-0.5;-1;1;15;1;;;;;
0.26;-0.5;-0.5;-1;1;15;1;;;;;
0.28;-0.5;-0.5;-1;1;15;1;;;;;
0.3;-0.5;-0.5;-1;1;15;1;;;;;
0.32;-0.5;-0.5;-1;1;15;1;;;;;
0.34;-0.5;-0.5;-1;1;15;1;;;;;
0.36;-0.5;-0.5;-1;1;15;1;;;;;
0.38;-0.5;-0.5;-1;1;15;1;;;;;
0.4;0;0.05078125;-1;1;15;1;;;;;
0.42;-0.25;-0.015625;-1;1;15;1;;;;;
0.44;0;-0.02734375;-1;1;15;1;;;;;
0.46;0.25;-0.02734375;-1;1;15;1;;;;;
0.48;-0.5;-0.5;-1;1;15;1;;;;;
0.5;-0.25;-0.06640625;-1;1;15;1;;;;;
0.52;-0.5;-0.5;-1;1;15;1;;;;;
0.54;-0.5;-0.5;-1;1;15;1;;;;;
0.56;0.5;0.005859375;-1;1;15;1;;;;;
0.58;-0.25;0.05664063;-1;1;15;1;;;;;
0.6;-0.5;-0.5;-1;1;15;1;;;;;
0.62;-0.25;0;-1;1;15;1;;;;;
0.64;-0.5;-0.5;-1;1;15;1;;;;;
0.66;-0.5;-0.5;-1;1;15;1;;;;;
0.68;-0.5;-0.5;-1;1;15;1;;;;;
0.7;-0.5;-0.5;-1;1;15;1;;;;;
0.72;-0.5;-0.5;-1;1;15;1;;;;;
0.74;-0.5;-0.5;-1;1;15;1;;;;;
0.76;0.25;0.03125;-1;1;15;1;;;;;
0.78;-0.25;0.01953125;-1;1;15;1;;;;;
0.8;0.5;-0.03515625;-1;1;15;1;;;;;
0.82;-0.5;-0.5;-1;1;15;1;;;;;
0.84;-0.5;-0.5;-1;1;15;1;;;;;
0.86;-0.5;-0.5;-1;1;15;1;;;;;
0.88;-0.5;-0.5;-1;1;15;1;;;;;
0.9;-0.5;-0.5;-1;1;15;1;;;;;
0.92;-0.5;-0.5;-1;1;15;1;;;;;
0.94;-0.5;-0.5;-1;1;15;1;;;;;
0.96;-0.5;-0.5;-1;1;15;1;;;;;
0.98;-0.5;-0.5;-1;1;15;1;;;;;
1;-0.5;-0.5;-1;1;15;1;;;;;
1.02;-0.5;-0.5;-1;1;15;1;;;;;
1.04;-0.5;-0.5;-1;1;15;1;;;;;
1.06;-0.5;-0.5;-1;1;15;1;;;;;
1.08;-0.5;-0.5;-1;1;15;1;;;;;
;;;;;;;;;;;
