time;pos_x_right;pos_y_right;dil_right;pos_x_left;pos_y_left;dil_left;brightness;state;fov;trial;;
0;-2;0;4.787416;1;Adaptation;15;1;;;;;
0.02;-2;0;4.952011;1;Adaptation;15;1;;;;;
0.04;-2;0.125;4.93599;1;Adaptation;15;1;;;;;
0.06;-2;0.125;2.699469;1;Adaptation;15;1;;;;;
0.08;-2;0.125;2.587236;1;Adaptation;15;1;;;;;
0.09999999;-2;0.125;4.763347;1;Adaptation;15;1;;;;;
0.12;-2;0.125;3.745754;1;Adaptation;15;1;;;;;
0.14;-2;0.125;2.998093;1;Adaptation;15;1;;;;;
0.16;-2;0.125;4.773469;1;Adaptation;15;1;;;;;
0.18;-2;0.125;5.564354;1;Adaptation;15;1;;;;;
0.2;-2;0.125;3.393293;1;Adaptation;15;1;;;;;
0.22;-2;0.125;5.808881;1;Adaptation;15;1;;;;;
0.24;-2;0.125;5.626991;1;Adaptation;15;1;;;;;
0.26;-2;0.125;2.719667;1;Adaptation;15;1;;;;;
0.28;-2;0.125;4.55115;1;Adaptation;15;1;;;;;
0.3;-2;0.125;3.020241;1;Adaptation;15;1;;;;;
0.32;-2;0.125;3.521541;1;Adaptation;15;1;;;;;
0.34;-2;0.125;2.581637;1;Adaptation;15;1;;;;;
0.36;2;-0.25;3.512538;1;Adaptation;15;1;;;;;
0.38;-0.5;-0.5;2.92697;1;Adaptation;15;1;;;;;
0.4;-0.5;-0.5;2.912379;1;Adaptation;15;1;;;;;
0.42;-0.5;-0.5;3.351134;1;Adaptation;15;1;;;;;
0.44;-0.5;-0.5;2.952287;1;Adaptation;15;1;;;;;
0.46;-0.5;-0.5;2.721292;1;Adaptation;15;1;;;;;
0.48;-0.5;-0.5;3.048333;1;Adaptation;15;1;;;;;
0.5;-0.5;-0.5;2.360373;1;Adaptation;15;1;;;;;
0.52;-0.5;-0.5;4.429216;1;Adaptation;15;1;;;;;
0.54;-0.5;-0.5;5.212496;1;Adaptation;15;1;;;;;
0.56;-0.5;-0.5;3.877502;1;Adaptation;15;1;;;;;
0.58;0;0.125;4.107026;1;Adaptation;15;1;;;;;
0.6;-0.5;-0.5;5.101614;1;Adaptation;15;1;;;;;
0.62;-2;0.125;4.67582;1;Adaptation;15;1;;;;;
0.64;2;-0.125;2.903811;1;Adaptation;15;1;;;;;
0.66;-0.5;-0.5;4.286812;1;Adaptation;15;1;;;;;
0.68;-0.5;-0.5;2.840534;1;Adaptation;15;1;;;;;
0.7;-0.5;-0.5;4.44937;1;Adaptation;15;1;;;;;
0.72;-0.5;-0.5;5.399253;1;Adaptation;15;1;;;;;
0.74;2;-0.125;2.703536;1;Adaptation;15;1;;;;;
0.76;-0.5;-0.5;3.897025;1;Adaptation;15;1;;;;;
0.78;-0.5;-0.5;3.631891;1;Adaptation;15;1;;;;;
0.8;-0.5;-0.5;4.887016;1;Adaptation;15;1;;;;;
0.82;-0.5;-0.5;4.719166;1;Adaptation;15;1;;;;;
0.84;0;-0.125;5.423553;1;Adaptation;15;1;;;;;
0.86;0;0;4.944982;1;Adaptation;15;1;;;;;
0.88;-0.5;-0.5;5.622405;1;Adaptation;15;1;;;;;
0.9;-0.5;-0.5;5.980299;1;Adaptation;15;1;;;;;
0.92;-2;0;2.194194;1;Adaptation;15;1;;;;;
0.94;-0.5;-0.5;4.28097;1;Adaptation;15;1;;;;;
0.96;-0.5;-0.5;5.758608;1;Adaptation;15;1;;;;;
0.98;-0.5;-0.5;4.766013;1;Adaptation;15;1;;;;;
1;-0.5;-0.5;4.780493;1;Adaptation;15;1;;;;;
1.02;-0.5;-0.5;3.859819;1;Adaptation;15;1;;;;;
1.04;-0.5;-0.5;3.846963;1;Adaptation;15;1;;;;;
1.06;0;0;2.803488;1;Adaptation;15;1;;;;;
1.08;-0.5;-0.5;5.773945;1;Adaptation;15;1;;;;;
1.1;-0.5;-0.5;4.493656;1;Adaptation;15;1;;;;;
1.12;-0.5;-0.5;4.622111;1;Adaptation;15;1;;;;;
1.14;0;0;3.039772;1;Adaptation;15;1;;;;;
1.16;-0.5;-0.5;3.539173;1;Adaptation;15;1;;;;;
1.18;2;0.125;4.193329;1;Adaptation;15;1;;;;;
1.2;-0.5;-0.5;4.721494;1;Adaptation;15;1;;;;;
1.22;-0.5;-0.5;3.684544;1;Adaptation;15;1;;;;;
1.24;-0.5;-0.5;4.754624;1;Adaptation;15;1;;;;;
1.26;-0.5;-0.5;2.993295;1;Adaptation;15;1;;;;;
1.28;-0.5;-0.5;2.637357;1;Adaptation;15;1;;;;;
1.3;-0.5;-0.5;5.139789;1;Adaptation;15;1;;;;;
1.32;2;-0.25;2.415101;1;Adaptation;15;1;;;;;
1.34;-0.5;-0.5;5.744132;1;Adaptation;15;1;;;;;
1.36;-0.5;-0.5;4.765862;1;Adaptation;15;1;;;;;
1.38;-0.5;-0.5;2.78015;1;Adaptation;15;1;;;;;
1.4;-0.5;-0.5;3.947167;1;Adaptation;15;1;;;;;
1.42;0;0.125;3.688102;1;Adaptation;15;1;;;;;
1.44;-0.5;-0.5;5.547196;1;Adaptation;15;1;;;;;
1.46;-0.5;-0.5;2.803432;1;Adaptation;15;1;;;;;
1.48;-2;0.125;2.106315;1;Adaptation;15;1;;;;;
1.5;-0.5;-0.5;5.418363;1;Adaptation;15;1;;;;;
1.52;-0.5;-0.5;4.940188;1;Adaptation;15;1;;;;;
1.54;-0.5;-0.5;4.398111;1;Adaptation;15;1;;;;;
1.56;-0.5;-0.5;5.279555;1;Adaptation;15;1;;;;;
1.58;2;-0.125;4.177691;1;Adaptation;15;1;;;;;
1.6;-0.5;-0.5;3.512928;1;Adaptation;15;1;;;;;
1.62;-0.5;-0.5;2.699071;1;Adaptation;15;1;;;;;
1.64;0;0;3.964017;1;Adaptation;15;1;;;;;
1.66;-0.5;-0.5;4.33388;1;Adaptation;15;1;;;;;
1.68;-0.5;-0.5;5.713627;1;Adaptation;15;1;;;;;
1.7;-0.5;-0.5;3.444917;1;Adaptation;15;1;;;;;
1.72;-0.5;-0.5;2.101798;1;Adaptation;15;1;;;;;
1.74;-0.5;-0.5;4.937572;1;Adaptation;15;1;;;;;
1.76;-0.5;-0.5;5.653712;1;Adaptation;15;1;;;;;
1.78;-0.5;-0.5;2.715046;1;Adaptation;15;1;;;;;
1.8;0;0.125;5.037377;1;Adaptation;15;1;;;;;
1.82;-0.5;-0.5;3.955937;1;Adaptation;15;1;;;;;
1.84;-0.5;-0.5;2.296892;1;Adaptation;15;1;;;;;
1.86;-0.5;-0.5;4.208405;1;Adaptation;15;1;;;;;
1.88;-0.5;-0.5;2.014116;1;Adaptation;15;1;;;;;
1.9;-0.5;-0.5;5.253792;1;Adaptation;15;1;;;;;
1.92;-0.5;-0.5;3.184174;1;Adaptation;15;1;;;;;
1.94;-0.5;-0.5;5.209615;1;Adaptation;15;1;;;;;
1.96;2;-0.125;2.796395;1;Adaptation;15;1;;;;;
1.98;-0.5;-0.5;5.232311;1;Adaptation;15;1;;;;;
2;-0.5;-0.5;5.475148;1;Adaptation;15;1;;;;;
2.02;0;0.125;3.37901;1;Adaptation;15;1;;;;;
2.04;2;0.25;5.050476;1;Adaptation;15;1;;;;;
2.06;-0.5;-0.5;5.768086;1;Adaptation;15;1;;;;;
2.08;-0.5;-0.5;3.129335;1;Adaptation;15;1;;;;;
2.1;-0.5;-0.5;3.085962;1;Adaptation;15;1;;;;;
2.12;-0.5;-0.5;5.785;1;Adaptation;15;1;;;;;
2.14;-0.5;-0.5;2.473614;1;Adaptation;15;1;;;;;
2.16;0;0;4.08327;1;Adaptation;15;1;;;;;
2.18;2;0;5.568449;1;Adaptation;15;1;;;;;
2.2;2;0;2.918368;1;Adaptation;15;1;;;;;
2.22;-0.5;-0.5;4.413131;1;Adaptation;15;1;;;;;
2.24;-0.5;-0.5;4.31259;1;Adaptation;15;1;;;;;
2.26;-0.5;-0.5;5.3936;1;Adaptation;15;1;;;;;
2.28;-0.5;-0.5;2.137462;1;Adaptation;15;1;;;;;
2.3;-0.5;-0.5;2.42812;1;Adaptation;15;1;;;;;
2.32;2;0.125;5.228641;1;Adaptation;15;1;;;;;
2.34;-0.5;-0.5;5.999953;1;Adaptation;15;1;;;;;
2.36;-0.5;-0.5;4.19075;1;Adaptation;15;1;;;;;
2.38;2;-0.125;3.968536;1;Adaptation;15;1;;;;;
2.4;-0.5;-0.5;5.100192;1;Adaptation;15;1;;;;;
2.42;2;-0.125;2.74848;1;Adaptation;15;1;;;;;
2.44;2;0;3.308177;1;Adaptation;15;1;;;;;
2.46;-0.5;-0.5;3.462471;1;Adaptation;15;1;;;;;
2.48;-0.5;-0.5;3.898755;1;Adaptation;15;1;;;;;
2.5;-0.5;-0.5;5.228857;1;Adaptation;15;1;;;;;
2.52;-0.5;-0.5;4.186456;1;Adaptation;15;1;;;;;
2.54;-0.5;-0.5;5.580919;1;Adaptation;15;1;;;;;
2.56;-0.5;-0.5;3.949348;1;Adaptation;15;1;;;;;
2.58;-0.5;-0.5;5.807737;1;Adaptation;15;1;;;;;
2.6;-0.5;-0.5;3.430283;1;Adaptation;15;1;;;;;
2.62;-0.5;-0.5;5.962919;1;Adaptation;15;1;;;;;
2.64;0;0;3.205471;1;Adaptation;15;1;;;;;
2.66;-0.5;-0.5;4.07579;1;Adaptation;15;1;;;;;
2.68;0;0.125;4.585203;1;Adaptation;15;1;;;;;
2.7;-0.5;-0.5;3.468259;1;Adaptation;15;1;;;;;
2.72;-0.5;-0.5;3.856333;1;Adaptation;15;1;;;;;
2.74;-2;-0.125;2.055099;1;Adaptation;15;1;;;;;
2.76;-0.5;-0.5;4.007528;1;Adaptation;15;1;;;;;
2.78;0;-0.125;4.376481;1;Adaptation;15;1;;;;;
2.8;-0.5;-0.5;2.388166;1;Adaptation;15;1;;;;;
2.82;2;0;2.687163;1;Adaptation;15;1;;;;;
2.84;0;0;3.20342;1;Adaptation;15;1;;;;;
2.86;-0.5;-0.5;3.667243;1;Adaptation;15;1;;;;;
2.88;-0.5;-0.5;4.036944;1;Adaptation;15;1;;;;;
2.9;0;0.125;4.237668;1;Adaptation;15;1;;;;;
2.92;0;0;4.430057;1;Adaptation;15;1;;;;;
2.94;-0.5;-0.5;5.537506;1;Adaptation;15;1;;;;;
2.96;0;0;5.881398;1;Adaptation;15;1;;;;;
2.98;-0.5;-0.5;3.186058;1;Adaptation;15;1;;;;;
3;-0.5;-0.5;4.116591;1;Adaptation;15;1;;;;;
3.02;-0.5;-0.5;2.067807;1;Adaptation;15;1;;;;;
3.04;-0.5;-0.5;3.465636;1;Adaptation;15;1;;;;;
3.06;-0.5;-0.5;3.402798;1;Adaptation;15;1;;;;;
3.08;-0.5;-0.5;2.724037;1;Adaptation;15;1;;;;;
3.1;-0.5;-0.5;3.248224;1;Adaptation;15;1;;;;;
3.12;-0.5;-0.5;5.989161;1;Adaptation;15;1;;;;;
3.14;-0.5;-0.5;2.5503;1;Adaptation;15;1;;;;;
3.16;-0.5;-0.5;5.598734;1;Adaptation;15;1;;;;;
3.18;-0.5;-0.5;4.627384;1;Adaptation;15;1;;;;;
3.2;-0.5;-0.5;4.799978;1;Adaptation;15;1;;;;;
3.22;-0.5;-0.5;5.320242;1;Adaptation;15;1;;;;;
3.24;0;0.125;4.039956;1;Adaptation;15;1;;;;;
3.26;-0.5;-0.5;2.713712;1;Adaptation;15;1;;;;;
3.28;-0.5;-0.5;3.727033;1;Adaptation;15;1;;;;;
3.3;0;0.125;3.329331;1;Adaptation;15;1;;;;;
3.32;-0.5;-0.5;3.275632;1;Adaptation;15;1;;;;;
3.34;-0.5;-0.5;5.584194;1;Adaptation;15;1;;;;;
3.36;-0.5;-0.5;4.984473;1;Adaptation;15;1;;;;;
3.38;-0.5;-0.5;4.772535;1;Adaptation;15;1;;;;;
3.4;-0.5;-0.5;5.583339;1;Adaptation;15;1;;;;;
3.42;-0.5;-0.5;3.695968;1;Adaptation;15;1;;;;;
3.44;0;-0.125;3.25771;1;Adaptation;15;1;;;;;
3.46;-0.5;-0.5;4.262422;1;Adaptation;15;1;;;;;
3.48;-0.5;-0.5;4.731794;1;Adaptation;15;1;;;;;
3.5;-0.5;-0.5;3.883302;1;Adaptation;15;1;;;;;
3.52;-0.5;-0.5;3.031503;1;Adaptation;15;1;;;;;
3.54;0;0;3.895754;1;Adaptation;15;1;;;;;
3.56;-2;0;4.164639;1;Adaptation;15;1;;;;;
3.58;2;0.125;5.150894;1;Adaptation;15;1;;;;;
3.6;-2;0;4.506556;1;Adaptation;15;1;;;;;
3.62;-0.5;-0.5;2.187397;1;Adaptation;15;1;;;;;
3.64;2;0.125;5.037619;1;Adaptation;15;1;;;;;
3.66;0;0;4.543005;1;Adaptation;15;1;;;;;
3.68;0;0.125;5.092835;1;Adaptation;15;1;;;;;
3.7;-0.5;-0.5;4.147655;1;Adaptation;15;1;;;;;
3.72;-0.5;-0.5;4.0444;1;Adaptation;15;1;;;;;
3.74;-0.5;-0.5;4.728534;1;Adaptation;15;1;;;;;
3.76;0;-0.125;3.033564;1;Adaptation;15;1;;;;;
3.78;-0.5;-0.5;3.97507;1;Adaptation;15;1;;;;;
3.8;-0.5;-0.5;4.991041;1;Adaptation;15;1;;;;;
3.82;0;0.125;5.314472;1;Adaptation;15;1;;;;;
3.84;0;0;2.639038;1;Adaptation;15;1;;;;;
3.86;-0.5;-0.5;4.437799;1;Adaptation;15;1;;;;;
3.88;-0.5;-0.5;3.194889;1;Adaptation;15;1;;;;;
3.9;-0.5;-0.5;4.555382;1;Adaptation;15;1;;;;;
3.92;-0.5;-0.5;2.621974;1;Adaptation;15;1;;;;;
3.94;0;0;2.738592;1;Adaptation;15;1;;;;;
3.96;2;-0.125;5.258213;1;Adaptation;15;1;;;;;
3.98;-0.5;-0.5;5.90054;1;Adaptation;15;1;;;;;
4;-0.5;-0.5;4.353909;1;Adaptation;15;1;;;;;
4.02;0;-0.125;4.195516;1;Adaptation;15;1;;;;;
4.04;0;0.125;3.637937;1;Adaptation;15;1;;;;;
4.06;-0.5;-0.5;2.884836;1;Adaptation;15;1;;;;;
4.08;-0.5;-0.5;5.966738;1;Adaptation;15;1;;;;;
4.1;-0.5;-0.5;4.269319;1;Adaptation;15;1;;;;;
4.12;-0.5;-0.5;4.16009;1;Adaptation;15;1;;;;;
4.14;0;0;4.97198;1;Adaptation;15;1;;;;;
4.16;0;0;3.39872;1;Adaptation;15;1;;;;;
4.18;-0.5;-0.5;4.526032;1;Adaptation;15;1;;;;;
4.2;-0.5;-0.5;5.276766;1;Adaptation;15;1;;;;;
4.22;-0.5;-0.5;3.792614;1;Adaptation;15;1;;;;;
4.24;-0.5;-0.5;5.348452;1;Adaptation;15;1;;;;;
4.26;-0.5;-0.5;2.504804;1;Adaptation;15;1;;;;;
4.28;0;0.125;3.113269;1;Adaptation;15;1;;;;;
4.3;-0.5;-0.5;2.340438;1;Adaptation;15;1;;;;;
4.32;-0.5;-0.5;4.733616;1;Adaptation;15;1;;;;;
4.34;-0.5;-0.5;3.954257;1;Adaptation;15;1;;;;;
4.36;-0.5;-0.5;2.072743;1;Adaptation;15;1;;;;;
4.38;-0.5;-0.5;2.710033;1;Adaptation;15;1;;;;;
4.4;-0.5;-0.5;2.313387;1;Adaptation;15;1;;;;;
4.42;0;0;4.576668;1;Adaptation;15;1;;;;;
4.44;-0.5;-0.5;5.676333;1;Adaptation;15;1;;;;;
4.46;-0.5;-0.5;2.66922;1;Adaptation;15;1;;;;;
4.48;-0.5;-0.5;3.133998;1;Adaptation;15;1;;;;;
4.5;-0.5;-0.5;2.25279;1;Adaptation;15;1;;;;;
4.52;-2;0.25;2.052198;1;Adaptation;15;1;;;;;
4.54;-0.5;-0.5;4.472763;1;Adaptation;15;1;;;;;
4.56;-0.5;-0.5;3.412999;1;Adaptation;15;1;;;;;
4.58;2;0;4.92668;1;Adaptation;15;1;;;;;
4.6;-0.5;-0.5;2.917718;1;Adaptation;15;1;;;;;
4.62;-0.5;-0.5;4.477566;1;Adaptation;15;1;;;;;
4.64;-0.5;-0.5;3.610801;1;Adaptation;15;1;;;;;
4.66;-0.5;-0.5;3.305085;1;Adaptation;15;1;;;;;
4.68;0;0.125;2.029195;1;Adaptation;15;1;;;;;
4.7;-0.5;-0.5;5.084825;1;Adaptation;15;1;;;;;
4.72;-0.5;-0.5;2.703751;1;Adaptation;15;1;;;;;
4.74;-2;0.125;3.920037;1;Adaptation;15;1;;;;;
4.76;-0.5;-0.5;4.333676;1;Adaptation;15;1;;;;;
4.78;-2;0;4.447295;1;Adaptation;15;1;;;;;
4.8;-0.5;-0.5;3.327841;1;Adaptation;15;1;;;;;
4.82;-0.5;-0.5;2.165144;1;Adaptation;15;1;;;;;
4.84;0;0.125;4.67675;1;Adaptation;15;1;;;;;
4.86;-0.5;-0.5;4.845881;1;Adaptation;15;1;;;;;
4.88;-0.5;-0.5;3.868428;1;Adaptation;15;1;;;;;
4.9;-0.5;-0.5;4.56374;1;Adaptation;15;1;;;;;
4.92;-0.5;-0.5;3.578216;1;Adaptation;15;1;;;;;
4.94;-0.5;-0.5;3.70322;1;Adaptation;15;1;;;;;
4.96;-0.5;-0.5;2.508528;1;Adaptation;15;1;;;;;
4.98;-0.5;-0.5;4.713111;1;Adaptation;15;1;;;;;
5;-0.5;-0.5;5.381855;1;Adaptation;15;1;;;;;
5.02;-0.5;-0.5;4.759933;1;Adaptation;15;1;;;;;
5.04;0;-0.125;5.435197;1;Adaptation;15;1;;;;;
5.06;-0.5;-0.5;4.174895;1;Adaptation;15;1;;;;;
5.08;-0.5;-0.5;2.33487;1;Adaptation;15;1;;;;;
5.1;-0.5;-0.5;2.355744;1;Adaptation;15;1;;;;;
5.12;-0.5;-0.5;5.160057;1;Adaptation;15;1;;;;;
5.14;-0.5;-0.5;2.022329;1;Adaptation;15;1;;;;;
5.16;-2;-0.125;5.199639;1;Adaptation;15;1;;;;;
5.18;2;0.125;5.047332;1;Adaptation;15;1;;;;;
5.2;-0.5;-0.5;5.714532;1;Adaptation;15;1;;;;;
5.22;-0.5;-0.5;4.708053;1;Adaptation;15;1;;;;;
5.24;-0.5;-0.5;5.196369;1;Adaptation;15;1;;;;;
5.26;-0.5;-0.5;2.362896;1;Adaptation;15;1;;;;;
5.28;0;0;5.575786;1;Adaptation;15;1;;;;;
5.3;-0.5;-0.5;5.283633;1;Adaptation;15;1;;;;;
5.32;2;0;2.113262;1;Adaptation;15;1;;;;;
5.34;-0.5;-0.5;4.372371;1;Adaptation;15;1;;;;;
5.36;-0.5;-0.5;2.032099;1;Adaptation;15;1;;;;;
5.38;-0.5;-0.5;2.632086;1;Adaptation;15;1;;;;;
5.4;-0.5;-0.5;4.587131;1;Adaptation;15;1;;;;;
5.42;-0.5;-0.5;5.129736;1;Adaptation;15;1;;;;;
5.44;2;-0.125;3.307298;1;Adaptation;15;1;;;;;
5.46;-0.5;-0.5;2.649623;1;Adaptation;15;1;;;;;
5.48;-0.5;-0.5;3.017154;1;Adaptation;15;1;;;;;
5.5;-0.5;-0.5;2.408288;1;Adaptation;15;1;;;;;
5.52;0;0;5.195272;1;Adaptation;15;1;;;;;
5.54;-0.5;-0.5;4.084638;1;Adaptation;15;1;;;;;
5.56;-0.5;-0.5;3.149302;1;Adaptation;15;1;;;;;
5.58;-0.5;-0.5;3.114784;1;Adaptation;15;1;;;;;
5.6;-0.5;-0.5;3.892792;1;Adaptation;15;1;;;;;
5.62;-0.5;-0.5;3.708243;1;Adaptation;15;1;;;;;
5.64;-0.5;-0.5;2.500385;1;Adaptation;15;1;;;;;
5.66;0;0.125;3.980061;1;Adaptation;15;1;;;;;
5.68;-0.5;-0.5;2.946505;1;Adaptation;15;1;;;;;
5.7;-0.5;-0.5;4.171576;1;Adaptation;15;1;;;;;
5.72;-0.5;-0.5;3.361705;1;Adaptation;15;1;;;;;
5.74;-0.5;-0.5;5.58619;1;Adaptation;15;1;;;;;
5.76;-0.5;-0.5;4.924482;1;Adaptation;15;1;;;;;
5.78;-0.5;-0.5;5.625303;1;Adaptation;15;1;;;;;
5.8;0;0;5.796814;1;Adaptation;15;1;;;;;
5.82;-0.5;-0.5;2.732326;1;Adaptation;15;1;;;;;
5.84;-0.5;-0.5;4.772042;1;Adaptation;15;1;;;;;
5.86;-0.5;-0.5;2.826667;1;Adaptation;15;1;;;;;
5.88;-0.5;-0.5;3.137133;1;Adaptation;15;1;;;;;
5.9;-0.5;-0.5;5.358703;1;Adaptation;15;1;;;;;
5.92;-0.5;-0.5;4.047841;1;Adaptation;15;1;;;;;
5.94;-0.5;-0.5;2.347032;1;Adaptation;15;1;;;;;
5.96;-0.5;-0.5;4.349827;1;Adaptation;15;1;;;;;
5.98;0;0.5;5.65686;1;Adaptation;15;1;;;;;
6;-0.5;-0.5;5.171286;1;Adaptation;15;1;;;;;
6.02;-0.5;-0.5;2.551735;1;Adaptation;15;1;;;;;
6.04;-0.5;-0.5;3.416848;1;Adaptation;15;1;;;;;
6.06;0;0;4.137065;1;Adaptation;15;1;;;;;
6.08;-0.5;-0.5;3.914123;1;Adaptation;15;1;;;;;
6.1;-4;0.25;5.441597;1;Adaptation;15;1;;;;;
6.12;-0.5;-0.5;4.153487;1;Adaptation;15;1;;;;;
6.14;-0.5;-0.5;4.200116;1;Adaptation;15;1;;;;;
6.16;-0.5;-0.5;5.847086;1;Adaptation;15;1;;;;;
6.18;2;0;4.405656;1;Adaptation;15;1;;;;;
6.2;-0.5;-0.5;2.894619;1;Adaptation;15;1;;;;;
6.22;-0.5;-0.5;2.899686;1;Adaptation;15;1;;;;;
6.24;-0.5;-0.5;3.038723;1;Adaptation;15;1;;;;;
6.26;0;0.125;4.458096;1;Adaptation;15;1;;;;;
6.28;-2;-0.125;3.868772;1;Adaptation;15;1;;;;;
6.3;-0.5;-0.5;3.927031;1;Adaptation;15;1;;;;;
6.32;0;0.125;5.656639;1;Adaptation;15;1;;;;;
6.34;-2;0;4.381226;1;Adaptation;15;1;;;;;
6.36;-0.5;-0.5;5.453067;1;Adaptation;15;1;;;;;
6.38;-0.5;-0.5;3.25446;1;Adaptation;15;1;;;;;
6.4;-0.5;-0.5;3.142707;1;Adaptation;15;1;;;;;
6.42;-0.5;-0.5;3.228642;1;Adaptation;15;1;;;;;
6.44;-0.5;-0.5;2.505521;1;Adaptation;15;1;;;;;
6.46;-0.5;-0.5;5.823725;1;Adaptation;15;1;;;;;
6.48;2;0;4.353028;1;Adaptation;15;1;;;;;
6.5;0;0;5.638391;1;Adaptation;15;1;;;;;
6.52;-0.5;-0.5;3.325286;1;Adaptation;15;1;;;;;
6.54;-0.5;-0.5;5.556061;1;Adaptation;15;1;;;;;
6.56;-0.5;-0.5;5.837099;1;Adaptation;15;1;;;;;
6.58;-0.5;-0.5;2.6357;1;Adaptation;15;1;;;;;
6.6;-0.5;-0.5;4.004372;1;Adaptation;15;1;;;;;
6.62;2;0;4.403222;1;Adaptation;15;1;;;;;
6.64;-0.5;-0.5;5.770901;1;Adaptation;15;1;;;;;
6.66;0;-0.125;5.500799;1;Adaptation;15;1;;;;;
6.68;-0.5;-0.5;2.307208;1;Adaptation;15;1;;;;;
6.7;-2;0;2.657032;1;Adaptation;15;1;;;;;
6.72;-0.5;-0.5;4.121684;1;Adaptation;15;1;;;;;
6.74;-0.5;-0.5;4.578364;1;Adaptation;15;1;;;;;
6.76;-0.5;-0.5;3.308868;1;Adaptation;15;1;;;;;
6.78;-0.5;-0.5;5.34441;1;Adaptation;15;1;;;;;
6.8;-0.5;-0.5;2.610175;1;Adaptation;15;1;;;;;
6.82;-0.5;-0.5;3.497185;1;Adaptation;15;1;;;;;
6.84;0;-0.125;4.537995;1;Adaptation;15;1;;;;;
6.86;-0.5;-0.5;2.831356;1;Adaptation;15;1;;;;;
6.88;-0.5;-0.5;2.416086;1;Adaptation;15;1;;;;;
6.9;2;0;2.425936;1;Adaptation;15;1;;;;;
6.92;-0.5;-0.5;5.84301;1;Adaptation;15;1;;;;;
6.94;2;0;3.076905;1;Adaptation;15;1;;;;;
6.96;-0.5;-0.5;5.386679;1;Adaptation;15;1;;;;;
6.98;-0.5;-0.5;5.280311;1;Adaptation;15;1;;;;;
7;0;0;3.52808;1;Adaptation;15;1;;;;;
7.02;0;0.125;5.281865;1;Adaptation;15;1;;;;;
7.04;-0.5;-0.5;5.487393;1;Adaptation;15;1;;;;;
7.06;-0.5;-0.5;4.720897;1;Adaptation;15;1;;;;;
7.08;-0.5;-0.5;4.120028;1;Adaptation;15;1;;;;;
7.1;0;-0.125;4.14987;1;Adaptation;15;1;;;;;
7.12;-0.5;-0.5;3.646209;1;Adaptation;15;1;;;;;
7.14;-0.5;-0.5;2.848464;1;Adaptation;15;1;;;;;
7.16;-0.5;-0.5;5.803122;1;Adaptation;15;1;;;;;
7.18;-0.5;-0.5;5.556292;1;Adaptation;15;1;;;;;
7.2;-0.5;-0.5;4.87619;1;Adaptation;15;1;;;;;
7.22;-0.5;-0.5;3.00415;1;Adaptation;15;1;;;;;
7.24;-0.5;-0.5;2.830602;1;Adaptation;15;1;;;;;
7.26;0;0.25;5.000886;1;Adaptation;15;1;;;;;
7.28;-0.5;-0.5;4.275328;1;Adaptation;15;1;;;;;
7.3;-0.5;-0.5;3.741138;1;Adaptation;15;1;;;;;
7.32;2;-0.125;5.767836;1;Adaptation;15;1;;;;;
7.34;-0.5;-0.5;2.184011;1;Adaptation;15;1;;;;;
7.36;-0.5;-0.5;5.069408;1;Adaptation;15;1;;;;;
7.38;-0.5;-0.5;3.824181;1;Adaptation;15;1;;;;;
7.4;-0.5;-0.5;5.57421;1;Adaptation;15;1;;;;;
7.42;-0.5;-0.5;5.863211;1;Adaptation;15;1;;;;;
7.44;-0.5;-0.5;3.438809;1;Adaptation;15;1;;;;;
7.46;-0.5;-0.5;4.698707;1;Adaptation;15;1;;;;;
7.48;-0.5;-0.5;3.147338;1;Adaptation;15;1;;;;;
7.5;-0.5;-0.5;5.156963;1;Adaptation;15;1;;;;;
7.52;-0.5;-0.5;3.434706;1;Adaptation;15;1;;;;;
7.54;2;-0.125;3.269966;1;Adaptation;15;1;;;;;
7.56;-0.5;-0.5;5.555402;1;Adaptation;15;1;;;;;
7.58;-0.5;-0.5;3.600061;1;Adaptation;15;1;;;;;
7.6;-0.5;-0.5;5.672822;1;Adaptation;15;1;;;;;
7.62;-0.5;-0.5;5.652771;1;Adaptation;15;1;;;;;
7.64;-0.5;-0.5;4.505477;1;Adaptation;15;1;;;;;
7.66;-0.5;-0.5;3.443504;1;Adaptation;15;1;;;;;
7.68;0;0.125;4.260688;1;Adaptation;15;1;;;;;
7.7;-0.5;-0.5;4.299973;1;Adaptation;15;1;;;;;
7.72;-0.5;-0.5;5.680838;1;Adaptation;15;1;;;;;
7.74;-0.5;-0.5;5.556367;1;Adaptation;15;1;;;;;
7.76;0;0;3.157205;1;Adaptation;15;1;;;;;
7.78;-2;-0.25;4.599046;1;Adaptation;15;1;;;;;
7.8;-0.5;-0.5;2.037959;1;Adaptation;15;1;;;;;
7.82;-2;0;2.683524;1;Adaptation;15;1;;;;;
7.84;-0.5;-0.5;3.186852;1;Adaptation;15;1;;;;;
7.86;-0.5;-0.5;5.80042;1;Adaptation;15;1;;;;;
7.88;0;-0.125;3.082239;1;Adaptation;15;1;;;;;
7.9;0;0.125;3.35989;1;Adaptation;15;1;;;;;
7.92;-0.5;-0.5;5.302267;1;Adaptation;15;1;;;;;
7.94;-0.5;-0.5;2.743861;1;Adaptation;15;1;;;;;
7.96;-0.5;-0.5;2.089585;1;Adaptation;15;1;;;;;
7.98;-0.5;-0.5;3.098776;1;Adaptation;15;1;;;;;
8;-0.5;-0.5;3.43038;1;Adaptation;15;1;;;;;
8.02;-0.5;-0.5;4.158761;1;Adaptation;15;1;;;;;
8.04;0;-0.125;3.80891;1;Adaptation;15;1;;;;;
8.059999;0;0;5.302829;1;Adaptation;15;1;;;;;
8.08;0;0.25;3.567765;1;Adaptation;15;1;;;;;
8.099999;-0.5;-0.5;2.978469;1;Adaptation;15;1;;;;;
8.12;-0.5;-0.5;2.237595;1;Adaptation;15;1;;;;;
8.139999;-0.5;-0.5;3.949713;1;Adaptation;15;1;;;;;
8.16;0;-0.125;4.314648;1;Adaptation;15;1;;;;;
8.179999;-0.5;-0.5;2.487148;1;Adaptation;15;1;;;;;
8.2;-0.5;-0.5;4.467369;1;Adaptation;15;1;;;;;
8.22;-2;-0.25;2.500093;1;Adaptation;15;1;;;;;
8.24;0;0.125;2.377299;1;Adaptation;15;1;;;;;
8.26;-0.5;-0.5;2.146644;1;Adaptation;15;1;;;;;
8.28;-0.5;-0.5;2.195512;1;Adaptation;15;1;;;;;
8.3;-2;0;4.973714;1;Adaptation;15;1;;;;;
8.32;-0.5;-0.5;4.792908;1;Adaptation;15;1;;;;;
8.34;0;-0.25;3.796476;1;Adaptation;15;1;;;;;
8.36;-0.5;-0.5;3.9886;1;Adaptation;15;1;;;;;
8.38;-0.5;-0.5;2.871621;1;Adaptation;15;1;;;;;
8.4;-2;-0.125;3.402737;1;Adaptation;15;1;;;;;
8.42;0;0;4.568071;1;Adaptation;15;1;;;;;
8.44;-0.5;-0.5;4.185708;1;Adaptation;15;1;;;;;
8.46;-0.5;-0.5;3.00929;1;Adaptation;15;1;;;;;
8.48;0;0;4.632359;1;Adaptation;15;1;;;;;
8.5;0;0.125;3.080514;1;Adaptation;15;1;;;;;
8.52;0;-0.125;2.39347;1;Adaptation;15;1;;;;;
8.54;-0.5;-0.5;3.159686;1;Adaptation;15;1;;;;;
8.559999;-0.5;-0.5;2.472639;1;Adaptation;15;1;;;;;
8.58;-0.5;-0.5;4.387374;1;Adaptation;15;1;;;;;
8.599999;-0.5;-0.5;3.671736;1;Adaptation;15;1;;;;;
8.62;-0.5;-0.5;2.929305;1;Adaptation;15;1;;;;;
8.639999;0;-0.125;5.973919;1;Adaptation;15;1;;;;;
8.66;-0.5;-0.5;2.061913;1;Adaptation;15;1;;;;;
8.679999;0;0;5.649263;1;Adaptation;15;1;;;;;
8.7;-0.5;-0.5;4.288741;1;Adaptation;15;1;;;;;
8.72;-0.5;-0.5;5.382067;1;Adaptation;15;1;;;;;
8.74;0;0.125;2.141584;1;Adaptation;15;1;;;;;
8.76;-0.5;-0.5;2.782818;1;Adaptation;15;1;;;;;
8.78;-0.5;-0.5;2.451396;1;Adaptation;15;1;;;;;
8.8;-0.5;-0.5;2.639897;1;Adaptation;15;1;;;;;
8.82;-0.5;-0.5;5.304353;1;Adaptation;15;1;;;;;
8.84;-0.5;-0.5;4.045891;1;Adaptation;15;1;;;;;
8.86;-0.5;-0.5;3.557452;1;Adaptation;15;1;;;;;
8.88;-0.5;-0.5;3.467324;1;Adaptation;15;1;;;;;
8.9;-0.5;-0.5;4.081128;1;Adaptation;15;1;;;;;
8.92;2;0.25;3.36553;1;Adaptation;15;1;;;;;
8.94;-0.5;-0.5;3.435674;1;Adaptation;15;1;;;;;
8.96;-0.5;-0.5;2.409;1;Adaptation;15;1;;;;;
8.98;-0.5;-0.5;4.140884;1;Adaptation;15;1;;;;;
9;-0.5;-0.5;2.869304;1;Adaptation;15;1;;;;;
9.02;0;-0.125;5.137905;1;Adaptation;15;1;;;;;
9.04;-0.5;-0.5;5.212157;1;Adaptation;15;1;;;;;
9.059999;-0.5;-0.5;3.330479;1;Adaptation;15;1;;;;;
9.08;-0.5;-0.5;4.218121;1;Adaptation;15;1;;;;;
9.099999;-0.5;-0.5;5.965061;1;Adaptation;15;1;;;;;
9.12;-0.5;-0.5;3.851914;1;Adaptation;15;1;;;;;
9.139999;-0.5;-0.5;2.644337;1;Adaptation;15;1;;;;;
9.16;0;-0.125;3.784971;1;Adaptation;15;1;;;;;
9.179999;-0.5;-0.5;5.666455;1;Adaptation;15;1;;;;;
9.2;2;0;4.764115;1;Adaptation;15;1;;;;;
9.22;-0.5;-0.5;5.520457;1;Adaptation;15;1;;;;;
9.24;-0.5;-0.5;5.116571;1;Adaptation;15;1;;;;;
9.26;-0.5;-0.5;4.843736;1;Adaptation;15;1;;;;;
9.28;-0.5;-0.5;4.625957;1;Adaptation;15;1;;;;;
9.3;0;0.25;4.06856;1;Adaptation;15;1;;;;;
9.32;-0.5;-0.5;3.513042;1;Adaptation;15;1;;;;;
9.34;-0.5;-0.5;5.450219;1;Adaptation;15;1;;;;;
9.36;-0.5;-0.5;2.820779;1;Adaptation;15;1;;;;;
9.38;-0.5;-0.5;5.735428;1;Adaptation;15;1;;;;;
9.4;-0.5;-0.5;4.273458;1;Adaptation;15;1;;;;;
9.42;-2;-0.25;3.549625;1;Adaptation;15;1;;;;;
9.44;2;0.125;5.997912;1;Adaptation;15;1;;;;;
9.46;-0.5;-0.5;5.257668;1;Adaptation;15;1;;;;;
9.48;-0.5;-0.5;4.854186;1;Adaptation;15;1;;;;;
9.5;-0.5;-0.5;5.696169;1;Adaptation;15;1;;;;;
9.52;-0.5;-0.5;3.160833;1;Adaptation;15;1;;;;;
9.54;0;0;2.087789;1;Adaptation;15;1;;;;;
9.559999;-0.5;-0.5;5.939208;1;Adaptation;15;1;;;;;
9.58;-0.5;-0.5;3.63601;1;Adaptation;15;1;;;;;
9.599999;-0.5;-0.5;4.181254;1;Adaptation;15;1;;;;;
9.62;-0.5;-0.5;5.591037;1;Adaptation;15;1;;;;;
9.639999;-0.5;-0.5;2.266287;1;Adaptation;15;1;;;;;
9.66;-0.5;-0.5;4.621394;1;Adaptation;15;1;;;;;
9.679999;-0.5;-0.5;5.571421;1;Adaptation;15;1;;;;;
9.7;-0.5;-0.5;5.555585;1;Adaptation;15;1;;;;;
9.719999;-0.5;-0.5;2.536772;1;Adaptation;15;1;;;;;
9.74;-0.5;-0.5;5.432974;1;Adaptation;15;1;;;;;
9.76;-0.5;-0.5;3.912968;1;Adaptation;15;1;;;;;
9.78;-0.5;-0.5;3.186102;1;Adaptation;15;1;;;;;
9.8;-0.5;-0.5;2.286728;1;Adaptation;15;1;;;;;
9.82;-0.5;-0.5;2.310311;1;Adaptation;15;1;;;;;
9.84;-0.5;-0.5;4.548011;1;Adaptation;15;1;;;;;
9.86;-0.5;-0.5;2.817045;1;Adaptation;15;1;;;;;
9.88;0;0.125;3.103076;1;Adaptation;15;1;;;;;
9.9;-0.5;-0.5;4.674788;1;Adaptation;15;1;;;;;
9.92;-2;-0.125;4.147496;1;Adaptation;15;1;;;;;
9.94;-0.5;-0.5;3.918966;1;Adaptation;15;1;;;;;
9.96;-0.5;-0.5;4.346394;1;Adaptation;15;1;;;;;
9.98;-0.5;-0.5;4.511027;1;Adaptation;15;1;;;;;
10;-0.5;-0.5;3.039958;1;Adaptation;15;1;;;;;
10.02;-0.5;-0.5;5.699763;1;Adaptation;15;1;;;;;
10.04;-0.5;-0.5;2.6041;1;Adaptation;15;1;;;;;
10.06;-0.5;-0.5;2.811589;1;Adaptation;15;1;;;;;
10.08;-0.5;-0.5;4.098767;1;Adaptation;15;1;;;;;
10.1;-0.5;-0.5;2.182715;1;Adaptation;15;1;;;;;
10.12;-0.5;-0.5;5.78288;1;Adaptation;15;1;;;;;
10.14;0;-0.125;2.63454;1;Adaptation;15;1;;;;;
10.16;-0.5;-0.5;2.266098;1;Adaptation;15;1;;;;;
10.18;-0.5;-0.5;2.483155;1;Adaptation;15;1;;;;;
10.2;-0.5;-0.5;5.14404;1;Adaptation;15;1;;;;;
10.22;-0.5;-0.5;4.871315;1;Adaptation;15;1;;;;;
10.24;0;0.125;3.430968;1;Adaptation;15;1;;;;;
10.26;-0.5;-0.5;2.679771;1;Adaptation;15;1;;;;;
10.28;-0.5;-0.5;2.800769;1;Adaptation;15;1;;;;;
10.3;-0.5;-0.5;3.660235;1;Adaptation;15;1;;;;;
10.32;-0.5;-0.5;5.764045;1;Adaptation;15;1;;;;;
10.34;2;0;3.88192;1;Adaptation;15;1;;;;;
10.36;0;0;3.178897;1;Adaptation;15;1;;;;;
10.38;2;0;3.291488;1;Adaptation;15;1;;;;;
10.4;0;-0.125;2.172698;1;Adaptation;15;1;;;;;
10.42;-0.5;-0.5;2.92106;1;Adaptation;15;1;;;;;
10.44;-2;-0.125;4.072024;1;Adaptation;15;1;;;;;
10.46;-0.5;-0.5;2.552342;1;Adaptation;15;1;;;;;
10.48;-2;0.25;4.097773;1;Adaptation;15;1;;;;;
10.5;-0.5;-0.5;3.482856;1;Adaptation;15;1;;;;;
10.52;0;0.125;5.884456;1;Adaptation;15;1;;;;;
10.54;-0.5;-0.5;2.506626;1;Adaptation;15;1;;;;;
10.56;-0.5;-0.5;4.094966;1;Adaptation;15;1;;;;;
10.58;-0.5;-0.5;4.075371;1;Adaptation;15;1;;;;;
10.6;-0.5;-0.5;5.85703;1;Adaptation;15;1;;;;;
10.62;-0.5;-0.5;2.161635;1;Adaptation;15;1;;;;;
10.64;-0.5;-0.5;2.95563;1;Adaptation;15;1;;;;;
10.66;2;-0.125;2.835457;1;Adaptation;15;1;;;;;
10.68;-0.5;-0.5;4.129993;1;Adaptation;15;1;;;;;
10.7;-0.5;-0.5;4.130919;1;Adaptation;15;1;;;;;
10.72;-0.5;-0.5;4.744076;1;Adaptation;15;1;;;;;
10.74;-0.5;-0.5;5.711888;1;Adaptation;15;1;;;;;
10.76;-0.5;-0.5;3.081693;1;Adaptation;15;1;;;;;
10.78;-0.5;-0.5;2.745625;1;Adaptation;15;1;;;;;
10.8;-0.5;-0.5;4.124284;1;Adaptation;15;1;;;;;
10.82;2;-0.125;2.754219;1;Adaptation;15;1;;;;;
10.84;-0.5;-0.5;3.466438;1;Adaptation;15;1;;;;;
10.86;-0.5;-0.5;3.359758;1;Adaptation;15;1;;;;;
10.88;-0.5;-0.5;4.350866;1;Adaptation;15;1;;;;;
10.9;-0.5;-0.5;2.113958;1;Adaptation;15;1;;;;;
10.92;-0.5;-0.5;3.817559;1;Adaptation;15;1;;;;;
10.94;0;-0.125;2.663873;1;Adaptation;15;1;;;;;
10.96;-2;-0.375;4.861105;1;Adaptation;15;1;;;;;
10.98;2;-0.125;3.885056;1;Adaptation;15;1;;;;;
11;-0.5;-0.5;5.29468;1;Adaptation;15;1;;;;;
11.02;0;0.25;4.729085;1;Adaptation;15;1;;;;;
11.04;-0.5;-0.5;2.509618;1;Adaptation;15;1;;;;;
11.06;-0.5;-0.5;5.943521;1;Adaptation;15;1;;;;;
11.08;-0.5;-0.5;3.914088;1;Adaptation;15;1;;;;;
11.1;-0.5;-0.5;3.532513;1;Adaptation;15;1;;;;;
11.12;-0.5;-0.5;3.989722;1;Adaptation;15;1;;;;;
11.14;-0.5;-0.5;5.40118;1;Adaptation;15;1;;;;;
11.16;-0.5;-0.5;4.894106;1;Adaptation;15;1;;;;;
11.18;-0.5;-0.5;4.409797;1;Adaptation;15;1;;;;;
11.2;-2;-0.125;2.700099;1;Adaptation;15;1;;;;;
11.22;-0.5;-0.5;5.949499;1;Adaptation;15;1;;;;;
11.24;0;-0.125;4.603292;1;Adaptation;15;1;;;;;
11.26;-0.5;-0.5;4.058588;1;Adaptation;15;1;;;;;
11.28;-0.5;-0.5;5.578371;1;Adaptation;15;1;;;;;
11.3;0;-0.125;5.615511;1;Adaptation;15;1;;;;;
11.32;-0.5;-0.5;2.594652;1;Adaptation;15;1;;;;;
11.34;-0.5;-0.5;3.111597;1;Adaptation;15;1;;;;;
11.36;-0.5;-0.5;2.083328;1;Adaptation;15;1;;;;;
11.38;-0.5;-0.5;3.34897;1;Adaptation;15;1;;;;;
11.4;-2;0.125;2.480179;1;Adaptation;15;1;;;;;
11.42;-0.5;-0.5;3.690332;1;Adaptation;15;1;;;;;
11.44;-0.5;-0.5;5.975946;1;Adaptation;15;1;;;;;
11.46;-0.5;-0.5;2.435224;1;Adaptation;15;1;;;;;
11.48;-0.5;-0.5;4.044851;1;Adaptation;15;1;;;;;
11.5;-0.5;-0.5;3.211117;1;Adaptation;15;1;;;;;
11.52;-0.5;-0.5;5.859694;1;Adaptation;15;1;;;;;
11.54;0;0;2.300281;1;Adaptation;15;1;;;;;
11.56;-0.5;-0.5;3.908838;1;Adaptation;15;1;;;;;
11.58;-0.5;-0.5;2.048876;1;Adaptation;15;1;;;;;
11.6;-2;-0.125;5.453309;1;Adaptation;15;1;;;;;
11.62;-0.5;-0.5;5.612438;1;Adaptation;15;1;;;;;
11.64;-0.5;-0.5;2.792984;1;Adaptation;15;1;;;;;
11.66;-0.5;-0.5;4.771848;1;Adaptation;15;1;;;;;
11.68;-0.5;-0.5;5.590023;1;Adaptation;15;1;;;;;
11.7;-0.5;-0.5;5.749755;1;Adaptation;15;1;;;;;
11.72;-0.5;-0.5;3.446821;1;Adaptation;15;1;;;;;
11.74;-0.5;-0.5;5.551518;1;Adaptation;15;1;;;;;
11.76;-0.5;-0.5;2.080165;1;Adaptation;15;1;;;;;
11.78;-0.5;-0.5;3.774266;1;Adaptation;15;1;;;;;
11.8;-0.5;-0.5;2.888894;1;Adaptation;15;1;;;;;
11.82;-0.5;-0.5;2.523605;1;Adaptation;15;1;;;;;
11.84;-0.5;-0.5;5.879782;1;Adaptation;15;1;;;;;
11.86;0;-0.125;2.802193;1;Adaptation;15;1;;;;;
11.88;-0.5;-0.5;3.373153;1;Adaptation;15;1;;;;;
11.9;-0.5;-0.5;4.87478;1;Adaptation;15;1;;;;;
11.92;0;-0.125;5.081053;1;Adaptation;15;1;;;;;
11.94;0;0.375;2.721334;1;Adaptation;15;1;;;;;
11.96;-0.5;-0.5;5.571238;1;Adaptation;15;1;;;;;
11.98;-0.5;-0.5;2.949425;1;Adaptation;15;1;;;;;
12;-0.5;-0.5;4.413502;1;Adaptation;15;1;;;;;
12.02;0;0.25;5.564465;1;Adaptation;15;1;;;;;
12.04;-0.5;-0.5;4.901707;1;Adaptation;15;1;;;;;
12.06;-0.5;-0.5;5.141864;1;Adaptation;15;1;;;;;
12.08;-0.5;-0.5;4.159799;1;Adaptation;15;1;;;;;
12.1;-0.5;-0.5;2.12477;1;Adaptation;15;1;;;;;
12.12;0;-0.25;4.337652;1;Adaptation;15;1;;;;;
12.14;-0.5;-0.5;5.979512;1;Adaptation;15;1;;;;;
12.16;0;0.25;3.615215;1;Adaptation;15;1;;;;;
12.18;-0.5;-0.5;5.086774;1;Adaptation;15;1;;;;;
12.2;-0.5;-0.5;3.28914;1;Adaptation;15;1;;;;;
12.22;-0.5;-0.5;5.800517;1;Adaptation;15;1;;;;;
12.24;-0.5;-0.5;2.957873;1;Adaptation;15;1;;;;;
12.26;-0.5;-0.5;5.87614;1;Adaptation;15;1;;;;;
12.28;-0.5;-0.5;2.812591;1;Adaptation;15;1;;;;;
12.3;0;-0.125;2.249997;1;Adaptation;15;1;;;;;
12.32;-0.5;-0.5;5.290234;1;Adaptation;15;1;;;;;
12.34;-0.5;-0.5;5.649654;1;Adaptation;15;1;;;;;
12.36;-0.5;-0.5;2.041581;1;Adaptation;15;1;;;;;
12.38;0;-0.125;3.022474;1;Adaptation;15;1;;;;;
12.4;-2;0.125;5.951259;1;Adaptation;15;1;;;;;
12.42;-0.5;-0.5;4.263152;1;Adaptation;15;1;;;;;
12.44;-0.5;-0.5;4.015326;1;Adaptation;15;1;;;;;
12.46;-0.5;-0.5;5.764865;1;Adaptation;15;1;;;;;
12.48;0;0;5.207224;1;Adaptation;15;1;;;;;
12.5;-0.5;-0.5;2.349089;1;Adaptation;15;1;;;;;
12.52;0;-0.125;3.76865;1;Adaptation;15;1;;;;;
12.54;2;0.125;2.839184;1;Adaptation;15;1;;;;;
12.56;-0.5;-0.5;3.031525;1;Adaptation;15;1;;;;;
12.58;-0.5;-0.5;5.717229;1;Adaptation;15;1;;;;;
12.6;-0.5;-0.5;4.422611;1;Adaptation;15;1;;;;;
12.62;-0.5;-0.5;5.808165;1;Adaptation;15;1;;;;;
12.64;-0.5;-0.5;2.639188;1;Adaptation;15;1;;;;;
12.66;0;0.125;5.996439;1;Adaptation;15;1;;;;;
12.68;-0.5;-0.5;4.713655;1;Adaptation;15;1;;;;;
12.7;-0.5;-0.5;4.882842;1;Adaptation;15;1;;;;;
12.72;-2;0.125;4.184031;1;Adaptation;15;1;;;;;
12.74;-0.5;-0.5;4.813552;1;Adaptation;15;1;;;;;
12.76;0;0;5.971164;1;Adaptation;15;1;;;;;
12.78;-0.5;-0.5;3.883132;1;Adaptation;15;1;;;;;
12.8;-0.5;-0.5;3.98124;1;Adaptation;15;1;;;;;
12.82;-2;-0.125;4.465775;1;Adaptation;15;1;;;;;
12.84;-0.5;-0.5;5.367629;1;Adaptation;15;1;;;;;
12.86;-0.5;-0.5;5.587287;1;Adaptation;15;1;;;;;
12.88;-0.5;-0.5;3.487088;1;Adaptation;15;1;;;;;
12.9;-0.5;-0.5;5.515618;1;Adaptation;15;1;;;;;
12.92;-2;0;4.190244;1;Adaptation;15;1;;;;;
12.94;-0.5;-0.5;4.276091;1;Adaptation;15;1;;;;;
12.96;-0.5;-0.5;2.210279;1;Adaptation;15;1;;;;;
12.98;-0.5;-0.5;2.448707;1;Adaptation;15;1;;;;;
13;-0.5;-0.5;2.367647;1;Adaptation;15;1;;;;;
13.02;2;-0.125;3.68008;1;Adaptation;15;1;;;;;
13.04;-0.5;-0.5;5.00427;1;Adaptation;15;1;;;;;
13.06;-0.5;-0.5;2.181469;1;Adaptation;15;1;;;;;
13.08;-0.5;-0.5;2.398458;1;Adaptation;15;1;;;;;
13.1;0;-0.25;5.029685;1;Adaptation;15;1;;;;;
13.12;0;-0.125;4.985131;1;Adaptation;15;1;;;;;
13.14;-0.5;-0.5;3.162525;1;Adaptation;15;1;;;;;
13.16;-0.5;-0.5;4.674457;1;Adaptation;15;1;;;;;
13.18;-0.5;-0.5;4.330942;1;Adaptation;15;1;;;;;
13.2;-0.5;-0.5;4.414653;1;Adaptation;15;1;;;;;
13.22;-2;-0.125;3.128307;1;Adaptation;15;1;;;;;
13.24;-0.5;-0.5;4.804095;1;Adaptation;15;1;;;;;
13.26;-0.5;-0.5;2.071102;1;Adaptation;15;1;;;;;
13.28;-0.5;-0.5;5.513222;1;Adaptation;15;1;;;;;
13.3;-0.5;-0.5;3.956374;1;Adaptation;15;1;;;;;
13.32;-0.5;-0.5;5.736274;1;Adaptation;15;1;;;;;
13.34;-0.5;-0.5;3.278817;1;Adaptation;15;1;;;;;
13.36;-0.5;-0.5;3.219723;1;Adaptation;15;1;;;;;
13.38;-0.5;-0.5;2.334158;1;Adaptation;15;1;;;;;
13.4;-0.5;-0.5;3.076868;1;Adaptation;15;1;;;;;
13.42;-0.5;-0.5;4.463101;1;Adaptation;15;1;;;;;
13.44;-0.5;-0.5;4.661119;1;Adaptation;15;1;;;;;
13.46;2;0.125;2.321567;1;Adaptation;15;1;;;;;
13.48;-0.5;-0.5;4.177778;1;Adaptation;15;1;;;;;
13.5;2;0;4.202732;1;Adaptation;15;1;;;;;
13.52;-0.5;-0.5;2.598461;1;Adaptation;15;1;;;;;
13.54;-0.5;-0.5;4.79636;1;Adaptation;15;1;;;;;
13.56;-0.5;-0.5;2.840335;1;Adaptation;15;1;;;;;
13.58;0;-0.125;3.965621;1;Adaptation;15;1;;;;;
13.6;-2;0;4.385729;1;Adaptation;15;1;;;;;
13.62;-0.5;-0.5;3.055073;1;Adaptation;15;1;;;;;
13.64;-0.5;-0.5;4.724452;1;Adaptation;15;1;;;;;
13.66;-0.5;-0.5;2.857916;1;Adaptation;15;1;;;;;
13.68;-0.5;-0.5;4.103832;1;Adaptation;15;1;;;;;
13.7;-2;0.375;3.878255;1;Adaptation;15;1;;;;;
13.72;-0.5;-0.5;2.29246;1;Adaptation;15;1;;;;;
13.74;-2;0.125;5.508539;1;Adaptation;15;1;;;;;
13.76;-0.5;-0.5;3.464221;1;Adaptation;15;1;;;;;
13.78;-0.5;-0.5;3.10886;1;Adaptation;15;1;;;;;
13.8;-0.5;-0.5;2.733089;1;Adaptation;15;1;;;;;
13.82;-0.5;-0.5;4.035632;1;Adaptation;15;1;;;;;
13.84;-0.5;-0.5;5.289447;1;Adaptation;15;1;;;;;
13.86;0;0.125;5.202185;1;Adaptation;15;1;;;;;
13.88;-0.5;-0.5;5.248438;1;Adaptation;15;1;;;;;
13.9;-2;0;5.089139;1;Adaptation;15;1;;;;;
13.92;0;0.25;2.234344;1;Adaptation;15;1;;;;;
13.94;-0.5;-0.5;3.175264;1;Adaptation;15;1;;;;;
13.96;-0.5;-0.5;2.178749;1;Adaptation;15;1;;;;;
13.98;0;0;3.231136;1;Adaptation;15;1;;;;;
14;0;0;3.094653;1;Adaptation;15;1;;;;;
14.02;0;0;3.438971;1;Adaptation;15;1;;;;;
14.04;-0.5;-0.5;3.756383;1;Adaptation;15;1;;;;;
14.06;0;0;4.38253;1;Adaptation;15;1;;;;;
14.08;0;0.125;4.439981;1;Adaptation;15;1;;;;;
14.1;-0.5;-0.5;2.938521;1;Adaptation;15;1;;;;;
14.12;-0.5;-0.5;5.548198;1;Adaptation;15;1;;;;;
14.14;-0.5;-0.5;2.594645;1;Adaptation;15;1;;;;;
14.16;-0.5;-0.5;3.708517;1;Adaptation;15;1;;;;;
14.18;-0.5;-0.5;2.252903;1;Adaptation;15;1;;;;;
14.2;-0.5;-0.5;3.809014;1;Adaptation;15;1;;;;;
14.22;0;0.125;5.165569;1;Adaptation;15;1;;;;;
14.24;-0.5;-0.5;3.940872;1;Adaptation;15;1;;;;;
14.26;-0.5;-0.5;2.026636;1;Adaptation;15;1;;;;;
14.28;-0.5;-0.5;4.051093;1;Adaptation;15;1;;;;;
14.3;0;-0.125;2.416248;1;Adaptation;15;1;;;;;
14.32;-0.5;-0.5;2.229729;1;Adaptation;15;1;;;;;
14.34;0;0;2.819241;1;Adaptation;15;1;;;;;
14.36;-0.5;-0.5;5.731049;1;Adaptation;15;1;;;;;
14.38;-0.5;-0.5;4.316749;1;Adaptation;15;1;;;;;
14.4;-0.5;-0.5;4.642155;1;Adaptation;15;1;;;;;
14.42;0;-0.125;5.653384;1;Adaptation;15;1;;;;;
14.44;-0.5;-0.5;3.965593;1;Adaptation;15;1;;;;;
14.46;-2;0;2.372164;1;Adaptation;15;1;;;;;
14.48;-0.5;-0.5;5.097358;1;Adaptation;15;1;;;;;
14.5;-0.5;-0.5;4.903683;1;Adaptation;15;1;;;;;
14.52;-0.5;-0.5;4.711643;1;Adaptation;15;1;;;;;
14.54;-0.5;-0.5;3.82188;1;Adaptation;15;1;;;;;
14.56;-0.5;-0.5;4.367629;1;Adaptation;15;1;;;;;
14.58;-0.5;-0.5;4.377195;1;Adaptation;15;1;;;;;
14.6;-0.5;-0.5;2.9568;1;Adaptation;15;1;;;;;
14.62;-0.5;-0.5;5.969438;1;Adaptation;15;1;;;;;
14.64;-0.5;-0.5;3.535403;1;Adaptation;15;1;;;;;
14.66;0;0;4.786195;1;Adaptation;15;1;;;;;
14.68;-2;0.125;5.818713;1;Adaptation;15;1;;;;;
14.7;-0.5;-0.5;2.489795;1;Adaptation;15;1;;;;;
14.72;-2;0.125;5.577779;1;Adaptation;15;1;;;;;
14.74;-0.5;-0.5;5.964231;1;Adaptation;15;1;;;;;
14.76;2;0.125;2.724669;1;Adaptation;15;1;;;;;
14.78;-0.5;-0.5;4.606059;1;Adaptation;15;1;;;;;
14.8;-0.5;-0.5;3.495754;1;Adaptation;15;1;;;;;
14.82;-0.5;-0.5;2.260942;1;Adaptation;15;1;;;;;
14.84;-0.5;-0.5;5.781574;1;Adaptation;15;1;;;;;
14.86;-0.5;-0.5;3.015162;1;Adaptation;15;1;;;;;
14.88;-0.5;-0.5;2.604748;1;Adaptation;15;1;;;;;
14.9;-0.5;-0.5;4.28319;1;Adaptation;15;1;;;;;
14.92;-0.5;-0.5;3.78662;1;Adaptation;15;1;;;;;
14.94;-0.5;-0.5;5.550124;1;Adaptation;15;1;;;;;
14.96;-2;0;2.419796;1;Adaptation;15;1;;;;;
14.98;2;-0.125;3.300825;1;Adaptation;15;1;;;;;
15;-0.5;-0.5;4.008602;1;Adaptation;15;1;;;;;
15.02;-0.5;-0.5;5.379014;1;Adaptation;15;1;;;;;
15.04;-2;-0.25;3.604954;1;Adaptation;15;1;;;;;
15.06;-0.5;-0.5;5.325651;1;Adaptation;15;1;;;;;
15.08;-0.5;-0.5;2.493886;1;Adaptation;15;1;;;;;
15.1;-0.5;-0.5;4.214341;1;Adaptation;15;1;;;;;
15.12;2;-0.375;5.628947;1;Adaptation;15;1;;;;;
15.14;2;0;3.17113;1;Adaptation;15;1;;;;;
15.16;0;0.125;2.539826;1;Adaptation;15;1;;;;;
15.18;-0.5;-0.5;2.341385;1;Adaptation;15;1;;;;;
15.2;-0.5;-0.5;5.517166;1;Adaptation;15;1;;;;;
15.22;2;0;4.47233;1;Adaptation;15;1;;;;;
15.24;-0.5;-0.5;3.782565;1;Adaptation;15;1;;;;;
15.26;-0.5;-0.5;3.118442;1;Adaptation;15;1;;;;;
15.28;0;0.125;4.256349;1;Adaptation;15;1;;;;;
15.3;-0.5;-0.5;3.6199;1;Adaptation;15;1;;;;;
15.32;2;-0.125;3.382042;1;Adaptation;15;1;;;;;
15.34;-0.5;-0.5;3.444247;1;Adaptation;15;1;;;;;
15.36;0;0;2.450353;1;Adaptation;15;1;;;;;
15.38;-0.5;-0.5;4.974132;1;Adaptation;15;1;;;;;
15.4;-0.5;-0.5;4.174978;1;Adaptation;15;1;;;;;
15.42;-0.5;-0.5;5.706836;1;Adaptation;15;1;;;;;
15.44;-0.5;-0.5;3.702416;1;Adaptation;15;1;;;;;
15.46;-0.5;-0.5;4.921157;1;Adaptation;15;1;;;;;
15.48;-0.5;-0.5;3.45678;1;Adaptation;15;1;;;;;
15.5;-0.5;-0.5;2.977082;1;Adaptation;15;1;;;;;
15.52;-0.5;-0.5;4.838556;1;Adaptation;15;1;;;;;
15.54;-0.5;-0.5;2.975072;1;Adaptation;15;1;;;;;
15.56;-0.5;-0.5;5.164243;1;Adaptation;15;1;;;;;
15.58;-0.5;-0.5;3.76547;1;Adaptation;15;1;;;;;
15.6;-2;0;4.012865;1;Adaptation;15;1;;;;;
15.62;-0.5;-0.5;5.675364;1;Adaptation;15;1;;;;;
15.64;0;0.25;2.61957;1;Adaptation;15;1;;;;;
15.66;-0.5;-0.5;2.050238;1;Adaptation;15;1;;;;;
15.68;-0.5;-0.5;2.267894;1;Adaptation;15;1;;;;;
15.7;-0.5;-0.5;3.681422;1;Adaptation;15;1;;;;;
15.72;-0.5;-0.5;5.116711;1;Adaptation;15;1;;;;;
15.74;-0.5;-0.5;5.916594;1;Adaptation;15;1;;;;;
15.76;-0.5;-0.5;2.300183;1;Adaptation;15;1;;;;;
15.78;-0.5;-0.5;5.709452;1;Adaptation;15;1;;;;;
15.8;0;0.25;2.533638;1;Adaptation;15;1;;;;;
15.82;-0.5;-0.5;5.270692;1;Adaptation;15;1;;;;;
15.84;-0.5;-0.5;3.416219;1;Adaptation;15;1;;;;;
15.86;4;0.125;4.459724;1;Adaptation;15;1;;;;;
15.88;-0.5;-0.5;2.776127;1;Adaptation;15;1;;;;;
15.9;-0.5;-0.5;5.892198;1;Adaptation;15;1;;;;;
15.92;2;0.125;2.236766;1;Adaptation;15;1;;;;;
15.94;-0.5;-0.5;5.309074;1;Adaptation;15;1;;;;;
15.96;0;0;4.427414;1;Adaptation;15;1;;;;;
15.98;2;-0.25;2.300356;1;Adaptation;15;1;;;;;
16;-0.5;-0.5;3.942247;1;Adaptation;15;1;;;;;
16.02;-0.5;-0.5;3.381914;1;Adaptation;15;1;;;;;
16.04;-0.5;-0.5;2.336066;1;Adaptation;15;1;;;;;
16.06;-0.5;-0.5;2.32481;1;Adaptation;15;1;;;;;
16.08;-0.5;-0.5;2.902591;1;Adaptation;15;1;;;;;
16.1;0;0.125;3.953589;1;Adaptation;15;1;;;;;
16.12;-0.5;-0.5;4.027165;1;Adaptation;15;1;;;;;
16.14;-0.5;-0.5;2.966971;1;Adaptation;15;1;;;;;
16.16;-0.5;-0.5;3.695408;1;Adaptation;15;1;;;;;
16.18;-0.5;-0.5;2.956945;1;Adaptation;15;1;;;;;
16.2;-0.5;-0.5;3.175714;1;Adaptation;15;1;;;;;
16.22;-0.5;-0.5;3.799184;1;Adaptation;15;1;;;;;
16.24;-0.5;-0.5;5.704734;1;Adaptation;15;1;;;;;
16.26;-0.5;-0.5;4.353171;1;Adaptation;15;1;;;;;
16.28;-0.5;-0.5;2.525991;1;Adaptation;15;1;;;;;
16.3;-0.5;-0.5;5.285718;1;Adaptation;15;1;;;;;
16.32;-0.5;-0.5;3.063351;1;Adaptation;15;1;;;;;
16.34;-0.5;-0.5;3.440972;1;Adaptation;15;1;;;;;
16.36;-0.5;-0.5;3.857822;1;Adaptation;15;1;;;;;
16.38;-0.5;-0.5;5.913238;1;Adaptation;15;1;;;;;
16.4;-2;0.125;3.594239;1;Adaptation;15;1;;;;;
16.42;0;0.25;4.986938;1;Adaptation;15;1;;;;;
16.44;-0.5;-0.5;5.494844;1;Adaptation;15;1;;;;;
16.46;-0.5;-0.5;3.515905;1;Adaptation;15;1;;;;;
16.48;-0.5;-0.5;2.684803;1;Adaptation;15;1;;;;;
16.5;-0.5;-0.5;3.458186;1;Adaptation;15;1;;;;;
16.52;-0.5;-0.5;4.754056;1;Adaptation;15;1;;;;;
16.54;-0.5;-0.5;5.291367;1;Adaptation;15;1;;;;;
16.56;-2;0;2.948407;1;Adaptation;15;1;;;;;
16.58;-0.5;-0.5;3.07352;1;Adaptation;15;1;;;;;
16.6;0;0.125;2.224415;1;Adaptation;15;1;;;;;
16.62;-0.5;-0.5;5.708705;1;Adaptation;15;1;;;;;
16.64;0;0.125;4.899732;1;Adaptation;15;1;;;;;
16.66;-0.5;-0.5;4.190634;1;Adaptation;15;1;;;;;
16.68;-0.5;-0.5;4.42156;1;Adaptation;15;1;;;;;
16.7;2;-0.125;3.249054;1;Adaptation;15;1;;;;;
16.72;-0.5;-0.5;3.920041;1;Adaptation;15;1;;;;;
16.74;-0.5;-0.5;4.380319;1;Adaptation;15;1;;;;;
16.76;-0.5;-0.5;5.347543;1;Adaptation;15;1;;;;;
16.78;2;-0.125;2.215381;1;Adaptation;15;1;;;;;
16.8;-0.5;-0.5;2.128232;1;Adaptation;15;1;;;;;
16.82;0;-0.375;4.808238;1;Adaptation;15;1;;;;;
16.84;-0.5;-0.5;5.88683;1;Adaptation;15;1;;;;;
16.86;-0.5;-0.5;5.188153;1;Adaptation;15;1;;;;;
16.88;2;0.125;3.008663;1;Adaptation;15;1;;;;;
16.9;-0.5;-0.5;3.248314;1;Adaptation;15;1;;;;;
16.92;-0.5;-0.5;4.012367;1;Adaptation;15;1;;;;;
16.94;-0.5;-0.5;5.261888;1;Adaptation;15;1;;;;;
16.96;-0.5;-0.5;5.083785;1;Adaptation;15;1;;;;;
16.98;0;0;4.497484;1;Adaptation;15;1;;;;;
17;-0.5;-0.5;5.450487;1;Adaptation;15;1;;;;;
17.02;-0.5;-0.5;4.025023;1;Adaptation;15;1;;;;;
17.04;-0.5;-0.5;4.96258;1;Adaptation;15;1;;;;;
17.06;-0.5;-0.5;5.811934;1;Adaptation;15;1;;;;;
17.08;-0.5;-0.5;2.561537;1;Adaptation;15;1;;;;;
17.1;-0.5;-0.5;3.649132;1;Adaptation;15;1;;;;;
17.12;-0.5;-0.5;4.654403;1;Adaptation;15;1;;;;;
17.14;-0.5;-0.5;4.874066;1;Adaptation;15;1;;;;;
17.16;-0.5;-0.5;3.911;1;Adaptation;15;1;;;;;
17.18;-0.5;-0.5;2.417075;1;Adaptation;15;1;;;;;
17.2;-0.5;-0.5;4.41415;1;Adaptation;15;1;;;;;
17.22;-0.5;-0.5;3.767823;1;Adaptation;15;1;;;;;
17.24;-0.5;-0.5;2.075994;1;Adaptation;15;1;;;;;
17.26;-0.5;-0.5;2.616313;1;Adaptation;15;1;;;;;
17.28;-0.5;-0.5;2.040797;1;Adaptation;15;1;;;;;
17.3;0;0;5.941308;1;Adaptation;15;1;;;;;
17.32;-0.5;-0.5;4.950242;1;Adaptation;15;1;;;;;
17.34;-0.5;-0.5;5.155019;1;Adaptation;15;1;;;;;
17.36;-0.5;-0.5;5.120275;1;Adaptation;15;1;;;;;
17.38;-2;0;2.447253;1;Adaptation;15;1;;;;;
17.4;-2;0;3.45585;1;Adaptation;15;1;;;;;
17.42;-0.5;-0.5;5.007862;1;Adaptation;15;1;;;;;
17.44;-0.5;-0.5;2.966021;1;Adaptation;15;1;;;;;
17.46;-0.5;-0.5;4.01957;1;Adaptation;15;1;;;;;
17.48;-0.5;-0.5;4.195648;1;Adaptation;15;1;;;;;
17.5;0;0;5.327745;1;Adaptation;15;1;;;;;
17.52;-0.5;-0.5;5.203456;1;Adaptation;15;1;;;;;
17.54;-0.5;-0.5;5.322184;1;Adaptation;15;1;;;;;
17.56;-0.5;-0.5;3.355177;1;Adaptation;15;1;;;;;
17.58;-0.5;-0.5;2.135958;1;Adaptation;15;1;;;;;
17.6;-0.5;-0.5;5.949595;1;Adaptation;15;1;;;;;
17.62;-0.5;-0.5;3.63616;1;Adaptation;15;1;;;;;
17.64;-0.5;-0.5;5.24532;1;Adaptation;15;1;;;;;
17.66;-0.5;-0.5;2.240596;1;Adaptation;15;1;;;;;
17.68;2;0.125;5.168229;1;Adaptation;15;1;;;;;
17.7;-0.5;-0.5;4.564208;1;Adaptation;15;1;;;;;
17.72;0;0.125;3.419054;1;Adaptation;15;1;;;;;
17.74;-0.5;-0.5;5.276922;1;Adaptation;15;1;;;;;
17.76;0;0.125;2.997542;1;Adaptation;15;1;;;;;
17.78;-0.5;-0.5;5.344729;1;Adaptation;15;1;;;;;
17.8;-0.5;-0.5;2.758367;1;Adaptation;15;1;;;;;
17.82;-2;0;4.256745;1;Adaptation;15;1;;;;;
17.84;-0.5;-0.5;3.427698;1;Adaptation;15;1;;;;;
17.86;-0.5;-0.5;2.339156;1;Adaptation;15;1;;;;;
17.88;0;0;5.505856;1;Adaptation;15;1;;;;;
17.9;2;-0.25;5.078661;1;Adaptation;15;1;;;;;
17.92;-0.5;-0.5;4.916348;1;Adaptation;15;1;;;;;
17.94;-0.5;-0.5;4.703314;1;Adaptation;15;1;;;;;
17.96;-2;0;5.214122;1;Adaptation;15;1;;;;;
17.98;-0.5;-0.5;2.738136;1;Adaptation;15;1;;;;;
18;-0.5;-0.5;3.15671;1;Adaptation;15;1;;;;;
18.02;-0.5;-0.5;5.280904;1;Adaptation;15;1;;;;;
18.04;-0.5;-0.5;4.388693;1;Adaptation;15;1;;;;;
18.06;-0.5;-0.5;4.447833;1;Adaptation;15;1;;;;;
18.08;-0.5;-0.5;5.9586;1;Adaptation;15;1;;;;;
18.1;-2;0;3.338128;1;Adaptation;15;1;;;;;
18.12;0;0.125;5.837829;1;Adaptation;15;1;;;;;
18.14;0;0;4.01827;1;Adaptation;15;1;;;;;
18.16;-0.5;-0.5;3.486607;1;Adaptation;15;1;;;;;
18.18;-0.5;-0.5;4.465468;1;Adaptation;15;1;;;;;
18.2;-2;0;2.606514;1;Adaptation;15;1;;;;;
18.22;-0.5;-0.5;3.896491;1;Adaptation;15;1;;;;;
18.24;0;0;2.230767;1;Adaptation;15;1;;;;;
18.26;-2;-0.25;4.341092;1;Adaptation;15;1;;;;;
18.28;-0.5;-0.5;5.773242;1;Adaptation;15;1;;;;;
18.3;0;0;5.938526;1;Adaptation;15;1;;;;;
18.32;-2;0;3.259338;1;Adaptation;15;1;;;;;
18.34;-0.5;-0.5;2.001565;1;Adaptation;15;1;;;;;
18.36;-0.5;-0.5;2.090176;1;Adaptation;15;1;;;;;
18.38;-0.5;-0.5;4.723114;1;Adaptation;15;1;;;;;
18.4;-0.5;-0.5;3.498507;1;Adaptation;15;1;;;;;
18.42;-0.5;-0.5;3.031888;1;Adaptation;15;1;;;;;
18.44;-0.5;-0.5;5.464668;1;Adaptation;15;1;;;;;
18.46;0;0;3.364658;1;Adaptation;15;1;;;;;
18.48;-0.5;-0.5;2.340231;1;Adaptation;15;1;;;;;
18.5;-0.5;-0.5;3.681993;1;Adaptation;15;1;;;;;
18.52;-0.5;-0.5;5.121436;1;Adaptation;15;1;;;;;
18.54;0;-0.125;3.290825;1;Adaptation;15;1;;;;;
18.56;-0.5;-0.5;5.263264;1;Adaptation;15;1;;;;;
18.58;-0.5;-0.5;2.794368;1;Adaptation;15;1;;;;;
18.6;-0.5;-0.5;5.112867;1;Adaptation;15;1;;;;;
18.62;0;0.125;4.651254;1;Adaptation;15;1;;;;;
18.64;-0.5;-0.5;2.423441;1;Adaptation;15;1;;;;;
18.66;-0.5;-0.5;3.738223;1;Adaptation;15;1;;;;;
18.68;-0.5;-0.5;2.517778;1;Adaptation;15;1;;;;;
18.7;-4;0.25;3.092235;1;Adaptation;15;1;;;;;
18.72;-0.5;-0.5;5.384523;1;Adaptation;15;1;;;;;
18.74;-0.5;-0.5;4.465137;1;Adaptation;15;1;;;;;
18.76;-0.5;-0.5;4.168511;1;Adaptation;15;1;;;;;
18.78;0;0;5.666276;1;Adaptation;15;1;;;;;
18.8;-0.5;-0.5;4.119683;1;Adaptation;15;1;;;;;
18.82;2;-0.125;5.829859;1;Adaptation;15;1;;;;;
18.84;-0.5;-0.5;5.741467;1;Adaptation;15;1;;;;;
18.86;-0.5;-0.5;3.999509;1;Adaptation;15;1;;;;;
18.88;-0.5;-0.5;5.810533;1;Adaptation;15;1;;;;;
18.9;-0.5;-0.5;2.57276;1;Adaptation;15;1;;;;;
18.92;-0.5;-0.5;4.554563;1;Adaptation;15;1;;;;;
18.94;-0.5;-0.5;2.574837;1;Adaptation;15;1;;;;;
18.96;0;0;2.783159;1;Adaptation;15;1;;;;;
18.98;-0.5;-0.5;2.716796;1;Adaptation;15;1;;;;;
19;-0.5;-0.5;2.709688;1;Adaptation;15;1;;;;;
19.02;-0.5;-0.5;2.020504;1;Adaptation;15;1;;;;;
19.04;0;-0.125;2.223819;1;Adaptation;15;1;;;;;
19.06;0;-0.125;2.718081;1;Adaptation;15;1;;;;;
19.08;-0.5;-0.5;2.447382;1;Adaptation;15;1;;;;;
19.1;0;-0.125;5.434936;1;Adaptation;15;1;;;;;
19.12;-0.5;-0.5;5.429518;1;Adaptation;15;1;;;;;
19.14;0;0.25;4.207197;1;Adaptation;15;1;;;;;
19.16;-0.5;-0.5;5.097799;1;Adaptation;15;1;;;;;
19.18;-0.5;-0.5;3.8773;1;Adaptation;15;1;;;;;
19.2;-0.5;-0.5;5.79081;1;Adaptation;15;1;;;;;
19.22;0;-0.25;4.122018;1;Adaptation;15;1;;;;;
19.24;-2;0;2.931133;1;Adaptation;15;1;;;;;
19.26;-0.5;-0.5;4.823311;1;Adaptation;15;1;;;;;
19.28;0;0;4.825888;1;Adaptation;15;1;;;;;
19.3;-2;0;4.971854;1;Adaptation;15;1;;;;;
19.32;-0.5;-0.5;3.533912;1;Adaptation;15;1;;;;;
19.34;0;-0.125;4.995463;1;Adaptation;15;1;;;;;
19.36;-0.5;-0.5;2.356674;1;Adaptation;15;1;;;;;
19.38;-0.5;-0.5;2.52969;1;Adaptation;15;1;;;;;
19.4;-0.5;-0.5;4.322216;1;Adaptation;15;1;;;;;
19.42;-0.5;-0.5;5.128124;1;Adaptation;15;1;;;;;
19.44;-0.5;-0.5;4.005354;1;Adaptation;15;1;;;;;
19.46;0;0;2.309559;1;Adaptation;15;1;;;;;
19.48;-0.5;-0.5;4.750751;1;Adaptation;15;1;;;;;
19.5;-0.5;-0.5;3.220009;1;Adaptation;15;1;;;;;
19.52;-0.5;-0.5;4.714703;1;Adaptation;15;1;;;;;
19.54;-0.5;-0.5;4.336348;1;Adaptation;15;1;;;;;
19.56;-0.5;-0.5;5.311679;1;Adaptation;15;1;;;;;
19.58;-0.5;-0.5;5.01893;1;Adaptation;15;1;;;;;
19.6;-0.5;-0.5;2.845538;1;Adaptation;15;1;;;;;
19.62;-0.5;-0.5;2.1384;1;Adaptation;15;1;;;;;
19.64;-0.5;-0.5;3.96828;1;Adaptation;15;1;;;;;
19.66;-0.5;-0.5;3.547397;1;Adaptation;15;1;;;;;
19.68;2;-0.25;3.074418;1;Adaptation;15;1;;;;;
19.7;-0.5;-0.5;5.259697;1;Adaptation;15;1;;;;;
19.72;-0.5;-0.5;3.042788;1;Adaptation;15;1;;;;;
19.74;2;0.125;3.675201;1;Adaptation;15;1;;;;;
19.76;-0.5;-0.5;2.349076;1;Adaptation;15;1;;;;;
19.78;-0.5;-0.5;3.659314;1;Adaptation;15;1;;;;;
19.8;-2;0;2.629529;1;Adaptation;15;1;;;;;
19.82;-0.5;-0.5;5.822284;1;Adaptation;15;1;;;;;
19.84;-0.5;-0.5;2.310382;1;Adaptation;15;1;;;;;
19.86;-2;0;4.656212;1;Adaptation;15;1;;;;;
19.88;0;-0.25;3.398026;1;Adaptation;15;1;;;;;
19.9;-0.5;-0.5;4.565679;1;Adaptation;15;1;;;;;
19.92;-0.5;-0.5;4.997806;1;Adaptation;15;1;;;;;
19.94;-0.5;-0.5;2.919131;1;Adaptation;15;1;;;;;
19.96;-0.5;-0.5;5.734703;1;Adaptation;15;1;;;;;
19.98;-0.5;-0.5;3.160235;1;Adaptation;15;1;;;;;
20;-0.5;-0.5;5.336638;1;Adaptation;15;1;;;;;
20.02;-0.5;-0.5;3.143464;1;Adaptation;15;1;;;;;
20.04;-0.5;-0.5;2.061831;1;Adaptation;15;1;;;;;
20.06;-0.5;-0.5;4.481864;1;Adaptation;15;1;;;;;
20.08;-0.5;-0.5;5.850278;1;Adaptation;15;1;;;;;
20.1;-0.5;-0.5;2.667361;1;Adaptation;15;1;;;;;
20.12;-0.5;-0.5;2.041582;1;Adaptation;15;1;;;;;
20.14;-0.5;-0.5;5.914696;1;Adaptation;15;1;;;;;
20.16;-0.5;-0.5;2.233458;1;Adaptation;15;1;;;;;
20.18;-0.5;-0.5;4.050659;1;Adaptation;15;1;;;;;
20.2;2;0;3.671603;1;Adaptation;15;1;;;;;
20.22;-0.5;-0.5;5.75134;1;Adaptation;15;1;;;;;
20.24;-0.5;-0.5;3.256044;1;Adaptation;15;1;;;;;
20.26;-0.5;-0.5;3.029724;1;Adaptation;15;1;;;;;
20.28;0;-0.125;2.553063;1;Adaptation;15;1;;;;;
20.3;0;0.125;5.814946;1;Adaptation;15;1;;;;;
20.32;-0.5;-0.5;3.907518;1;Adaptation;15;1;;;;;
20.34;-0.5;-0.5;4.241227;1;Adaptation;15;1;;;;;
20.36;2;-0.125;5.0119;1;Adaptation;15;1;;;;;
20.38;-0.5;-0.5;4.648812;1;Adaptation;15;1;;;;;
20.4;-2;0;5.611042;1;Adaptation;15;1;;;;;
20.42;-0.5;-0.5;4.36095;1;Adaptation;15;1;;;;;
20.44;-0.5;-0.5;2.968083;1;Adaptation;15;1;;;;;
20.46;-0.5;-0.5;2.061682;1;Adaptation;15;1;;;;;
20.48;-0.5;-0.5;2.571036;1;Adaptation;15;1;;;;;
20.5;-0.5;-0.5;4.865574;1;Adaptation;15;1;;;;;
20.52;0;-0.125;2.58767;1;Adaptation;15;1;;;;;
20.54;-0.5;-0.5;5.905156;1;Adaptation;15;1;;;;;
20.56;0;0.125;2.773755;1;Adaptation;15;1;;;;;
20.58;0;0;2.406662;1;Adaptation;15;1;;;;;
20.6;-0.5;-0.5;3.781458;1;Adaptation;15;1;;;;;
20.62;-0.5;-0.5;4.229197;1;Adaptation;15;1;;;;;
20.64;-0.5;-0.5;3.159286;1;Adaptation;15;1;;;;;
20.66;-0.5;-0.5;4.358737;1;Adaptation;15;1;;;;;
20.68;2;0.125;3.193266;1;Adaptation;15;1;;;;;
20.7;-0.5;-0.5;2.073463;1;Adaptation;15;1;;;;;
20.72;-0.5;-0.5;2.469507;1;Adaptation;15;1;;;;;
20.74;-0.5;-0.5;4.437964;1;Adaptation;15;1;;;;;
20.76;-0.5;-0.5;3.781707;1;Adaptation;15;1;;;;;
20.78;-0.5;-0.5;3.13035;1;Adaptation;15;1;;;;;
20.8;0;0.125;2.35984;1;Adaptation;15;1;;;;;
20.82;-0.5;-0.5;4.984018;1;Adaptation;15;1;;;;;
20.84;0;-0.125;2.180146;1;Adaptation;15;1;;;;;
20.86;-0.5;-0.5;3.908035;1;Adaptation;15;1;;;;;
20.88;-0.5;-0.5;2.73914;1;Adaptation;15;1;;;;;
20.9;-0.5;-0.5;2.454864;1;Adaptation;15;1;;;;;
20.92;2;0.125;4.259368;1;Adaptation;15;1;;;;;
20.94;-0.5;-0.5;3.124206;1;Adaptation;15;1;;;;;
20.96;0;0.125;3.798084;1;Adaptation;15;1;;;;;
20.98;-0.5;-0.5;2.12985;1;Adaptation;15;1;;;;;
21;-0.5;-0.5;4.034751;1;Adaptation;15;1;;;;;
21.02;2;0.25;2.972311;1;Adaptation;15;1;;;;;
21.04;-0.5;-0.5;2.648524;1;Adaptation;15;1;;;;;
21.06;-0.5;-0.5;2.447031;1;Adaptation;15;1;;;;;
21.08;-0.5;-0.5;5.734075;1;Adaptation;15;1;;;;;
21.1;-0.5;-0.5;5.598567;1;Adaptation;15;1;;;;;
21.12;-0.5;-0.5;3.632048;1;Adaptation;15;1;;;;;
21.14;-0.5;-0.5;3.383952;1;Adaptation;15;1;;;;;
21.16;-0.5;-0.5;3.258216;1;Adaptation;15;1;;;;;
21.18;-0.5;-0.5;3.318851;1;Adaptation;15;1;;;;;
21.2;-0.5;-0.5;2.403921;1;Adaptation;15;1;;;;;
21.22;0;-0.125;2.369771;1;Adaptation;15;1;;;;;
21.24;-0.5;-0.5;3.832466;1;Adaptation;15;1;;;;;
21.26;-0.5;-0.5;2.311399;1;Adaptation;15;1;;;;;
21.28;2;0.25;3.121883;1;Adaptation;15;1;;;;;
21.3;-0.5;-0.5;3.194475;1;Adaptation;15;1;;;;;
21.32;-0.5;-0.5;4.632251;1;Adaptation;15;1;;;;;
21.34;-0.5;-0.5;5.368672;1;Adaptation;15;1;;;;;
21.36;-0.5;-0.5;2.60958;1;Adaptation;15;1;;;;;
21.38;0;0.25;5.136755;1;Adaptation;15;1;;;;;
21.4;-0.5;-0.5;4.598139;1;Adaptation;15;1;;;;;
21.42;-0.5;-0.5;5.937288;1;Adaptation;15;1;;;;;
21.44;-0.5;-0.5;4.250973;1;Adaptation;15;1;;;;;
21.46;-0.5;-0.5;4.696168;1;Adaptation;15;1;;;;;
21.48;2;0;3.155987;1;Adaptation;15;1;;;;;
21.5;0;-0.25;3.814343;1;Adaptation;15;1;;;;;
21.52;-0.5;-0.5;5.416086;1;Adaptation;15;1;;;;;
21.54;-0.5;-0.5;5.440939;1;Adaptation;15;1;;;;;
21.56;-0.5;-0.5;3.892271;1;Adaptation;15;1;;;;;
21.58;-0.5;-0.5;3.85037;1;Adaptation;15;1;;;;;
21.6;-0.5;-0.5;5.835491;1;Adaptation;15;1;;;;;
21.62;-0.5;-0.5;2.149508;1;Adaptation;15;1;;;;;
21.64;-0.5;-0.5;4.337818;1;Adaptation;15;1;;;;;
21.66;-0.5;-0.5;3.216534;1;Adaptation;15;1;;;;;
21.68;-0.5;-0.5;3.278187;1;Adaptation;15;1;;;;;
21.7;-0.5;-0.5;3.706736;1;Adaptation;15;1;;;;;
21.72;0;0.125;3.084774;1;Adaptation;15;1;;;;;
21.74;-0.5;-0.5;5.862184;1;Adaptation;15;1;;;;;
21.76;-0.5;-0.5;3.381085;1;Adaptation;15;1;;;;;
21.78;-0.5;-0.5;4.363126;1;Adaptation;15;1;;;;;
21.8;-0.5;-0.5;4.936372;1;Adaptation;15;1;;;;;
21.82;2;0;5.889376;1;Adaptation;15;1;;;;;
21.84;0;-0.25;4.031751;1;Adaptation;15;1;;;;;
21.86;0;0;2.129465;1;Adaptation;15;1;;;;;
21.88;0;-0.125;2.159451;1;Adaptation;15;1;;;;;
21.9;-0.5;-0.5;3.961007;1;Adaptation;15;1;;;;;
21.92;0;0;3.777857;1;Adaptation;15;1;;;;;
21.94;-0.5;-0.5;2.47627;1;Adaptation;15;1;;;;;
21.96;-0.5;-0.5;3.384892;1;Adaptation;15;1;;;;;
21.98;-0.5;-0.5;2.997025;1;Adaptation;15;1;;;;;
22;-0.5;-0.5;5.804524;1;Adaptation;15;1;;;;;
22.02;0;-0.25;4.335207;1;Adaptation;15;1;;;;;
22.04;-0.5;-0.5;2.686687;1;Adaptation;15;1;;;;;
22.06;0;0.25;3.747928;1;Adaptation;15;1;;;;;
22.08;0;0;5.639222;1;Adaptation;15;1;;;;;
22.1;-0.5;-0.5;5.603323;1;Adaptation;15;1;;;;;
22.12;-0.5;-0.5;2.698892;1;Adaptation;15;1;;;;;
22.14;-0.5;-0.5;5.118772;1;Adaptation;15;1;;;;;
22.16;-0.5;-0.5;4.882573;1;Adaptation;15;1;;;;;
22.18;0;0.125;4.524194;1;Adaptation;15;1;;;;;
22.2;-0.5;-0.5;2.978436;1;Adaptation;15;1;;;;;
22.22;-0.5;-0.5;3.705678;1;Adaptation;15;1;;;;;
22.24;-0.5;-0.5;5.851839;1;Adaptation;15;1;;;;;
22.26;-2;-0.125;3.863964;1;Adaptation;15;1;;;;;
22.28;-0.5;-0.5;2.856915;1;Adaptation;15;1;;;;;
22.3;-0.5;-0.5;3.168104;1;Adaptation;15;1;;;;;
22.32;-0.5;-0.5;3.854836;1;Adaptation;15;1;;;;;
22.34;0;0.125;4.627046;1;Adaptation;15;1;;;;;
22.36;2;0;5.570032;1;Adaptation;15;1;;;;;
22.38;-0.5;-0.5;3.849361;1;Adaptation;15;1;;;;;
22.4;-0.5;-0.5;4.533544;1;Adaptation;15;1;;;;;
22.42;-0.5;-0.5;5.81;1;Adaptation;15;1;;;;;
22.44;-0.5;-0.5;2.39546;1;Adaptation;15;1;;;;;
22.46;-2;0.25;2.477657;1;Adaptation;15;1;;;;;
22.48;-0.5;-0.5;5.724819;1;Adaptation;15;1;;;;;
22.5;-0.5;-0.5;4.343384;1;Adaptation;15;1;;;;;
22.52;2;0;5.358645;1;Adaptation;15;1;;;;;
22.54;-0.5;-0.5;5.237637;1;Adaptation;15;1;;;;;
22.56;-0.5;-0.5;5.859864;1;Adaptation;15;1;;;;;
22.58;0;0.125;5.240796;1;Adaptation;15;1;;;;;
22.6;-0.5;-0.5;5.739625;1;Adaptation;15;1;;;;;
22.62;0;0;4.364984;1;Adaptation;15;1;;;;;
22.64;-0.5;-0.5;2.952366;1;Adaptation;15;1;;;;;
22.66;-2;0.25;2.282125;1;Adaptation;15;1;;;;;
22.68;0;-0.125;4.63661;1;Adaptation;15;1;;;;;
22.7;-0.5;-0.5;2.217692;1;Adaptation;15;1;;;;;
22.72;-0.5;-0.5;4.650369;1;Adaptation;15;1;;;;;
22.74;-0.5;-0.5;3.829895;1;Adaptation;15;1;;;;;
22.76;-0.5;-0.5;5.024774;1;Adaptation;15;1;;;;;
22.78;-0.5;-0.5;3.317216;1;Adaptation;15;1;;;;;
22.8;-0.5;-0.5;2.514485;1;Adaptation;15;1;;;;;
22.82;-0.5;-0.5;5.426263;1;Adaptation;15;1;;;;;
22.84;-0.5;-0.5;5.827276;1;Adaptation;15;1;;;;;
22.86;-0.5;-0.5;4.831054;1;Adaptation;15;1;;;;;
22.88;-0.5;-0.5;4.293904;1;Adaptation;15;1;;;;;
22.9;-0.5;-0.5;2.210841;1;Adaptation;15;1;;;;;
22.92;-0.5;-0.5;4.008745;1;Adaptation;15;1;;;;;
22.94;-0.5;-0.5;2.127731;1;Adaptation;15;1;;;;;
22.96;-0.5;-0.5;5.644071;1;Adaptation;15;1;;;;;
22.98;-0.5;-0.5;2.800151;1;Adaptation;15;1;;;;;
23;-2;0;2.085205;1;Adaptation;15;1;;;;;
23.02;0;0.375;5.636806;1;Adaptation;15;1;;;;;
23.04;-2;0.125;3.571519;1;Adaptation;15;1;;;;;
23.06;-0.5;-0.5;4.985186;1;Adaptation;15;1;;;;;
23.08;0;-0.25;4.843987;1;Adaptation;15;1;;;;;
23.1;-2;-0.125;5.598305;1;Adaptation;15;1;;;;;
23.12;-0.5;-0.5;4.059485;1;Adaptation;15;1;;;;;
23.14;-0.5;-0.5;3.941416;1;Adaptation;15;1;;;;;
23.16;-2;0.125;2.717656;1;Adaptation;15;1;;;;;
23.18;-0.5;-0.5;3.860748;1;Adaptation;15;1;;;;;
23.2;-0.5;-0.5;4.363432;1;Adaptation;15;1;;;;;
23.22;-0.5;-0.5;2.849352;1;Adaptation;15;1;;;;;
23.24;2;0;4.339474;1;Adaptation;15;1;;;;;
23.26;-0.5;-0.5;4.838502;1;Adaptation;15;1;;;;;
23.28;0;0.125;5.163378;1;Adaptation;15;1;;;;;
23.3;-0.5;-0.5;4.617335;1;Adaptation;15;1;;;;;
23.32;-0.5;-0.5;3.735916;1;Adaptation;15;1;;;;;
23.34;-0.5;-0.5;2.874012;1;Adaptation;15;1;;;;;
23.36;2;0;2.499286;1;Adaptation;15;1;;;;;
23.38;-0.5;-0.5;3.591889;1;Adaptation;15;1;;;;;
23.4;-0.5;-0.5;4.131884;1;Adaptation;15;1;;;;;
23.42;0;0.125;2.048042;1;Adaptation;15;1;;;;;
23.44;-0.5;-0.5;3.815971;1;Adaptation;15;1;;;;;
23.46;-2;0;3.81179;1;Adaptation;15;1;;;;;
23.48;2;0;5.195075;1;Adaptation;15;1;;;;;
23.5;-0.5;-0.5;3.166309;1;Adaptation;15;1;;;;;
23.52;-0.5;-0.5;3.066915;1;Adaptation;15;1;;;;;
23.54;-0.5;-0.5;4.738892;1;Adaptation;15;1;;;;;
23.56;-0.5;-0.5;5.252769;1;Adaptation;15;1;;;;;
23.58;-0.5;-0.5;4.095104;1;Adaptation;15;1;;;;;
23.6;-0.5;-0.5;3.562125;1;Adaptation;15;1;;;;;
23.62;-0.5;-0.5;3.358006;1;Adaptation;15;1;;;;;
23.64;-0.5;-0.5;2.85808;1;Adaptation;15;1;;;;;
23.66;-0.5;-0.5;2.186264;1;Adaptation;15;1;;;;;
23.68;2;0.125;3.630111;1;Adaptation;15;1;;;;;
23.7;-0.5;-0.5;2.046439;1;Adaptation;15;1;;;;;
23.72;-0.5;-0.5;2.556502;1;Adaptation;15;1;;;;;
23.74;-0.5;-0.5;5.552869;1;Adaptation;15;1;;;;;
23.76;-0.5;-0.5;5.175917;1;Adaptation;15;1;;;;;
23.78;0;0.125;5.44806;1;Adaptation;15;1;;;;;
23.8;0;0.25;2.422276;1;Adaptation;15;1;;;;;
23.82;-0.5;-0.5;4.117024;1;Adaptation;15;1;;;;;
23.84;-0.5;-0.5;4.422953;1;Adaptation;15;1;;;;;
23.86;-0.5;-0.5;4.236883;1;Adaptation;15;1;;;;;
23.88;-2;0.125;2.295571;1;Adaptation;15;1;;;;;
23.9;-0.5;-0.5;3.033749;1;Adaptation;15;1;;;;;
23.92;-0.5;-0.5;4.866318;1;Adaptation;15;1;;;;;
23.94;-0.5;-0.5;4.776855;1;Adaptation;15;1;;;;;
23.96;-0.5;-0.5;5.231087;1;Adaptation;15;1;;;;;
23.98;-0.5;-0.5;3.584941;1;Adaptation;15;1;;;;;
24;-0.5;-0.5;3.598236;1;Adaptation;15;1;;;;;
24.02;0;-0.125;5.814508;1;Adaptation;15;1;;;;;
24.04;-0.5;-0.5;2.346406;1;Adaptation;15;1;;;;;
24.06;-0.5;-0.5;2.059371;1;Adaptation;15;1;;;;;
24.08;-0.5;-0.5;5.444824;1;Adaptation;15;1;;;;;
24.1;-0.5;-0.5;3.739558;1;Adaptation;15;1;;;;;
24.12;-0.5;-0.5;5.513516;1;Adaptation;15;1;;;;;
24.14;-0.5;-0.5;2.848902;1;Adaptation;15;1;;;;;
24.16;-0.5;-0.5;5.91563;1;Adaptation;15;1;;;;;
24.18;0;-0.125;3.162444;1;Adaptation;15;1;;;;;
24.2;0;-0.125;3.201591;1;Adaptation;15;1;;;;;
24.22;-0.5;-0.5;2.710197;1;Adaptation;15;1;;;;;
24.24;-0.5;-0.5;3.24611;1;Adaptation;15;1;;;;;
24.26;-0.5;-0.5;5.653636;1;Adaptation;15;1;;;;;
24.28;0;0;5.778517;1;Adaptation;15;1;;;;;
24.3;-0.5;-0.5;5.340597;1;Adaptation;15;1;;;;;
24.32;-0.5;-0.5;4.398577;1;Adaptation;15;1;;;;;
24.34;-0.5;-0.5;3.594985;1;Adaptation;15;1;;;;;
24.36;0;0.125;3.148872;1;Adaptation;15;1;;;;;
24.38;2;0;4.589917;1;Adaptation;15;1;;;;;
24.4;2;0.125;3.548689;1;Adaptation;15;1;;;;;
24.42;-0.5;-0.5;5.480848;1;Adaptation;15;1;;;;;
24.44;-2;0;5.788426;1;Adaptation;15;1;;;;;
24.46;0;0;2.043222;1;Adaptation;15;1;;;;;
24.48;0;-0.25;3.954755;1;Adaptation;15;1;;;;;
24.5;-0.5;-0.5;3.474823;1;Adaptation;15;1;;;;;
24.52;-0.5;-0.5;3.403874;1;Adaptation;15;1;;;;;
24.54;-0.5;-0.5;2.640489;1;Adaptation;15;1;;;;;
24.56;-0.5;-0.5;5.449293;1;Adaptation;15;1;;;;;
24.58;-0.5;-0.5;2.849578;1;Adaptation;15;1;;;;;
24.6;0;0;3.242299;1;Adaptation;15;1;;;;;
24.62;2;0.25;2.127361;1;Adaptation;15;1;;;;;
24.64;-0.5;-0.5;5.807712;1;Adaptation;15;1;;;;;
24.66;-0.5;-0.5;2.83122;1;Adaptation;15;1;;;;;
24.68;-0.5;-0.5;2.702246;1;Adaptation;15;1;;;;;
24.7;-0.5;-0.5;3.976425;1;Adaptation;15;1;;;;;
24.72;-0.5;-0.5;2.669245;1;Adaptation;15;1;;;;;
24.74;-0.5;-0.5;4.640086;1;Adaptation;15;1;;;;;
24.76;-0.5;-0.5;5.554262;1;Adaptation;15;1;;;;;
24.78;-0.5;-0.5;2.988574;1;Adaptation;15;1;;;;;
24.8;-0.5;-0.5;4.543062;1;Adaptation;15;1;;;;;
24.82;-0.5;-0.5;5.441034;1;Adaptation;15;1;;;;;
24.84;-0.5;-0.5;4.088671;1;Adaptation;15;1;;;;;
24.86;-0.5;-0.5;4.469203;1;Adaptation;15;1;;;;;
24.88;0;0.125;2.483476;1;Adaptation;15;1;;;;;
24.9;-0.5;-0.5;4.122718;1;Adaptation;15;1;;;;;
24.92;-0.5;-0.5;2.170742;1;Adaptation;15;1;;;;;
24.94;-2;0.125;5.578046;1;Adaptation;15;1;;;;;
24.96;-0.5;-0.5;5.250279;1;Adaptation;15;1;;;;;
24.98;-0.5;-0.5;3.239969;1;Adaptation;15;1;;;;;
25;0;0;2.332485;1;Adaptation;15;1;;;;;
25.02;0;0;5.248755;1;Adaptation;15;1;;;;;
25.04;-0.5;-0.5;2.433671;1;Adaptation;15;1;;;;;
25.06;-0.5;-0.5;3.445249;1;Adaptation;15;1;;;;;
25.08;-0.5;-0.5;2.133192;1;Adaptation;15;1;;;;;
25.1;-0.5;-0.5;5.614341;1;Adaptation;15;1;;;;;
25.12;-0.5;-0.5;5.280385;1;Adaptation;15;1;;;;;
25.14;-0.5;-0.5;2.405763;1;Adaptation;15;1;;;;;
25.16;-0.5;-0.5;3.471134;1;Adaptation;15;1;;;;;
25.18;-0.5;-0.5;5.450767;1;Adaptation;15;1;;;;;
25.2;-0.5;-0.5;3.444847;1;Adaptation;15;1;;;;;
25.22;0;0;5.654741;1;Adaptation;15;1;;;;;
25.24;-0.5;-0.5;4.833581;1;Adaptation;15;1;;;;;
25.26;2;0.25;5.482162;1;Adaptation;15;1;;;;;
25.28;-0.5;-0.5;5.053366;1;Adaptation;15;1;;;;;
25.3;-0.5;-0.5;5.317917;1;Adaptation;15;1;;;;;
25.32;-0.5;-0.5;4.886536;1;Adaptation;15;1;;;;;
25.34;-0.5;-0.5;3.264437;1;Adaptation;15;1;;;;;
25.36;-0.5;-0.5;4.336553;1;Adaptation;15;1;;;;;
25.38;-0.5;-0.5;2.127602;1;Adaptation;15;1;;;;;
25.4;-0.5;-0.5;2.886078;1;Adaptation;15;1;;;;;
25.42;-0.5;-0.5;5.65476;1;Adaptation;15;1;;;;;
25.44;-0.5;-0.5;5.261919;1;Adaptation;15;1;;;;;
25.46;-0.5;-0.5;3.640774;1;Adaptation;15;1;;;;;
25.48;-0.5;-0.5;4.437131;1;Adaptation;15;1;;;;;
25.5;2;0;2.696895;1;Adaptation;15;1;;;;;
25.52;-0.5;-0.5;4.099113;1;Adaptation;15;1;;;;;
25.54;-0.5;-0.5;2.436378;1;Adaptation;15;1;;;;;
25.56;0;0.125;2.65778;1;Adaptation;15;1;;;;;
25.58;-2;0;3.784375;1;Adaptation;15;1;;;;;
25.6;-0.5;-0.5;5.824961;1;Adaptation;15;1;;;;;
25.62;-0.5;-0.5;4.011323;1;Adaptation;15;1;;;;;
25.64;-0.5;-0.5;5.983961;1;Adaptation;15;1;;;;;
25.66;-0.5;-0.5;4.713264;1;Adaptation;15;1;;;;;
25.68;-0.5;-0.5;3.089285;1;Adaptation;15;1;;;;;
25.7;-0.5;-0.5;2.615389;1;Adaptation;15;1;;;;;
25.72;-0.5;-0.5;3.7747;1;Adaptation;15;1;;;;;
25.74;-0.5;-0.5;4.752698;1;Adaptation;15;1;;;;;
25.76;-0.5;-0.5;4.266074;1;Adaptation;15;1;;;;;
25.78;-0.5;-0.5;5.264776;1;Adaptation;15;1;;;;;
25.8;-0.5;-0.5;5.599865;1;Adaptation;15;1;;;;;
25.82;-0.5;-0.5;3.334918;1;Adaptation;15;1;;;;;
25.84;-0.5;-0.5;5.90037;1;Adaptation;15;1;;;;;
25.86;2;-0.125;2.63403;1;Adaptation;15;1;;;;;
25.88;-0.5;-0.5;3.89133;1;Adaptation;15;1;;;;;
25.9;-0.5;-0.5;5.009134;1;Adaptation;15;1;;;;;
25.92;0;0.125;5.455637;1;Adaptation;15;1;;;;;
25.94;-0.5;-0.5;3.225612;1;Adaptation;15;1;;;;;
25.96;-0.5;-0.5;4.427159;1;Adaptation;15;1;;;;;
25.98;-0.5;-0.5;2.104162;1;Adaptation;15;1;;;;;
26;0;0;5.265016;1;Adaptation;15;1;;;;;
26.02;-0.5;-0.5;5.535239;1;Adaptation;15;1;;;;;
26.04;-0.5;-0.5;3.744351;1;Adaptation;15;1;;;;;
26.06;0;0.25;5.741673;1;Adaptation;15;1;;;;;
26.08;2;-0.125;4.840994;1;Adaptation;15;1;;;;;
26.1;0;0.125;5.242709;1;Adaptation;15;1;;;;;
26.12;-0.5;-0.5;5.528471;1;Adaptation;15;1;;;;;
26.14;-0.5;-0.5;5.753796;1;Adaptation;15;1;;;;;
26.16;-0.5;-0.5;2.802886;1;Adaptation;15;1;;;;;
26.18;-0.5;-0.5;3.645881;1;Adaptation;15;1;;;;;
26.2;-0.5;-0.5;2.927501;1;Adaptation;15;1;;;;;
26.22;-0.5;-0.5;5.656921;1;Adaptation;15;1;;;;;
26.24;-0.5;-0.5;3.803694;1;Adaptation;15;1;;;;;
26.26;0;-0.375;4.578294;1;Adaptation;15;1;;;;;
26.28;-0.5;-0.5;2.091097;1;Adaptation;15;1;;;;;
26.3;-2;-0.25;5.608613;1;Adaptation;15;1;;;;;
26.32;-0.5;-0.5;5.120526;1;Adaptation;15;1;;;;;
26.34;-0.5;-0.5;4.289532;1;Adaptation;15;1;;;;;
26.36;2;-0.125;3.450956;1;Adaptation;15;1;;;;;
26.38;0;-0.125;5.366872;1;Adaptation;15;1;;;;;
26.4;-0.5;-0.5;5.856738;1;Adaptation;15;1;;;;;
26.42;0;0.125;4.429197;1;Adaptation;15;1;;;;;
26.44;-0.5;-0.5;4.582906;1;Adaptation;15;1;;;;;
26.46;-0.5;-0.5;2.179042;1;Adaptation;15;1;;;;;
26.48;0;0;2.623054;1;Adaptation;15;1;;;;;
26.5;2;0.25;5.485623;1;Adaptation;15;1;;;;;
26.52;-0.5;-0.5;4.094346;1;Adaptation;15;1;;;;;
26.54;-0.5;-0.5;4.488714;1;Adaptation;15;1;;;;;
26.56;0;0;2.086001;1;Adaptation;15;1;;;;;
26.58;-0.5;-0.5;4.792595;1;Adaptation;15;1;;;;;
26.6;-0.5;-0.5;4.510478;1;Adaptation;15;1;;;;;
26.62;-0.5;-0.5;3.280785;1;Adaptation;15;1;;;;;
26.64;-0.5;-0.5;3.321814;1;Adaptation;15;1;;;;;
26.66;-0.5;-0.5;5.488335;1;Adaptation;15;1;;;;;
26.68;-0.5;-0.5;4.379667;1;Adaptation;15;1;;;;;
26.7;-0.5;-0.5;2.043073;1;Adaptation;15;1;;;;;
26.72;-0.5;-0.5;3.130366;1;Adaptation;15;1;;;;;
26.74;-0.5;-0.5;4.018602;1;Adaptation;15;1;;;;;
26.76;-0.5;-0.5;2.400308;1;Adaptation;15;1;;;;;
26.78;-0.5;-0.5;2.546247;1;Adaptation;15;1;;;;;
26.8;0;0;2.574938;1;Adaptation;15;1;;;;;
26.82;-0.5;-0.5;3.619973;1;Adaptation;15;1;;;;;
26.84;0;0;5.35543;1;Adaptation;15;1;;;;;
26.86;0;0;4.824366;1;Adaptation;15;1;;;;;
26.88;-0.5;-0.5;3.878588;1;Adaptation;15;1;;;;;
26.9;-0.5;-0.5;4.040093;1;Adaptation;15;1;;;;;
26.92;-0.5;-0.5;2.613221;1;Adaptation;15;1;;;;;
26.94;-2;0.125;2.970566;1;Adaptation;15;1;;;;;
26.96;-0.5;-0.5;3.342705;1;Adaptation;15;1;;;;;
26.98;-0.5;-0.5;5.760593;1;Adaptation;15;1;;;;;
27;-0.5;-0.5;5.160541;1;Adaptation;15;1;;;;;
27.02;-0.5;-0.5;4.211329;1;Adaptation;15;1;;;;;
27.04;-0.5;-0.5;5.246933;1;Adaptation;15;1;;;;;
27.06;-0.5;-0.5;4.257298;1;Adaptation;15;1;;;;;
27.08;-0.5;-0.5;5.505857;1;Adaptation;15;1;;;;;
27.1;-0.5;-0.5;5.437825;1;Adaptation;15;1;;;;;
27.12;-0.5;-0.5;2.103028;1;Adaptation;15;1;;;;;
27.14;2;0;2.896101;1;Adaptation;15;1;;;;;
27.16;-0.5;-0.5;3.076544;1;Adaptation;15;1;;;;;
27.18;-0.5;-0.5;3.646809;1;Adaptation;15;1;;;;;
27.2;-0.5;-0.5;5.162986;1;Adaptation;15;1;;;;;
27.22;-0.5;-0.5;4.726404;1;Adaptation;15;1;;;;;
27.24;-0.5;-0.5;4.431521;1;Adaptation;15;1;;;;;
27.26;0;0;2.371963;1;Adaptation;15;1;;;;;
27.28;0;-0.125;2.752446;1;Adaptation;15;1;;;;;
27.3;-0.5;-0.5;3.051672;1;Adaptation;15;1;;;;;
27.32;-0.5;-0.5;4.222603;1;Adaptation;15;1;;;;;
27.34;-0.5;-0.5;5.546106;1;Adaptation;15;1;;;;;
27.36;-0.5;-0.5;2.053593;1;Adaptation;15;1;;;;;
27.38;-0.5;-0.5;3.862715;1;Adaptation;15;1;;;;;
27.4;-0.5;-0.5;2.115294;1;Adaptation;15;1;;;;;
27.42;-0.5;-0.5;5.481195;1;Adaptation;15;1;;;;;
27.44;-0.5;-0.5;4.5931;1;Adaptation;15;1;;;;;
27.46;0;0;2.957057;1;Adaptation;15;1;;;;;
27.48;-0.5;-0.5;5.59174;1;Adaptation;15;1;;;;;
27.5;2;-0.125;5.979457;1;Adaptation;15;1;;;;;
27.52;0;0;3.134523;1;Adaptation;15;1;;;;;
27.54;-0.5;-0.5;5.184658;1;Adaptation;15;1;;;;;
27.56;-0.5;-0.5;3.187947;1;Adaptation;15;1;;;;;
27.58;0;0;5.693213;1;Adaptation;15;1;;;;;
27.6;-0.5;-0.5;5.748811;1;Adaptation;15;1;;;;;
27.62;-0.5;-0.5;3.287744;1;Adaptation;15;1;;;;;
27.64;-0.5;-0.5;2.347051;1;Adaptation;15;1;;;;;
27.66;-0.5;-0.5;3.036543;1;Adaptation;15;1;;;;;
27.68;0;0;2.007681;1;Adaptation;15;1;;;;;
27.7;-0.5;-0.5;3.619141;1;Adaptation;15;1;;;;;
27.72;-0.5;-0.5;5.879702;1;Adaptation;15;1;;;;;
27.74;-0.5;-0.5;4.702963;1;Adaptation;15;1;;;;;
27.76;-0.5;-0.5;5.743831;1;Adaptation;15;1;;;;;
27.78;-0.5;-0.5;2.066195;1;Adaptation;15;1;;;;;
27.8;0;0;2.522051;1;Adaptation;15;1;;;;;
27.82;-0.5;-0.5;2.371461;1;Adaptation;15;1;;;;;
27.84;-0.5;-0.5;5.842621;1;Adaptation;15;1;;;;;
27.86;-0.5;-0.5;2.556664;1;Adaptation;15;1;;;;;
27.88;-0.5;-0.5;5.224501;1;Adaptation;15;1;;;;;
27.9;-0.5;-0.5;2.404204;1;Adaptation;15;1;;;;;
27.92;-0.5;-0.5;5.550509;1;Adaptation;15;1;;;;;
27.94;-0.5;-0.5;5.200543;1;Adaptation;15;1;;;;;
27.96;-0.5;-0.5;3.982588;1;Adaptation;15;1;;;;;
27.98;-0.5;-0.5;5.328138;1;Adaptation;15;1;;;;;
28;-0.5;-0.5;5.307733;1;Adaptation;15;1;;;;;
28.02;0;-0.25;4.483232;1;Adaptation;15;1;;;;;
28.04;-2;0.125;5.350948;1;Adaptation;15;1;;;;;
28.06;-0.5;-0.5;5.521616;1;Adaptation;15;1;;;;;
28.08;-0.5;-0.5;3.114628;1;Adaptation;15;1;;;;;
28.1;0;0;2.34214;1;Adaptation;15;1;;;;;
28.12;-0.5;-0.5;3.564294;1;Adaptation;15;1;;;;;
28.14;0;0.25;5.104385;1;Adaptation;15;1;;;;;
28.16;0;-0.125;2.509429;1;Adaptation;15;1;;;;;
28.18;0;0;5.814754;1;Adaptation;15;1;;;;;
28.2;-0.5;-0.5;4.310357;1;Adaptation;15;1;;;;;
28.22;-0.5;-0.5;4.487501;1;Adaptation;15;1;;;;;
28.24;-0.5;-0.5;5.997356;1;Adaptation;15;1;;;;;
28.26;-2;-0.125;5.576778;1;Adaptation;15;1;;;;;
28.28;-0.5;-0.5;3.995744;1;Adaptation;15;1;;;;;
28.3;-0.5;-0.5;5.945673;1;Adaptation;15;1;;;;;
28.32;-0.5;-0.5;3.303616;1;Adaptation;15;1;;;;;
28.34;-0.5;-0.5;5.128527;1;Adaptation;15;1;;;;;
28.36;-0.5;-0.5;2.627754;1;Adaptation;15;1;;;;;
28.38;-0.5;-0.5;4.569854;1;Adaptation;15;1;;;;;
28.4;-0.5;-0.5;4.148141;1;Adaptation;15;1;;;;;
28.42;-0.5;-0.5;2.64899;1;Adaptation;15;1;;;;;
28.44;-0.5;-0.5;3.965253;1;Adaptation;15;1;;;;;
28.46;-0.5;-0.5;3.02472;1;Adaptation;15;1;;;;;
28.48;-0.5;-0.5;3.219426;1;Adaptation;15;1;;;;;
28.5;-0.5;-0.5;5.300351;1;Adaptation;15;1;;;;;
28.52;-0.5;-0.5;5.506749;1;Adaptation;15;1;;;;;
28.54;-0.5;-0.5;2.421892;1;Adaptation;15;1;;;;;
28.56;-0.5;-0.5;3.702563;1;Adaptation;15;1;;;;;
28.58;-2;-0.125;3.928108;1;Adaptation;15;1;;;;;
28.6;-0.5;-0.5;2.459375;1;Adaptation;15;1;;;;;
28.62;-0.5;-0.5;3.68567;1;Adaptation;15;1;;;;;
28.64;0;0.25;5.160338;1;Adaptation;15;1;;;;;
28.66;-0.5;-0.5;5.60026;1;Adaptation;15;1;;;;;
28.68;-0.5;-0.5;2.149156;1;Adaptation;15;1;;;;;
28.7;-2;0.375;4.483378;1;Adaptation;15;1;;;;;
28.72;-0.5;-0.5;3.920031;1;Adaptation;15;1;;;;;
28.74;-0.5;-0.5;4.074148;1;Adaptation;15;1;;;;;
28.76;-2;-0.125;3.765714;1;Adaptation;15;1;;;;;
28.78;0;0.25;2.228954;1;Adaptation;15;1;;;;;
28.8;-0.5;-0.5;4.814892;1;Adaptation;15;1;;;;;
28.82;-0.5;-0.5;2.860896;1;Adaptation;15;1;;;;;
28.84;-0.5;-0.5;4.047015;1;Adaptation;15;1;;;;;
28.86;-0.5;-0.5;4.179418;1;Adaptation;15;1;;;;;
28.88;-0.5;-0.5;3.343781;1;Adaptation;15;1;;;;;
28.9;-0.5;-0.5;4.54674;1;Adaptation;15;1;;;;;
28.92;-0.5;-0.5;2.746617;1;Adaptation;15;1;;;;;
28.94;-0.5;-0.5;4.448344;1;Adaptation;15;1;;;;;
28.96;0;0.125;3.090696;1;Adaptation;15;1;;;;;
28.98;-0.5;-0.5;4.95926;1;Adaptation;15;1;;;;;
29;-0.5;-0.5;4.424949;1;Adaptation;15;1;;;;;
29.02;-0.5;-0.5;5.481173;1;Adaptation;15;1;;;;;
29.04;-0.5;-0.5;5.818766;1;Adaptation;15;1;;;;;
29.06;-0.5;-0.5;5.929166;1;Adaptation;15;1;;;;;
29.08;-0.5;-0.5;3.663789;1;Adaptation;15;1;;;;;
29.1;0;0;5.049568;1;Adaptation;15;1;;;;;
29.12;-0.5;-0.5;2.958568;1;Adaptation;15;1;;;;;
29.14;-0.5;-0.5;4.464706;1;Adaptation;15;1;;;;;
29.16;-0.5;-0.5;3.836663;1;Adaptation;15;1;;;;;
29.18;-0.5;-0.5;3.078026;1;Adaptation;15;1;;;;;
29.2;-0.5;-0.5;4.006817;1;Adaptation;15;1;;;;;
29.22;2;-0.125;2.663511;1;Adaptation;15;1;;;;;
29.24;0;-0.375;2.242319;1;Adaptation;15;1;;;;;
29.26;-0.5;-0.5;4.295051;1;Adaptation;15;1;;;;;
29.28;2;0;4.572097;1;Adaptation;15;1;;;;;
29.3;-0.5;-0.5;5.876904;1;Adaptation;15;1;;;;;
29.32;0;-0.125;2.726911;1;Adaptation;15;1;;;;;
29.34;-0.5;-0.5;4.809573;1;Adaptation;15;1;;;;;
29.36;-0.5;-0.5;4.884515;1;Adaptation;15;1;;;;;
29.38;0;0;4.414386;1;Adaptation;15;1;;;;;
29.4;0;-0.125;3.297527;1;Adaptation;15;1;;;;;
29.42;-0.5;-0.5;5.581931;1;Adaptation;15;1;;;;;
29.44;-0.5;-0.5;4.990067;1;Adaptation;15;1;;;;;
29.46;-0.5;-0.5;5.604778;1;Adaptation;15;1;;;;;
29.48;-0.5;-0.5;4.388851;1;Adaptation;15;1;;;;;
29.5;-0.5;-0.5;3.378118;1;Adaptation;15;1;;;;;
29.52;-0.5;-0.5;2.464102;1;Adaptation;15;1;;;;;
29.54;-0.5;-0.5;3.032641;1;Adaptation;15;1;;;;;
29.56;-0.5;-0.5;4.776729;1;Adaptation;15;1;;;;;
29.58;-0.5;-0.5;5.651816;1;Adaptation;15;1;;;;;
29.6;0;-0.125;3.767032;1;Adaptation;15;1;;;;;
29.62;-0.5;-0.5;2.572374;1;Adaptation;15;1;;;;;
29.64;-0.5;-0.5;4.438366;1;Adaptation;15;1;;;;;
29.66;-0.5;-0.5;4.564165;1;Adaptation;15;1;;;;;
29.68;-0.5;-0.5;3.036235;1;Adaptation;15;1;;;;;
29.7;-0.5;-0.5;4.341178;1;Adaptation;15;1;;;;;
29.72;-0.5;-0.5;5.18606;1;Adaptation;15;1;;;;;
29.74;-0.5;-0.5;4.775608;1;Adaptation;15;1;;;;;
29.76;-0.5;-0.5;3.650815;1;Adaptation;15;1;;;;;
29.78;-0.5;-0.5;3.889253;1;Adaptation;15;1;;;;;
29.8;-0.5;-0.5;5.964993;1;Adaptation;15;1;;;;;
29.82;0;-0.25;4.072167;1;Adaptation;15;1;;;;;
29.84;-0.5;-0.5;5.501354;1;Adaptation;15;1;;;;;
29.86;-0.5;-0.5;2.588137;1;Adaptation;15;1;;;;;
29.88;0;0.125;4.894913;1;Adaptation;15;1;;;;;
29.9;2;0.125;2.648263;1;Adaptation;15;1;;;;;
29.92;0;0.125;3.233865;1;Adaptation;15;1;;;;;
29.94;-0.5;-0.5;4.525809;1;Adaptation;15;1;;;;;
29.96;-0.5;-0.5;2.985583;1;Adaptation;15;1;;;;;
29.98;-0.5;-0.5;4.667336;1;Adaptation;15;1;;;;;
30;-0.5;-0.5;4.893665;1;Adaptation;15;1;;;;;
30.02;-0.5;-0.5;3.74544;1;Adaptation;15;1;;;;;
30.04;-2;0.25;4.014461;1;Adaptation;15;1;;;;;
30.06;-0.5;-0.5;2.445702;1;Adaptation;15;1;;;;;
30.08;-0.5;-0.5;4.470839;1;Adaptation;15;1;;;;;
30.1;-0.5;-0.5;3.837983;1;Adaptation;15;1;;;;;
30.12;-0.5;-0.5;2.932418;1;Adaptation;15;1;;;;;
30.14;-0.5;-0.5;5.09488;1;Adaptation;15;1;;;;;
30.16;-0.5;-0.5;2.819414;1;Adaptation;15;1;;;;;
30.18;0;0;4.743769;1;Adaptation;15;1;;;;;
30.2;-0.5;-0.5;5.484944;1;Adaptation;15;1;;;;;
30.22;-0.5;-0.5;2.64442;1;Adaptation;15;1;;;;;
30.24;2;-0.125;5.537219;1;Adaptation;15;1;;;;;
30.26;-0.5;-0.5;5.817986;1;Adaptation;15;1;;;;;
30.28;-0.5;-0.5;3.279027;1;Adaptation;15;1;;;;;
30.3;0;-0.125;4.351311;1;Adaptation;15;1;;;;;
30.32;-0.5;-0.5;4.978147;1;Adaptation;15;1;;;;;
30.34;-0.5;-0.5;3.017988;1;Adaptation;15;1;;;;;
30.36;-0.5;-0.5;2.662896;1;Adaptation;15;1;;;;;
30.38;0;0;3.679327;1;Adaptation;15;1;;;;;
30.4;-0.5;-0.5;4.243231;1;Adaptation;15;1;;;;;
30.42;-0.5;-0.5;2.56856;1;Adaptation;15;1;;;;;
30.44;-0.5;-0.5;4.664322;1;Adaptation;15;1;;;;;
30.46;-2;0;3.266463;1;Adaptation;15;1;;;;;
30.48;-0.5;-0.5;2.214064;1;Adaptation;15;1;;;;;
30.5;-0.5;-0.5;4.408906;1;Adaptation;15;1;;;;;
30.52;-0.5;-0.5;3.009237;1;Adaptation;15;1;;;;;
30.54;2;0;3.965288;1;Adaptation;15;1;;;;;
30.56;2;0.125;5.479525;1;Adaptation;15;1;;;;;
30.58;2;0.25;2.911944;1;Adaptation;15;1;;;;;
30.6;-0.5;-0.5;2.975708;1;Adaptation;15;1;;;;;
30.62;2;0;2.263366;1;Adaptation;15;1;;;;;
30.64;-0.5;-0.5;3.135484;1;Adaptation;15;1;;;;;
30.66;0;0;5.084688;1;Adaptation;15;1;;;;;
30.68;-0.5;-0.5;5.029129;1;Adaptation;15;1;;;;;
30.7;-0.5;-0.5;2.838597;1;Adaptation;15;1;;;;;
30.72;-0.5;-0.5;3.252319;1;Adaptation;15;1;;;;;
30.74;0;-0.125;4.140713;1;Adaptation;15;1;;;;;
30.76;-0.5;-0.5;5.640378;1;Adaptation;15;1;;;;;
30.78;-2;0.125;2.250803;1;Adaptation;15;1;;;;;
30.8;-0.5;-0.5;3.317614;1;Adaptation;15;1;;;;;
30.82;0;-0.25;4.516644;1;Adaptation;15;1;;;;;
30.84;-0.5;-0.5;2.436532;1;Adaptation;15;1;;;;;
30.86;-0.5;-0.5;2.264235;1;Adaptation;15;1;;;;;
30.88;-0.5;-0.5;5.139443;1;Adaptation;15;1;;;;;
30.9;-0.5;-0.5;4.01363;1;Adaptation;15;1;;;;;
30.92;2;0.25;5.177339;1;Adaptation;15;1;;;;;
30.94;-0.5;-0.5;4.259406;1;Adaptation;15;1;;;;;
30.96;-0.5;-0.5;4.775193;1;Adaptation;15;1;;;;;
30.98;-0.5;-0.5;2.529377;1;Adaptation;15;1;;;;;
31;-0.5;-0.5;2.249695;1;Adaptation;15;1;;;;;
31.02;-0.5;-0.5;2.640674;1;Adaptation;15;1;;;;;
31.04;-0.5;-0.5;2.095914;1;Adaptation;15;1;;;;;
31.06;-0.5;-0.5;5.418249;1;Adaptation;15;1;;;;;
31.08;0;-0.125;2.141329;1;Adaptation;15;1;;;;;
31.1;-0.5;-0.5;5.048705;1;Adaptation;15;1;;;;;
31.12;-2;0.125;2.685013;1;Adaptation;15;1;;;;;
31.14;-0.5;-0.5;2.412879;1;Adaptation;15;1;;;;;
31.16;-0.5;-0.5;3.154559;1;Adaptation;15;1;;;;;
31.18;-0.5;-0.5;3.383251;1;Adaptation;15;1;;;;;
31.2;-0.5;-0.5;4.542787;1;Adaptation;15;1;;;;;
31.22;2;-0.125;3.153901;1;Adaptation;15;1;;;;;
31.24;-0.5;-0.5;3.941158;1;Adaptation;15;1;;;;;
31.26;-2;0;2.475359;1;Adaptation;15;1;;;;;
31.28;-0.5;-0.5;4.879004;1;Adaptation;15;1;;;;;
31.3;4;-0.25;3.192171;1;Adaptation;15;1;;;;;
31.32;0;0.125;2.731932;1;Adaptation;15;1;;;;;
31.34;-0.5;-0.5;5.041909;1;Adaptation;15;1;;;;;
31.36;-0.5;-0.5;3.145448;1;Adaptation;15;1;;;;;
31.38;-0.5;-0.5;3.517775;1;Adaptation;15;1;;;;;
31.4;-0.5;-0.5;3.611051;1;Adaptation;15;1;;;;;
31.42;-0.5;-0.5;3.143503;1;Adaptation;15;1;;;;;
31.44;-0.5;-0.5;2.324889;1;Adaptation;15;1;;;;;
31.46;-0.5;-0.5;3.446781;1;Adaptation;15;1;;;;;
31.48;-0.5;-0.5;5.759625;1;Adaptation;15;1;;;;;
31.5;-0.5;-0.5;2.238217;1;Adaptation;15;1;;;;;
31.52;2;0;4.872102;1;Adaptation;15;1;;;;;
31.54;-0.5;-0.5;5.307384;1;Adaptation;15;1;;;;;
31.56;-2;0.125;4.414327;1;Adaptation;15;1;;;;;
31.58;-2;0;4.652017;1;Adaptation;15;1;;;;;
31.6;-2;0.125;2.378211;1;Adaptation;15;1;;;;;
31.62;-0.5;-0.5;4.705001;1;Adaptation;15;1;;;;;
31.64;-0.5;-0.5;4.749995;1;Adaptation;15;1;;;;;
31.66;0;0.375;2.417881;1;Adaptation;15;1;;;;;
31.68;-0.5;-0.5;5.983641;1;Adaptation;15;1;;;;;
31.7;-0.5;-0.5;4.016633;1;Adaptation;15;1;;;;;
31.72;-0.5;-0.5;2.540063;1;Adaptation;15;1;;;;;
31.74;0;0.125;5.63034;1;Adaptation;15;1;;;;;
31.76;-2;-0.375;3.772203;1;Adaptation;15;1;;;;;
31.78;-0.5;-0.5;5.970021;1;Adaptation;15;1;;;;;
31.8;-0.5;-0.5;5.528503;1;Adaptation;15;1;;;;;
31.82;2;-0.25;2.640698;1;Adaptation;15;1;;;;;
31.84;-0.5;-0.5;3.769323;1;Adaptation;15;1;;;;;
31.86;-0.5;-0.5;3.160626;1;Adaptation;15;1;;;;;
31.88;-2;-0.125;3.475435;1;Adaptation;15;1;;;;;
31.9;-0.5;-0.5;5.005692;1;Adaptation;15;1;;;;;
31.92;-0.5;-0.5;5.513327;1;Adaptation;15;1;;;;;
31.94;0;-0.125;3.758703;1;Adaptation;15;1;;;;;
31.96;-0.5;-0.5;2.449806;1;Adaptation;15;1;;;;;
31.98;-0.5;-0.5;4.272001;1;Adaptation;15;1;;;;;
32;-2;-0.125;4.062417;1;Adaptation;15;1;;;;;
32.02;-0.5;-0.5;2.359934;1;Adaptation;15;1;;;;;
32.04;-0.5;-0.5;2.97248;1;Adaptation;15;1;;;;;
32.06;-0.5;-0.5;2.51892;1;Adaptation;15;1;;;;;
32.08;-0.5;-0.5;5.603282;1;Adaptation;15;1;;;;;
32.1;2;-0.125;5.289734;1;Adaptation;15;1;;;;;
32.12;-2;-0.125;2.170484;1;Adaptation;15;1;;;;;
32.14;-0.5;-0.5;5.853673;1;Adaptation;15;1;;;;;
32.16;4;-0.125;2.522962;1;Adaptation;15;1;;;;;
32.18;-0.5;-0.5;5.266687;1;Adaptation;15;1;;;;;
32.2;-0.5;-0.5;5.215309;1;Adaptation;15;1;;;;;
32.22;-0.5;-0.5;3.85005;1;Adaptation;15;1;;;;;
32.24;-0.5;-0.5;5.900839;1;Adaptation;15;1;;;;;
32.26;-0.5;-0.5;4.386018;1;Adaptation;15;1;;;;;
32.28;-0.5;-0.5;3.899955;1;Adaptation;15;1;;;;;
32.3;-0.5;-0.5;4.013885;1;Adaptation;15;1;;;;;
32.32;-0.5;-0.5;4.448131;1;Adaptation;15;1;;;;;
32.34;-0.5;-0.5;2.25485;1;Adaptation;15;1;;;;;
32.36;-0.5;-0.5;2.745073;1;Adaptation;15;1;;;;;
32.38;0;-0.125;3.58027;1;Adaptation;15;1;;;;;
32.4;0;-0.125;5.87963;1;Adaptation;15;1;;;;;
32.42;2;0.125;3.968029;1;Adaptation;15;1;;;;;
32.44;0;0;2.280057;1;Adaptation;15;1;;;;;
32.46;0;0.375;2.214753;1;Adaptation;15;1;;;;;
32.48;-0.5;-0.5;5.433568;1;Adaptation;15;1;;;;;
32.5;-0.5;-0.5;5.743024;1;Adaptation;15;1;;;;;
32.52;-0.5;-0.5;5.176378;1;Adaptation;15;1;;;;;
32.54;-0.5;-0.5;5.547755;1;Adaptation;15;1;;;;;
32.56;-0.5;-0.5;4.226603;1;Adaptation;15;1;;;;;
32.58;2;0.25;2.203013;1;Adaptation;15;1;;;;;
32.6;0;0;5.665051;1;Adaptation;15;1;;;;;
32.62;-0.5;-0.5;5.495484;1;Adaptation;15;1;;;;;
32.64;-0.5;-0.5;5.923652;1;Adaptation;15;1;;;;;
32.66;-0.5;-0.5;4.589447;1;Adaptation;15;1;;;;;
32.68;-0.5;-0.5;2.768838;1;Adaptation;15;1;;;;;
32.7;-0.5;-0.5;4.31376;1;Adaptation;15;1;;;;;
32.72;-2;-0.25;2.793886;1;Adaptation;15;1;;;;;
32.74;0;0;4.059735;1;Adaptation;15;1;;;;;
32.76;-2;-0.25;5.088001;1;Adaptation;15;1;;;;;
32.78;-0.5;-0.5;3.320562;1;Adaptation;15;1;;;;;
32.8;-0.5;-0.5;2.852371;1;Adaptation;15;1;;;;;
32.82;-0.5;-0.5;3.288834;1;Adaptation;15;1;;;;;
32.84;-0.5;-0.5;4.201641;1;Adaptation;15;1;;;;;
32.86;-0.5;-0.5;3.867514;1;Adaptation;15;1;;;;;
;;;;;;;;;;;;
