time;pos_x_right;pos_y_right;dil_right;pos_x_left;pos_y_left;dil_left;brightness;state;fov;trial;;
0;-0.5;-0.5;5.694963;1;Adaptation;15;1;;;;;
0.02;-0.5;-0.5;2.084095;1;Adaptation;15;1;;;;;
0.04;0;0;3.049539;1;Adaptation;15;1;;;;;
0.06;0;0;3.473897;1;Adaptation;15;1;;;;;
0.08;0;0;4.513799;1;Adaptation;15;1;;;;;
0.09999999;0;0;3.553578;1;Adaptation;15;1;;;;;
0.12;0;0;4.489198;1;Adaptation;15;1;;;;;
0.14;0;0;3.555234;1;Adaptation;15;1;;;;;
0.16;0;0;4.022553;1;Adaptation;15;1;;;;;
0.18;0;0;2.073543;1;Adaptation;15;1;;;;;
0.2;0;0;2.209229;1;Adaptation;15;1;;;;;
0.22;0;0;5.191911;1;Adaptation;15;1;;;;;
0.24;0;0;3.592043;1;Adaptation;15;1;;;;;
0.26;0;0;4.389917;1;Adaptation;15;1;;;;;
0.28;0;0;3.265257;1;Adaptation;15;1;;;;;
0.3;0;0;3.857115;1;Adaptation;15;1;;;;;
0.32;0;0;4.850528;1;Adaptation;15;1;;;;;
0.34;0;0;3.198923;1;Adaptation;15;1;;;;;
0.36;2;-0.125;3.537931;1;Adaptation;15;1;;;;;
0.38;0;0;4.264302;1;Adaptation;15;1;;;;;
0.4;-0.5;-0.5;2.70055;1;Adaptation;15;1;;;;;
0.42;-0.5;-0.5;4.551479;1;Adaptation;15;1;;;;;
0.44;0;0.125;4.953405;1;Adaptation;15;1;;;;;
0.46;0;0;5.4516;1;Adaptation;15;1;;;;;
0.48;-0.5;-0.5;2.196279;1;Adaptation;15;1;;;;;
0.5;0;0;2.038238;1;Adaptation;15;1;;;;;
0.52;-0.5;-0.5;3.26808;1;Adaptation;15;1;;;;;
0.54;-0.5;-0.5;3.763093;1;Adaptation;15;1;;;;;
0.56;-2;0;5.824237;1;Adaptation;15;1;;;;;
0.58;-0.5;-0.5;3.244624;1;Adaptation;15;1;;;;;
0.6;-0.5;-0.5;3.376641;1;Adaptation;15;1;;;;;
0.62;0;-0.125;2.954433;1;Adaptation;15;1;;;;;
0.64;-0.5;-0.5;3.07781;1;Adaptation;15;1;;;;;
0.66;0;-0.125;2.712481;1;Adaptation;15;1;;;;;
0.68;0;0.25;5.06351;1;Adaptation;15;1;;;;;
0.7;0;0;2.8922;1;Adaptation;15;1;;;;;
0.72;0;0.125;4.536679;1;Adaptation;15;1;;;;;
0.74;-0.5;-0.5;2.391117;1;Adaptation;15;1;;;;;
0.76;-0.5;-0.5;3.306044;1;Adaptation;15;1;;;;;
0.78;-0.5;-0.5;3.687758;1;Adaptation;15;1;;;;;
0.8;-0.5;-0.5;2.220486;1;Adaptation;15;1;;;;;
0.82;-0.5;-0.5;2.521481;1;Adaptation;15;1;;;;;
0.84;-0.5;-0.5;5.781359;1;Adaptation;15;1;;;;;
0.86;0;0.125;2.722302;1;Adaptation;15;1;;;;;
0.88;-0.5;-0.5;5.282056;1;Adaptation;15;1;;;;;
0.9;-0.5;-0.5;2.538685;1;Adaptation;15;1;;;;;
0.92;-0.5;-0.5;2.332548;1;Adaptation;15;1;;;;;
0.94;-0.5;-0.5;5.953889;1;Adaptation;15;1;;;;;
0.96;-0.5;-0.5;4.843334;1;Adaptation;15;1;;;;;
0.98;-0.5;-0.5;2.901291;1;Adaptation;15;1;;;;;
1;-0.5;-0.5;4.503376;1;Adaptation;15;1;;;;;
1.02;-0.5;-0.5;5.857763;1;Adaptation;15;1;;;;;
1.04;-0.5;-0.5;3.798712;1;Adaptation;15;1;;;;;
1.06;2;-0.125;4.429691;1;Adaptation;15;1;;;;;
1.08;-0.5;-0.5;2.074359;1;Adaptation;15;1;;;;;
1.1;-2;-0.125;2.825759;1;Adaptation;15;1;;;;;
1.12;-0.5;-0.5;3.620992;1;Adaptation;15;1;;;;;
1.14;0;0.125;5.494411;1;Adaptation;15;1;;;;;
1.16;-0.5;-0.5;3.572796;1;Adaptation;15;1;;;;;
1.18;-0.5;-0.5;2.651734;1;Adaptation;15;1;;;;;
1.2;-0.5;-0.5;4.571174;1;Adaptation;15;1;;;;;
1.22;-2;-0.125;5.259984;1;Adaptation;15;1;;;;;
1.24;-0.5;-0.5;3.655868;1;Adaptation;15;1;;;;;
1.26;-0.5;-0.5;2.727623;1;Adaptation;15;1;;;;;
1.28;-0.5;-0.5;2.030582;1;Adaptation;15;1;;;;;
1.3;2;0.125;2.484095;1;Adaptation;15;1;;;;;
1.32;-0.5;-0.5;3.67029;1;Adaptation;15;1;;;;;
1.34;-0.5;-0.5;2.14527;1;Adaptation;15;1;;;;;
1.36;-0.5;-0.5;5.781096;1;Adaptation;15;1;;;;;
1.38;-0.5;-0.5;4.663858;1;Adaptation;15;1;;;;;
1.4;2;0;5.483264;1;Adaptation;15;1;;;;;
1.42;0;-0.25;4.020743;1;Adaptation;15;1;;;;;
1.44;-0.5;-0.5;3.330011;1;Adaptation;15;1;;;;;
1.46;-0.5;-0.5;2.564229;1;Adaptation;15;1;;;;;
1.48;-0.5;-0.5;5.086785;1;Adaptation;15;1;;;;;
1.5;-0.5;-0.5;5.132411;1;Adaptation;15;1;;;;;
1.52;-0.5;-0.5;4.101779;1;Adaptation;15;1;;;;;
1.54;-0.5;-0.5;2.886223;1;Adaptation;15;1;;;;;
1.56;-0.5;-0.5;2.563382;1;Adaptation;15;1;;;;;
1.58;-0.5;-0.5;5.186876;1;Adaptation;15;1;;;;;
1.6;-0.5;-0.5;2.706041;1;Adaptation;15;1;;;;;
1.62;-0.5;-0.5;5.994493;1;Adaptation;15;1;;;;;
1.64;-2;0;4.117929;1;Adaptation;15;1;;;;;
1.66;-0.5;-0.5;4.876106;1;Adaptation;15;1;;;;;
1.68;-0.5;-0.5;4.557777;1;Adaptation;15;1;;;;;
1.7;-0.5;-0.5;3.701552;1;Adaptation;15;1;;;;;
1.72;-0.5;-0.5;2.105794;1;Adaptation;15;1;;;;;
1.74;2;-0.125;5.908446;1;Adaptation;15;1;;;;;
1.76;0;0.125;5.426719;1;Adaptation;15;1;;;;;
1.78;0;-0.125;4.185172;1;Adaptation;15;1;;;;;
1.8;0;0.125;5.074307;1;Adaptation;15;1;;;;;
1.82;0;-0.125;4.864054;1;Adaptation;15;1;;;;;
1.84;-0.5;-0.5;5.544437;1;Adaptation;15;1;;;;;
1.86;2;0;2.197595;1;Adaptation;15;1;;;;;
1.88;-0.5;-0.5;5.351364;1;Adaptation;15;1;;;;;
1.9;-2;-0.125;2.729578;1;Adaptation;15;1;;;;;
1.92;-2;0;4.358764;1;Adaptation;15;1;;;;;
1.94;-0.5;-0.5;2.84251;1;Adaptation;15;1;;;;;
1.96;-0.5;-0.5;2.657307;1;Adaptation;15;1;;;;;
1.98;-0.5;-0.5;5.464771;1;Adaptation;15;1;;;;;
2;-0.5;-0.5;3.376327;1;Adaptation;15;1;;;;;
2.02;0;0.125;4.956028;1;Adaptation;15;1;;;;;
2.04;-2;-0.25;5.583506;1;Adaptation;15;1;;;;;
2.06;-0.5;-0.5;3.757561;1;Adaptation;15;1;;;;;
2.08;-2;0;5.711522;1;Adaptation;15;1;;;;;
2.1;-0.5;-0.5;5.14271;1;Adaptation;15;1;;;;;
2.12;-0.5;-0.5;3.117153;1;Adaptation;15;1;;;;;
2.14;-0.5;-0.5;5.406966;1;Adaptation;15;1;;;;;
2.16;0;0;4.041537;1;Adaptation;15;1;;;;;
2.18;-4;0;4.462679;1;Adaptation;15;1;;;;;
2.2;-0.5;-0.5;3.357308;1;Adaptation;15;1;;;;;
2.22;-0.5;-0.5;3.29873;1;Adaptation;15;1;;;;;
2.24;-0.5;-0.5;2.082519;1;Adaptation;15;1;;;;;
2.26;-0.5;-0.5;5.252937;1;Adaptation;15;1;;;;;
2.28;-0.5;-0.5;4.615479;1;Adaptation;15;1;;;;;
2.3;-0.5;-0.5;5.715315;1;Adaptation;15;1;;;;;
2.32;-0.5;-0.5;2.417969;1;Adaptation;15;1;;;;;
2.34;-0.5;-0.5;4.202371;1;Adaptation;15;1;;;;;
2.36;-0.5;-0.5;2.077035;1;Adaptation;15;1;;;;;
;;;;;;;;;;;;
